Dust emission spectrum from Draine,B.T., & Li, A. (2007), ApJ, in press [astro-ph/0608003]
==========================================================
         7 = grain model
 4.000E-08 4.000E-01 4.500E-05 = a_01 (cm) , sigma_1 , b_C1
 2.000E-07 5.500E-01 1.500E-05 = a_02 (cm) , sigma_2 , b_C2
 3.000E+06 3.000E+06 1.000E+00 = Umin , Umax, beta (dN/dU propto U^{-beta})
 3.000E+06 = <U>       mmp83 = radfield
 2.000E-07 2.000E-06 = a_{min} (cm), a_{max} (cm)
 2.086E-18 1.319E-18 7.667E-19 = P(tot)  P(carb)  P(sil) (erg s-1 H-1)
 band     <nu*P_nu> <j_nu(tot)><j_nu(carb)><j_nu(sil)>
 (um)   (erg s-1 H-1)(Jy/(sr*H))(Jy/(sr*H))(Jy/(sr*H))
1.270E+00  3.852E-22  1.298E-14  1.298E-14  7.246E-25 COBE-DIRBE
2.220E+00  2.022E-20  1.191E-12  1.191E-12  2.998E-18 COBE-DIRBE
3.530E+00  2.716E-19  2.543E-11  2.542E-11  1.264E-14 COBE-DIRBE
4.880E+00  4.916E-19  6.364E-11  6.330E-11  3.437E-13 COBE-DIRBE
1.229E+01  1.066E-18  3.475E-10  1.331E-10  2.144E-10 COBE-DIRBE
2.079E+01  6.065E-19  3.345E-10  7.133E-11  2.632E-10 COBE-DIRBE
5.599E+01  2.372E-20  3.523E-11  1.379E-11  2.144E-11 COBE-DIRBE
9.770E+01  1.399E-21  3.624E-12  9.659E-13  2.658E-12 COBE-DIRBE
1.479E+02  1.889E-22  7.409E-13  1.770E-13  5.639E-13 COBE-DIRBE
2.479E+02  1.642E-23  1.080E-13  2.533E-14  8.262E-14 COBE-DIRBE
1.200E+01  1.235E-18  3.931E-10  1.791E-10  2.140E-10 IRAS
2.500E+01  4.864E-19  3.226E-10  8.066E-11  2.419E-10 IRAS
6.000E+01  2.204E-20  3.508E-11  1.405E-11  2.103E-11 IRAS
1.000E+02  1.185E-21  3.143E-12  8.223E-13  2.321E-12 IRAS
3.550E+00  2.901E-19  2.732E-11  2.730E-11  1.198E-14 SST-IRAC
4.493E+00  4.077E-19  4.859E-11  4.841E-11  1.726E-13 SST-IRAC
5.731E+00  1.076E-18  1.636E-10  1.622E-10  1.340E-12 SST-IRAC
7.872E+00  1.821E-18  3.802E-10  3.181E-10  6.213E-11 SST-IRAC
2.368E+01  4.270E-19  2.682E-10  7.068E-11  1.976E-10 SST-MIPS
7.142E+01  5.453E-21  1.033E-11  3.144E-12  7.186E-12 SST-MIPS
1.559E+02  1.173E-22  4.851E-13  1.141E-13  3.710E-13 SST-MIPS
1.600E+01  6.976E-19  2.961E-10  7.660E-11  2.195E-10 SST-IRSPU
2.200E+01  5.128E-19  2.993E-10  6.960E-11  2.297E-10 SST-IRSPU
7.500E+01  4.649E-21  9.248E-12  2.792E-12  6.456E-12 Herschel-PACS
1.100E+02  7.656E-22  2.234E-12  5.753E-13  1.659E-12 Herschel-PACS
1.700E+02  9.211E-23  4.153E-13  9.798E-14  3.174E-13 Herschel-PACS
2.500E+02  1.227E-23  8.137E-14  1.913E-14  6.224E-14 Herschel-SPIRE
3.600E+02  1.918E-24  1.832E-14  4.650E-15  1.367E-14 Herschel-SPIRE
5.200E+02  3.269E-25  4.509E-15  1.175E-15  3.334E-15 Herschel-SPIRE
2.400E+00  3.997E-20  2.545E-12  2.543E-12  1.586E-15 Akari IRC NIR N2
3.200E+00  1.991E-19  1.690E-11  1.690E-11  6.573E-15 Akari IRC NIR N3
4.100E+00  3.952E-19  4.298E-11  4.281E-11  1.657E-13 Akari IRC NIR N4
7.000E+00  1.933E-18  3.589E-10  3.423E-10  1.656E-11 Akari IRC MIR-S S7
9.000E+00  1.672E-18  3.993E-10  2.547E-10  1.446E-10 Akari IRC MIR-S S9W
1.100E+01  1.304E-18  3.805E-10  1.407E-10  2.399E-10 Akari IRC MIR-S S11
1.500E+01  7.157E-19  2.848E-10  7.441E-11  2.104E-10 Akari IRC MIR-L L15
1.800E+01  6.262E-19  2.990E-10  6.858E-11  2.304E-10 Akari IRC MIR-L L18W
2.400E+01  4.683E-19  2.982E-10  7.502E-11  2.231E-10 Akari IRC MIR-L L24
6.500E+01  8.905E-21  1.535E-11  5.000E-12  1.035E-11 Akari FIS N60
8.000E+01  3.393E-21  7.199E-12  2.201E-12  4.999E-12 Akari FIS WIDE-S
1.400E+02  1.792E-22  6.653E-13  1.583E-13  5.070E-13 Akari FIS WIDE-L
1.600E+02  9.878E-23  4.193E-13  9.822E-14  3.210E-13 Akari FIS N160
 
 
 
 


lambda    nu*dP/dnu     j_nu    j_nu(carb.) j_nu(sil)
 (um)    (erg/(s*H)) (Jy/(sr*H) (Jy/(sr*H)) (Jy/(sr*H)
1.000E+04  7.480E-31  1.984E-19  2.192E-20  1.765E-19
9.908E+03  7.755E-31  2.038E-19  2.258E-20  1.812E-19
9.817E+03  8.039E-31  2.094E-19  2.326E-20  1.861E-19
9.727E+03  8.334E-31  2.151E-19  2.396E-20  1.911E-19
9.638E+03  8.640E-31  2.209E-19  2.469E-20  1.962E-19
9.550E+03  8.958E-31  2.269E-19  2.543E-20  2.015E-19
9.462E+03  9.286E-31  2.331E-19  2.620E-20  2.069E-19
9.376E+03  9.628E-31  2.394E-19  2.700E-20  2.124E-19
9.290E+03  9.981E-31  2.460E-19  2.781E-20  2.181E-19
9.204E+03  1.035E-30  2.526E-19  2.866E-20  2.240E-19
9.120E+03  1.073E-30  2.595E-19  2.953E-20  2.300E-19
9.036E+03  1.112E-30  2.666E-19  3.042E-20  2.362E-19
8.954E+03  1.153E-30  2.738E-19  3.135E-20  2.425E-19
8.872E+03  1.195E-30  2.812E-19  3.230E-20  2.489E-19
8.790E+03  1.239E-30  2.888E-19  3.328E-20  2.555E-19
8.710E+03  1.284E-30  2.966E-19  3.429E-20  2.624E-19
8.630E+03  1.331E-30  3.047E-19  3.533E-20  2.693E-19
8.551E+03  1.380E-30  3.129E-19  3.641E-20  2.765E-19
8.472E+03  1.430E-30  3.214E-19  3.752E-20  2.839E-19
8.395E+03  1.483E-30  3.302E-19  3.866E-20  2.915E-19
8.318E+03  1.537E-30  3.392E-19  3.984E-20  2.993E-19
8.241E+03  1.594E-30  3.484E-19  4.106E-20  3.073E-19
8.166E+03  1.652E-30  3.579E-19  4.232E-20  3.156E-19
8.091E+03  1.713E-30  3.677E-19  4.361E-20  3.240E-19
8.017E+03  1.776E-30  3.777E-19  4.494E-20  3.328E-19
7.943E+03  1.842E-30  3.880E-19  4.632E-20  3.417E-19
7.870E+03  1.909E-30  3.986E-19  4.774E-20  3.509E-19
7.798E+03  1.980E-30  4.096E-19  4.920E-20  3.604E-19
7.727E+03  2.053E-30  4.208E-19  5.071E-20  3.701E-19
7.656E+03  2.129E-30  4.323E-19  5.227E-20  3.801E-19
7.586E+03  2.208E-30  4.442E-19  5.388E-20  3.903E-19
7.516E+03  2.289E-30  4.564E-19  5.553E-20  4.009E-19
7.447E+03  2.374E-30  4.690E-19  5.724E-20  4.118E-19
7.379E+03  2.462E-30  4.819E-19  5.900E-20  4.229E-19
7.311E+03  2.553E-30  4.952E-19  6.082E-20  4.344E-19
7.244E+03  2.648E-30  5.089E-19  6.270E-20  4.462E-19
7.178E+03  2.747E-30  5.229E-19  6.463E-20  4.583E-19
7.112E+03  2.849E-30  5.374E-19  6.663E-20  4.708E-19
7.047E+03  2.955E-30  5.523E-19  6.869E-20  4.836E-19
6.982E+03  3.064E-30  5.676E-19  7.081E-20  4.968E-19
6.918E+03  3.178E-30  5.833E-19  7.300E-20  5.103E-19
6.855E+03  3.297E-30  5.994E-19  7.526E-20  5.242E-19
6.792E+03  3.419E-30  6.160E-19  7.760E-20  5.384E-19
6.730E+03  3.547E-30  6.331E-19  8.001E-20  5.531E-19
6.668E+03  3.679E-30  6.507E-19  8.249E-20  5.682E-19
6.607E+03  3.816E-30  6.688E-19  8.505E-20  5.838E-19
6.546E+03  3.959E-30  6.874E-19  8.770E-20  5.997E-19
6.486E+03  4.107E-30  7.066E-19  9.043E-20  6.162E-19
6.427E+03  4.260E-30  7.263E-19  9.324E-20  6.331E-19
6.368E+03  4.420E-30  7.466E-19  9.615E-20  6.504E-19
6.310E+03  4.586E-30  7.675E-19  9.915E-20  6.683E-19
6.252E+03  4.757E-30  7.889E-19  1.022E-19  6.867E-19
6.194E+03  4.936E-30  8.111E-19  1.054E-19  7.056E-19
6.138E+03  5.121E-30  8.338E-19  1.087E-19  7.251E-19
6.081E+03  5.314E-30  8.572E-19  1.121E-19  7.451E-19
6.026E+03  5.514E-30  8.813E-19  1.156E-19  7.657E-19
5.970E+03  5.722E-30  9.061E-19  1.193E-19  7.868E-19
5.916E+03  5.937E-30  9.316E-19  1.230E-19  8.086E-19
5.861E+03  6.161E-30  9.579E-19  1.269E-19  8.310E-19
5.808E+03  6.394E-30  9.849E-19  1.309E-19  8.541E-19
5.754E+03  6.635E-30  1.013E-18  1.350E-19  8.778E-19
5.702E+03  6.886E-30  1.041E-18  1.392E-19  9.022E-19
5.649E+03  7.146E-30  1.071E-18  1.436E-19  9.273E-19
5.598E+03  7.417E-30  1.101E-18  1.481E-19  9.531E-19
5.546E+03  7.698E-30  1.133E-18  1.528E-19  9.797E-19
5.495E+03  7.990E-30  1.165E-18  1.576E-19  1.007E-18
5.445E+03  8.293E-30  1.198E-18  1.626E-19  1.035E-18
5.395E+03  8.608E-30  1.232E-18  1.678E-19  1.064E-18
5.346E+03  8.935E-30  1.267E-18  1.731E-19  1.094E-18
5.297E+03  9.275E-30  1.303E-18  1.786E-19  1.125E-18
5.248E+03  9.628E-30  1.340E-18  1.842E-19  1.156E-18
5.200E+03  9.995E-30  1.379E-18  1.901E-19  1.189E-18
5.152E+03  1.038E-29  1.418E-18  1.961E-19  1.222E-18
5.105E+03  1.077E-29  1.459E-18  2.024E-19  1.256E-18
5.058E+03  1.118E-29  1.500E-18  2.088E-19  1.292E-18
5.012E+03  1.161E-29  1.543E-18  2.154E-19  1.328E-18
4.966E+03  1.205E-29  1.588E-18  2.223E-19  1.365E-18
4.920E+03  1.251E-29  1.633E-18  2.294E-19  1.404E-18
4.875E+03  1.299E-29  1.680E-18  2.367E-19  1.444E-18
4.831E+03  1.349E-29  1.729E-18  2.443E-19  1.484E-18
4.786E+03  1.401E-29  1.778E-18  2.521E-19  1.526E-18
4.742E+03  1.455E-29  1.830E-18  2.602E-19  1.570E-18
4.699E+03  1.510E-29  1.883E-18  2.685E-19  1.614E-18
4.656E+03  1.568E-29  1.937E-18  2.772E-19  1.660E-18
4.613E+03  1.629E-29  1.993E-18  2.861E-19  1.707E-18
4.571E+03  1.692E-29  2.051E-18  2.953E-19  1.756E-18
4.529E+03  1.757E-29  2.110E-18  3.048E-19  1.806E-18
4.487E+03  1.825E-29  2.172E-18  3.146E-19  1.857E-18
4.446E+03  1.895E-29  2.235E-18  3.247E-19  1.910E-18
4.406E+03  1.968E-29  2.300E-18  3.352E-19  1.965E-18
4.365E+03  2.044E-29  2.367E-18  3.460E-19  2.021E-18
4.325E+03  2.124E-29  2.436E-18  3.572E-19  2.079E-18
4.285E+03  2.206E-29  2.507E-18  3.688E-19  2.139E-18
4.246E+03  2.291E-29  2.581E-18  3.807E-19  2.200E-18
4.207E+03  2.380E-29  2.656E-18  3.931E-19  2.263E-18
4.169E+03  2.473E-29  2.734E-18  4.058E-19  2.329E-18
4.130E+03  2.569E-29  2.815E-18  4.190E-19  2.396E-18
4.093E+03  2.669E-29  2.897E-18  4.326E-19  2.465E-18
4.055E+03  2.773E-29  2.983E-18  4.467E-19  2.536E-18
4.018E+03  2.881E-29  3.070E-18  4.613E-19  2.609E-18
3.981E+03  2.993E-29  3.161E-18  4.763E-19  2.685E-18
3.945E+03  3.110E-29  3.254E-18  4.919E-19  2.762E-18
3.908E+03  3.231E-29  3.350E-18  5.079E-19  2.842E-18
3.873E+03  3.357E-29  3.449E-18  5.245E-19  2.924E-18
3.837E+03  3.489E-29  3.551E-18  5.417E-19  3.009E-18
3.802E+03  3.625E-29  3.656E-18  5.595E-19  3.097E-18
3.767E+03  3.767E-29  3.764E-18  5.778E-19  3.187E-18
3.733E+03  3.915E-29  3.876E-18  5.968E-19  3.279E-18
3.698E+03  4.069E-29  3.991E-18  6.164E-19  3.375E-18
3.664E+03  4.229E-29  4.110E-18  6.367E-19  3.474E-18
3.631E+03  4.395E-29  4.233E-18  6.576E-19  3.575E-18
3.597E+03  4.568E-29  4.359E-18  6.793E-19  3.680E-18
3.565E+03  4.748E-29  4.490E-18  7.017E-19  3.788E-18
3.532E+03  4.936E-29  4.624E-18  7.249E-19  3.899E-18
3.499E+03  5.131E-29  4.763E-18  7.489E-19  4.014E-18
3.467E+03  5.334E-29  4.906E-18  7.737E-19  4.132E-18
3.436E+03  5.545E-29  5.053E-18  7.993E-19  4.254E-18
3.404E+03  5.764E-29  5.205E-18  8.258E-19  4.379E-18
3.373E+03  5.993E-29  5.362E-18  8.532E-19  4.509E-18
3.342E+03  6.231E-29  5.524E-18  8.816E-19  4.642E-18
3.311E+03  6.479E-29  5.691E-18  9.109E-19  4.780E-18
3.281E+03  6.736E-29  5.863E-18  9.412E-19  4.922E-18
3.251E+03  7.005E-29  6.040E-18  9.726E-19  5.068E-18
3.221E+03  7.284E-29  6.224E-18  1.005E-18  5.218E-18
3.192E+03  7.575E-29  6.413E-18  1.039E-18  5.374E-18
3.162E+03  7.877E-29  6.608E-18  1.073E-18  5.534E-18
3.133E+03  8.192E-29  6.809E-18  1.109E-18  5.699E-18
3.105E+03  8.520E-29  7.016E-18  1.146E-18  5.870E-18
3.076E+03  8.861E-29  7.230E-18  1.185E-18  6.046E-18
3.048E+03  9.217E-29  7.451E-18  1.225E-18  6.227E-18
3.020E+03  9.586E-29  7.679E-18  1.266E-18  6.414E-18
2.992E+03  9.971E-29  7.914E-18  1.308E-18  6.606E-18
2.965E+03  1.037E-28  8.156E-18  1.352E-18  6.804E-18
2.938E+03  1.079E-28  8.405E-18  1.398E-18  7.008E-18
2.911E+03  1.122E-28  8.663E-18  1.445E-18  7.218E-18
2.884E+03  1.167E-28  8.928E-18  1.494E-18  7.435E-18
2.858E+03  1.214E-28  9.203E-18  1.544E-18  7.658E-18
2.831E+03  1.263E-28  9.486E-18  1.597E-18  7.889E-18
2.805E+03  1.314E-28  9.778E-18  1.651E-18  8.127E-18
2.780E+03  1.367E-28  1.008E-17  1.707E-18  8.373E-18
2.754E+03  1.422E-28  1.039E-17  1.765E-18  8.626E-18
2.729E+03  1.480E-28  1.071E-17  1.824E-18  8.887E-18
2.704E+03  1.540E-28  1.104E-17  1.886E-18  9.157E-18
2.679E+03  1.602E-28  1.139E-17  1.951E-18  9.435E-18
2.655E+03  1.667E-28  1.174E-17  2.017E-18  9.722E-18
2.630E+03  1.735E-28  1.210E-17  2.086E-18  1.002E-17
2.606E+03  1.805E-28  1.248E-17  2.157E-18  1.032E-17
2.582E+03  1.879E-28  1.287E-17  2.231E-18  1.064E-17
2.559E+03  1.956E-28  1.327E-17  2.307E-18  1.096E-17
2.535E+03  2.035E-28  1.369E-17  2.386E-18  1.130E-17
2.512E+03  2.118E-28  1.411E-17  2.468E-18  1.165E-17
2.489E+03  2.205E-28  1.456E-17  2.553E-18  1.200E-17
2.466E+03  2.295E-28  1.501E-17  2.640E-18  1.237E-17
2.443E+03  2.389E-28  1.549E-17  2.731E-18  1.275E-17
2.421E+03  2.487E-28  1.597E-17  2.825E-18  1.315E-17
2.399E+03  2.589E-28  1.648E-17  2.922E-18  1.355E-17
2.377E+03  2.696E-28  1.700E-17  3.023E-18  1.397E-17
2.355E+03  2.806E-28  1.753E-17  3.127E-18  1.440E-17
2.333E+03  2.922E-28  1.809E-17  3.235E-18  1.485E-17
2.312E+03  3.042E-28  1.866E-17  3.347E-18  1.531E-17
2.291E+03  3.168E-28  1.925E-17  3.463E-18  1.579E-17
2.270E+03  3.298E-28  1.986E-17  3.583E-18  1.628E-17
2.249E+03  3.435E-28  2.049E-17  3.707E-18  1.678E-17
2.228E+03  3.577E-28  2.114E-17  3.835E-18  1.731E-17
2.208E+03  3.725E-28  2.182E-17  3.969E-18  1.785E-17
2.188E+03  3.879E-28  2.251E-17  4.107E-18  1.840E-17
2.168E+03  4.040E-28  2.323E-17  4.249E-18  1.898E-17
2.148E+03  4.207E-28  2.397E-17  4.397E-18  1.957E-17
2.128E+03  4.382E-28  2.474E-17  4.551E-18  2.019E-17
2.109E+03  4.564E-28  2.553E-17  4.709E-18  2.082E-17
2.089E+03  4.754E-28  2.635E-17  4.874E-18  2.147E-17
2.070E+03  4.952E-28  2.719E-17  5.044E-18  2.215E-17
2.051E+03  5.158E-28  2.807E-17  5.221E-18  2.285E-17
2.032E+03  5.373E-28  2.897E-17  5.403E-18  2.356E-17
2.014E+03  5.598E-28  2.990E-17  5.593E-18  2.431E-17
1.995E+03  5.831E-28  3.086E-17  5.789E-18  2.507E-17
1.977E+03  6.075E-28  3.186E-17  5.992E-18  2.587E-17
1.959E+03  6.329E-28  3.289E-17  6.203E-18  2.668E-17
1.941E+03  6.594E-28  3.395E-17  6.421E-18  2.753E-17
1.923E+03  6.870E-28  3.504E-17  6.647E-18  2.840E-17
1.905E+03  7.158E-28  3.618E-17  6.881E-18  2.930E-17
1.888E+03  7.458E-28  3.735E-17  7.123E-18  3.023E-17
1.871E+03  7.771E-28  3.856E-17  7.375E-18  3.119E-17
1.854E+03  8.098E-28  3.981E-17  7.635E-18  3.218E-17
1.837E+03  8.438E-28  4.111E-17  7.905E-18  3.320E-17
1.820E+03  8.794E-28  4.245E-17  8.184E-18  3.426E-17
1.803E+03  9.164E-28  4.383E-17  8.474E-18  3.535E-17
1.786E+03  9.550E-28  4.526E-17  8.774E-18  3.648E-17
1.770E+03  9.953E-28  4.673E-17  9.085E-18  3.765E-17
1.754E+03  1.037E-27  4.826E-17  9.407E-18  3.885E-17
1.738E+03  1.081E-27  4.984E-17  9.741E-18  4.010E-17
1.722E+03  1.127E-27  5.147E-17  1.009E-17  4.138E-17
1.706E+03  1.175E-27  5.315E-17  1.045E-17  4.271E-17
1.690E+03  1.224E-27  5.490E-17  1.082E-17  4.408E-17
1.675E+03  1.276E-27  5.670E-17  1.120E-17  4.549E-17
1.660E+03  1.330E-27  5.856E-17  1.160E-17  4.696E-17
1.644E+03  1.387E-27  6.048E-17  1.201E-17  4.847E-17
1.629E+03  1.446E-27  6.247E-17  1.244E-17  5.003E-17
1.614E+03  1.507E-27  6.453E-17  1.289E-17  5.164E-17
1.600E+03  1.571E-27  6.666E-17  1.335E-17  5.331E-17
1.585E+03  1.638E-27  6.885E-17  1.383E-17  5.503E-17
1.570E+03  1.707E-27  7.113E-17  1.432E-17  5.681E-17
1.556E+03  1.780E-27  7.347E-17  1.483E-17  5.864E-17
1.542E+03  1.856E-27  7.590E-17  1.536E-17  6.054E-17
1.528E+03  1.935E-27  7.841E-17  1.591E-17  6.250E-17
1.514E+03  2.018E-27  8.101E-17  1.648E-17  6.452E-17
1.500E+03  2.104E-27  8.369E-17  1.708E-17  6.661E-17
1.486E+03  2.194E-27  8.647E-17  1.769E-17  6.878E-17
1.472E+03  2.288E-27  8.934E-17  1.832E-17  7.101E-17
1.459E+03  2.385E-27  9.231E-17  1.898E-17  7.332E-17
1.445E+03  2.488E-27  9.538E-17  1.967E-17  7.571E-17
1.432E+03  2.594E-27  9.855E-17  2.037E-17  7.818E-17
1.419E+03  2.705E-27  1.018E-16  2.111E-17  8.073E-17
1.406E+03  2.821E-27  1.052E-16  2.187E-17  8.336E-17
1.393E+03  2.943E-27  1.087E-16  2.266E-17  8.609E-17
1.380E+03  3.069E-27  1.124E-16  2.347E-17  8.890E-17
1.368E+03  3.201E-27  1.161E-16  2.432E-17  9.181E-17
1.355E+03  3.338E-27  1.200E-16  2.520E-17  9.481E-17
1.343E+03  3.482E-27  1.240E-16  2.611E-17  9.792E-17
1.330E+03  3.632E-27  1.282E-16  2.705E-17  1.011E-16
1.318E+03  3.788E-27  1.325E-16  2.803E-17  1.044E-16
1.306E+03  3.952E-27  1.369E-16  2.904E-17  1.079E-16
1.294E+03  4.122E-27  1.415E-16  3.009E-17  1.114E-16
1.282E+03  4.300E-27  1.462E-16  3.118E-17  1.151E-16
1.271E+03  4.485E-27  1.512E-16  3.231E-17  1.188E-16
1.259E+03  4.679E-27  1.562E-16  3.348E-17  1.228E-16
1.247E+03  4.881E-27  1.615E-16  3.469E-17  1.268E-16
1.236E+03  5.091E-27  1.669E-16  3.595E-17  1.310E-16
1.225E+03  5.311E-27  1.725E-16  3.726E-17  1.353E-16
1.213E+03  5.541E-27  1.783E-16  3.861E-17  1.397E-16
1.202E+03  5.780E-27  1.843E-16  4.001E-17  1.443E-16
1.191E+03  6.030E-27  1.906E-16  4.146E-17  1.491E-16
1.180E+03  6.291E-27  1.970E-16  4.297E-17  1.540E-16
1.169E+03  6.564E-27  2.036E-16  4.453E-17  1.591E-16
1.159E+03  6.848E-27  2.105E-16  4.614E-17  1.643E-16
1.148E+03  7.144E-27  2.176E-16  4.782E-17  1.698E-16
1.138E+03  7.454E-27  2.249E-16  4.956E-17  1.754E-16
1.127E+03  7.777E-27  2.325E-16  5.136E-17  1.812E-16
1.117E+03  8.114E-27  2.404E-16  5.323E-17  1.872E-16
1.107E+03  8.466E-27  2.485E-16  5.517E-17  1.934E-16
1.096E+03  8.834E-27  2.569E-16  5.717E-17  1.998E-16
1.086E+03  9.217E-27  2.656E-16  5.926E-17  2.064E-16
1.076E+03  9.617E-27  2.746E-16  6.141E-17  2.132E-16
1.067E+03  1.003E-26  2.839E-16  6.365E-17  2.203E-16
1.057E+03  1.047E-26  2.935E-16  6.597E-17  2.275E-16
1.047E+03  1.093E-26  3.035E-16  6.837E-17  2.351E-16
1.038E+03  1.140E-26  3.137E-16  7.086E-17  2.429E-16
1.028E+03  1.189E-26  3.244E-16  7.344E-17  2.509E-16
1.019E+03  1.241E-26  3.354E-16  7.612E-17  2.592E-16
1.009E+03  1.295E-26  3.467E-16  7.890E-17  2.678E-16
1.000E+03  1.351E-26  3.585E-16  8.177E-17  2.767E-16
9.908E+02  1.410E-26  3.707E-16  8.475E-17  2.859E-16
9.817E+02  1.472E-26  3.833E-16  8.784E-17  2.954E-16
9.727E+02  1.536E-26  3.963E-16  9.105E-17  3.053E-16
9.638E+02  1.603E-26  4.098E-16  9.437E-17  3.154E-16
9.550E+02  1.673E-26  4.237E-16  9.781E-17  3.259E-16
9.462E+02  1.746E-26  4.381E-16  1.014E-16  3.368E-16
9.376E+02  1.822E-26  4.531E-16  1.051E-16  3.480E-16
9.290E+02  1.901E-26  4.685E-16  1.089E-16  3.596E-16
9.204E+02  1.984E-26  4.844E-16  1.129E-16  3.716E-16
9.120E+02  2.071E-26  5.009E-16  1.170E-16  3.839E-16
9.036E+02  2.161E-26  5.180E-16  1.213E-16  3.967E-16
8.954E+02  2.255E-26  5.356E-16  1.257E-16  4.100E-16
8.872E+02  2.354E-26  5.539E-16  1.303E-16  4.236E-16
8.790E+02  2.456E-26  5.727E-16  1.350E-16  4.377E-16
8.710E+02  2.563E-26  5.922E-16  1.400E-16  4.523E-16
8.630E+02  2.675E-26  6.124E-16  1.451E-16  4.673E-16
8.551E+02  2.792E-26  6.332E-16  1.504E-16  4.829E-16
8.472E+02  2.914E-26  6.548E-16  1.558E-16  4.989E-16
8.395E+02  3.041E-26  6.771E-16  1.615E-16  5.155E-16
8.318E+02  3.173E-26  7.001E-16  1.674E-16  5.327E-16
8.241E+02  3.311E-26  7.239E-16  1.735E-16  5.504E-16
8.166E+02  3.456E-26  7.486E-16  1.799E-16  5.687E-16
8.091E+02  3.606E-26  7.740E-16  1.864E-16  5.876E-16
8.017E+02  3.764E-26  8.003E-16  1.932E-16  6.071E-16
7.943E+02  3.928E-26  8.276E-16  2.003E-16  6.273E-16
7.870E+02  4.099E-26  8.557E-16  2.076E-16  6.482E-16
7.798E+02  4.278E-26  8.848E-16  2.151E-16  6.697E-16
7.727E+02  4.464E-26  9.149E-16  2.230E-16  6.920E-16
7.656E+02  4.659E-26  9.461E-16  2.311E-16  7.150E-16
7.586E+02  4.862E-26  9.783E-16  2.395E-16  7.388E-16
7.516E+02  5.074E-26  1.012E-15  2.482E-16  7.633E-16
7.447E+02  5.295E-26  1.046E-15  2.573E-16  7.888E-16
7.379E+02  5.527E-26  1.082E-15  2.667E-16  8.152E-16
7.311E+02  5.769E-26  1.119E-15  2.764E-16  8.424E-16
7.244E+02  6.022E-26  1.157E-15  2.865E-16  8.707E-16
7.178E+02  6.285E-26  1.197E-15  2.969E-16  8.999E-16
7.112E+02  6.561E-26  1.238E-15  3.077E-16  9.301E-16
7.047E+02  6.849E-26  1.280E-15  3.189E-16  9.613E-16
6.982E+02  7.150E-26  1.324E-15  3.305E-16  9.937E-16
6.918E+02  7.464E-26  1.370E-15  3.425E-16  1.027E-15
6.855E+02  7.792E-26  1.417E-15  3.550E-16  1.062E-15
6.792E+02  8.134E-26  1.465E-15  3.679E-16  1.098E-15
6.730E+02  8.491E-26  1.516E-15  3.813E-16  1.134E-15
6.668E+02  8.864E-26  1.568E-15  3.952E-16  1.173E-15
6.607E+02  9.253E-26  1.622E-15  4.096E-16  1.212E-15
6.546E+02  9.661E-26  1.678E-15  4.245E-16  1.253E-15
6.486E+02  1.009E-25  1.736E-15  4.399E-16  1.296E-15
6.427E+02  1.053E-25  1.796E-15  4.559E-16  1.340E-15
6.368E+02  1.100E-25  1.858E-15  4.725E-16  1.386E-15
6.310E+02  1.149E-25  1.923E-15  4.896E-16  1.433E-15
6.252E+02  1.200E-25  1.990E-15  5.074E-16  1.482E-15
6.194E+02  1.253E-25  2.059E-15  5.258E-16  1.533E-15
6.138E+02  1.309E-25  2.131E-15  5.449E-16  1.586E-15
6.081E+02  1.367E-25  2.205E-15  5.647E-16  1.640E-15
6.026E+02  1.428E-25  2.282E-15  5.852E-16  1.697E-15
5.970E+02  1.491E-25  2.362E-15  6.065E-16  1.755E-15
5.916E+02  1.558E-25  2.444E-15  6.285E-16  1.816E-15
5.861E+02  1.627E-25  2.530E-15  6.513E-16  1.879E-15
5.808E+02  1.700E-25  2.619E-15  6.749E-16  1.944E-15
5.754E+02  1.776E-25  2.711E-15  6.994E-16  2.011E-15
5.702E+02  1.855E-25  2.806E-15  7.248E-16  2.081E-15
5.649E+02  1.938E-25  2.905E-15  7.511E-16  2.154E-15
5.598E+02  2.025E-25  3.007E-15  7.783E-16  2.229E-15
5.546E+02  2.116E-25  3.113E-15  8.065E-16  2.307E-15
5.495E+02  2.211E-25  3.223E-15  8.358E-16  2.388E-15
5.445E+02  2.311E-25  3.337E-15  8.660E-16  2.471E-15
5.395E+02  2.415E-25  3.456E-15  8.974E-16  2.558E-15
5.346E+02  2.523E-25  3.578E-15  9.299E-16  2.648E-15
5.297E+02  2.637E-25  3.705E-15  9.636E-16  2.742E-15
5.248E+02  2.756E-25  3.837E-15  9.985E-16  2.838E-15
5.200E+02  2.881E-25  3.973E-15  1.035E-15  2.939E-15
5.152E+02  3.011E-25  4.115E-15  1.072E-15  3.043E-15
5.105E+02  3.147E-25  4.262E-15  1.111E-15  3.151E-15
5.058E+02  3.290E-25  4.414E-15  1.151E-15  3.263E-15
5.012E+02  3.439E-25  4.572E-15  1.193E-15  3.379E-15
4.966E+02  3.595E-25  4.736E-15  1.236E-15  3.500E-15
4.920E+02  3.758E-25  4.905E-15  1.281E-15  3.625E-15
4.875E+02  3.929E-25  5.081E-15  1.327E-15  3.754E-15
4.831E+02  4.108E-25  5.264E-15  1.375E-15  3.889E-15
4.786E+02  4.295E-25  5.453E-15  1.425E-15  4.028E-15
4.742E+02  4.491E-25  5.649E-15  1.476E-15  4.173E-15
4.699E+02  4.696E-25  5.853E-15  1.529E-15  4.324E-15
4.656E+02  4.910E-25  6.064E-15  1.585E-15  4.479E-15
4.613E+02  5.135E-25  6.283E-15  1.642E-15  4.641E-15
4.571E+02  5.370E-25  6.510E-15  1.701E-15  4.809E-15
4.529E+02  5.615E-25  6.746E-15  1.763E-15  4.984E-15
4.487E+02  5.873E-25  6.991E-15  1.826E-15  5.165E-15
4.446E+02  6.142E-25  7.244E-15  1.892E-15  5.352E-15
4.406E+02  6.424E-25  7.507E-15  1.960E-15  5.547E-15
4.365E+02  6.719E-25  7.780E-15  2.031E-15  5.749E-15
4.325E+02  7.028E-25  8.063E-15  2.104E-15  5.959E-15
4.285E+02  7.352E-25  8.357E-15  2.180E-15  6.177E-15
4.246E+02  7.691E-25  8.662E-15  2.259E-15  6.403E-15
4.207E+02  8.046E-25  8.979E-15  2.340E-15  6.639E-15
4.169E+02  8.417E-25  9.307E-15  2.425E-15  6.883E-15
4.130E+02  8.806E-25  9.649E-15  2.512E-15  7.136E-15
4.093E+02  9.214E-25  1.000E-14  2.603E-15  7.400E-15
4.055E+02  9.641E-25  1.037E-14  2.697E-15  7.673E-15
4.018E+02  1.009E-24  1.075E-14  2.794E-15  7.958E-15
3.981E+02  1.056E-24  1.115E-14  2.895E-15  8.253E-15
3.945E+02  1.105E-24  1.156E-14  2.999E-15  8.560E-15
3.908E+02  1.156E-24  1.199E-14  3.107E-15  8.879E-15
3.873E+02  1.210E-24  1.243E-14  3.219E-15  9.211E-15
3.837E+02  1.266E-24  1.289E-14  3.335E-15  9.555E-15
3.802E+02  1.326E-24  1.337E-14  3.455E-15  9.913E-15
3.767E+02  1.388E-24  1.386E-14  3.579E-15  1.029E-14
3.733E+02  1.452E-24  1.438E-14  3.708E-15  1.067E-14
3.698E+02  1.520E-24  1.492E-14  3.842E-15  1.107E-14
3.664E+02  1.592E-24  1.547E-14  3.980E-15  1.149E-14
3.631E+02  1.666E-24  1.605E-14  4.124E-15  1.193E-14
3.597E+02  1.745E-24  1.665E-14  4.272E-15  1.238E-14
3.565E+02  1.827E-24  1.727E-14  4.426E-15  1.285E-14
3.532E+02  1.913E-24  1.792E-14  4.585E-15  1.333E-14
3.499E+02  2.003E-24  1.859E-14  4.750E-15  1.384E-14
3.467E+02  2.097E-24  1.929E-14  4.921E-15  1.437E-14
3.436E+02  2.196E-24  2.001E-14  5.098E-15  1.492E-14
3.404E+02  2.300E-24  2.077E-14  5.282E-15  1.549E-14
3.373E+02  2.409E-24  2.155E-14  5.472E-15  1.608E-14
3.342E+02  2.523E-24  2.236E-14  5.669E-15  1.669E-14
3.311E+02  2.642E-24  2.321E-14  5.873E-15  1.733E-14
3.281E+02  2.767E-24  2.408E-14  6.084E-15  1.800E-14
3.251E+02  2.899E-24  2.500E-14  6.303E-15  1.869E-14
3.221E+02  3.036E-24  2.594E-14  6.530E-15  1.941E-14
3.192E+02  3.181E-24  2.693E-14  6.765E-15  2.016E-14
3.162E+02  3.332E-24  2.795E-14  7.008E-15  2.094E-14
3.133E+02  3.491E-24  2.901E-14  7.261E-15  2.175E-14
3.105E+02  3.657E-24  3.012E-14  7.522E-15  2.260E-14
3.076E+02  3.832E-24  3.127E-14  7.792E-15  2.348E-14
3.048E+02  4.015E-24  3.246E-14  8.073E-15  2.439E-14
3.020E+02  4.207E-24  3.370E-14  8.363E-15  2.534E-14
2.992E+02  4.408E-24  3.499E-14  8.664E-15  2.633E-14
2.965E+02  4.620E-24  3.633E-14  8.976E-15  2.735E-14
2.938E+02  4.841E-24  3.772E-14  9.299E-15  2.842E-14
2.911E+02  5.073E-24  3.917E-14  9.633E-15  2.954E-14
2.884E+02  5.317E-24  4.067E-14  9.980E-15  3.069E-14
2.858E+02  5.572E-24  4.224E-14  1.034E-14  3.190E-14
2.831E+02  5.840E-24  4.386E-14  1.071E-14  3.315E-14
2.805E+02  6.122E-24  4.556E-14  1.110E-14  3.446E-14
2.780E+02  6.417E-24  4.731E-14  1.150E-14  3.582E-14
2.754E+02  6.726E-24  4.914E-14  1.191E-14  3.723E-14
2.729E+02  7.052E-24  5.105E-14  1.234E-14  3.871E-14
2.704E+02  7.394E-24  5.303E-14  1.278E-14  4.025E-14
2.679E+02  7.753E-24  5.510E-14  1.324E-14  4.185E-14
2.655E+02  8.129E-24  5.724E-14  1.372E-14  4.353E-14
2.630E+02  8.525E-24  5.948E-14  1.421E-14  4.527E-14
2.606E+02  8.940E-24  6.180E-14  1.472E-14  4.708E-14
2.582E+02  9.376E-24  6.422E-14  1.525E-14  4.897E-14
2.559E+02  9.832E-24  6.673E-14  1.580E-14  5.092E-14
2.535E+02  1.031E-23  6.932E-14  1.637E-14  5.295E-14
2.512E+02  1.081E-23  7.201E-14  1.696E-14  5.504E-14
2.489E+02  1.132E-23  7.475E-14  1.757E-14  5.718E-14
2.466E+02  1.186E-23  7.756E-14  1.821E-14  5.935E-14
2.443E+02  1.241E-23  8.046E-14  1.886E-14  6.160E-14
2.421E+02  1.299E-23  8.345E-14  1.954E-14  6.391E-14
2.399E+02  1.360E-23  8.653E-14  2.024E-14  6.628E-14
2.377E+02  1.422E-23  8.968E-14  2.097E-14  6.870E-14
2.355E+02  1.488E-23  9.294E-14  2.173E-14  7.121E-14
2.333E+02  1.556E-23  9.632E-14  2.251E-14  7.380E-14
2.312E+02  1.628E-23  9.982E-14  2.333E-14  7.650E-14
2.291E+02  1.702E-23  1.034E-13  2.417E-14  7.928E-14
2.270E+02  1.781E-23  1.072E-13  2.504E-14  8.217E-14
2.249E+02  1.862E-23  1.111E-13  2.594E-14  8.517E-14
2.228E+02  1.948E-23  1.152E-13  2.688E-14  8.827E-14
2.208E+02  2.038E-23  1.193E-13  2.785E-14  9.149E-14
2.188E+02  2.131E-23  1.237E-13  2.885E-14  9.483E-14
2.168E+02  2.229E-23  1.282E-13  2.989E-14  9.829E-14
2.148E+02  2.332E-23  1.328E-13  3.097E-14  1.019E-13
2.128E+02  2.439E-23  1.377E-13  3.209E-14  1.056E-13
2.109E+02  2.551E-23  1.427E-13  3.325E-14  1.094E-13
2.089E+02  2.668E-23  1.479E-13  3.445E-14  1.134E-13
2.070E+02  2.790E-23  1.532E-13  3.570E-14  1.175E-13
2.051E+02  2.919E-23  1.588E-13  3.699E-14  1.218E-13
2.032E+02  3.052E-23  1.646E-13  3.832E-14  1.262E-13
2.014E+02  3.193E-23  1.705E-13  3.971E-14  1.308E-13
1.995E+02  3.339E-23  1.767E-13  4.115E-14  1.356E-13
1.977E+02  3.492E-23  1.831E-13  4.263E-14  1.405E-13
1.959E+02  3.652E-23  1.898E-13  4.418E-14  1.456E-13
1.941E+02  3.819E-23  1.966E-13  4.578E-14  1.509E-13
1.923E+02  3.994E-23  2.038E-13  4.743E-14  1.563E-13
1.905E+02  4.177E-23  2.111E-13  4.915E-14  1.620E-13
1.888E+02  4.369E-23  2.188E-13  5.093E-14  1.679E-13
1.871E+02  4.569E-23  2.267E-13  5.278E-14  1.739E-13
1.854E+02  4.778E-23  2.349E-13  5.470E-14  1.802E-13
1.837E+02  4.997E-23  2.434E-13  5.668E-14  1.867E-13
1.820E+02  5.226E-23  2.522E-13  5.874E-14  1.935E-13
1.803E+02  5.465E-23  2.614E-13  6.087E-14  2.005E-13
1.786E+02  5.715E-23  2.708E-13  6.308E-14  2.077E-13
1.770E+02  5.976E-23  2.806E-13  6.538E-14  2.152E-13
1.754E+02  6.250E-23  2.907E-13  6.775E-14  2.230E-13
1.738E+02  6.535E-23  3.013E-13  7.022E-14  2.310E-13
1.722E+02  6.834E-23  3.121E-13  7.278E-14  2.394E-13
1.706E+02  7.146E-23  3.234E-13  7.543E-14  2.480E-13
1.690E+02  7.473E-23  3.351E-13  7.818E-14  2.569E-13
1.675E+02  7.815E-23  3.472E-13  8.103E-14  2.662E-13
1.660E+02  8.172E-23  3.597E-13  8.399E-14  2.757E-13
1.644E+02  8.545E-23  3.727E-13  8.706E-14  2.857E-13
1.629E+02  8.936E-23  3.862E-13  9.024E-14  2.959E-13
1.614E+02  9.344E-23  4.001E-13  9.354E-14  3.066E-13
1.600E+02  9.771E-23  4.146E-13  9.697E-14  3.176E-13
1.585E+02  1.022E-22  4.295E-13  1.005E-13  3.290E-13
1.570E+02  1.068E-22  4.450E-13  1.042E-13  3.408E-13
1.556E+02  1.117E-22  4.611E-13  1.080E-13  3.531E-13
1.542E+02  1.168E-22  4.777E-13  1.120E-13  3.657E-13
1.528E+02  1.222E-22  4.950E-13  1.161E-13  3.789E-13
1.514E+02  1.277E-22  5.128E-13  1.204E-13  3.924E-13
1.500E+02  1.336E-22  5.313E-13  1.248E-13  4.065E-13
1.486E+02  1.397E-22  5.505E-13  1.294E-13  4.211E-13
1.472E+02  1.460E-22  5.704E-13  1.342E-13  4.362E-13
1.459E+02  1.527E-22  5.910E-13  1.391E-13  4.518E-13
1.445E+02  1.597E-22  6.123E-13  1.443E-13  4.680E-13
1.432E+02  1.670E-22  6.344E-13  1.496E-13  4.848E-13
1.419E+02  1.746E-22  6.573E-13  1.551E-13  5.022E-13
1.406E+02  1.826E-22  6.810E-13  1.609E-13  5.201E-13
1.393E+02  1.909E-22  7.056E-13  1.669E-13  5.388E-13
1.380E+02  1.997E-22  7.311E-13  1.731E-13  5.580E-13
1.368E+02  2.088E-22  7.575E-13  1.795E-13  5.780E-13
1.355E+02  2.183E-22  7.848E-13  1.862E-13  5.986E-13
1.343E+02  2.283E-22  8.131E-13  1.931E-13  6.200E-13
1.330E+02  2.387E-22  8.425E-13  2.003E-13  6.421E-13
1.318E+02  2.496E-22  8.728E-13  2.078E-13  6.650E-13
1.306E+02  2.610E-22  9.043E-13  2.156E-13  6.887E-13
1.294E+02  2.729E-22  9.369E-13  2.237E-13  7.133E-13
1.282E+02  2.854E-22  9.707E-13  2.320E-13  7.387E-13
1.271E+02  2.984E-22  1.006E-12  2.408E-13  7.649E-13
1.259E+02  3.120E-22  1.042E-12  2.498E-13  7.921E-13
1.247E+02  3.262E-22  1.079E-12  2.592E-13  8.203E-13
1.236E+02  3.411E-22  1.118E-12  2.690E-13  8.494E-13
1.225E+02  3.567E-22  1.159E-12  2.792E-13  8.796E-13
1.213E+02  3.730E-22  1.201E-12  2.897E-13  9.108E-13
1.202E+02  3.900E-22  1.244E-12  3.007E-13  9.431E-13
1.191E+02  4.078E-22  1.289E-12  3.121E-13  9.765E-13
1.180E+02  4.264E-22  1.335E-12  3.240E-13  1.011E-12
1.169E+02  4.458E-22  1.383E-12  3.363E-13  1.047E-12
1.159E+02  4.662E-22  1.433E-12  3.491E-13  1.084E-12
1.148E+02  4.874E-22  1.484E-12  3.624E-13  1.122E-12
1.138E+02  5.096E-22  1.538E-12  3.762E-13  1.162E-12
1.127E+02  5.329E-22  1.593E-12  3.906E-13  1.203E-12
1.117E+02  5.572E-22  1.651E-12  4.056E-13  1.245E-12
1.107E+02  5.826E-22  1.710E-12  4.211E-13  1.289E-12
1.096E+02  6.093E-22  1.772E-12  4.373E-13  1.335E-12
1.086E+02  6.371E-22  1.836E-12  4.541E-13  1.382E-12
1.076E+02  6.662E-22  1.902E-12  4.716E-13  1.431E-12
1.067E+02  6.967E-22  1.971E-12  4.898E-13  1.481E-12
1.057E+02  7.285E-22  2.042E-12  5.088E-13  1.533E-12
1.047E+02  7.618E-22  2.116E-12  5.285E-13  1.588E-12
1.038E+02  7.967E-22  2.193E-12  5.489E-13  1.644E-12
1.028E+02  8.331E-22  2.272E-12  5.702E-13  1.701E-12
1.019E+02  8.711E-22  2.354E-12  5.924E-13  1.761E-12
1.009E+02  9.109E-22  2.439E-12  6.155E-13  1.823E-12
1.000E+02  9.525E-22  2.527E-12  6.394E-13  1.887E-12
9.908E+01  9.960E-22  2.618E-12  6.644E-13  1.953E-12
9.817E+01  1.041E-21  2.712E-12  6.903E-13  2.022E-12
9.727E+01  1.089E-21  2.810E-12  7.173E-13  2.093E-12
9.638E+01  1.139E-21  2.911E-12  7.454E-13  2.166E-12
9.550E+01  1.191E-21  3.016E-12  7.746E-13  2.242E-12
9.462E+01  1.245E-21  3.125E-12  8.049E-13  2.320E-12
9.376E+01  1.302E-21  3.238E-12  8.365E-13  2.402E-12
9.290E+01  1.361E-21  3.355E-12  8.693E-13  2.485E-12
9.204E+01  1.424E-21  3.476E-12  9.035E-13  2.572E-12
9.120E+01  1.489E-21  3.601E-12  9.390E-13  2.662E-12
9.036E+01  1.556E-21  3.731E-12  9.760E-13  2.755E-12
8.954E+01  1.628E-21  3.865E-12  1.015E-12  2.851E-12
8.872E+01  1.702E-21  4.005E-12  1.055E-12  2.950E-12
8.790E+01  1.780E-21  4.149E-12  1.096E-12  3.053E-12
8.710E+01  1.861E-21  4.299E-12  1.140E-12  3.159E-12
8.630E+01  1.946E-21  4.454E-12  1.185E-12  3.269E-12
8.551E+01  2.035E-21  4.615E-12  1.232E-12  3.383E-12
8.472E+01  2.128E-21  4.781E-12  1.281E-12  3.500E-12
8.395E+01  2.225E-21  4.953E-12  1.332E-12  3.621E-12
8.318E+01  2.326E-21  5.132E-12  1.385E-12  3.747E-12
8.241E+01  2.432E-21  5.317E-12  1.441E-12  3.876E-12
8.166E+01  2.543E-21  5.509E-12  1.499E-12  4.010E-12
8.091E+01  2.660E-21  5.708E-12  1.559E-12  4.149E-12
8.017E+01  2.781E-21  5.914E-12  1.622E-12  4.293E-12
7.943E+01  2.908E-21  6.128E-12  1.687E-12  4.441E-12
7.870E+01  3.041E-21  6.348E-12  1.755E-12  4.593E-12
7.798E+01  3.180E-21  6.577E-12  1.826E-12  4.751E-12
7.727E+01  3.325E-21  6.815E-12  1.900E-12  4.915E-12
7.656E+01  3.477E-21  7.061E-12  1.977E-12  5.084E-12
7.586E+01  3.636E-21  7.317E-12  2.058E-12  5.259E-12
7.516E+01  3.803E-21  7.582E-12  2.142E-12  5.440E-12
7.447E+01  3.977E-21  7.855E-12  2.229E-12  5.626E-12
7.379E+01  4.158E-21  8.139E-12  2.320E-12  5.819E-12
7.311E+01  4.348E-21  8.433E-12  2.415E-12  6.018E-12
7.244E+01  4.547E-21  8.737E-12  2.514E-12  6.222E-12
7.178E+01  4.754E-21  9.052E-12  2.618E-12  6.434E-12
7.112E+01  4.971E-21  9.378E-12  2.726E-12  6.652E-12
7.047E+01  5.199E-21  9.718E-12  2.839E-12  6.879E-12
6.982E+01  5.438E-21  1.007E-11  2.956E-12  7.115E-12
6.918E+01  5.687E-21  1.044E-11  3.079E-12  7.357E-12
6.855E+01  5.947E-21  1.081E-11  3.207E-12  7.606E-12
6.792E+01  6.219E-21  1.120E-11  3.341E-12  7.863E-12
6.730E+01  6.503E-21  1.161E-11  3.480E-12  8.128E-12
6.668E+01  6.800E-21  1.203E-11  3.626E-12  8.402E-12
6.607E+01  7.112E-21  1.246E-11  3.778E-12  8.686E-12
6.546E+01  7.438E-21  1.292E-11  3.937E-12  8.979E-12
6.486E+01  7.779E-21  1.338E-11  4.103E-12  9.280E-12
6.427E+01  8.135E-21  1.387E-11  4.277E-12  9.591E-12
6.368E+01  8.507E-21  1.437E-11  4.458E-12  9.911E-12
6.310E+01  8.897E-21  1.489E-11  4.648E-12  1.024E-11
6.252E+01  9.306E-21  1.543E-11  4.846E-12  1.059E-11
6.194E+01  9.734E-21  1.599E-11  5.053E-12  1.094E-11
6.138E+01  1.018E-20  1.658E-11  5.270E-12  1.131E-11
6.081E+01  1.065E-20  1.718E-11  5.496E-12  1.168E-11
6.026E+01  1.114E-20  1.780E-11  5.733E-12  1.207E-11
5.970E+01  1.165E-20  1.845E-11  5.981E-12  1.247E-11
5.916E+01  1.219E-20  1.912E-11  6.240E-12  1.288E-11
5.861E+01  1.275E-20  1.982E-11  6.511E-12  1.331E-11
5.808E+01  1.333E-20  2.054E-11  6.795E-12  1.374E-11
5.754E+01  1.394E-20  2.128E-11  7.091E-12  1.419E-11
5.702E+01  1.458E-20  2.206E-11  7.402E-12  1.465E-11
5.649E+01  1.525E-20  2.286E-11  7.727E-12  1.513E-11
5.598E+01  1.596E-20  2.369E-11  8.067E-12  1.562E-11
5.546E+01  1.669E-20  2.456E-11  8.423E-12  1.613E-11
5.495E+01  1.746E-20  2.545E-11  8.797E-12  1.666E-11
5.445E+01  1.827E-20  2.639E-11  9.187E-12  1.720E-11
5.395E+01  1.911E-20  2.735E-11  9.596E-12  1.775E-11
5.346E+01  2.000E-20  2.835E-11  1.002E-11  1.833E-11
5.297E+01  2.092E-20  2.939E-11  1.047E-11  1.892E-11
5.248E+01  2.189E-20  3.047E-11  1.094E-11  1.953E-11
5.200E+01  2.290E-20  3.159E-11  1.144E-11  2.015E-11
5.152E+01  2.396E-20  3.274E-11  1.195E-11  2.079E-11
5.105E+01  2.507E-20  3.394E-11  1.249E-11  2.145E-11
5.058E+01  2.623E-20  3.519E-11  1.306E-11  2.213E-11
5.012E+01  2.744E-20  3.648E-11  1.365E-11  2.283E-11
4.966E+01  2.871E-20  3.782E-11  1.427E-11  2.355E-11
4.920E+01  3.004E-20  3.920E-11  1.492E-11  2.428E-11
4.875E+01  3.143E-20  4.064E-11  1.560E-11  2.504E-11
4.831E+01  3.288E-20  4.214E-11  1.632E-11  2.582E-11
4.786E+01  3.441E-20  4.369E-11  1.707E-11  2.662E-11
4.742E+01  3.600E-20  4.529E-11  1.785E-11  2.744E-11
4.699E+01  3.767E-20  4.696E-11  1.867E-11  2.829E-11
4.656E+01  3.942E-20  4.869E-11  1.952E-11  2.916E-11
4.613E+01  4.125E-20  5.048E-11  2.042E-11  3.005E-11
4.571E+01  4.316E-20  5.233E-11  2.136E-11  3.097E-11
4.529E+01  4.516E-20  5.426E-11  2.234E-11  3.192E-11
4.487E+01  4.726E-20  5.626E-11  2.337E-11  3.289E-11
4.446E+01  4.945E-20  5.833E-11  2.444E-11  3.389E-11
4.406E+01  5.175E-20  6.047E-11  2.555E-11  3.492E-11
4.365E+01  5.414E-20  6.269E-11  2.672E-11  3.597E-11
4.325E+01  5.665E-20  6.499E-11  2.794E-11  3.705E-11
4.285E+01  5.926E-20  6.736E-11  2.921E-11  3.816E-11
4.246E+01  6.199E-20  6.982E-11  3.053E-11  3.930E-11
4.207E+01  6.484E-20  7.236E-11  3.190E-11  4.046E-11
4.169E+01  6.781E-20  7.498E-11  3.333E-11  4.166E-11
4.130E+01  7.091E-20  7.769E-11  3.481E-11  4.288E-11
4.093E+01  7.413E-20  8.047E-11  3.634E-11  4.413E-11
4.055E+01  7.748E-20  8.334E-11  3.793E-11  4.541E-11
4.018E+01  8.096E-20  8.629E-11  3.957E-11  4.672E-11
3.981E+01  8.459E-20  8.933E-11  4.127E-11  4.806E-11
3.945E+01  8.835E-20  9.244E-11  4.301E-11  4.943E-11
3.908E+01  9.225E-20  9.564E-11  4.481E-11  5.083E-11
3.873E+01  9.630E-20  9.892E-11  4.665E-11  5.227E-11
3.837E+01  1.005E-19  1.023E-10  4.854E-11  5.374E-11
3.802E+01  1.048E-19  1.057E-10  5.046E-11  5.523E-11
3.767E+01  1.093E-19  1.092E-10  5.243E-11  5.677E-11
3.733E+01  1.138E-19  1.127E-10  5.442E-11  5.830E-11
3.698E+01  1.185E-19  1.163E-10  5.644E-11  5.986E-11
3.664E+01  1.234E-19  1.199E-10  5.847E-11  6.145E-11
3.631E+01  1.283E-19  1.236E-10  6.052E-11  6.308E-11
3.597E+01  1.334E-19  1.273E-10  6.257E-11  6.476E-11
3.565E+01  1.386E-19  1.311E-10  6.461E-11  6.647E-11
3.532E+01  1.439E-19  1.349E-10  6.664E-11  6.822E-11
3.499E+01  1.494E-19  1.387E-10  6.864E-11  7.002E-11
3.467E+01  1.549E-19  1.425E-10  7.060E-11  7.185E-11
3.436E+01  1.605E-19  1.463E-10  7.252E-11  7.373E-11
3.404E+01  1.662E-19  1.500E-10  7.438E-11  7.565E-11
3.373E+01  1.719E-19  1.538E-10  7.618E-11  7.762E-11
3.342E+01  1.777E-19  1.575E-10  7.789E-11  7.965E-11
3.311E+01  1.836E-19  1.613E-10  7.952E-11  8.175E-11
3.281E+01  1.895E-19  1.650E-10  8.105E-11  8.391E-11
3.251E+01  1.955E-19  1.686E-10  8.248E-11  8.612E-11
3.221E+01  2.015E-19  1.722E-10  8.379E-11  8.838E-11
3.192E+01  2.075E-19  1.757E-10  8.498E-11  9.069E-11
3.162E+01  2.135E-19  1.791E-10  8.605E-11  9.306E-11
3.133E+01  2.195E-19  1.825E-10  8.699E-11  9.548E-11
3.105E+01  2.256E-19  1.858E-10  8.779E-11  9.797E-11
3.076E+01  2.316E-19  1.890E-10  8.846E-11  1.005E-10
3.048E+01  2.376E-19  1.921E-10  8.899E-11  1.031E-10
3.020E+01  2.436E-19  1.952E-10  8.940E-11  1.058E-10
2.992E+01  2.497E-19  1.982E-10  8.967E-11  1.085E-10
2.965E+01  2.556E-19  2.010E-10  8.982E-11  1.112E-10
2.938E+01  2.616E-19  2.039E-10  8.984E-11  1.140E-10
2.911E+01  2.676E-19  2.066E-10  8.975E-11  1.169E-10
2.884E+01  2.736E-19  2.093E-10  8.955E-11  1.198E-10
2.858E+01  2.797E-19  2.120E-10  8.925E-11  1.227E-10
2.831E+01  2.858E-19  2.146E-10  8.886E-11  1.258E-10
2.805E+01  2.919E-19  2.172E-10  8.838E-11  1.289E-10
2.780E+01  2.981E-19  2.198E-10  8.782E-11  1.320E-10
2.754E+01  3.044E-19  2.224E-10  8.719E-11  1.352E-10
2.729E+01  3.108E-19  2.250E-10  8.650E-11  1.385E-10
2.704E+01  3.174E-19  2.276E-10  8.576E-11  1.419E-10
2.679E+01  3.240E-19  2.303E-10  8.498E-11  1.453E-10
2.655E+01  3.308E-19  2.329E-10  8.416E-11  1.488E-10
2.630E+01  3.377E-19  2.356E-10  8.331E-11  1.523E-10
2.606E+01  3.448E-19  2.384E-10  8.243E-11  1.559E-10
2.582E+01  3.521E-19  2.412E-10  8.154E-11  1.596E-10
2.559E+01  3.595E-19  2.440E-10  8.064E-11  1.634E-10
2.535E+01  3.672E-19  2.469E-10  7.974E-11  1.672E-10
2.512E+01  3.751E-19  2.499E-10  7.883E-11  1.711E-10
2.489E+01  3.831E-19  2.529E-10  7.793E-11  1.750E-10
2.466E+01  3.913E-19  2.560E-10  7.704E-11  1.790E-10
2.443E+01  3.998E-19  2.591E-10  7.616E-11  1.830E-10
2.421E+01  4.084E-19  2.623E-10  7.529E-11  1.870E-10
2.399E+01  4.170E-19  2.654E-10  7.444E-11  1.909E-10
2.377E+01  4.261E-19  2.686E-10  7.360E-11  1.950E-10
2.355E+01  4.357E-19  2.722E-10  7.279E-11  1.994E-10
2.333E+01  4.454E-19  2.757E-10  7.200E-11  2.037E-10
2.312E+01  4.549E-19  2.790E-10  7.125E-11  2.078E-10
2.291E+01  4.649E-19  2.825E-10  7.052E-11  2.120E-10
2.270E+01  4.757E-19  2.864E-10  6.983E-11  2.166E-10
2.249E+01  4.873E-19  2.907E-10  6.917E-11  2.216E-10
2.228E+01  4.996E-19  2.953E-10  6.855E-11  2.267E-10
2.208E+01  5.119E-19  2.998E-10  6.796E-11  2.319E-10
2.188E+01  5.239E-19  3.040E-10  6.741E-11  2.366E-10
2.168E+01  5.358E-19  3.081E-10  6.690E-11  2.412E-10
2.148E+01  5.480E-19  3.122E-10  6.643E-11  2.458E-10
2.128E+01  5.611E-19  3.167E-10  6.600E-11  2.507E-10
2.109E+01  5.751E-19  3.217E-10  6.561E-11  2.560E-10
2.089E+01  5.891E-19  3.265E-10  6.526E-11  2.612E-10
2.070E+01  6.031E-19  3.312E-10  6.496E-11  2.662E-10
2.051E+01  6.172E-19  3.358E-10  6.469E-11  2.711E-10
2.032E+01  6.321E-19  3.408E-10  6.446E-11  2.763E-10
2.014E+01  6.494E-19  3.469E-10  6.429E-11  2.826E-10
1.995E+01  6.668E-19  3.529E-10  6.416E-11  2.888E-10
1.977E+01  6.842E-19  3.588E-10  6.407E-11  2.947E-10
1.959E+01  7.009E-19  3.642E-10  6.403E-11  3.002E-10
1.941E+01  7.169E-19  3.691E-10  6.408E-11  3.050E-10
1.923E+01  7.320E-19  3.734E-10  6.426E-11  3.091E-10
1.905E+01  7.464E-19  3.773E-10  6.482E-11  3.125E-10
1.888E+01  7.594E-19  3.803E-10  6.534E-11  3.150E-10
1.871E+01  7.685E-19  3.813E-10  6.483E-11  3.165E-10
1.854E+01  7.767E-19  3.819E-10  6.479E-11  3.171E-10
1.837E+01  7.836E-19  3.817E-10  6.505E-11  3.167E-10
1.820E+01  7.890E-19  3.808E-10  6.554E-11  3.153E-10
1.803E+01  7.935E-19  3.795E-10  6.640E-11  3.131E-10
1.786E+01  7.973E-19  3.778E-10  6.778E-11  3.100E-10
1.770E+01  7.974E-19  3.744E-10  6.833E-11  3.061E-10
1.754E+01  7.973E-19  3.709E-10  6.991E-11  3.010E-10
1.738E+01  7.994E-19  3.685E-10  7.320E-11  2.953E-10
1.722E+01  7.933E-19  3.623E-10  7.346E-11  2.889E-10
1.706E+01  7.878E-19  3.565E-10  7.423E-11  2.823E-10
1.690E+01  7.796E-19  3.496E-10  7.427E-11  2.753E-10
1.675E+01  7.692E-19  3.418E-10  7.386E-11  2.679E-10
1.660E+01  7.607E-19  3.349E-10  7.490E-11  2.600E-10
1.644E+01  7.596E-19  3.313E-10  7.954E-11  2.518E-10
1.629E+01  7.333E-19  3.169E-10  7.343E-11  2.435E-10
1.614E+01  7.158E-19  3.065E-10  7.121E-11  2.353E-10
1.600E+01  7.024E-19  2.980E-10  7.081E-11  2.272E-10
1.585E+01  6.898E-19  2.900E-10  7.079E-11  2.192E-10
1.570E+01  6.770E-19  2.820E-10  7.065E-11  2.114E-10
1.556E+01  6.650E-19  2.745E-10  7.078E-11  2.037E-10
1.542E+01  6.538E-19  2.674E-10  7.108E-11  1.963E-10
1.528E+01  6.432E-19  2.606E-10  7.148E-11  1.892E-10
1.514E+01  6.334E-19  2.543E-10  7.196E-11  1.823E-10
1.500E+01  6.246E-19  2.485E-10  7.251E-11  1.760E-10
1.486E+01  6.162E-19  2.429E-10  7.315E-11  1.697E-10
1.472E+01  6.084E-19  2.376E-10  7.392E-11  1.637E-10
1.459E+01  6.018E-19  2.329E-10  7.490E-11  1.580E-10
1.445E+01  5.984E-19  2.294E-10  7.632E-11  1.531E-10
1.432E+01  5.996E-19  2.278E-10  7.867E-11  1.491E-10
1.419E+01  6.046E-19  2.276E-10  8.133E-11  1.463E-10
1.406E+01  6.056E-19  2.259E-10  8.121E-11  1.446E-10
1.393E+01  6.120E-19  2.262E-10  8.163E-11  1.445E-10
1.380E+01  6.263E-19  2.293E-10  8.369E-11  1.456E-10
1.368E+01  6.491E-19  2.355E-10  8.738E-11  1.481E-10
1.355E+01  6.771E-19  2.434E-10  9.196E-11  1.514E-10
1.343E+01  7.000E-19  2.493E-10  9.401E-11  1.553E-10
1.330E+01  7.155E-19  2.525E-10  9.312E-11  1.594E-10
1.318E+01  7.346E-19  2.569E-10  9.320E-11  1.637E-10
1.306E+01  7.614E-19  2.638E-10  9.593E-11  1.679E-10
1.294E+01  7.992E-19  2.744E-10  1.021E-10  1.723E-10
1.282E+01  8.525E-19  2.900E-10  1.126E-10  1.773E-10
1.271E+01  9.160E-19  3.087E-10  1.261E-10  1.827E-10
1.259E+01  9.574E-19  3.197E-10  1.317E-10  1.880E-10
1.247E+01  9.608E-19  3.179E-10  1.246E-10  1.933E-10
1.236E+01  9.621E-19  3.154E-10  1.169E-10  1.985E-10
1.225E+01  9.797E-19  3.182E-10  1.151E-10  2.032E-10
1.213E+01  1.016E-18  3.271E-10  1.187E-10  2.084E-10
1.202E+01  1.059E-18  3.377E-10  1.235E-10  2.143E-10
1.191E+01  1.085E-18  3.429E-10  1.228E-10  2.201E-10
1.180E+01  1.101E-18  3.448E-10  1.191E-10  2.257E-10
1.169E+01  1.129E-18  3.503E-10  1.192E-10  2.311E-10
1.159E+01  1.183E-18  3.637E-10  1.283E-10  2.354E-10
1.148E+01  1.307E-18  3.981E-10  1.587E-10  2.394E-10
1.138E+01  1.436E-18  4.334E-10  1.894E-10  2.439E-10
1.127E+01  1.603E-18  4.792E-10  2.306E-10  2.486E-10
1.117E+01  1.483E-18  4.393E-10  1.857E-10  2.536E-10
1.107E+01  1.331E-18  3.906E-10  1.320E-10  2.586E-10
1.096E+01  1.299E-18  3.777E-10  1.147E-10  2.630E-10
1.086E+01  1.301E-18  3.749E-10  1.073E-10  2.676E-10
1.076E+01  1.320E-18  3.769E-10  1.038E-10  2.730E-10
1.067E+01  1.348E-18  3.814E-10  1.022E-10  2.792E-10
1.057E+01  1.380E-18  3.869E-10  1.010E-10  2.859E-10
1.047E+01  1.413E-18  3.924E-10  1.006E-10  2.919E-10
1.038E+01  1.440E-18  3.963E-10  1.007E-10  2.957E-10
1.028E+01  1.459E-18  3.980E-10  1.012E-10  2.968E-10
1.019E+01  1.472E-18  3.976E-10  1.019E-10  2.957E-10
1.009E+01  1.481E-18  3.964E-10  1.029E-10  2.935E-10
1.000E+01  1.489E-18  3.951E-10  1.041E-10  2.910E-10
9.908E+00  1.501E-18  3.944E-10  1.054E-10  2.890E-10
9.817E+00  1.514E-18  3.942E-10  1.071E-10  2.871E-10
9.727E+00  1.527E-18  3.941E-10  1.089E-10  2.852E-10
9.638E+00  1.541E-18  3.939E-10  1.110E-10  2.829E-10
9.550E+00  1.547E-18  3.920E-10  1.135E-10  2.784E-10
9.462E+00  1.545E-18  3.877E-10  1.164E-10  2.712E-10
9.376E+00  1.530E-18  3.806E-10  1.199E-10  2.607E-10
9.290E+00  1.505E-18  3.708E-10  1.241E-10  2.467E-10
9.204E+00  1.470E-18  3.590E-10  1.293E-10  2.298E-10
9.120E+00  1.433E-18  3.467E-10  1.359E-10  2.107E-10
9.036E+00  1.400E-18  3.357E-10  1.449E-10  1.908E-10
8.954E+00  1.384E-18  3.287E-10  1.575E-10  1.712E-10
8.872E+00  1.401E-18  3.296E-10  1.766E-10  1.531E-10
8.790E+00  1.473E-18  3.435E-10  2.067E-10  1.368E-10
8.710E+00  1.622E-18  3.747E-10  2.522E-10  1.225E-10
8.630E+00  1.773E-18  4.058E-10  2.956E-10  1.102E-10
8.551E+00  1.738E-18  3.942E-10  2.947E-10  9.948E-11
8.472E+00  1.605E-18  3.606E-10  2.709E-10  8.969E-11
8.395E+00  1.533E-18  3.413E-10  2.611E-10  8.016E-11
8.318E+00  1.524E-18  3.362E-10  2.657E-10  7.050E-11
8.241E+00  1.559E-18  3.407E-10  2.800E-10  6.077E-11
8.166E+00  1.658E-18  3.592E-10  3.079E-10  5.123E-11
8.091E+00  1.861E-18  3.995E-10  3.566E-10  4.286E-11
8.017E+00  2.198E-18  4.674E-10  4.318E-10  3.558E-11
7.943E+00  2.653E-18  5.591E-10  5.296E-10  2.945E-11
7.870E+00  3.069E-18  6.407E-10  6.164E-10  2.431E-11
7.798E+00  3.242E-18  6.706E-10  6.506E-10  2.006E-11
7.727E+00  3.293E-18  6.749E-10  6.583E-10  1.664E-11
7.656E+00  3.420E-18  6.945E-10  6.806E-10  1.392E-11
7.586E+00  3.379E-18  6.799E-10  6.681E-10  1.176E-11
7.516E+00  2.942E-18  5.866E-10  5.765E-10  1.012E-11
7.447E+00  2.434E-18  4.807E-10  4.719E-10  8.887E-12
7.379E+00  2.057E-18  4.026E-10  3.947E-10  7.931E-12
7.311E+00  1.796E-18  3.483E-10  3.411E-10  7.220E-12
7.244E+00  1.605E-18  3.084E-10  3.018E-10  6.646E-12
7.178E+00  1.459E-18  2.778E-10  2.716E-10  6.161E-12
7.112E+00  1.347E-18  2.541E-10  2.483E-10  5.773E-12
7.047E+00  1.264E-18  2.363E-10  2.309E-10  5.442E-12
6.982E+00  1.210E-18  2.241E-10  2.190E-10  5.133E-12
6.918E+00  1.183E-18  2.171E-10  2.122E-10  4.854E-12
6.855E+00  1.182E-18  2.149E-10  2.103E-10  4.591E-12
6.792E+00  1.200E-18  2.161E-10  2.118E-10  4.341E-12
6.730E+00  1.218E-18  2.174E-10  2.133E-10  4.104E-12
6.668E+00  1.215E-18  2.149E-10  2.110E-10  3.877E-12
6.607E+00  1.189E-18  2.084E-10  2.047E-10  3.658E-12
6.546E+00  1.169E-18  2.030E-10  1.995E-10  3.447E-12
6.486E+00  1.190E-18  2.047E-10  2.015E-10  3.246E-12
6.427E+00  1.294E-18  2.206E-10  2.176E-10  3.053E-12
6.368E+00  1.561E-18  2.637E-10  2.609E-10  2.867E-12
6.310E+00  2.153E-18  3.603E-10  3.576E-10  2.689E-12
6.252E+00  3.133E-18  5.195E-10  5.170E-10  2.519E-12
6.194E+00  3.185E-18  5.234E-10  5.210E-10  2.357E-12
6.138E+00  2.163E-18  3.522E-10  3.500E-10  2.200E-12
6.081E+00  1.474E-18  2.378E-10  2.357E-10  2.053E-12
6.026E+00  1.133E-18  1.811E-10  1.792E-10  1.914E-12
5.970E+00  9.597E-19  1.520E-10  1.502E-10  1.783E-12
5.916E+00  8.687E-19  1.363E-10  1.346E-10  1.660E-12
5.861E+00  8.283E-19  1.288E-10  1.272E-10  1.544E-12
5.808E+00  8.320E-19  1.282E-10  1.267E-10  1.436E-12
5.754E+00  8.805E-19  1.344E-10  1.331E-10  1.335E-12
5.702E+00  9.149E-19  1.384E-10  1.371E-10  1.241E-12
5.649E+00  8.390E-19  1.257E-10  1.246E-10  1.152E-12
5.598E+00  7.409E-19  1.100E-10  1.089E-10  1.069E-12
5.546E+00  6.794E-19  9.995E-11  9.895E-11  9.918E-13
5.495E+00  6.455E-19  9.410E-11  9.318E-11  9.196E-13
5.445E+00  6.295E-19  9.093E-11  9.007E-11  8.522E-13
5.395E+00  6.294E-19  9.007E-11  8.928E-11  7.893E-13
5.346E+00  6.494E-19  9.209E-11  9.136E-11  7.306E-13
5.297E+00  6.841E-19  9.611E-11  9.543E-11  6.758E-13
5.248E+00  6.748E-19  9.393E-11  9.331E-11  6.247E-13
5.200E+00  6.167E-19  8.507E-11  8.449E-11  5.771E-13
5.152E+00  5.704E-19  7.796E-11  7.743E-11  5.329E-13
5.105E+00  5.418E-19  7.336E-11  7.287E-11  4.917E-13
5.058E+00  5.227E-19  7.013E-11  6.968E-11  4.534E-13
5.012E+00  5.084E-19  6.759E-11  6.717E-11  4.178E-13
4.966E+00  4.965E-19  6.541E-11  6.502E-11  3.847E-13
4.920E+00  4.861E-19  6.345E-11  6.309E-11  3.540E-13
4.875E+00  4.766E-19  6.164E-11  6.131E-11  3.255E-13
4.831E+00  4.677E-19  5.993E-11  5.963E-11  2.990E-13
4.786E+00  4.592E-19  5.830E-11  5.802E-11  2.744E-13
4.742E+00  4.509E-19  5.672E-11  5.647E-11  2.516E-13
4.699E+00  4.429E-19  5.520E-11  5.497E-11  2.305E-13
4.656E+00  4.349E-19  5.372E-11  5.350E-11  2.110E-13
4.613E+00  4.271E-19  5.226E-11  5.207E-11  1.930E-13
4.571E+00  4.193E-19  5.084E-11  5.066E-11  1.763E-13
4.529E+00  4.115E-19  4.944E-11  4.928E-11  1.609E-13
4.487E+00  4.038E-19  4.806E-11  4.792E-11  1.467E-13
4.446E+00  3.961E-19  4.671E-11  4.658E-11  1.336E-13
4.406E+00  3.883E-19  4.538E-11  4.526E-11  1.216E-13
4.365E+00  3.806E-19  4.407E-11  4.396E-11  1.105E-13
4.325E+00  3.729E-19  4.278E-11  4.268E-11  1.004E-13
4.285E+00  3.651E-19  4.151E-11  4.142E-11  9.103E-14
4.246E+00  3.574E-19  4.025E-11  4.017E-11  8.247E-14
4.207E+00  3.496E-19  3.902E-11  3.895E-11  7.463E-14
4.169E+00  3.419E-19  3.781E-11  3.774E-11  6.746E-14
4.130E+00  3.342E-19  3.661E-11  3.655E-11  6.090E-14
4.093E+00  3.264E-19  3.544E-11  3.538E-11  5.488E-14
4.055E+00  3.187E-19  3.428E-11  3.423E-11  4.939E-14
4.018E+00  3.110E-19  3.314E-11  3.310E-11  4.439E-14
3.981E+00  3.033E-19  3.203E-11  3.199E-11  3.985E-14
3.945E+00  2.957E-19  3.094E-11  3.091E-11  3.572E-14
3.908E+00  2.882E-19  2.987E-11  2.984E-11  3.198E-14
3.873E+00  2.807E-19  2.883E-11  2.880E-11  2.859E-14
3.837E+00  2.733E-19  2.781E-11  2.779E-11  2.554E-14
3.802E+00  2.660E-19  2.682E-11  2.680E-11  2.278E-14
3.767E+00  2.588E-19  2.586E-11  2.584E-11  2.029E-14
3.733E+00  2.518E-19  2.493E-11  2.491E-11  1.805E-14
3.698E+00  2.449E-19  2.403E-11  2.401E-11  1.603E-14
3.664E+00  2.383E-19  2.316E-11  2.314E-11  1.422E-14
3.631E+00  2.319E-19  2.233E-11  2.232E-11  1.260E-14
3.597E+00  2.258E-19  2.155E-11  2.154E-11  1.115E-14
3.565E+00  2.202E-19  2.082E-11  2.081E-11  9.849E-15
3.532E+00  2.153E-19  2.017E-11  2.017E-11  8.688E-15
3.499E+00  2.115E-19  1.963E-11  1.962E-11  7.653E-15
3.467E+00  2.095E-19  1.927E-11  1.926E-11  6.731E-15
3.436E+00  2.109E-19  1.922E-11  1.921E-11  5.911E-15
3.404E+00  2.201E-19  1.987E-11  1.987E-11  5.184E-15
3.373E+00  2.507E-19  2.243E-11  2.243E-11  4.539E-15
3.342E+00  3.664E-19  3.248E-11  3.248E-11  3.967E-15
3.311E+00  9.624E-19  8.454E-11  8.453E-11  3.462E-15
3.281E+00  6.944E-19  6.043E-11  6.043E-11  3.017E-15
3.251E+00  2.900E-19  2.501E-11  2.501E-11  2.624E-15
3.221E+00  2.014E-19  1.721E-11  1.720E-11  2.277E-15
3.192E+00  1.685E-19  1.427E-11  1.427E-11  1.974E-15
3.162E+00  1.511E-19  1.268E-11  1.268E-11  1.708E-15
3.133E+00  1.396E-19  1.161E-11  1.160E-11  1.476E-15
3.105E+00  1.309E-19  1.078E-11  1.078E-11  1.273E-15
3.076E+00  1.236E-19  1.008E-11  1.008E-11  1.097E-15
3.048E+00  1.172E-19  9.475E-12  9.474E-12  9.443E-16
3.020E+00  1.114E-19  8.925E-12  8.924E-12  8.113E-16
2.992E+00  1.061E-19  8.419E-12  8.418E-12  6.959E-16
2.965E+00  1.011E-19  7.947E-12  7.947E-12  5.958E-16
2.938E+00  9.632E-20  7.505E-12  7.505E-12  5.094E-16
2.911E+00  9.181E-20  7.089E-12  7.088E-12  4.347E-16
2.884E+00  8.752E-20  6.695E-12  6.695E-12  3.703E-16
2.858E+00  8.341E-20  6.323E-12  6.322E-12  3.150E-16
2.831E+00  7.948E-20  5.969E-12  5.969E-12  2.674E-16
2.805E+00  7.571E-20  5.634E-12  5.634E-12  2.266E-16
2.780E+00  7.210E-20  5.316E-12  5.316E-12  1.918E-16
2.754E+00  6.864E-20  5.014E-12  5.014E-12  1.620E-16
2.729E+00  6.531E-20  4.728E-12  4.728E-12  1.365E-16
2.704E+00  6.213E-20  4.456E-12  4.456E-12  1.149E-16
2.679E+00  5.907E-20  4.198E-12  4.198E-12  9.650E-17
2.655E+00  5.615E-20  3.954E-12  3.954E-12  8.091E-17
2.630E+00  5.334E-20  3.722E-12  3.722E-12  6.772E-17
2.606E+00  5.066E-20  3.502E-12  3.502E-12  5.657E-17
2.582E+00  4.809E-20  3.294E-12  3.294E-12  4.717E-17
2.559E+00  4.564E-20  3.097E-12  3.097E-12  3.925E-17
2.535E+00  4.329E-20  2.911E-12  2.911E-12  3.261E-17
2.512E+00  4.105E-20  2.735E-12  2.735E-12  2.703E-17
2.489E+00  3.891E-20  2.569E-12  2.569E-12  2.237E-17
2.466E+00  3.686E-20  2.411E-12  2.411E-12  1.848E-17
2.443E+00  3.490E-20  2.262E-12  2.262E-12  1.523E-17
2.421E+00  3.304E-20  2.122E-12  2.122E-12  1.253E-17
2.399E+00  3.127E-20  1.990E-12  1.990E-12  1.029E-17
2.377E+00  2.959E-20  1.866E-12  1.866E-12  8.431E-18
2.355E+00  2.799E-20  1.749E-12  1.749E-12  6.894E-18
2.333E+00  2.648E-20  1.639E-12  1.639E-12  5.626E-18
2.312E+00  2.503E-20  1.535E-12  1.535E-12  4.581E-18
2.291E+00  2.367E-20  1.438E-12  1.438E-12  3.723E-18
2.270E+00  2.237E-20  1.347E-12  1.347E-12  3.019E-18
2.249E+00  2.113E-20  1.261E-12  1.261E-12  2.443E-18
2.228E+00  1.996E-20  1.180E-12  1.180E-12  1.973E-18
2.208E+00  1.885E-20  1.104E-12  1.104E-12  1.589E-18
2.188E+00  1.780E-20  1.033E-12  1.033E-12  1.278E-18
2.168E+00  1.679E-20  9.657E-13  9.657E-13  1.025E-18
2.148E+00  1.584E-20  9.027E-13  9.027E-13  8.210E-19
2.128E+00  1.494E-20  8.434E-13  8.434E-13  6.559E-19
2.109E+00  1.408E-20  7.877E-13  7.877E-13  5.229E-19
2.089E+00  1.327E-20  7.352E-13  7.352E-13  4.159E-19
2.070E+00  1.249E-20  6.858E-13  6.858E-13  3.301E-19
2.051E+00  1.175E-20  6.393E-13  6.393E-13  2.614E-19
2.032E+00  1.104E-20  5.954E-13  5.954E-13  2.066E-19
2.014E+00  1.037E-20  5.540E-13  5.540E-13  1.628E-19
1.995E+00  9.727E-21  5.148E-13  5.148E-13  1.281E-19
1.977E+00  9.114E-21  4.779E-13  4.779E-13  1.005E-19
1.959E+00  8.532E-21  4.433E-13  4.433E-13  7.872E-20
1.941E+00  7.989E-21  4.113E-13  4.113E-13  6.150E-20
1.923E+00  7.495E-21  3.823E-13  3.823E-13  4.794E-20
1.905E+00  7.059E-21  3.568E-13  3.568E-13  3.729E-20
1.888E+00  6.677E-21  3.344E-13  3.344E-13  2.894E-20
1.871E+00  6.335E-21  3.143E-13  3.143E-13  2.240E-20
1.854E+00  6.013E-21  2.956E-13  2.956E-13  1.731E-20
1.837E+00  5.701E-21  2.777E-13  2.777E-13  1.334E-20
1.820E+00  5.397E-21  2.605E-13  2.605E-13  1.026E-20
1.803E+00  5.099E-21  2.439E-13  2.439E-13  7.870E-21
1.786E+00  4.811E-21  2.280E-13  2.280E-13  6.026E-21
1.770E+00  4.533E-21  2.129E-13  2.129E-13  4.603E-21
1.754E+00  4.267E-21  1.985E-13  1.985E-13  3.509E-21
1.738E+00  4.013E-21  1.850E-13  1.850E-13  2.669E-21
1.722E+00  3.771E-21  1.722E-13  1.722E-13  2.026E-21
1.706E+00  3.541E-21  1.602E-13  1.602E-13  1.534E-21
1.690E+00  3.322E-21  1.490E-13  1.490E-13  1.159E-21
1.675E+00  3.115E-21  1.384E-13  1.384E-13  8.742E-22
1.660E+00  2.919E-21  1.285E-13  1.285E-13  6.578E-22
1.644E+00  2.734E-21  1.192E-13  1.192E-13  4.939E-22
1.629E+00  2.558E-21  1.106E-13  1.106E-13  3.701E-22
1.614E+00  2.392E-21  1.024E-13  1.024E-13  2.767E-22
1.600E+00  2.235E-21  9.485E-14  9.485E-14  2.064E-22
1.585E+00  2.088E-21  8.777E-14  8.777E-14  1.537E-22
1.570E+00  1.948E-21  8.116E-14  8.116E-14  1.142E-22
1.556E+00  1.817E-21  7.501E-14  7.501E-14  8.472E-23
1.542E+00  1.694E-21  6.927E-14  6.927E-14  6.271E-23
1.528E+00  1.578E-21  6.394E-14  6.394E-14  4.633E-23
1.514E+00  1.469E-21  5.898E-14  5.898E-14  3.416E-23
1.500E+00  1.367E-21  5.436E-14  5.436E-14  2.514E-23
1.486E+00  1.271E-21  5.008E-14  5.008E-14  1.847E-23
1.472E+00  1.181E-21  4.611E-14  4.611E-14  1.355E-23
1.459E+00  1.096E-21  4.243E-14  4.243E-14  9.920E-24
1.445E+00  1.018E-21  3.902E-14  3.902E-14  7.252E-24
1.432E+00  9.440E-22  3.586E-14  3.586E-14  5.293E-24
1.419E+00  8.752E-22  3.294E-14  3.294E-14  3.857E-24
1.406E+00  8.111E-22  3.025E-14  3.025E-14  2.806E-24
1.393E+00  7.513E-22  2.776E-14  2.776E-14  2.038E-24
1.380E+00  6.956E-22  2.547E-14  2.547E-14  1.478E-24
1.368E+00  6.438E-22  2.336E-14  2.336E-14  1.070E-24
1.355E+00  5.958E-22  2.142E-14  2.142E-14  7.740E-25
1.343E+00  5.511E-22  1.963E-14  1.963E-14  5.589E-25
1.330E+00  5.097E-22  1.799E-14  1.799E-14  4.030E-25
1.318E+00  4.711E-22  1.647E-14  1.647E-14  2.902E-25
1.306E+00  4.350E-22  1.507E-14  1.507E-14  2.086E-25
1.294E+00  4.009E-22  1.376E-14  1.376E-14  1.498E-25
1.282E+00  3.682E-22  1.253E-14  1.253E-14  1.074E-25
1.271E+00  3.366E-22  1.135E-14  1.135E-14  7.695E-26
1.259E+00  3.060E-22  1.022E-14  1.022E-14  5.503E-26
1.247E+00  2.767E-22  9.155E-15  9.155E-15  3.931E-26
1.236E+00  2.493E-22  8.174E-15  8.174E-15  2.804E-26
1.225E+00  2.244E-22  7.289E-15  7.289E-15  1.998E-26
1.213E+00  2.020E-22  6.503E-15  6.503E-15  1.421E-26
1.202E+00  1.822E-22  5.809E-15  5.809E-15  1.009E-26
1.191E+00  1.645E-22  5.198E-15  5.198E-15  7.157E-27
1.180E+00  1.488E-22  4.658E-15  4.658E-15  5.067E-27
1.169E+00  1.348E-22  4.180E-15  4.180E-15  3.582E-27
1.159E+00  1.222E-22  3.757E-15  3.757E-15  2.527E-27
1.148E+00  1.111E-22  3.382E-15  3.382E-15  1.780E-27
1.138E+00  1.011E-22  3.050E-15  3.050E-15  1.252E-27
1.127E+00  9.222E-23  2.757E-15  2.757E-15  8.786E-28
1.117E+00  8.440E-23  2.500E-15  2.500E-15  6.155E-28
1.107E+00  7.754E-23  2.276E-15  2.276E-15  4.303E-28
1.096E+00  7.160E-23  2.083E-15  2.083E-15  3.003E-28
1.086E+00  6.655E-23  1.918E-15  1.918E-15  2.091E-28
1.076E+00  6.236E-23  1.781E-15  1.781E-15  1.453E-28
1.067E+00  5.892E-23  1.667E-15  1.667E-15  1.008E-28
1.057E+00  5.598E-23  1.569E-15  1.569E-15  6.972E-29
1.047E+00  5.328E-23  1.480E-15  1.480E-15  4.813E-29
1.038E+00  5.097E-23  1.403E-15  1.403E-15  3.315E-29
1.028E+00  4.940E-23  1.347E-15  1.347E-15  2.278E-29
1.019E+00  4.860E-23  1.313E-15  1.313E-15  1.562E-29
1.009E+00  4.833E-23  1.294E-15  1.294E-15  1.068E-29
1.000E+00  4.827E-23  1.281E-15  1.281E-15  7.287E-30
