Dust emission spectrum from Draine,B.T., & Li, A. (2007), ApJ, in press [astro-ph/0608003]
==========================================================
         7 = grain model
 4.000E-08 4.000E-01 4.500E-05 = a_01 (cm) , sigma_1 , b_C1
 2.000E-07 5.500E-01 1.500E-05 = a_02 (cm) , sigma_2 , b_C2
 1.000E+02 1.000E+02 1.000E+00 = Umin , Umax, beta (dN/dU propto U^{-beta})
 1.000E+02 = <U>       mmp83 = radfield
 2.000E-06 1.000E+00 = a_{min} (cm), a_{max} (cm)
 2.813E-22 1.689E-22 1.124E-22 = P(tot)  P(carb)  P(sil) (erg s-1 H-1)
 band     <nu*P_nu> <j_nu(tot)><j_nu(carb)><j_nu(sil)>
 (um)   (erg s-1 H-1)(Jy/(sr*H))(Jy/(sr*H))(Jy/(sr*H))
1.270E+00  3.770E-72  1.270E-64  1.270E-64  0.000E+00 COBE-DIRBE
2.220E+00  7.942E-72  4.677E-64  4.677E-64  3.606E-74 COBE-DIRBE
3.530E+00  1.422E-50  1.331E-42  1.331E-42  1.839E-49 COBE-DIRBE
4.880E+00  5.000E-43  6.472E-35  6.472E-35  1.745E-40 COBE-DIRBE
1.229E+01  2.785E-27  9.078E-19  8.220E-19  8.579E-20 COBE-DIRBE
2.079E+01  2.470E-24  1.362E-15  1.160E-15  2.019E-16 COBE-DIRBE
5.599E+01  2.351E-22  3.492E-13  2.246E-13  1.245E-13 COBE-DIRBE
9.770E+01  1.365E-22  3.538E-13  1.489E-13  2.049E-13 COBE-DIRBE
1.479E+02  5.099E-23  2.000E-13  7.176E-14  1.282E-13 COBE-DIRBE
2.479E+02  8.617E-24  5.665E-14  1.649E-14  4.016E-14 COBE-DIRBE
1.200E+01  3.851E-28  1.226E-19  1.169E-19  5.681E-21 IRAS
2.500E+01  9.726E-24  6.450E-15  5.634E-15  8.160E-16 IRAS
6.000E+01  2.283E-22  3.634E-13  2.244E-13  1.390E-13 IRAS
1.000E+02  1.297E-22  3.440E-13  1.418E-13  2.023E-13 IRAS
3.550E+00  1.888E-51  1.778E-43  1.778E-43  1.640E-50 SST-IRAC
4.493E+00  2.489E-44  2.966E-36  2.966E-36  4.706E-42 SST-IRAC
5.731E+00  8.933E-39  1.358E-30  1.358E-30  3.546E-35 SST-IRAC
7.872E+00  9.815E-33  2.049E-24  2.030E-24  1.963E-26 SST-IRAC
2.368E+01  6.176E-24  3.879E-15  3.339E-15  5.400E-16 SST-MIPS
7.142E+01  1.981E-22  3.753E-13  1.978E-13  1.775E-13 SST-MIPS
1.559E+02  3.898E-23  1.612E-13  5.624E-14  1.050E-13 SST-MIPS
1.600E+01  5.369E-25  2.279E-16  2.006E-16  2.729E-17 SST-IRSPU
2.200E+01  5.326E-24  3.108E-15  2.682E-15  4.259E-16 SST-IRSPU
7.500E+01  1.722E-22  3.426E-13  1.808E-13  1.618E-13 Herschel-PACS
1.100E+02  9.198E-23  2.684E-13  1.087E-13  1.597E-13 Herschel-PACS
1.700E+02  2.972E-23  1.340E-13  4.678E-14  8.726E-14 Herschel-PACS
2.500E+02  6.920E-24  4.589E-14  1.311E-14  3.278E-14 Herschel-SPIRE
3.600E+02  1.453E-24  1.387E-14  3.991E-15  9.881E-15 Herschel-SPIRE
5.200E+02  2.975E-25  4.104E-15  1.183E-15  2.921E-15 Herschel-SPIRE
2.400E+00  9.793E-44  6.234E-36  6.234E-36  4.643E-41 Akari IRC NIR N2
3.200E+00  3.315E-44  2.814E-36  2.814E-36  1.746E-41 Akari IRC NIR N3
4.100E+00  2.406E-42  2.617E-34  2.617E-34  1.594E-39 Akari IRC NIR N4
7.000E+00  3.735E-28  6.935E-20  5.763E-20  1.172E-20 Akari IRC MIR-S S7
9.000E+00  2.048E-29  4.890E-21  4.110E-21  7.797E-22 Akari IRC MIR-S S9W
1.100E+01  3.562E-28  1.039E-19  9.082E-20  1.313E-20 Akari IRC MIR-S S11
1.500E+01  5.062E-26  2.014E-17  1.682E-17  3.325E-18 Akari IRC MIR-L L15
1.800E+01  1.606E-24  7.669E-16  6.526E-16  1.143E-16 Akari IRC MIR-L L18W
2.400E+01  4.908E-24  3.124E-15  2.673E-15  4.515E-16 Akari IRC MIR-L L24
6.500E+01  2.291E-22  3.950E-13  2.212E-13  1.738E-13 Akari FIS N60
8.000E+01  1.679E-22  3.563E-13  1.681E-13  1.882E-13 Akari FIS WIDE-S
1.400E+02  5.035E-23  1.870E-13  6.703E-14  1.200E-13 Akari FIS WIDE-L
1.600E+02  3.524E-23  1.496E-13  5.061E-14  9.894E-14 Akari FIS N160
 
 
 
 


lambda    nu*dP/dnu     j_nu    j_nu(carb.) j_nu(sil)
 (um)    (erg/(s*H)) (Jy/(sr*H) (Jy/(sr*H)) (Jy/(sr*H)
1.000E+04  1.049E-30  2.782E-19  4.724E-20  2.309E-19
9.908E+03  1.087E-30  2.857E-19  4.864E-20  2.371E-19
9.817E+03  1.127E-30  2.935E-19  5.009E-20  2.434E-19
9.727E+03  1.168E-30  3.015E-19  5.159E-20  2.499E-19
9.638E+03  1.211E-30  3.097E-19  5.313E-20  2.565E-19
9.550E+03  1.256E-30  3.181E-19  5.472E-20  2.634E-19
9.462E+03  1.302E-30  3.268E-19  5.635E-20  2.704E-19
9.376E+03  1.350E-30  3.356E-19  5.804E-20  2.776E-19
9.290E+03  1.399E-30  3.448E-19  5.977E-20  2.850E-19
9.204E+03  1.451E-30  3.542E-19  6.156E-20  2.926E-19
9.120E+03  1.504E-30  3.638E-19  6.341E-20  3.004E-19
9.036E+03  1.559E-30  3.737E-19  6.530E-20  3.084E-19
8.954E+03  1.616E-30  3.838E-19  6.726E-20  3.166E-19
8.872E+03  1.675E-30  3.942E-19  6.928E-20  3.249E-19
8.790E+03  1.736E-30  4.049E-19  7.136E-20  3.335E-19
8.710E+03  1.800E-30  4.158E-19  7.350E-20  3.423E-19
8.630E+03  1.866E-30  4.271E-19  7.570E-20  3.514E-19
8.551E+03  1.934E-30  4.387E-19  7.798E-20  3.607E-19
8.472E+03  2.005E-30  4.506E-19  8.032E-20  3.702E-19
8.395E+03  2.078E-30  4.628E-19  8.274E-20  3.801E-19
8.318E+03  2.155E-30  4.754E-19  8.523E-20  3.902E-19
8.241E+03  2.234E-30  4.883E-19  8.779E-20  4.005E-19
8.166E+03  2.316E-30  5.016E-19  9.044E-20  4.112E-19
8.091E+03  2.401E-30  5.153E-19  9.316E-20  4.221E-19
8.017E+03  2.489E-30  5.294E-19  9.597E-20  4.334E-19
7.943E+03  2.581E-30  5.438E-19  9.886E-20  4.449E-19
7.870E+03  2.676E-30  5.587E-19  1.018E-19  4.568E-19
7.798E+03  2.775E-30  5.740E-19  1.049E-19  4.690E-19
7.727E+03  2.877E-30  5.897E-19  1.081E-19  4.816E-19
7.656E+03  2.983E-30  6.058E-19  1.114E-19  4.945E-19
7.586E+03  3.093E-30  6.224E-19  1.147E-19  5.077E-19
7.516E+03  3.208E-30  6.395E-19  1.182E-19  5.213E-19
7.447E+03  3.326E-30  6.571E-19  1.218E-19  5.353E-19
7.379E+03  3.449E-30  6.752E-19  1.255E-19  5.497E-19
7.311E+03  3.577E-30  6.938E-19  1.293E-19  5.645E-19
7.244E+03  3.710E-30  7.129E-19  1.332E-19  5.797E-19
7.178E+03  3.847E-30  7.325E-19  1.372E-19  5.953E-19
7.112E+03  3.990E-30  7.527E-19  1.414E-19  6.114E-19
7.047E+03  4.138E-30  7.735E-19  1.457E-19  6.278E-19
6.982E+03  4.292E-30  7.949E-19  1.501E-19  6.448E-19
6.918E+03  4.451E-30  8.168E-19  1.546E-19  6.622E-19
6.855E+03  4.616E-30  8.393E-19  1.593E-19  6.800E-19
6.792E+03  4.788E-30  8.625E-19  1.642E-19  6.984E-19
6.730E+03  4.966E-30  8.864E-19  1.692E-19  7.172E-19
6.668E+03  5.150E-30  9.110E-19  1.743E-19  7.366E-19
6.607E+03  5.342E-30  9.362E-19  1.796E-19  7.566E-19
6.546E+03  5.541E-30  9.622E-19  1.851E-19  7.771E-19
6.486E+03  5.748E-30  9.889E-19  1.908E-19  7.981E-19
6.427E+03  5.962E-30  1.016E-18  1.966E-19  8.198E-19
6.368E+03  6.185E-30  1.045E-18  2.026E-19  8.421E-19
6.310E+03  6.416E-30  1.074E-18  2.088E-19  8.650E-19
6.252E+03  6.656E-30  1.104E-18  2.152E-19  8.886E-19
6.194E+03  6.905E-30  1.135E-18  2.217E-19  9.128E-19
6.138E+03  7.163E-30  1.166E-18  2.285E-19  9.377E-19
6.081E+03  7.431E-30  1.199E-18  2.355E-19  9.633E-19
6.026E+03  7.710E-30  1.232E-18  2.427E-19  9.896E-19
5.970E+03  7.999E-30  1.267E-18  2.502E-19  1.017E-18
5.916E+03  8.300E-30  1.302E-18  2.578E-19  1.045E-18
5.861E+03  8.611E-30  1.339E-18  2.657E-19  1.073E-18
5.808E+03  8.935E-30  1.376E-18  2.739E-19  1.103E-18
5.754E+03  9.271E-30  1.415E-18  2.823E-19  1.133E-18
5.702E+03  9.620E-30  1.455E-18  2.910E-19  1.164E-18
5.649E+03  9.983E-30  1.496E-18  2.999E-19  1.196E-18
5.598E+03  1.036E-29  1.538E-18  3.091E-19  1.229E-18
5.546E+03  1.075E-29  1.582E-18  3.186E-19  1.263E-18
5.495E+03  1.116E-29  1.626E-18  3.284E-19  1.298E-18
5.445E+03  1.158E-29  1.672E-18  3.386E-19  1.334E-18
5.395E+03  1.201E-29  1.719E-18  3.490E-19  1.370E-18
5.346E+03  1.247E-29  1.768E-18  3.598E-19  1.408E-18
5.297E+03  1.294E-29  1.818E-18  3.709E-19  1.447E-18
5.248E+03  1.343E-29  1.870E-18  3.823E-19  1.487E-18
5.200E+03  1.394E-29  1.923E-18  3.941E-19  1.529E-18
5.152E+03  1.447E-29  1.977E-18  4.063E-19  1.571E-18
5.105E+03  1.502E-29  2.034E-18  4.188E-19  1.615E-18
5.058E+03  1.559E-29  2.091E-18  4.318E-19  1.660E-18
5.012E+03  1.618E-29  2.151E-18  4.452E-19  1.706E-18
4.966E+03  1.679E-29  2.212E-18  4.589E-19  1.753E-18
4.920E+03  1.743E-29  2.275E-18  4.731E-19  1.802E-18
4.875E+03  1.809E-29  2.340E-18  4.878E-19  1.852E-18
4.831E+03  1.878E-29  2.407E-18  5.029E-19  1.904E-18
4.786E+03  1.950E-29  2.476E-18  5.185E-19  1.957E-18
4.742E+03  2.024E-29  2.546E-18  5.346E-19  2.012E-18
4.699E+03  2.101E-29  2.619E-18  5.512E-19  2.068E-18
4.656E+03  2.182E-29  2.694E-18  5.684E-19  2.126E-18
4.613E+03  2.265E-29  2.772E-18  5.860E-19  2.186E-18
4.571E+03  2.352E-29  2.851E-18  6.043E-19  2.247E-18
4.529E+03  2.442E-29  2.933E-18  6.231E-19  2.310E-18
4.487E+03  2.535E-29  3.018E-18  6.425E-19  2.375E-18
4.446E+03  2.632E-29  3.104E-18  6.625E-19  2.442E-18
4.406E+03  2.733E-29  3.194E-18  6.831E-19  2.511E-18
4.365E+03  2.838E-29  3.286E-18  7.045E-19  2.582E-18
4.325E+03  2.947E-29  3.381E-18  7.264E-19  2.655E-18
4.285E+03  3.060E-29  3.479E-18  7.491E-19  2.730E-18
4.246E+03  3.178E-29  3.579E-18  7.725E-19  2.807E-18
4.207E+03  3.300E-29  3.683E-18  7.967E-19  2.886E-18
4.169E+03  3.427E-29  3.790E-18  8.216E-19  2.968E-18
4.130E+03  3.559E-29  3.900E-18  8.473E-19  3.053E-18
4.093E+03  3.697E-29  4.013E-18  8.738E-19  3.139E-18
4.055E+03  3.839E-29  4.130E-18  9.011E-19  3.229E-18
4.018E+03  3.988E-29  4.250E-18  9.294E-19  3.320E-18
3.981E+03  4.141E-29  4.373E-18  9.585E-19  3.415E-18
3.945E+03  4.301E-29  4.501E-18  9.886E-19  3.512E-18
3.908E+03  4.467E-29  4.632E-18  1.020E-18  3.612E-18
3.873E+03  4.640E-29  4.767E-18  1.052E-18  3.715E-18
3.837E+03  4.820E-29  4.906E-18  1.085E-18  3.821E-18
3.802E+03  5.006E-29  5.049E-18  1.119E-18  3.930E-18
3.767E+03  5.201E-29  5.197E-18  1.154E-18  4.043E-18
3.733E+03  5.402E-29  5.349E-18  1.190E-18  4.159E-18
3.698E+03  5.612E-29  5.505E-18  1.228E-18  4.278E-18
3.664E+03  5.830E-29  5.667E-18  1.266E-18  4.401E-18
3.631E+03  6.057E-29  5.833E-18  1.306E-18  4.527E-18
3.597E+03  6.293E-29  6.005E-18  1.347E-18  4.658E-18
3.565E+03  6.538E-29  6.182E-18  1.390E-18  4.792E-18
3.532E+03  6.793E-29  6.364E-18  1.434E-18  4.930E-18
3.499E+03  7.058E-29  6.551E-18  1.479E-18  5.073E-18
3.467E+03  7.333E-29  6.745E-18  1.526E-18  5.219E-18
3.436E+03  7.620E-29  6.944E-18  1.574E-18  5.370E-18
3.404E+03  7.918E-29  7.150E-18  1.623E-18  5.526E-18
3.373E+03  8.228E-29  7.361E-18  1.675E-18  5.687E-18
3.342E+03  8.550E-29  7.580E-18  1.728E-18  5.852E-18
3.311E+03  8.885E-29  7.805E-18  1.782E-18  6.022E-18
3.281E+03  9.234E-29  8.036E-18  1.839E-18  6.197E-18
3.251E+03  9.597E-29  8.275E-18  1.897E-18  6.378E-18
3.221E+03  9.974E-29  8.522E-18  1.957E-18  6.564E-18
3.192E+03  1.037E-28  8.776E-18  2.019E-18  6.756E-18
3.162E+03  1.077E-28  9.037E-18  2.083E-18  6.954E-18
3.133E+03  1.120E-28  9.307E-18  2.150E-18  7.158E-18
3.105E+03  1.164E-28  9.585E-18  2.218E-18  7.368E-18
3.076E+03  1.210E-28  9.872E-18  2.288E-18  7.584E-18
3.048E+03  1.258E-28  1.017E-17  2.361E-18  7.807E-18
3.020E+03  1.307E-28  1.047E-17  2.436E-18  8.036E-18
2.992E+03  1.359E-28  1.079E-17  2.513E-18  8.273E-18
2.965E+03  1.412E-28  1.111E-17  2.593E-18  8.515E-18
2.938E+03  1.468E-28  1.144E-17  2.676E-18  8.765E-18
2.911E+03  1.526E-28  1.178E-17  2.761E-18  9.023E-18
2.884E+03  1.587E-28  1.214E-17  2.849E-18  9.288E-18
2.858E+03  1.649E-28  1.250E-17  2.940E-18  9.562E-18
2.831E+03  1.715E-28  1.288E-17  3.034E-18  9.844E-18
2.805E+03  1.783E-28  1.326E-17  3.130E-18  1.013E-17
2.780E+03  1.853E-28  1.366E-17  3.230E-18  1.043E-17
2.754E+03  1.927E-28  1.408E-17  3.333E-18  1.074E-17
2.729E+03  2.003E-28  1.450E-17  3.440E-18  1.106E-17
2.704E+03  2.083E-28  1.494E-17  3.550E-18  1.139E-17
2.679E+03  2.166E-28  1.539E-17  3.663E-18  1.173E-17
2.655E+03  2.252E-28  1.586E-17  3.780E-18  1.208E-17
2.630E+03  2.342E-28  1.634E-17  3.901E-18  1.244E-17
2.606E+03  2.435E-28  1.683E-17  4.026E-18  1.281E-17
2.582E+03  2.532E-28  1.734E-17  4.155E-18  1.319E-17
2.559E+03  2.633E-28  1.787E-17  4.288E-18  1.358E-17
2.535E+03  2.738E-28  1.842E-17  4.425E-18  1.399E-17
2.512E+03  2.848E-28  1.898E-17  4.567E-18  1.441E-17
2.489E+03  2.962E-28  1.955E-17  4.713E-18  1.484E-17
2.466E+03  3.081E-28  2.015E-17  4.864E-18  1.529E-17
2.443E+03  3.204E-28  2.077E-17  5.020E-18  1.575E-17
2.421E+03  3.332E-28  2.140E-17  5.181E-18  1.622E-17
2.399E+03  3.466E-28  2.206E-17  5.348E-18  1.671E-17
2.377E+03  3.605E-28  2.273E-17  5.519E-18  1.721E-17
2.355E+03  3.750E-28  2.343E-17  5.697E-18  1.773E-17
2.333E+03  3.901E-28  2.415E-17  5.880E-18  1.827E-17
2.312E+03  4.058E-28  2.489E-17  6.069E-18  1.882E-17
2.291E+03  4.221E-28  2.565E-17  6.264E-18  1.939E-17
2.270E+03  4.391E-28  2.644E-17  6.465E-18  1.997E-17
2.249E+03  4.568E-28  2.725E-17  6.673E-18  2.058E-17
2.228E+03  4.753E-28  2.809E-17  6.888E-18  2.120E-17
2.208E+03  4.944E-28  2.896E-17  7.110E-18  2.185E-17
2.188E+03  5.144E-28  2.985E-17  7.339E-18  2.251E-17
2.168E+03  5.352E-28  3.077E-17  7.575E-18  2.320E-17
2.148E+03  5.568E-28  3.172E-17  7.819E-18  2.390E-17
2.128E+03  5.793E-28  3.270E-17  8.071E-18  2.463E-17
2.109E+03  6.028E-28  3.372E-17  8.332E-18  2.538E-17
2.089E+03  6.272E-28  3.476E-17  8.600E-18  2.616E-17
2.070E+03  6.526E-28  3.584E-17  8.878E-18  2.696E-17
2.051E+03  6.791E-28  3.695E-17  9.164E-18  2.778E-17
2.032E+03  7.066E-28  3.809E-17  9.460E-18  2.863E-17
2.014E+03  7.353E-28  3.927E-17  9.766E-18  2.951E-17
1.995E+03  7.651E-28  4.049E-17  1.008E-17  3.041E-17
1.977E+03  7.962E-28  4.175E-17  1.041E-17  3.134E-17
1.959E+03  8.285E-28  4.305E-17  1.074E-17  3.231E-17
1.941E+03  8.622E-28  4.439E-17  1.109E-17  3.330E-17
1.923E+03  8.972E-28  4.577E-17  1.145E-17  3.432E-17
1.905E+03  9.337E-28  4.719E-17  1.182E-17  3.537E-17
1.888E+03  9.717E-28  4.866E-17  1.220E-17  3.646E-17
1.871E+03  1.011E-27  5.018E-17  1.260E-17  3.759E-17
1.854E+03  1.052E-27  5.175E-17  1.300E-17  3.874E-17
1.837E+03  1.095E-27  5.336E-17  1.342E-17  3.994E-17
1.820E+03  1.140E-27  5.503E-17  1.386E-17  4.117E-17
1.803E+03  1.187E-27  5.675E-17  1.431E-17  4.244E-17
1.786E+03  1.235E-27  5.852E-17  1.477E-17  4.375E-17
1.770E+03  1.285E-27  6.036E-17  1.525E-17  4.511E-17
1.754E+03  1.338E-27  6.225E-17  1.574E-17  4.650E-17
1.738E+03  1.393E-27  6.420E-17  1.626E-17  4.794E-17
1.722E+03  1.450E-27  6.621E-17  1.678E-17  4.943E-17
1.706E+03  1.509E-27  6.828E-17  1.733E-17  5.096E-17
1.690E+03  1.571E-27  7.043E-17  1.789E-17  5.254E-17
1.675E+03  1.635E-27  7.264E-17  1.847E-17  5.417E-17
1.660E+03  1.702E-27  7.492E-17  1.907E-17  5.585E-17
1.644E+03  1.772E-27  7.727E-17  1.969E-17  5.758E-17
1.629E+03  1.844E-27  7.970E-17  2.033E-17  5.937E-17
1.614E+03  1.920E-27  8.221E-17  2.099E-17  6.122E-17
1.600E+03  1.998E-27  8.479E-17  2.167E-17  6.312E-17
1.585E+03  2.080E-27  8.746E-17  2.237E-17  6.509E-17
1.570E+03  2.166E-27  9.021E-17  2.310E-17  6.711E-17
1.556E+03  2.255E-27  9.305E-17  2.385E-17  6.920E-17
1.542E+03  2.347E-27  9.598E-17  2.462E-17  7.136E-17
1.528E+03  2.443E-27  9.901E-17  2.542E-17  7.358E-17
1.514E+03  2.544E-27  1.021E-16  2.625E-17  7.588E-17
1.500E+03  2.648E-27  1.053E-16  2.710E-17  7.824E-17
1.486E+03  2.757E-27  1.087E-16  2.799E-17  8.068E-17
1.472E+03  2.870E-27  1.121E-16  2.890E-17  8.321E-17
1.459E+03  2.989E-27  1.156E-16  2.984E-17  8.581E-17
1.445E+03  3.111E-27  1.193E-16  3.081E-17  8.849E-17
1.432E+03  3.240E-27  1.231E-16  3.181E-17  9.126E-17
1.419E+03  3.373E-27  1.270E-16  3.284E-17  9.412E-17
1.406E+03  3.512E-27  1.310E-16  3.391E-17  9.707E-17
1.393E+03  3.656E-27  1.351E-16  3.502E-17  1.001E-16
1.380E+03  3.807E-27  1.394E-16  3.616E-17  1.032E-16
1.368E+03  3.964E-27  1.438E-16  3.734E-17  1.065E-16
1.355E+03  4.127E-27  1.484E-16  3.855E-17  1.098E-16
1.343E+03  4.297E-27  1.531E-16  3.981E-17  1.133E-16
1.330E+03  4.475E-27  1.579E-16  4.110E-17  1.168E-16
1.318E+03  4.659E-27  1.629E-16  4.244E-17  1.205E-16
1.306E+03  4.851E-27  1.681E-16  4.383E-17  1.243E-16
1.294E+03  5.051E-27  1.734E-16  4.525E-17  1.282E-16
1.282E+03  5.260E-27  1.789E-16  4.673E-17  1.322E-16
1.271E+03  5.477E-27  1.846E-16  4.825E-17  1.363E-16
1.259E+03  5.703E-27  1.904E-16  4.982E-17  1.406E-16
1.247E+03  5.938E-27  1.965E-16  5.145E-17  1.450E-16
1.236E+03  6.183E-27  2.027E-16  5.312E-17  1.496E-16
1.225E+03  6.438E-27  2.091E-16  5.486E-17  1.543E-16
1.213E+03  6.703E-27  2.158E-16  5.665E-17  1.591E-16
1.202E+03  6.980E-27  2.226E-16  5.849E-17  1.641E-16
1.191E+03  7.268E-27  2.297E-16  6.040E-17  1.693E-16
1.180E+03  7.568E-27  2.369E-16  6.237E-17  1.746E-16
1.169E+03  7.880E-27  2.445E-16  6.440E-17  1.800E-16
1.159E+03  8.205E-27  2.522E-16  6.650E-17  1.857E-16
1.148E+03  8.544E-27  2.602E-16  6.867E-17  1.915E-16
1.138E+03  8.896E-27  2.685E-16  7.091E-17  1.975E-16
1.127E+03  9.263E-27  2.770E-16  7.323E-17  2.037E-16
1.117E+03  9.645E-27  2.857E-16  7.562E-17  2.101E-16
1.107E+03  1.004E-26  2.948E-16  7.808E-17  2.167E-16
1.096E+03  1.046E-26  3.041E-16  8.063E-17  2.235E-16
1.086E+03  1.089E-26  3.138E-16  8.326E-17  2.305E-16
1.076E+03  1.134E-26  3.237E-16  8.598E-17  2.378E-16
1.067E+03  1.180E-26  3.340E-16  8.878E-17  2.452E-16
1.057E+03  1.229E-26  3.446E-16  9.168E-17  2.529E-16
1.047E+03  1.280E-26  3.555E-16  9.467E-17  2.608E-16
1.038E+03  1.333E-26  3.667E-16  9.776E-17  2.690E-16
1.028E+03  1.387E-26  3.783E-16  1.009E-16  2.774E-16
1.019E+03  1.445E-26  3.903E-16  1.042E-16  2.861E-16
1.009E+03  1.504E-26  4.026E-16  1.076E-16  2.950E-16
1.000E+03  1.566E-26  4.154E-16  1.112E-16  3.042E-16
9.908E+02  1.631E-26  4.285E-16  1.148E-16  3.138E-16
9.817E+02  1.698E-26  4.421E-16  1.185E-16  3.236E-16
9.727E+02  1.768E-26  4.561E-16  1.224E-16  3.337E-16
9.638E+02  1.841E-26  4.706E-16  1.264E-16  3.442E-16
9.550E+02  1.916E-26  4.855E-16  1.305E-16  3.549E-16
9.462E+02  1.995E-26  5.008E-16  1.348E-16  3.660E-16
9.376E+02  2.077E-26  5.167E-16  1.392E-16  3.775E-16
9.290E+02  2.163E-26  5.330E-16  1.437E-16  3.893E-16
9.204E+02  2.252E-26  5.499E-16  1.484E-16  4.015E-16
9.120E+02  2.345E-26  5.672E-16  1.532E-16  4.140E-16
9.036E+02  2.441E-26  5.851E-16  1.582E-16  4.269E-16
8.954E+02  2.541E-26  6.036E-16  1.634E-16  4.402E-16
8.872E+02  2.646E-26  6.226E-16  1.687E-16  4.539E-16
8.790E+02  2.755E-26  6.423E-16  1.742E-16  4.680E-16
8.710E+02  2.868E-26  6.625E-16  1.799E-16  4.826E-16
8.630E+02  2.985E-26  6.833E-16  1.858E-16  4.976E-16
8.551E+02  3.108E-26  7.048E-16  1.918E-16  5.130E-16
8.472E+02  3.235E-26  7.270E-16  1.981E-16  5.289E-16
8.395E+02  3.367E-26  7.498E-16  2.046E-16  5.453E-16
8.318E+02  3.505E-26  7.734E-16  2.112E-16  5.621E-16
8.241E+02  3.649E-26  7.976E-16  2.181E-16  5.795E-16
8.166E+02  3.798E-26  8.226E-16  2.252E-16  5.974E-16
8.091E+02  3.953E-26  8.484E-16  2.326E-16  6.159E-16
8.017E+02  4.115E-26  8.750E-16  2.401E-16  6.348E-16
7.943E+02  4.283E-26  9.023E-16  2.480E-16  6.544E-16
7.870E+02  4.457E-26  9.306E-16  2.560E-16  6.745E-16
7.798E+02  4.639E-26  9.597E-16  2.644E-16  6.953E-16
7.727E+02  4.828E-26  9.896E-16  2.730E-16  7.166E-16
7.656E+02  5.025E-26  1.021E-15  2.819E-16  7.386E-16
7.586E+02  5.230E-26  1.052E-15  2.911E-16  7.613E-16
7.516E+02  5.443E-26  1.085E-15  3.006E-16  7.847E-16
7.447E+02  5.665E-26  1.119E-15  3.103E-16  8.088E-16
7.379E+02  5.896E-26  1.154E-15  3.204E-16  8.337E-16
7.311E+02  6.137E-26  1.190E-15  3.309E-16  8.593E-16
7.244E+02  6.388E-26  1.227E-15  3.416E-16  8.858E-16
7.178E+02  6.648E-26  1.266E-15  3.528E-16  9.131E-16
7.112E+02  6.920E-26  1.305E-15  3.642E-16  9.412E-16
7.047E+02  7.202E-26  1.346E-15  3.761E-16  9.702E-16
6.982E+02  7.497E-26  1.388E-15  3.883E-16  1.000E-15
6.918E+02  7.803E-26  1.432E-15  4.009E-16  1.031E-15
6.855E+02  8.121E-26  1.477E-15  4.140E-16  1.063E-15
6.792E+02  8.453E-26  1.523E-15  4.274E-16  1.096E-15
6.730E+02  8.797E-26  1.570E-15  4.413E-16  1.129E-15
6.668E+02  9.156E-26  1.619E-15  4.557E-16  1.164E-15
6.607E+02  9.529E-26  1.670E-15  4.705E-16  1.200E-15
6.546E+02  9.918E-26  1.722E-15  4.857E-16  1.237E-15
6.486E+02  1.032E-25  1.776E-15  5.015E-16  1.275E-15
6.427E+02  1.075E-25  1.832E-15  5.178E-16  1.314E-15
6.368E+02  1.119E-25  1.890E-15  5.346E-16  1.355E-15
6.310E+02  1.165E-25  1.949E-15  5.519E-16  1.397E-15
6.252E+02  1.212E-25  2.010E-15  5.698E-16  1.441E-15
6.194E+02  1.262E-25  2.074E-15  5.883E-16  1.485E-15
6.138E+02  1.314E-25  2.139E-15  6.074E-16  1.532E-15
6.081E+02  1.368E-25  2.206E-15  6.271E-16  1.579E-15
6.026E+02  1.424E-25  2.276E-15  6.474E-16  1.628E-15
5.970E+02  1.482E-25  2.347E-15  6.684E-16  1.679E-15
5.916E+02  1.543E-25  2.421E-15  6.900E-16  1.731E-15
5.861E+02  1.607E-25  2.498E-15  7.124E-16  1.785E-15
5.808E+02  1.673E-25  2.577E-15  7.354E-16  1.841E-15
5.754E+02  1.741E-25  2.658E-15  7.592E-16  1.899E-15
5.702E+02  1.813E-25  2.742E-15  7.838E-16  1.958E-15
5.649E+02  1.887E-25  2.828E-15  8.091E-16  2.019E-15
5.598E+02  1.965E-25  2.918E-15  8.352E-16  2.082E-15
5.546E+02  2.046E-25  3.010E-15  8.622E-16  2.148E-15
5.495E+02  2.130E-25  3.105E-15  8.901E-16  2.215E-15
5.445E+02  2.218E-25  3.203E-15  9.188E-16  2.284E-15
5.395E+02  2.309E-25  3.304E-15  9.484E-16  2.356E-15
5.346E+02  2.404E-25  3.409E-15  9.790E-16  2.430E-15
5.297E+02  2.503E-25  3.517E-15  1.011E-15  2.506E-15
5.248E+02  2.606E-25  3.628E-15  1.043E-15  2.585E-15
5.200E+02  2.714E-25  3.743E-15  1.077E-15  2.667E-15
5.152E+02  2.826E-25  3.862E-15  1.111E-15  2.750E-15
5.105E+02  2.942E-25  3.984E-15  1.147E-15  2.837E-15
5.058E+02  3.064E-25  4.111E-15  1.184E-15  2.926E-15
5.012E+02  3.190E-25  4.241E-15  1.222E-15  3.019E-15
4.966E+02  3.322E-25  4.375E-15  1.261E-15  3.114E-15
4.920E+02  3.459E-25  4.514E-15  1.302E-15  3.212E-15
4.875E+02  3.601E-25  4.657E-15  1.344E-15  3.314E-15
4.831E+02  3.750E-25  4.805E-15  1.387E-15  3.418E-15
4.786E+02  3.905E-25  4.958E-15  1.431E-15  3.526E-15
4.742E+02  4.066E-25  5.115E-15  1.477E-15  3.638E-15
4.699E+02  4.234E-25  5.277E-15  1.525E-15  3.753E-15
4.656E+02  4.409E-25  5.445E-15  1.573E-15  3.871E-15
4.613E+02  4.591E-25  5.618E-15  1.624E-15  3.994E-15
4.571E+02  4.780E-25  5.796E-15  1.676E-15  4.120E-15
4.529E+02  4.978E-25  5.980E-15  1.729E-15  4.251E-15
4.487E+02  5.183E-25  6.170E-15  1.785E-15  4.385E-15
4.446E+02  5.397E-25  6.366E-15  1.842E-15  4.524E-15
4.406E+02  5.620E-25  6.567E-15  1.900E-15  4.667E-15
4.365E+02  5.852E-25  6.776E-15  1.961E-15  4.815E-15
4.325E+02  6.093E-25  6.991E-15  2.023E-15  4.968E-15
4.285E+02  6.345E-25  7.213E-15  2.088E-15  5.125E-15
4.246E+02  6.607E-25  7.442E-15  2.154E-15  5.288E-15
4.207E+02  6.880E-25  7.678E-15  2.223E-15  5.455E-15
4.169E+02  7.164E-25  7.922E-15  2.293E-15  5.628E-15
4.130E+02  7.460E-25  8.173E-15  2.366E-15  5.807E-15
4.093E+02  7.768E-25  8.433E-15  2.441E-15  5.992E-15
4.055E+02  8.089E-25  8.700E-15  2.518E-15  6.182E-15
4.018E+02  8.423E-25  8.977E-15  2.598E-15  6.378E-15
3.981E+02  8.770E-25  9.262E-15  2.680E-15  6.581E-15
3.945E+02  9.133E-25  9.556E-15  2.765E-15  6.791E-15
3.908E+02  9.510E-25  9.859E-15  2.852E-15  7.007E-15
3.873E+02  9.903E-25  1.017E-14  2.943E-15  7.230E-15
3.837E+02  1.031E-24  1.050E-14  3.035E-15  7.460E-15
3.802E+02  1.074E-24  1.083E-14  3.131E-15  7.698E-15
3.767E+02  1.118E-24  1.117E-14  3.229E-15  7.943E-15
3.733E+02  1.164E-24  1.153E-14  3.331E-15  8.196E-15
3.698E+02  1.212E-24  1.189E-14  3.436E-15  8.457E-15
3.664E+02  1.262E-24  1.227E-14  3.544E-15  8.726E-15
3.631E+02  1.314E-24  1.266E-14  3.655E-15  9.004E-15
3.597E+02  1.369E-24  1.306E-14  3.769E-15  9.291E-15
3.565E+02  1.425E-24  1.347E-14  3.887E-15  9.587E-15
3.532E+02  1.484E-24  1.390E-14  4.009E-15  9.892E-15
3.499E+02  1.545E-24  1.434E-14  4.134E-15  1.021E-14
3.467E+02  1.609E-24  1.479E-14  4.263E-15  1.053E-14
3.436E+02  1.675E-24  1.526E-14  4.396E-15  1.087E-14
3.404E+02  1.744E-24  1.575E-14  4.532E-15  1.121E-14
3.373E+02  1.815E-24  1.624E-14  4.673E-15  1.157E-14
3.342E+02  1.890E-24  1.676E-14  4.818E-15  1.194E-14
3.311E+02  1.968E-24  1.728E-14  4.968E-15  1.232E-14
3.281E+02  2.049E-24  1.783E-14  5.122E-15  1.271E-14
3.251E+02  2.133E-24  1.839E-14  5.280E-15  1.311E-14
3.221E+02  2.220E-24  1.897E-14  5.443E-15  1.353E-14
3.192E+02  2.311E-24  1.957E-14  5.611E-15  1.396E-14
3.162E+02  2.406E-24  2.018E-14  5.784E-15  1.440E-14
3.133E+02  2.505E-24  2.082E-14  5.963E-15  1.485E-14
3.105E+02  2.607E-24  2.147E-14  6.146E-15  1.532E-14
3.076E+02  2.714E-24  2.214E-14  6.335E-15  1.581E-14
3.048E+02  2.825E-24  2.284E-14  6.529E-15  1.631E-14
3.020E+02  2.940E-24  2.355E-14  6.729E-15  1.682E-14
2.992E+02  3.060E-24  2.429E-14  6.935E-15  1.735E-14
2.965E+02  3.185E-24  2.505E-14  7.146E-15  1.790E-14
2.938E+02  3.315E-24  2.583E-14  7.364E-15  1.846E-14
2.911E+02  3.450E-24  2.663E-14  7.589E-15  1.905E-14
2.884E+02  3.590E-24  2.746E-14  7.819E-15  1.964E-14
2.858E+02  3.736E-24  2.832E-14  8.057E-15  2.026E-14
2.831E+02  3.887E-24  2.920E-14  8.301E-15  2.090E-14
2.805E+02  4.045E-24  3.010E-14  8.553E-15  2.155E-14
2.780E+02  4.209E-24  3.104E-14  8.811E-15  2.222E-14
2.754E+02  4.379E-24  3.200E-14  9.077E-15  2.292E-14
2.729E+02  4.557E-24  3.299E-14  9.351E-15  2.364E-14
2.704E+02  4.742E-24  3.401E-14  9.632E-15  2.438E-14
2.679E+02  4.934E-24  3.506E-14  9.922E-15  2.514E-14
2.655E+02  5.134E-24  3.615E-14  1.022E-14  2.593E-14
2.630E+02  5.342E-24  3.727E-14  1.053E-14  2.674E-14
2.606E+02  5.557E-24  3.842E-14  1.084E-14  2.758E-14
2.582E+02  5.782E-24  3.960E-14  1.116E-14  2.844E-14
2.559E+02  6.014E-24  4.082E-14  1.150E-14  2.932E-14
2.535E+02  6.254E-24  4.206E-14  1.184E-14  3.022E-14
2.512E+02  6.503E-24  4.333E-14  1.219E-14  3.114E-14
2.489E+02  6.757E-24  4.461E-14  1.255E-14  3.206E-14
2.466E+02  7.016E-24  4.590E-14  1.292E-14  3.297E-14
2.443E+02  7.284E-24  4.721E-14  1.331E-14  3.391E-14
2.421E+02  7.560E-24  4.855E-14  1.370E-14  3.485E-14
2.399E+02  7.844E-24  4.991E-14  1.410E-14  3.581E-14
2.377E+02  8.134E-24  5.128E-14  1.452E-14  3.677E-14
2.355E+02  8.434E-24  5.269E-14  1.494E-14  3.774E-14
2.333E+02  8.744E-24  5.412E-14  1.538E-14  3.874E-14
2.312E+02  9.064E-24  5.559E-14  1.583E-14  3.976E-14
2.291E+02  9.396E-24  5.710E-14  1.629E-14  4.080E-14
2.270E+02  9.738E-24  5.864E-14  1.677E-14  4.187E-14
2.249E+02  1.009E-23  6.021E-14  1.726E-14  4.295E-14
2.228E+02  1.046E-23  6.182E-14  1.776E-14  4.407E-14
2.208E+02  1.084E-23  6.348E-14  1.827E-14  4.520E-14
2.188E+02  1.123E-23  6.516E-14  1.880E-14  4.636E-14
2.168E+02  1.163E-23  6.689E-14  1.935E-14  4.754E-14
2.148E+02  1.205E-23  6.866E-14  1.991E-14  4.875E-14
2.128E+02  1.248E-23  7.046E-14  2.048E-14  4.998E-14
2.109E+02  1.293E-23  7.230E-14  2.107E-14  5.123E-14
2.089E+02  1.339E-23  7.419E-14  2.168E-14  5.251E-14
2.070E+02  1.386E-23  7.611E-14  2.230E-14  5.381E-14
2.051E+02  1.435E-23  7.808E-14  2.294E-14  5.514E-14
2.032E+02  1.486E-23  8.009E-14  2.360E-14  5.649E-14
2.014E+02  1.538E-23  8.214E-14  2.428E-14  5.786E-14
1.995E+02  1.592E-23  8.423E-14  2.497E-14  5.926E-14
1.977E+02  1.647E-23  8.637E-14  2.569E-14  6.068E-14
1.959E+02  1.704E-23  8.855E-14  2.642E-14  6.213E-14
1.941E+02  1.763E-23  9.078E-14  2.718E-14  6.360E-14
1.923E+02  1.824E-23  9.306E-14  2.796E-14  6.510E-14
1.905E+02  1.887E-23  9.538E-14  2.876E-14  6.662E-14
1.888E+02  1.952E-23  9.775E-14  2.958E-14  6.817E-14
1.871E+02  2.019E-23  1.002E-13  3.043E-14  6.975E-14
1.854E+02  2.088E-23  1.026E-13  3.130E-14  7.134E-14
1.837E+02  2.159E-23  1.052E-13  3.219E-14  7.297E-14
1.820E+02  2.232E-23  1.077E-13  3.312E-14  7.461E-14
1.803E+02  2.307E-23  1.104E-13  3.407E-14  7.628E-14
1.786E+02  2.385E-23  1.130E-13  3.505E-14  7.798E-14
1.770E+02  2.466E-23  1.158E-13  3.607E-14  7.970E-14
1.754E+02  2.548E-23  1.186E-13  3.711E-14  8.144E-14
1.738E+02  2.634E-23  1.214E-13  3.820E-14  8.321E-14
1.722E+02  2.722E-23  1.243E-13  3.931E-14  8.500E-14
1.706E+02  2.813E-23  1.273E-13  4.047E-14  8.682E-14
1.690E+02  2.906E-23  1.303E-13  4.167E-14  8.865E-14
1.675E+02  3.003E-23  1.334E-13  4.291E-14  9.051E-14
1.660E+02  3.103E-23  1.366E-13  4.420E-14  9.239E-14
1.644E+02  3.206E-23  1.398E-13  4.554E-14  9.430E-14
1.629E+02  3.312E-23  1.432E-13  4.693E-14  9.622E-14
1.614E+02  3.422E-23  1.465E-13  4.838E-14  9.817E-14
1.600E+02  3.536E-23  1.500E-13  4.990E-14  1.001E-13
1.585E+02  3.654E-23  1.536E-13  5.148E-14  1.021E-13
1.570E+02  3.775E-23  1.573E-13  5.313E-14  1.041E-13
1.556E+02  3.901E-23  1.610E-13  5.487E-14  1.062E-13
1.542E+02  4.032E-23  1.649E-13  5.669E-14  1.082E-13
1.528E+02  4.167E-23  1.688E-13  5.859E-14  1.103E-13
1.514E+02  4.307E-23  1.729E-13  6.059E-14  1.123E-13
1.500E+02  4.452E-23  1.771E-13  6.268E-14  1.144E-13
1.486E+02  4.602E-23  1.814E-13  6.486E-14  1.165E-13
1.472E+02  4.757E-23  1.858E-13  6.711E-14  1.187E-13
1.459E+02  4.916E-23  1.902E-13  6.942E-14  1.208E-13
1.445E+02  5.078E-23  1.947E-13  7.174E-14  1.230E-13
1.432E+02  5.242E-23  1.991E-13  7.402E-14  1.251E-13
1.419E+02  5.406E-23  2.035E-13  7.619E-14  1.273E-13
1.406E+02  5.568E-23  2.076E-13  7.817E-14  1.295E-13
1.393E+02  5.725E-23  2.116E-13  7.991E-14  1.317E-13
1.380E+02  5.878E-23  2.152E-13  8.136E-14  1.339E-13
1.368E+02  6.026E-23  2.186E-13  8.253E-14  1.361E-13
1.355E+02  6.169E-23  2.218E-13  8.347E-14  1.383E-13
1.343E+02  6.310E-23  2.247E-13  8.424E-14  1.405E-13
1.330E+02  6.450E-23  2.276E-13  8.492E-14  1.427E-13
1.318E+02  6.591E-23  2.305E-13  8.557E-14  1.449E-13
1.306E+02  6.735E-23  2.334E-13  8.623E-14  1.471E-13
1.294E+02  6.882E-23  2.363E-13  8.695E-14  1.493E-13
1.282E+02  7.034E-23  2.392E-13  8.773E-14  1.515E-13
1.271E+02  7.189E-23  2.423E-13  8.859E-14  1.537E-13
1.259E+02  7.349E-23  2.454E-13  8.953E-14  1.559E-13
1.247E+02  7.514E-23  2.486E-13  9.055E-14  1.581E-13
1.236E+02  7.683E-23  2.519E-13  9.166E-14  1.602E-13
1.225E+02  7.857E-23  2.552E-13  9.286E-14  1.624E-13
1.213E+02  8.036E-23  2.586E-13  9.413E-14  1.645E-13
1.202E+02  8.219E-23  2.621E-13  9.548E-14  1.666E-13
1.191E+02  8.406E-23  2.656E-13  9.689E-14  1.687E-13
1.180E+02  8.598E-23  2.692E-13  9.837E-14  1.708E-13
1.169E+02  8.792E-23  2.728E-13  9.990E-14  1.729E-13
1.159E+02  8.991E-23  2.764E-13  1.015E-13  1.749E-13
1.148E+02  9.194E-23  2.800E-13  1.031E-13  1.769E-13
1.138E+02  9.401E-23  2.837E-13  1.048E-13  1.788E-13
1.127E+02  9.611E-23  2.874E-13  1.066E-13  1.808E-13
1.117E+02  9.826E-23  2.911E-13  1.084E-13  1.827E-13
1.107E+02  1.004E-22  2.949E-13  1.103E-13  1.846E-13
1.096E+02  1.027E-22  2.986E-13  1.122E-13  1.865E-13
1.086E+02  1.049E-22  3.024E-13  1.141E-13  1.883E-13
1.076E+02  1.072E-22  3.062E-13  1.161E-13  1.901E-13
1.067E+02  1.095E-22  3.099E-13  1.181E-13  1.918E-13
1.057E+02  1.119E-22  3.137E-13  1.202E-13  1.935E-13
1.047E+02  1.143E-22  3.175E-13  1.223E-13  1.952E-13
1.038E+02  1.167E-22  3.212E-13  1.244E-13  1.968E-13
1.028E+02  1.192E-22  3.249E-13  1.266E-13  1.983E-13
1.019E+02  1.216E-22  3.286E-13  1.288E-13  1.998E-13
1.009E+02  1.241E-22  3.322E-13  1.310E-13  2.013E-13
1.000E+02  1.266E-22  3.359E-13  1.332E-13  2.027E-13
9.908E+01  1.291E-22  3.394E-13  1.355E-13  2.040E-13
9.817E+01  1.317E-22  3.430E-13  1.377E-13  2.052E-13
9.727E+01  1.343E-22  3.464E-13  1.400E-13  2.064E-13
9.638E+01  1.368E-22  3.499E-13  1.423E-13  2.076E-13
9.550E+01  1.394E-22  3.532E-13  1.446E-13  2.087E-13
9.462E+01  1.420E-22  3.565E-13  1.469E-13  2.097E-13
9.376E+01  1.447E-22  3.598E-13  1.492E-13  2.106E-13
9.290E+01  1.473E-22  3.630E-13  1.515E-13  2.115E-13
9.204E+01  1.499E-22  3.661E-13  1.538E-13  2.123E-13
9.120E+01  1.526E-22  3.691E-13  1.561E-13  2.130E-13
9.036E+01  1.552E-22  3.720E-13  1.584E-13  2.136E-13
8.954E+01  1.579E-22  3.749E-13  1.607E-13  2.142E-13
8.872E+01  1.605E-22  3.777E-13  1.630E-13  2.147E-13
8.790E+01  1.632E-22  3.805E-13  1.654E-13  2.151E-13
8.710E+01  1.658E-22  3.831E-13  1.677E-13  2.154E-13
8.630E+01  1.685E-22  3.857E-13  1.700E-13  2.157E-13
8.551E+01  1.712E-22  3.882E-13  1.723E-13  2.159E-13
8.472E+01  1.738E-22  3.906E-13  1.747E-13  2.159E-13
8.395E+01  1.764E-22  3.929E-13  1.770E-13  2.159E-13
8.318E+01  1.791E-22  3.950E-13  1.793E-13  2.158E-13
8.241E+01  1.817E-22  3.971E-13  1.816E-13  2.156E-13
8.166E+01  1.843E-22  3.991E-13  1.838E-13  2.153E-13
8.091E+01  1.869E-22  4.010E-13  1.861E-13  2.150E-13
8.017E+01  1.894E-22  4.028E-13  1.883E-13  2.145E-13
7.943E+01  1.919E-22  4.044E-13  1.905E-13  2.140E-13
7.870E+01  1.945E-22  4.060E-13  1.927E-13  2.133E-13
7.798E+01  1.969E-22  4.073E-13  1.948E-13  2.126E-13
7.727E+01  1.994E-22  4.086E-13  1.969E-13  2.117E-13
7.656E+01  2.018E-22  4.098E-13  1.989E-13  2.109E-13
7.586E+01  2.042E-22  4.108E-13  2.009E-13  2.099E-13
7.516E+01  2.065E-22  4.117E-13  2.029E-13  2.088E-13
7.447E+01  2.088E-22  4.124E-13  2.048E-13  2.076E-13
7.379E+01  2.110E-22  4.131E-13  2.067E-13  2.064E-13
7.311E+01  2.132E-22  4.135E-13  2.085E-13  2.050E-13
7.244E+01  2.154E-22  4.138E-13  2.103E-13  2.035E-13
7.178E+01  2.174E-22  4.140E-13  2.120E-13  2.020E-13
7.112E+01  2.195E-22  4.141E-13  2.137E-13  2.003E-13
7.047E+01  2.215E-22  4.140E-13  2.153E-13  1.987E-13
6.982E+01  2.234E-22  4.138E-13  2.169E-13  1.969E-13
6.918E+01  2.253E-22  4.135E-13  2.184E-13  1.951E-13
6.855E+01  2.271E-22  4.130E-13  2.198E-13  1.932E-13
6.792E+01  2.289E-22  4.123E-13  2.212E-13  1.911E-13
6.730E+01  2.305E-22  4.115E-13  2.225E-13  1.890E-13
6.668E+01  2.322E-22  4.106E-13  2.238E-13  1.868E-13
6.607E+01  2.337E-22  4.096E-13  2.250E-13  1.846E-13
6.546E+01  2.352E-22  4.084E-13  2.261E-13  1.823E-13
6.486E+01  2.366E-22  4.071E-13  2.272E-13  1.799E-13
6.427E+01  2.379E-22  4.056E-13  2.281E-13  1.775E-13
6.368E+01  2.392E-22  4.040E-13  2.290E-13  1.749E-13
6.310E+01  2.403E-22  4.023E-13  2.299E-13  1.724E-13
6.252E+01  2.415E-22  4.004E-13  2.306E-13  1.698E-13
6.194E+01  2.425E-22  3.984E-13  2.313E-13  1.671E-13
6.138E+01  2.434E-22  3.963E-13  2.319E-13  1.644E-13
6.081E+01  2.443E-22  3.941E-13  2.324E-13  1.617E-13
6.026E+01  2.451E-22  3.917E-13  2.329E-13  1.589E-13
5.970E+01  2.458E-22  3.892E-13  2.332E-13  1.560E-13
5.916E+01  2.464E-22  3.866E-13  2.335E-13  1.531E-13
5.861E+01  2.469E-22  3.839E-13  2.337E-13  1.502E-13
5.808E+01  2.473E-22  3.810E-13  2.339E-13  1.472E-13
5.754E+01  2.477E-22  3.781E-13  2.339E-13  1.442E-13
5.702E+01  2.480E-22  3.750E-13  2.339E-13  1.411E-13
5.649E+01  2.481E-22  3.718E-13  2.338E-13  1.381E-13
5.598E+01  2.482E-22  3.686E-13  2.336E-13  1.350E-13
5.546E+01  2.482E-22  3.652E-13  2.333E-13  1.319E-13
5.495E+01  2.482E-22  3.618E-13  2.329E-13  1.288E-13
5.445E+01  2.480E-22  3.582E-13  2.325E-13  1.257E-13
5.395E+01  2.478E-22  3.546E-13  2.320E-13  1.226E-13
5.346E+01  2.475E-22  3.509E-13  2.314E-13  1.195E-13
5.297E+01  2.471E-22  3.472E-13  2.307E-13  1.164E-13
5.248E+01  2.466E-22  3.433E-13  2.300E-13  1.133E-13
5.200E+01  2.461E-22  3.394E-13  2.291E-13  1.103E-13
5.152E+01  2.454E-22  3.354E-13  2.282E-13  1.072E-13
5.105E+01  2.447E-22  3.313E-13  2.272E-13  1.041E-13
5.058E+01  2.439E-22  3.272E-13  2.262E-13  1.010E-13
5.012E+01  2.430E-22  3.230E-13  2.250E-13  9.799E-14
4.966E+01  2.420E-22  3.187E-13  2.238E-13  9.497E-14
4.920E+01  2.409E-22  3.144E-13  2.224E-13  9.198E-14
4.875E+01  2.398E-22  3.101E-13  2.210E-13  8.902E-14
4.831E+01  2.385E-22  3.057E-13  2.196E-13  8.609E-14
4.786E+01  2.372E-22  3.012E-13  2.180E-13  8.319E-14
4.742E+01  2.359E-22  2.967E-13  2.164E-13  8.034E-14
4.699E+01  2.344E-22  2.922E-13  2.147E-13  7.752E-14
4.656E+01  2.329E-22  2.877E-13  2.129E-13  7.475E-14
4.613E+01  2.313E-22  2.831E-13  2.111E-13  7.202E-14
4.571E+01  2.297E-22  2.785E-13  2.091E-13  6.934E-14
4.529E+01  2.279E-22  2.738E-13  2.071E-13  6.671E-14
4.487E+01  2.261E-22  2.692E-13  2.050E-13  6.413E-14
4.446E+01  2.242E-22  2.645E-13  2.029E-13  6.161E-14
4.406E+01  2.223E-22  2.597E-13  2.006E-13  5.914E-14
4.365E+01  2.202E-22  2.550E-13  1.983E-13  5.672E-14
4.325E+01  2.181E-22  2.502E-13  1.958E-13  5.435E-14
4.285E+01  2.158E-22  2.453E-13  1.933E-13  5.204E-14
4.246E+01  2.135E-22  2.405E-13  1.907E-13  4.979E-14
4.207E+01  2.111E-22  2.356E-13  1.880E-13  4.760E-14
4.169E+01  2.086E-22  2.306E-13  1.852E-13  4.546E-14
4.130E+01  2.059E-22  2.256E-13  1.822E-13  4.338E-14
4.093E+01  2.032E-22  2.206E-13  1.792E-13  4.135E-14
4.055E+01  2.003E-22  2.155E-13  1.761E-13  3.939E-14
4.018E+01  1.974E-22  2.104E-13  1.729E-13  3.748E-14
3.981E+01  1.943E-22  2.052E-13  1.695E-13  3.564E-14
3.945E+01  1.911E-22  1.999E-13  1.661E-13  3.385E-14
3.908E+01  1.877E-22  1.946E-13  1.625E-13  3.213E-14
3.873E+01  1.843E-22  1.893E-13  1.588E-13  3.046E-14
3.837E+01  1.807E-22  1.839E-13  1.550E-13  2.886E-14
3.802E+01  1.769E-22  1.784E-13  1.511E-13  2.731E-14
3.767E+01  1.730E-22  1.729E-13  1.471E-13  2.582E-14
3.733E+01  1.690E-22  1.673E-13  1.429E-13  2.437E-14
3.698E+01  1.648E-22  1.617E-13  1.387E-13  2.298E-14
3.664E+01  1.605E-22  1.560E-13  1.343E-13  2.166E-14
3.631E+01  1.560E-22  1.503E-13  1.299E-13  2.039E-14
3.597E+01  1.515E-22  1.445E-13  1.254E-13  1.917E-14
3.565E+01  1.467E-22  1.388E-13  1.207E-13  1.802E-14
3.532E+01  1.419E-22  1.330E-13  1.160E-13  1.691E-14
3.499E+01  1.370E-22  1.272E-13  1.113E-13  1.586E-14
3.467E+01  1.319E-22  1.214E-13  1.065E-13  1.487E-14
3.436E+01  1.268E-22  1.156E-13  1.017E-13  1.392E-14
3.404E+01  1.216E-22  1.098E-13  9.680E-14  1.302E-14
3.373E+01  1.164E-22  1.041E-13  9.195E-14  1.217E-14
3.342E+01  1.111E-22  9.847E-14  8.711E-14  1.136E-14
3.311E+01  1.058E-22  9.292E-14  8.232E-14  1.060E-14
3.281E+01  1.005E-22  8.746E-14  7.757E-14  9.883E-15
3.251E+01  9.522E-23  8.211E-14  7.290E-14  9.206E-15
3.221E+01  9.000E-23  7.689E-14  6.833E-14  8.566E-15
3.192E+01  8.484E-23  7.182E-14  6.386E-14  7.963E-15
3.162E+01  7.977E-23  6.692E-14  5.952E-14  7.396E-15
3.133E+01  7.482E-23  6.218E-14  5.532E-14  6.862E-15
3.105E+01  6.999E-23  5.763E-14  5.127E-14  6.360E-15
3.076E+01  6.530E-23  5.328E-14  4.740E-14  5.889E-15
3.048E+01  6.078E-23  4.914E-14  4.369E-14  5.448E-15
3.020E+01  5.643E-23  4.521E-14  4.017E-14  5.034E-15
2.992E+01  5.227E-23  4.149E-14  3.684E-14  4.647E-15
2.965E+01  4.830E-23  3.798E-14  3.370E-14  4.283E-15
2.938E+01  4.452E-23  3.469E-14  3.075E-14  3.944E-15
2.911E+01  4.096E-23  3.162E-14  2.799E-14  3.627E-15
2.884E+01  3.759E-23  2.876E-14  2.543E-14  3.332E-15
2.858E+01  3.444E-23  2.610E-14  2.304E-14  3.058E-15
2.831E+01  3.148E-23  2.364E-14  2.084E-14  2.804E-15
2.805E+01  2.873E-23  2.138E-14  1.881E-14  2.567E-15
2.780E+01  2.617E-23  1.929E-14  1.695E-14  2.348E-15
2.754E+01  2.379E-23  1.738E-14  1.524E-14  2.145E-15
2.729E+01  2.160E-23  1.563E-14  1.368E-14  1.958E-15
2.704E+01  1.957E-23  1.404E-14  1.226E-14  1.785E-15
2.679E+01  1.772E-23  1.259E-14  1.096E-14  1.625E-15
2.655E+01  1.601E-23  1.127E-14  9.795E-15  1.478E-15
2.630E+01  1.445E-23  1.008E-14  8.738E-15  1.342E-15
2.606E+01  1.302E-23  9.002E-15  7.784E-15  1.218E-15
2.582E+01  1.172E-23  8.030E-15  6.926E-15  1.104E-15
2.559E+01  1.054E-23  7.153E-15  6.155E-15  9.989E-16
2.535E+01  9.466E-24  6.366E-15  5.463E-15  9.029E-16
2.512E+01  8.493E-24  5.659E-15  4.844E-15  8.152E-16
2.489E+01  7.611E-24  5.025E-15  4.290E-15  7.350E-16
2.466E+01  6.814E-24  4.458E-15  3.796E-15  6.617E-16
2.443E+01  6.095E-24  3.950E-15  3.355E-15  5.949E-16
2.421E+01  5.446E-24  3.497E-15  2.963E-15  5.340E-16
2.399E+01  4.861E-24  3.093E-15  2.614E-15  4.784E-16
2.377E+01  4.334E-24  2.733E-15  2.304E-15  4.282E-16
2.355E+01  3.862E-24  2.413E-15  2.030E-15  3.832E-16
2.333E+01  3.438E-24  2.128E-15  1.786E-15  3.422E-16
2.312E+01  3.057E-24  1.875E-15  1.570E-15  3.048E-16
2.291E+01  2.717E-24  1.651E-15  1.380E-15  2.712E-16
2.270E+01  2.413E-24  1.453E-15  1.211E-15  2.414E-16
2.249E+01  2.141E-24  1.277E-15  1.063E-15  2.149E-16
2.228E+01  1.899E-24  1.123E-15  9.315E-16  1.911E-16
2.208E+01  1.683E-24  9.857E-16  8.161E-16  1.696E-16
2.188E+01  1.490E-24  8.644E-16  7.144E-16  1.500E-16
2.168E+01  1.317E-24  7.574E-16  6.250E-16  1.324E-16
2.148E+01  1.164E-24  6.631E-16  5.464E-16  1.166E-16
2.128E+01  1.028E-24  5.802E-16  4.774E-16  1.028E-16
2.109E+01  9.071E-25  5.073E-16  4.169E-16  9.049E-17
2.089E+01  7.998E-25  4.433E-16  3.637E-16  7.952E-17
2.070E+01  7.046E-25  3.869E-16  3.172E-16  6.971E-17
2.051E+01  6.201E-25  3.374E-16  2.764E-16  6.099E-17
2.032E+01  5.454E-25  2.940E-16  2.407E-16  5.332E-17
2.014E+01  4.796E-25  2.562E-16  2.095E-16  4.672E-17
1.995E+01  4.214E-25  2.230E-16  1.822E-16  4.085E-17
1.977E+01  3.698E-25  1.939E-16  1.583E-16  3.562E-17
1.959E+01  3.242E-25  1.684E-16  1.375E-16  3.095E-17
1.941E+01  2.838E-25  1.461E-16  1.193E-16  2.680E-17
1.923E+01  2.480E-25  1.265E-16  1.034E-16  2.311E-17
1.905E+01  2.165E-25  1.094E-16  8.957E-17  1.985E-17
1.888E+01  1.887E-25  9.450E-17  7.752E-17  1.698E-17
1.871E+01  1.642E-25  8.149E-17  6.703E-17  1.446E-17
1.854E+01  1.427E-25  7.017E-17  5.792E-17  1.225E-17
1.837E+01  1.239E-25  6.034E-17  5.000E-17  1.034E-17
1.820E+01  1.073E-25  5.181E-17  4.312E-17  8.684E-18
1.803E+01  9.287E-26  4.442E-17  3.715E-17  7.265E-18
1.786E+01  8.026E-26  3.803E-17  3.198E-17  6.051E-18
1.770E+01  6.927E-26  3.252E-17  2.751E-17  5.016E-18
1.754E+01  5.971E-26  2.778E-17  2.364E-17  4.138E-18
1.738E+01  5.141E-26  2.370E-17  2.030E-17  3.399E-18
1.722E+01  4.422E-26  2.020E-17  1.742E-17  2.780E-18
1.706E+01  3.799E-26  1.719E-17  1.493E-17  2.267E-18
1.690E+01  3.261E-26  1.462E-17  1.278E-17  1.843E-18
1.675E+01  2.796E-26  1.242E-17  1.093E-17  1.492E-18
1.660E+01  2.395E-26  1.054E-17  9.340E-18  1.203E-18
1.644E+01  2.049E-26  8.938E-18  7.971E-18  9.667E-19
1.629E+01  1.751E-26  7.569E-18  6.795E-18  7.742E-19
1.614E+01  1.495E-26  6.404E-18  5.785E-18  6.186E-19
1.600E+01  1.276E-26  5.413E-18  4.920E-18  4.931E-19
1.585E+01  1.087E-26  4.571E-18  4.179E-18  3.920E-19
1.570E+01  9.259E-27  3.857E-18  3.546E-18  3.110E-19
1.556E+01  7.876E-27  3.251E-18  3.005E-18  2.462E-19
1.542E+01  6.694E-27  2.737E-18  2.543E-18  1.945E-19
1.528E+01  5.683E-27  2.303E-18  2.149E-18  1.534E-19
1.514E+01  4.820E-27  1.935E-18  1.814E-18  1.209E-19
1.500E+01  4.084E-27  1.625E-18  1.530E-18  9.516E-20
1.486E+01  3.457E-27  1.362E-18  1.288E-18  7.473E-20
1.472E+01  2.922E-27  1.141E-18  1.083E-18  5.859E-20
1.459E+01  2.468E-27  9.550E-19  9.092E-19  4.587E-20
1.445E+01  2.082E-27  7.984E-19  7.623E-19  3.601E-20
1.432E+01  1.755E-27  6.667E-19  6.383E-19  2.836E-20
1.419E+01  1.477E-27  5.561E-19  5.336E-19  2.245E-20
1.406E+01  1.242E-27  4.633E-19  4.454E-19  1.788E-20
1.393E+01  1.043E-27  3.855E-19  3.712E-19  1.437E-20
1.380E+01  8.751E-28  3.204E-19  3.088E-19  1.162E-20
1.368E+01  7.333E-28  2.660E-19  2.566E-19  9.464E-21
1.355E+01  6.136E-28  2.206E-19  2.128E-19  7.735E-21
1.343E+01  5.126E-28  1.826E-19  1.762E-19  6.330E-21
1.330E+01  4.274E-28  1.509E-19  1.457E-19  5.173E-21
1.318E+01  3.558E-28  1.244E-19  1.202E-19  4.222E-21
1.306E+01  2.958E-28  1.025E-19  9.904E-20  3.435E-21
1.294E+01  2.454E-28  8.424E-20  8.145E-20  2.791E-21
1.282E+01  2.032E-28  6.913E-20  6.686E-20  2.269E-21
1.271E+01  1.680E-28  5.663E-20  5.478E-20  1.843E-21
1.259E+01  1.386E-28  4.629E-20  4.480E-20  1.492E-21
1.247E+01  1.141E-28  3.776E-20  3.656E-20  1.205E-21
1.236E+01  9.376E-29  3.074E-20  2.977E-20  9.691E-22
1.225E+01  7.682E-29  2.495E-20  2.418E-20  7.757E-22
1.213E+01  6.282E-29  2.022E-20  1.960E-20  6.207E-22
1.202E+01  5.128E-29  1.635E-20  1.586E-20  4.968E-22
1.191E+01  4.177E-29  1.320E-20  1.280E-20  3.964E-22
1.180E+01  3.394E-29  1.063E-20  1.031E-20  3.152E-22
1.169E+01  2.752E-29  8.538E-21  8.289E-21  2.495E-22
1.159E+01  2.247E-29  6.907E-21  6.711E-21  1.961E-22
1.148E+01  1.997E-29  6.082E-21  5.929E-21  1.536E-22
1.138E+01  1.479E-29  4.464E-21  4.344E-21  1.202E-22
1.127E+01  1.182E-29  3.534E-21  3.440E-21  9.391E-23
1.117E+01  9.461E-30  2.803E-21  2.730E-21  7.326E-23
1.107E+01  7.562E-30  2.220E-21  2.163E-21  5.698E-23
1.096E+01  6.036E-30  1.756E-21  1.712E-21  4.411E-23
1.086E+01  4.810E-30  1.386E-21  1.352E-21  3.408E-23
1.076E+01  3.824E-30  1.092E-21  1.066E-21  2.633E-23
1.067E+01  3.034E-30  8.585E-22  8.381E-22  2.034E-23
1.057E+01  2.402E-30  6.733E-22  6.576E-22  1.570E-23
1.047E+01  1.897E-30  5.268E-22  5.147E-22  1.205E-23
1.038E+01  1.494E-30  4.111E-22  4.019E-22  9.158E-24
1.028E+01  1.173E-30  3.200E-22  3.131E-22  6.879E-24
1.019E+01  9.192E-31  2.484E-22  2.432E-22  5.114E-24
1.009E+01  7.182E-31  1.923E-22  1.885E-22  3.778E-24
1.000E+01  5.598E-31  1.485E-22  1.457E-22  2.781E-24
9.908E+00  4.352E-31  1.144E-22  1.123E-22  2.045E-24
9.817E+00  3.375E-31  8.790E-23  8.640E-23  1.501E-24
9.727E+00  2.611E-31  6.737E-23  6.627E-23  1.098E-24
9.638E+00  2.014E-31  5.150E-23  5.070E-23  8.000E-25
9.550E+00  1.550E-31  3.926E-23  3.868E-23  5.770E-25
9.462E+00  1.189E-31  2.984E-23  2.943E-23  4.107E-25
9.376E+00  9.096E-32  2.262E-23  2.233E-23  2.876E-25
9.290E+00  6.938E-32  1.710E-23  1.690E-23  1.978E-25
9.204E+00  5.278E-32  1.289E-23  1.275E-23  1.335E-25
9.120E+00  4.003E-32  9.685E-24  9.596E-24  8.846E-26
9.036E+00  3.028E-32  7.259E-24  7.201E-24  5.770E-26
8.954E+00  2.284E-32  5.425E-24  5.388E-24  3.720E-26
8.872E+00  1.719E-32  4.044E-24  4.020E-24  2.382E-26
8.790E+00  1.289E-32  3.007E-24  2.991E-24  1.520E-26
8.710E+00  9.649E-33  2.229E-24  2.219E-24  9.699E-27
8.630E+00  7.199E-33  1.648E-24  1.642E-24  6.195E-27
8.551E+00  5.352E-33  1.214E-24  1.210E-24  3.959E-27
8.472E+00  3.965E-33  8.911E-25  8.886E-25  2.519E-27
8.395E+00  2.929E-33  6.522E-25  6.506E-25  1.584E-27
8.318E+00  2.157E-33  4.760E-25  4.750E-25  9.772E-28
8.241E+00  1.584E-33  3.463E-25  3.457E-25  5.890E-28
8.166E+00  1.160E-33  2.512E-25  2.509E-25  3.461E-28
8.091E+00  8.466E-34  1.817E-25  1.815E-25  2.012E-28
8.017E+00  6.162E-34  1.310E-25  1.309E-25  1.157E-28
7.943E+00  4.471E-34  9.420E-26  9.414E-26  6.611E-29
7.870E+00  3.232E-34  6.748E-26  6.744E-26  3.756E-29
7.798E+00  2.327E-34  4.813E-26  4.811E-26  2.126E-29
7.727E+00  1.669E-34  3.420E-26  3.419E-26  1.206E-29
7.656E+00  1.193E-34  2.422E-26  2.421E-26  6.871E-30
7.586E+00  8.492E-35  1.709E-26  1.708E-26  3.943E-30
7.516E+00  6.017E-35  1.200E-26  1.199E-26  2.295E-30
7.447E+00  4.248E-35  8.392E-27  8.391E-27  1.360E-30
7.379E+00  2.990E-35  5.852E-27  5.852E-27  8.156E-31
7.311E+00  2.098E-35  4.068E-27  4.068E-27  4.973E-31
7.244E+00  1.467E-35  2.818E-27  2.818E-27  3.055E-31
7.178E+00  1.022E-35  1.945E-27  1.945E-27  1.884E-31
7.112E+00  7.093E-36  1.338E-27  1.338E-27  1.170E-31
7.047E+00  4.905E-36  9.169E-28  9.168E-28  7.280E-32
6.982E+00  3.380E-36  6.259E-28  6.259E-28  4.518E-32
6.918E+00  2.320E-36  4.257E-28  4.257E-28  2.800E-32
6.855E+00  1.586E-36  2.885E-28  2.884E-28  1.730E-32
6.792E+00  1.081E-36  1.947E-28  1.947E-28  1.064E-32
6.730E+00  7.334E-37  1.309E-28  1.309E-28  6.521E-33
6.668E+00  4.956E-37  8.766E-29  8.765E-29  3.978E-33
6.607E+00  3.335E-37  5.845E-29  5.845E-29  2.414E-33
6.546E+00  2.235E-37  3.881E-29  3.881E-29  1.458E-33
6.486E+00  1.492E-37  2.567E-29  2.566E-29  8.762E-34
6.427E+00  9.914E-38  1.690E-29  1.690E-29  5.239E-34
6.368E+00  6.563E-38  1.109E-29  1.109E-29  3.116E-34
6.310E+00  4.288E-38  7.177E-30  7.176E-30  1.844E-34
6.252E+00  2.861E-38  4.744E-30  4.744E-30  1.085E-34
6.194E+00  1.869E-38  3.070E-30  3.070E-30  6.352E-35
6.138E+00  1.212E-38  1.974E-30  1.974E-30  3.695E-35
6.081E+00  7.838E-39  1.264E-30  1.264E-30  2.139E-35
6.026E+00  5.051E-39  8.072E-31  8.072E-31  1.232E-35
5.970E+00  3.241E-39  5.133E-31  5.133E-31  7.065E-36
5.916E+00  2.072E-39  3.251E-31  3.250E-31  4.031E-36
5.861E+00  1.318E-39  2.049E-31  2.049E-31  2.289E-36
5.808E+00  8.349E-40  1.286E-31  1.286E-31  1.293E-36
5.754E+00  5.265E-40  8.037E-32  8.037E-32  7.273E-37
5.702E+00  3.305E-40  4.998E-32  4.998E-32  4.070E-37
5.649E+00  2.064E-40  3.092E-32  3.092E-32  2.267E-37
5.598E+00  1.282E-40  1.904E-32  1.904E-32  1.256E-37
5.546E+00  7.932E-41  1.167E-32  1.167E-32  6.925E-38
5.495E+00  4.883E-41  7.118E-33  7.118E-33  3.799E-38
5.445E+00  2.992E-41  4.321E-33  4.321E-33  2.074E-38
5.395E+00  1.824E-41  2.610E-33  2.610E-33  1.126E-38
5.346E+00  1.106E-41  1.569E-33  1.569E-33  6.083E-39
5.297E+00  6.678E-42  9.382E-34  9.382E-34  3.269E-39
5.248E+00  4.009E-42  5.581E-34  5.581E-34  1.747E-39
5.200E+00  2.395E-42  3.303E-34  3.303E-34  9.288E-40
5.152E+00  1.423E-42  1.944E-34  1.944E-34  4.911E-40
5.105E+00  8.409E-43  1.139E-34  1.139E-34  2.583E-40
5.058E+00  4.944E-43  6.633E-35  6.633E-35  1.351E-40
5.012E+00  2.891E-43  3.843E-35  3.843E-35  7.027E-41
4.966E+00  1.681E-43  2.214E-35  2.214E-35  3.635E-41
4.920E+00  9.719E-44  1.268E-35  1.268E-35  1.869E-41
4.875E+00  5.589E-44  7.228E-36  7.228E-36  9.558E-42
4.831E+00  3.197E-44  4.096E-36  4.096E-36  4.858E-42
4.786E+00  1.818E-44  2.308E-36  2.308E-36  2.454E-42
4.742E+00  1.028E-44  1.294E-36  1.294E-36  1.233E-42
4.699E+00  5.784E-45  7.209E-37  7.209E-37  6.155E-43
4.656E+00  3.235E-45  3.995E-37  3.995E-37  3.054E-43
4.613E+00  1.799E-45  2.201E-37  2.201E-37  1.506E-43
4.571E+00  9.942E-46  1.205E-37  1.205E-37  7.380E-44
4.529E+00  5.464E-46  6.564E-38  6.564E-38  3.593E-44
4.487E+00  2.985E-46  3.553E-38  3.553E-38  1.739E-44
4.446E+00  1.621E-46  1.912E-38  1.912E-38  8.358E-45
4.406E+00  8.748E-47  1.022E-38  1.022E-38  3.993E-45
4.365E+00  4.693E-47  5.434E-39  5.434E-39  1.895E-45
4.325E+00  2.502E-47  2.870E-39  2.870E-39  8.936E-46
4.285E+00  1.326E-47  1.507E-39  1.507E-39  4.185E-46
4.246E+00  6.979E-48  7.860E-40  7.860E-40  1.947E-46
4.207E+00  3.651E-48  4.074E-40  4.074E-40  8.993E-47
4.169E+00  1.898E-48  2.098E-40  2.098E-40  4.126E-47
4.130E+00  9.800E-49  1.074E-40  1.074E-40  1.880E-47
4.093E+00  5.027E-49  5.458E-41  5.458E-41  8.499E-48
4.055E+00  2.562E-49  2.756E-41  2.756E-41  3.815E-48
4.018E+00  1.297E-49  1.382E-41  1.382E-41  1.700E-48
3.981E+00  6.522E-50  6.888E-42  6.888E-42  7.524E-49
3.945E+00  3.258E-50  3.409E-42  3.409E-42  3.305E-49
3.908E+00  1.616E-50  1.675E-42  1.675E-42  1.441E-49
3.873E+00  7.961E-51  8.177E-43  8.177E-43  6.236E-50
3.837E+00  3.895E-51  3.964E-43  3.964E-43  2.679E-50
3.802E+00  1.892E-51  1.908E-43  1.908E-43  1.143E-50
3.767E+00  9.127E-52  9.120E-44  9.120E-44  4.835E-51
3.733E+00  4.372E-52  4.328E-44  4.328E-44  2.031E-51
3.698E+00  2.079E-52  2.039E-44  2.039E-44  8.463E-52
3.664E+00  9.813E-53  9.539E-45  9.539E-45  3.500E-52
3.631E+00  4.599E-53  4.429E-45  4.429E-45  1.436E-52
3.597E+00  2.139E-53  2.041E-45  2.041E-45  5.844E-53
3.565E+00  9.877E-54  9.339E-46  9.339E-46  2.360E-53
3.532E+00  4.526E-54  4.240E-46  4.240E-46  9.452E-54
3.499E+00  2.058E-54  1.911E-46  1.911E-46  3.755E-54
3.467E+00  9.289E-55  8.543E-47  8.543E-47  1.480E-54
3.436E+00  4.159E-55  3.790E-47  3.790E-47  5.782E-55
3.404E+00  1.848E-55  1.669E-47  1.669E-47  2.241E-55
3.373E+00  8.146E-56  7.288E-48  7.288E-48  8.610E-56
3.342E+00  3.562E-56  3.158E-48  3.158E-48  3.280E-56
3.311E+00  1.546E-56  1.357E-48  1.357E-48  1.239E-56
3.281E+00  6.648E-57  5.786E-49  5.786E-49  4.637E-57
3.251E+00  2.836E-57  2.446E-49  2.446E-49  1.720E-57
3.221E+00  1.200E-57  1.025E-49  1.025E-49  6.325E-58
3.192E+00  5.035E-58  4.263E-50  4.263E-50  2.305E-58
3.162E+00  2.095E-58  1.757E-50  1.757E-50  8.324E-59
3.133E+00  8.643E-59  7.183E-51  7.183E-51  2.980E-59
3.105E+00  3.535E-59  2.911E-51  2.911E-51  1.057E-59
3.076E+00  1.434E-59  1.170E-51  1.170E-51  3.718E-60
3.048E+00  5.763E-60  4.659E-52  4.659E-52  1.296E-60
3.020E+00  2.296E-60  1.839E-52  1.839E-52  4.475E-61
2.992E+00  9.069E-61  7.198E-53  7.198E-53  1.531E-61
2.965E+00  3.549E-61  2.791E-53  2.791E-53  5.187E-62
2.938E+00  1.377E-61  1.073E-53  1.073E-53  1.741E-62
2.911E+00  5.291E-62  4.085E-54  4.085E-54  5.786E-63
2.884E+00  2.015E-62  1.541E-54  1.541E-54  1.905E-63
2.858E+00  7.599E-63  5.760E-55  5.760E-55  6.209E-64
2.831E+00  2.840E-63  2.133E-55  2.133E-55  2.004E-64
2.805E+00  1.051E-63  7.823E-56  7.823E-56  6.405E-65
2.780E+00  3.854E-64  2.842E-56  2.842E-56  2.026E-65
2.754E+00  1.399E-64  1.022E-56  1.022E-56  6.346E-66
2.729E+00  5.031E-65  3.642E-57  3.642E-57  1.967E-66
2.704E+00  1.791E-65  1.285E-57  1.285E-57  6.035E-67
2.679E+00  6.313E-66  4.487E-58  4.487E-58  1.833E-67
2.655E+00  2.203E-66  1.551E-58  1.551E-58  5.506E-68
2.630E+00  7.609E-67  5.309E-59  5.309E-59  1.637E-68
2.606E+00  2.602E-67  1.799E-59  1.799E-59  4.815E-69
2.582E+00  8.804E-68  6.030E-60  6.030E-60  1.401E-69
2.559E+00  2.948E-68  2.001E-60  2.001E-60  4.034E-70
2.535E+00  9.770E-69  6.570E-61  6.570E-61  1.149E-70
2.512E+00  3.205E-69  2.136E-61  2.136E-61  3.235E-71
2.489E+00  1.041E-69  6.876E-62  6.876E-62  9.010E-72
2.466E+00  3.361E-70  2.198E-62  2.198E-62  2.482E-72
2.443E+00  1.086E-70  7.038E-63  7.038E-63  6.759E-73
2.421E+00  3.605E-71  2.315E-63  2.315E-63  1.820E-73
2.399E+00  1.318E-71  8.388E-64  8.388E-64  4.844E-74
2.377E+00  6.052E-72  3.816E-64  3.816E-64  1.274E-74
2.355E+00  3.858E-72  2.410E-64  2.410E-64  3.314E-75
2.333E+00  3.194E-72  1.977E-64  1.977E-64  8.515E-76
2.312E+00  2.998E-72  1.839E-64  1.839E-64  2.162E-76
2.291E+00  2.945E-72  1.790E-64  1.790E-64  5.424E-77
2.270E+00  2.934E-72  1.767E-64  1.767E-64  1.345E-77
2.249E+00  2.935E-72  1.751E-64  1.751E-64  3.292E-78
2.228E+00  2.939E-72  1.737E-64  1.737E-64  7.962E-79
2.208E+00  2.944E-72  1.724E-64  1.724E-64  1.902E-79
2.188E+00  2.948E-72  1.711E-64  1.711E-64  4.487E-80
2.168E+00  2.951E-72  1.697E-64  1.697E-64  1.045E-80
2.148E+00  2.953E-72  1.683E-64  1.683E-64  2.404E-81
2.128E+00  2.954E-72  1.667E-64  1.667E-64  5.460E-82
2.109E+00  2.952E-72  1.651E-64  1.651E-64  1.224E-82
2.089E+00  2.949E-72  1.634E-64  1.634E-64  2.709E-83
2.070E+00  2.942E-72  1.616E-64  1.616E-64  5.916E-84
2.051E+00  2.932E-72  1.595E-64  1.595E-64  1.275E-84
2.032E+00  2.918E-72  1.573E-64  1.573E-64  2.711E-85
2.014E+00  2.899E-72  1.549E-64  1.549E-64  5.688E-86
1.995E+00  2.874E-72  1.521E-64  1.521E-64  1.177E-86
1.977E+00  2.842E-72  1.490E-64  1.490E-64  2.404E-87
1.959E+00  2.806E-72  1.458E-64  1.458E-64  4.840E-88
1.941E+00  2.770E-72  1.426E-64  1.426E-64  9.612E-89
1.923E+00  2.744E-72  1.400E-64  1.400E-64  1.882E-89
1.905E+00  2.740E-72  1.385E-64  1.385E-64  3.635E-90
1.888E+00  2.762E-72  1.383E-64  1.383E-64  6.918E-91
1.871E+00  2.803E-72  1.391E-64  1.391E-64  1.298E-91
1.854E+00  2.850E-72  1.401E-64  1.401E-64  2.401E-92
1.837E+00  2.895E-72  1.410E-64  1.410E-64  4.377E-93
1.820E+00  2.933E-72  1.416E-64  1.416E-64  7.863E-94
1.803E+00  2.963E-72  1.417E-64  1.417E-64  1.392E-94
1.786E+00  2.987E-72  1.415E-64  1.415E-64  2.428E-95
1.770E+00  3.005E-72  1.411E-64  1.411E-64  4.172E-96
1.754E+00  3.019E-72  1.405E-64  1.405E-64  7.064E-97
1.738E+00  3.030E-72  1.397E-64  1.397E-64  1.178E-97
1.722E+00  3.038E-72  1.388E-64  1.388E-64  1.936E-98
1.706E+00  3.045E-72  1.378E-64  1.378E-64  3.132E-99
1.690E+00  3.050E-72  1.368E-64  1.368E-64  4.992-100
1.675E+00  3.055E-72  1.357E-64  1.357E-64  7.838-101
1.660E+00  3.058E-72  1.346E-64  1.346E-64  1.212-101
1.644E+00  3.061E-72  1.335E-64  1.335E-64  1.846-102
1.629E+00  3.063E-72  1.324E-64  1.324E-64  2.635-103
1.614E+00  3.066E-72  1.313E-64  1.313E-64  3.906-104
1.600E+00  3.068E-72  1.302E-64  1.302E-64  0.000E+00
1.585E+00  3.071E-72  1.291E-64  1.291E-64  0.000E+00
1.570E+00  3.075E-72  1.281E-64  1.281E-64  0.000E+00
1.556E+00  3.080E-72  1.271E-64  1.271E-64  0.000E+00
1.542E+00  3.086E-72  1.262E-64  1.262E-64  0.000E+00
1.528E+00  3.094E-72  1.254E-64  1.254E-64  0.000E+00
1.514E+00  3.104E-72  1.246E-64  1.246E-64  0.000E+00
1.500E+00  3.116E-72  1.240E-64  1.240E-64  0.000E+00
1.486E+00  3.132E-72  1.235E-64  1.235E-64  0.000E+00
1.472E+00  3.152E-72  1.231E-64  1.231E-64  0.000E+00
1.459E+00  3.176E-72  1.229E-64  1.229E-64  0.000E+00
1.445E+00  3.206E-72  1.229E-64  1.229E-64  0.000E+00
1.432E+00  3.244E-72  1.232E-64  1.232E-64  0.000E+00
1.419E+00  3.290E-72  1.238E-64  1.238E-64  0.000E+00
1.406E+00  3.347E-72  1.248E-64  1.248E-64  0.000E+00
1.393E+00  3.416E-72  1.262E-64  1.262E-64  0.000E+00
1.380E+00  3.501E-72  1.282E-64  1.282E-64  0.000E+00
1.368E+00  3.606E-72  1.308E-64  1.308E-64  0.000E+00
1.355E+00  3.733E-72  1.342E-64  1.342E-64  0.000E+00
1.343E+00  3.887E-72  1.384E-64  1.384E-64  0.000E+00
1.330E+00  4.069E-72  1.436E-64  1.436E-64  0.000E+00
1.318E+00  4.277E-72  1.496E-64  1.496E-64  0.000E+00
1.306E+00  4.504E-72  1.560E-64  1.560E-64  0.000E+00
1.294E+00  4.725E-72  1.622E-64  1.622E-64  0.000E+00
1.282E+00  4.901E-72  1.667E-64  1.667E-64  0.000E+00
1.271E+00  4.984E-72  1.680E-64  1.680E-64  0.000E+00
1.259E+00  4.935E-72  1.648E-64  1.648E-64  0.000E+00
1.247E+00  4.752E-72  1.572E-64  1.572E-64  0.000E+00
1.236E+00  4.472E-72  1.466E-64  1.466E-64  0.000E+00
1.225E+00  4.152E-72  1.349E-64  1.349E-64  0.000E+00
1.213E+00  3.843E-72  1.237E-64  1.237E-64  0.000E+00
1.202E+00  3.572E-72  1.139E-64  1.139E-64  0.000E+00
1.191E+00  3.350E-72  1.059E-64  1.059E-64  0.000E+00
1.180E+00  3.178E-72  9.949E-65  9.949E-65  0.000E+00
1.169E+00  3.052E-72  9.467E-65  9.467E-65  0.000E+00
1.159E+00  2.969E-72  9.126E-65  9.126E-65  0.000E+00
1.148E+00  2.928E-72  8.917E-65  8.917E-65  0.000E+00
1.138E+00  2.930E-72  8.842E-65  8.842E-65  0.000E+00
1.127E+00  2.982E-72  8.915E-65  8.915E-65  0.000E+00
1.117E+00  3.095E-72  9.169E-65  9.169E-65  0.000E+00
1.107E+00  3.292E-72  9.664E-65  9.664E-65  0.000E+00
1.096E+00  3.609E-72  1.050E-64  1.050E-64  0.000E+00
1.086E+00  4.098E-72  1.181E-64  1.181E-64  0.000E+00
1.076E+00  4.813E-72  1.374E-64  1.374E-64  0.000E+00
1.067E+00  5.724E-72  1.619E-64  1.619E-64  0.000E+00
1.057E+00  6.488E-72  1.819E-64  1.819E-64  0.000E+00
1.047E+00  6.442E-72  1.789E-64  1.789E-64  0.000E+00
1.038E+00  5.494E-72  1.512E-64  1.512E-64  0.000E+00
1.028E+00  4.330E-72  1.181E-64  1.181E-64  0.000E+00
1.019E+00  3.409E-72  9.210E-65  9.210E-65  0.000E+00
1.009E+00  2.775E-72  7.430E-65  7.430E-65  0.000E+00
1.000E+00  2.349E-72  6.232E-65  6.232E-65  0.000E+00
