Dust emission spectrum from Draine,B.T., & Li, A. (2007), ApJ, in press [astro-ph/0608003]
==========================================================
         7 = grain model
 4.000E-08 4.000E-01 4.500E-05 = a_01 (cm) , sigma_1 , b_C1
 2.000E-07 5.500E-01 1.500E-05 = a_02 (cm) , sigma_2 , b_C2
 2.000E+00 2.000E+00 1.000E+00 = Umin , Umax, beta (dN/dU propto U^{-beta})
 2.000E+00 = <U>       mmp83 = radfield
 0.000E+00 2.000E-07 = a_{min} (cm), a_{max} (cm)
 2.101E-24 2.037E-24 6.394E-26 = P(tot)  P(carb)  P(sil) (erg s-1 H-1)
 band     <nu*P_nu> <j_nu(tot)><j_nu(carb)><j_nu(sil)>
 (um)   (erg s-1 H-1)(Jy/(sr*H))(Jy/(sr*H))(Jy/(sr*H))
1.270E+00  3.675E-26  1.238E-18  1.199E-18  3.883E-20 COBE-DIRBE
2.220E+00  4.695E-26  2.765E-18  2.640E-18  1.246E-19 COBE-DIRBE
3.530E+00  3.053E-25  2.858E-17  2.835E-17  2.305E-19 COBE-DIRBE
4.880E+00  1.369E-25  1.772E-17  1.740E-17  3.162E-19 COBE-DIRBE
1.229E+01  1.151E-24  3.753E-16  3.662E-16  9.149E-18 COBE-DIRBE
2.079E+01  5.588E-25  3.081E-16  2.873E-16  2.083E-17 COBE-DIRBE
5.599E+01  7.737E-26  1.149E-16  9.750E-17  1.741E-17 COBE-DIRBE
9.770E+01  2.276E-26  5.899E-17  4.990E-17  9.095E-18 COBE-DIRBE
1.479E+02  1.073E-26  4.211E-17  3.678E-17  5.327E-18 COBE-DIRBE
2.479E+02  3.186E-27  2.095E-17  1.781E-17  3.133E-18 COBE-DIRBE
1.200E+01  1.283E-24  4.085E-16  3.995E-16  8.974E-18 IRAS
2.500E+01  4.291E-25  2.846E-16  2.607E-16  2.389E-17 IRAS
6.000E+01  7.100E-26  1.130E-16  9.586E-17  1.715E-17 IRAS
1.000E+02  2.154E-26  5.713E-17  4.843E-17  8.705E-18 IRAS
3.550E+00  3.549E-25  3.342E-17  3.319E-17  2.324E-19 SST-IRAC
4.493E+00  9.959E-26  1.187E-17  1.158E-17  2.920E-19 SST-IRAC
5.731E+00  7.925E-25  1.205E-16  1.201E-16  3.932E-19 SST-IRAC
7.872E+00  1.915E-24  3.998E-16  3.965E-16  3.334E-18 SST-IRAC
2.368E+01  3.655E-25  2.296E-16  2.078E-16  2.176E-17 SST-MIPS
7.142E+01  3.893E-26  7.376E-17  6.164E-17  1.212E-17 SST-MIPS
1.559E+02  9.086E-27  3.757E-17  3.304E-17  4.537E-18 SST-MIPS
1.600E+01  8.105E-25  3.440E-16  3.326E-16  1.144E-17 SST-IRSPU
2.200E+01  4.277E-25  2.496E-16  2.277E-16  2.195E-17 SST-IRSPU
7.500E+01  3.363E-26  6.690E-17  5.587E-17  1.102E-17 Herschel-PACS
1.100E+02  1.520E-26  4.434E-17  3.764E-17  6.704E-18 Herschel-PACS
1.700E+02  6.918E-27  3.120E-17  2.735E-17  3.846E-18 Herschel-PACS
2.500E+02  2.699E-27  1.790E-17  1.514E-17  2.765E-18 Herschel-SPIRE
3.600E+02  7.800E-28  7.448E-18  5.340E-18  2.108E-18 Herschel-SPIRE
5.200E+02  2.132E-28  2.941E-18  1.600E-18  1.341E-18 Herschel-SPIRE
2.400E+00  5.262E-26  3.350E-18  3.210E-18  1.395E-19 Akari IRC NIR N2
3.200E+00  2.348E-25  1.993E-17  1.972E-17  2.055E-19 Akari IRC NIR N3
4.100E+00  1.080E-25  1.175E-17  1.148E-17  2.672E-19 Akari IRC NIR N4
7.000E+00  2.175E-24  4.039E-16  4.027E-16  1.224E-18 Akari IRC MIR-S S7
9.000E+00  1.529E-24  3.651E-16  3.586E-16  6.486E-18 Akari IRC MIR-S S9W
1.100E+01  1.175E-24  3.430E-16  3.331E-16  9.862E-18 Akari IRC MIR-S S11
1.500E+01  8.373E-25  3.332E-16  3.213E-16  1.185E-17 Akari IRC MIR-L L15
1.800E+01  6.100E-25  2.913E-16  2.746E-16  1.664E-17 Akari IRC MIR-L L18W
2.400E+01  4.020E-25  2.559E-16  2.324E-16  2.349E-17 Akari IRC MIR-L L24
6.500E+01  5.056E-26  8.717E-17  7.300E-17  1.418E-17 Akari FIS N60
8.000E+01  3.084E-26  6.545E-17  5.507E-17  1.038E-17 Akari FIS WIDE-S
1.400E+02  1.066E-26  3.958E-17  3.460E-17  4.977E-18 Akari FIS WIDE-L
1.600E+02  8.770E-27  3.722E-17  3.280E-17  4.423E-18 Akari FIS N160






lambda    nu*dP/dnu     j_nu    j_nu(carb.) j_nu(sil)
 (um)    (erg/(s*H)) (Jy/(sr*H) (Jy/(sr*H)) (Jy/(sr*H)
1.000E+04  1.730E-33  4.590E-22  7.503E-23  3.839E-22
9.908E+03  1.793E-33  4.712E-22  7.718E-23  3.940E-22
9.817E+03  1.857E-33  4.837E-22  7.939E-23  4.043E-22
9.727E+03  1.924E-33  4.965E-22  8.166E-23  4.148E-22
9.638E+03  1.993E-33  5.097E-22  8.400E-23  4.257E-22
9.550E+03  2.065E-33  5.232E-22  8.640E-23  4.368E-22
9.462E+03  2.140E-33  5.370E-22  8.887E-23  4.482E-22
9.376E+03  2.217E-33  5.513E-22  9.142E-23  4.599E-22
9.290E+03  2.297E-33  5.659E-22  9.403E-23  4.719E-22
9.204E+03  2.379E-33  5.809E-22  9.672E-23  4.842E-22
9.120E+03  2.465E-33  5.963E-22  9.949E-23  4.968E-22
9.036E+03  2.554E-33  6.121E-22  1.023E-22  5.098E-22
8.954E+03  2.645E-33  6.282E-22  1.053E-22  5.230E-22
8.872E+03  2.740E-33  6.447E-22  1.083E-22  5.365E-22
8.790E+03  2.838E-33  6.617E-22  1.114E-22  5.503E-22
8.710E+03  2.939E-33  6.791E-22  1.146E-22  5.645E-22
8.630E+03  3.045E-33  6.970E-22  1.178E-22  5.791E-22
8.551E+03  3.154E-33  7.153E-22  1.212E-22  5.941E-22
8.472E+03  3.267E-33  7.342E-22  1.247E-22  6.095E-22
8.395E+03  3.384E-33  7.535E-22  1.283E-22  6.253E-22
8.318E+03  3.505E-33  7.734E-22  1.319E-22  6.415E-22
8.241E+03  3.631E-33  7.938E-22  1.357E-22  6.581E-22
8.166E+03  3.762E-33  8.148E-22  1.396E-22  6.752E-22
8.091E+03  3.897E-33  8.363E-22  1.436E-22  6.928E-22
8.017E+03  4.037E-33  8.585E-22  1.477E-22  7.108E-22
7.943E+03  4.182E-33  8.812E-22  1.519E-22  7.293E-22
7.870E+03  4.333E-33  9.045E-22  1.563E-22  7.483E-22
7.798E+03  4.489E-33  9.285E-22  1.607E-22  7.678E-22
7.727E+03  4.650E-33  9.531E-22  1.653E-22  7.878E-22
7.656E+03  4.818E-33  9.784E-22  1.701E-22  8.083E-22
7.586E+03  4.991E-33  1.004E-21  1.749E-22  8.294E-22
7.516E+03  5.171E-33  1.031E-21  1.799E-22  8.511E-22
7.447E+03  5.358E-33  1.058E-21  1.851E-22  8.733E-22
7.379E+03  5.551E-33  1.087E-21  1.904E-22  8.962E-22
7.311E+03  5.752E-33  1.115E-21  1.958E-22  9.196E-22
7.244E+03  5.959E-33  1.145E-21  2.014E-22  9.437E-22
7.178E+03  6.175E-33  1.176E-21  2.072E-22  9.685E-22
7.112E+03  6.398E-33  1.207E-21  2.131E-22  9.939E-22
7.047E+03  6.629E-33  1.239E-21  2.192E-22  1.020E-21
6.982E+03  6.869E-33  1.272E-21  2.255E-22  1.047E-21
6.918E+03  7.117E-33  1.306E-21  2.320E-22  1.074E-21
6.855E+03  7.374E-33  1.341E-21  2.386E-22  1.102E-21
6.792E+03  7.641E-33  1.377E-21  2.455E-22  1.131E-21
6.730E+03  7.917E-33  1.413E-21  2.525E-22  1.161E-21
6.668E+03  8.203E-33  1.451E-21  2.597E-22  1.191E-21
6.607E+03  8.500E-33  1.490E-21  2.671E-22  1.223E-21
6.546E+03  8.808E-33  1.530E-21  2.748E-22  1.255E-21
6.486E+03  9.127E-33  1.570E-21  2.827E-22  1.288E-21
6.427E+03  9.458E-33  1.612E-21  2.908E-22  1.322E-21
6.368E+03  9.801E-33  1.656E-21  2.991E-22  1.356E-21
6.310E+03  1.016E-32  1.700E-21  3.077E-22  1.392E-21
6.252E+03  1.053E-32  1.745E-21  3.165E-22  1.429E-21
6.194E+03  1.091E-32  1.792E-21  3.256E-22  1.467E-21
6.138E+03  1.130E-32  1.840E-21  3.349E-22  1.505E-21
6.081E+03  1.171E-32  1.890E-21  3.445E-22  1.545E-21
6.026E+03  1.214E-32  1.941E-21  3.544E-22  1.586E-21
5.970E+03  1.258E-32  1.993E-21  3.646E-22  1.628E-21
5.916E+03  1.304E-32  2.046E-21  3.750E-22  1.671E-21
5.861E+03  1.352E-32  2.101E-21  3.858E-22  1.716E-21
5.808E+03  1.401E-32  2.158E-21  3.968E-22  1.761E-21
5.754E+03  1.452E-32  2.216E-21  4.082E-22  1.808E-21
5.702E+03  1.505E-32  2.276E-21  4.200E-22  1.856E-21
5.649E+03  1.560E-32  2.337E-21  4.320E-22  1.905E-21
5.598E+03  1.617E-32  2.400E-21  4.444E-22  1.956E-21
5.546E+03  1.676E-32  2.465E-21  4.572E-22  2.008E-21
5.495E+03  1.737E-32  2.532E-21  4.703E-22  2.061E-21
5.445E+03  1.800E-32  2.600E-21  4.839E-22  2.116E-21
5.395E+03  1.866E-32  2.670E-21  4.978E-22  2.173E-21
5.346E+03  1.934E-32  2.743E-21  5.121E-22  2.231E-21
5.297E+03  2.005E-32  2.817E-21  5.268E-22  2.290E-21
5.248E+03  2.078E-32  2.893E-21  5.420E-22  2.351E-21
5.200E+03  2.154E-32  2.972E-21  5.576E-22  2.414E-21
5.152E+03  2.233E-32  3.052E-21  5.737E-22  2.479E-21
5.105E+03  2.315E-32  3.135E-21  5.902E-22  2.545E-21
5.058E+03  2.400E-32  3.220E-21  6.072E-22  2.613E-21
5.012E+03  2.488E-32  3.308E-21  6.247E-22  2.683E-21
4.966E+03  2.579E-32  3.397E-21  6.427E-22  2.755E-21
4.920E+03  2.674E-32  3.490E-21  6.613E-22  2.828E-21
4.875E+03  2.772E-32  3.584E-21  6.804E-22  2.904E-21
4.831E+03  2.873E-32  3.682E-21  7.000E-22  2.982E-21
4.786E+03  2.979E-32  3.782E-21  7.202E-22  3.062E-21
4.742E+03  3.088E-32  3.885E-21  7.410E-22  3.144E-21
4.699E+03  3.202E-32  3.991E-21  7.625E-22  3.228E-21
4.656E+03  3.319E-32  4.100E-21  7.845E-22  3.315E-21
4.613E+03  3.442E-32  4.211E-21  8.072E-22  3.404E-21
4.571E+03  3.568E-32  4.326E-21  8.306E-22  3.496E-21
4.529E+03  3.700E-32  4.445E-21  8.547E-22  3.590E-21
4.487E+03  3.836E-32  4.566E-21  8.795E-22  3.687E-21
4.446E+03  3.977E-32  4.691E-21  9.050E-22  3.786E-21
4.406E+03  4.124E-32  4.819E-21  9.312E-22  3.888E-21
4.365E+03  4.276E-32  4.951E-21  9.583E-22  3.993E-21
4.325E+03  4.434E-32  5.087E-21  9.861E-22  4.101E-21
4.285E+03  4.598E-32  5.226E-21  1.015E-21  4.212E-21
4.246E+03  4.768E-32  5.370E-21  1.044E-21  4.326E-21
4.207E+03  4.944E-32  5.517E-21  1.075E-21  4.443E-21
4.169E+03  5.127E-32  5.669E-21  1.106E-21  4.563E-21
4.130E+03  5.316E-32  5.825E-21  1.138E-21  4.686E-21
4.093E+03  5.513E-32  5.985E-21  1.171E-21  4.814E-21
4.055E+03  5.717E-32  6.150E-21  1.206E-21  4.944E-21
4.018E+03  5.929E-32  6.319E-21  1.241E-21  5.078E-21
3.981E+03  6.148E-32  6.493E-21  1.277E-21  5.216E-21
3.945E+03  6.376E-32  6.671E-21  1.314E-21  5.357E-21
3.908E+03  6.612E-32  6.855E-21  1.353E-21  5.502E-21
3.873E+03  6.857E-32  7.044E-21  1.393E-21  5.651E-21
3.837E+03  7.111E-32  7.238E-21  1.433E-21  5.805E-21
3.802E+03  7.375E-32  7.438E-21  1.475E-21  5.962E-21
3.767E+03  7.649E-32  7.643E-21  1.519E-21  6.124E-21
3.733E+03  7.933E-32  7.854E-21  1.563E-21  6.291E-21
3.698E+03  8.228E-32  8.072E-21  1.609E-21  6.462E-21
3.664E+03  8.534E-32  8.295E-21  1.657E-21  6.638E-21
3.631E+03  8.851E-32  8.525E-21  1.706E-21  6.819E-21
3.597E+03  9.181E-32  8.761E-21  1.756E-21  7.005E-21
3.565E+03  9.523E-32  9.004E-21  1.808E-21  7.197E-21
3.532E+03  9.878E-32  9.254E-21  1.861E-21  7.393E-21
3.499E+03  1.025E-31  9.511E-21  1.916E-21  7.595E-21
3.467E+03  1.063E-31  9.776E-21  1.973E-21  7.803E-21
3.436E+03  1.103E-31  1.005E-20  2.031E-21  8.017E-21
3.404E+03  1.144E-31  1.033E-20  2.091E-21  8.237E-21
3.373E+03  1.187E-31  1.062E-20  2.153E-21  8.462E-21
3.342E+03  1.231E-31  1.091E-20  2.217E-21  8.695E-21
3.311E+03  1.277E-31  1.122E-20  2.283E-21  8.933E-21
3.281E+03  1.325E-31  1.153E-20  2.351E-21  9.179E-21
3.251E+03  1.374E-31  1.185E-20  2.421E-21  9.431E-21
3.221E+03  1.426E-31  1.218E-20  2.494E-21  9.690E-21
3.192E+03  1.479E-31  1.253E-20  2.568E-21  9.957E-21
3.162E+03  1.535E-31  1.288E-20  2.645E-21  1.023E-20
3.133E+03  1.593E-31  1.324E-20  2.724E-21  1.051E-20
3.105E+03  1.652E-31  1.361E-20  2.806E-21  1.080E-20
3.076E+03  1.715E-31  1.399E-20  2.890E-21  1.110E-20
3.048E+03  1.779E-31  1.438E-20  2.976E-21  1.141E-20
3.020E+03  1.846E-31  1.479E-20  3.066E-21  1.172E-20
2.992E+03  1.915E-31  1.520E-20  3.158E-21  1.205E-20
2.965E+03  1.987E-31  1.563E-20  3.253E-21  1.238E-20
2.938E+03  2.062E-31  1.607E-20  3.351E-21  1.272E-20
2.911E+03  2.139E-31  1.652E-20  3.453E-21  1.307E-20
2.884E+03  2.220E-31  1.698E-20  3.557E-21  1.343E-20
2.858E+03  2.303E-31  1.746E-20  3.665E-21  1.380E-20
2.831E+03  2.390E-31  1.795E-20  3.776E-21  1.418E-20
2.805E+03  2.480E-31  1.846E-20  3.890E-21  1.457E-20
2.780E+03  2.574E-31  1.898E-20  4.008E-21  1.497E-20
2.754E+03  2.671E-31  1.951E-20  4.130E-21  1.538E-20
2.729E+03  2.771E-31  2.006E-20  4.256E-21  1.581E-20
2.704E+03  2.876E-31  2.063E-20  4.386E-21  1.624E-20
2.679E+03  2.985E-31  2.121E-20  4.520E-21  1.669E-20
2.655E+03  3.098E-31  2.181E-20  4.658E-21  1.715E-20
2.630E+03  3.215E-31  2.243E-20  4.800E-21  1.763E-20
2.606E+03  3.336E-31  2.306E-20  4.947E-21  1.812E-20
2.582E+03  3.463E-31  2.372E-20  5.099E-21  1.862E-20
2.559E+03  3.594E-31  2.439E-20  5.256E-21  1.913E-20
2.535E+03  3.730E-31  2.508E-20  5.417E-21  1.967E-20
2.512E+03  3.871E-31  2.580E-20  5.584E-21  2.021E-20
2.489E+03  4.018E-31  2.653E-20  5.756E-21  2.077E-20
2.466E+03  4.171E-31  2.728E-20  5.934E-21  2.135E-20
2.443E+03  4.329E-31  2.806E-20  6.118E-21  2.194E-20
2.421E+03  4.494E-31  2.886E-20  6.307E-21  2.255E-20
2.399E+03  4.664E-31  2.968E-20  6.503E-21  2.318E-20
2.377E+03  4.842E-31  3.053E-20  6.704E-21  2.382E-20
2.355E+03  5.026E-31  3.140E-20  6.913E-21  2.448E-20
2.333E+03  5.217E-31  3.229E-20  7.128E-21  2.517E-20
2.312E+03  5.416E-31  3.322E-20  7.350E-21  2.587E-20
2.291E+03  5.622E-31  3.416E-20  7.580E-21  2.658E-20
2.270E+03  5.836E-31  3.514E-20  7.816E-21  2.732E-20
2.249E+03  6.059E-31  3.615E-20  8.061E-21  2.808E-20
2.228E+03  6.290E-31  3.718E-20  8.314E-21  2.887E-20
2.208E+03  6.530E-31  3.824E-20  8.574E-21  2.967E-20
2.188E+03  6.779E-31  3.934E-20  8.844E-21  3.050E-20
2.168E+03  7.038E-31  4.047E-20  9.122E-21  3.135E-20
2.148E+03  7.306E-31  4.163E-20  9.409E-21  3.222E-20
2.128E+03  7.586E-31  4.282E-20  9.706E-21  3.311E-20
2.109E+03  7.875E-31  4.405E-20  1.001E-20  3.404E-20
2.089E+03  8.176E-31  4.531E-20  1.033E-20  3.498E-20
2.070E+03  8.489E-31  4.661E-20  1.066E-20  3.596E-20
2.051E+03  8.813E-31  4.795E-20  1.099E-20  3.696E-20
2.032E+03  9.151E-31  4.933E-20  1.134E-20  3.799E-20
2.014E+03  9.501E-31  5.075E-20  1.170E-20  3.904E-20
1.995E+03  9.864E-31  5.221E-20  1.208E-20  4.013E-20
1.977E+03  1.024E-30  5.371E-20  1.246E-20  4.124E-20
1.959E+03  1.063E-30  5.525E-20  1.286E-20  4.239E-20
1.941E+03  1.104E-30  5.684E-20  1.327E-20  4.357E-20
1.923E+03  1.146E-30  5.847E-20  1.370E-20  4.478E-20
1.905E+03  1.190E-30  6.015E-20  1.413E-20  4.602E-20
1.888E+03  1.236E-30  6.188E-20  1.459E-20  4.730E-20
1.871E+03  1.283E-30  6.367E-20  1.506E-20  4.861E-20
1.854E+03  1.332E-30  6.550E-20  1.554E-20  4.996E-20
1.837E+03  1.383E-30  6.739E-20  1.604E-20  5.134E-20
1.820E+03  1.436E-30  6.933E-20  1.656E-20  5.277E-20
1.803E+03  1.491E-30  7.132E-20  1.709E-20  5.423E-20
1.786E+03  1.548E-30  7.338E-20  1.765E-20  5.573E-20
1.770E+03  1.608E-30  7.549E-20  1.822E-20  5.728E-20
1.754E+03  1.669E-30  7.767E-20  1.881E-20  5.886E-20
1.738E+03  1.734E-30  7.991E-20  1.942E-20  6.049E-20
1.722E+03  1.800E-30  8.221E-20  2.005E-20  6.216E-20
1.706E+03  1.869E-30  8.458E-20  2.070E-20  6.388E-20
1.690E+03  1.941E-30  8.702E-20  2.137E-20  6.565E-20
1.675E+03  2.015E-30  8.953E-20  2.207E-20  6.746E-20
1.660E+03  2.092E-30  9.211E-20  2.279E-20  6.932E-20
1.644E+03  2.173E-30  9.477E-20  2.354E-20  7.123E-20
1.629E+03  2.256E-30  9.750E-20  2.431E-20  7.320E-20
1.614E+03  2.343E-30  1.003E-19  2.510E-20  7.521E-20
1.600E+03  2.432E-30  1.032E-19  2.592E-20  7.728E-20
1.585E+03  2.526E-30  1.062E-19  2.678E-20  7.940E-20
1.570E+03  2.622E-30  1.092E-19  2.766E-20  8.158E-20
1.556E+03  2.723E-30  1.124E-19  2.856E-20  8.382E-20
1.542E+03  2.827E-30  1.156E-19  2.951E-20  8.612E-20
1.528E+03  2.936E-30  1.190E-19  3.048E-20  8.848E-20
1.514E+03  3.048E-30  1.224E-19  3.148E-20  9.090E-20
1.500E+03  3.165E-30  1.259E-19  3.252E-20  9.338E-20
1.486E+03  3.286E-30  1.295E-19  3.360E-20  9.594E-20
1.472E+03  3.412E-30  1.333E-19  3.471E-20  9.856E-20
1.459E+03  3.543E-30  1.371E-19  3.586E-20  1.012E-19
1.445E+03  3.679E-30  1.411E-19  3.705E-20  1.040E-19
1.432E+03  3.820E-30  1.451E-19  3.828E-20  1.068E-19
1.419E+03  3.966E-30  1.493E-19  3.955E-20  1.097E-19
1.406E+03  4.118E-30  1.536E-19  4.086E-20  1.127E-19
1.393E+03  4.276E-30  1.580E-19  4.222E-20  1.158E-19
1.380E+03  4.440E-30  1.626E-19  4.363E-20  1.189E-19
1.368E+03  4.610E-30  1.672E-19  4.508E-20  1.222E-19
1.355E+03  4.786E-30  1.720E-19  4.659E-20  1.255E-19
1.343E+03  4.969E-30  1.770E-19  4.814E-20  1.288E-19
1.330E+03  5.159E-30  1.821E-19  4.975E-20  1.323E-19
1.318E+03  5.356E-30  1.873E-19  5.141E-20  1.359E-19
1.306E+03  5.561E-30  1.927E-19  5.313E-20  1.395E-19
1.294E+03  5.774E-30  1.982E-19  5.491E-20  1.433E-19
1.282E+03  5.994E-30  2.039E-19  5.675E-20  1.471E-19
1.271E+03  6.223E-30  2.097E-19  5.865E-20  1.511E-19
1.259E+03  6.460E-30  2.157E-19  6.062E-20  1.551E-19
1.247E+03  6.707E-30  2.219E-19  6.266E-20  1.593E-19
1.236E+03  6.962E-30  2.283E-19  6.476E-20  1.635E-19
1.225E+03  7.228E-30  2.348E-19  6.694E-20  1.678E-19
1.213E+03  7.503E-30  2.415E-19  6.919E-20  1.723E-19
1.202E+03  7.789E-30  2.484E-19  7.152E-20  1.769E-19
1.191E+03  8.085E-30  2.555E-19  7.393E-20  1.815E-19
1.180E+03  8.392E-30  2.628E-19  7.642E-20  1.863E-19
1.169E+03  8.711E-30  2.702E-19  7.900E-20  1.912E-19
1.159E+03  9.042E-30  2.779E-19  8.167E-20  1.963E-19
1.148E+03  9.386E-30  2.858E-19  8.442E-20  2.014E-19
1.138E+03  9.742E-30  2.940E-19  8.727E-20  2.067E-19
1.127E+03  1.011E-29  3.023E-19  9.022E-20  2.121E-19
1.117E+03  1.049E-29  3.109E-19  9.327E-20  2.176E-19
1.107E+03  1.089E-29  3.197E-19  9.643E-20  2.233E-19
1.096E+03  1.130E-29  3.288E-19  9.969E-20  2.291E-19
1.086E+03  1.173E-29  3.381E-19  1.031E-19  2.350E-19
1.076E+03  1.217E-29  3.476E-19  1.066E-19  2.411E-19
1.067E+03  1.263E-29  3.575E-19  1.102E-19  2.473E-19
1.057E+03  1.311E-29  3.676E-19  1.139E-19  2.537E-19
1.047E+03  1.361E-29  3.779E-19  1.178E-19  2.602E-19
1.038E+03  1.412E-29  3.886E-19  1.217E-19  2.668E-19
1.028E+03  1.465E-29  3.995E-19  1.259E-19  2.736E-19
1.019E+03  1.520E-29  4.107E-19  1.301E-19  2.806E-19
1.009E+03  1.577E-29  4.223E-19  1.346E-19  2.877E-19
1.000E+03  1.636E-29  4.341E-19  1.391E-19  2.950E-19
9.908E+02  1.698E-29  4.463E-19  1.438E-19  3.024E-19
9.817E+02  1.762E-29  4.588E-19  1.487E-19  3.101E-19
9.727E+02  1.828E-29  4.717E-19  1.538E-19  3.179E-19
9.638E+02  1.896E-29  4.849E-19  1.590E-19  3.259E-19
9.550E+02  1.968E-29  4.984E-19  1.644E-19  3.340E-19
9.462E+02  2.041E-29  5.123E-19  1.700E-19  3.424E-19
9.376E+02  2.118E-29  5.266E-19  1.757E-19  3.509E-19
9.290E+02  2.197E-29  5.413E-19  1.817E-19  3.596E-19
9.204E+02  2.279E-29  5.564E-19  1.879E-19  3.685E-19
9.120E+02  2.364E-29  5.718E-19  1.943E-19  3.776E-19
9.036E+02  2.452E-29  5.877E-19  2.008E-19  3.869E-19
8.954E+02  2.543E-29  6.040E-19  2.077E-19  3.963E-19
8.872E+02  2.638E-29  6.207E-19  2.147E-19  4.060E-19
8.790E+02  2.736E-29  6.378E-19  2.220E-19  4.158E-19
8.710E+02  2.837E-29  6.554E-19  2.295E-19  4.259E-19
8.630E+02  2.942E-29  6.735E-19  2.373E-19  4.361E-19
8.551E+02  3.051E-29  6.920E-19  2.454E-19  4.466E-19
8.472E+02  3.164E-29  7.110E-19  2.537E-19  4.573E-19
8.395E+02  3.281E-29  7.305E-19  2.623E-19  4.682E-19
8.318E+02  3.402E-29  7.505E-19  2.712E-19  4.793E-19
8.241E+02  3.527E-29  7.710E-19  2.804E-19  4.906E-19
8.166E+02  3.657E-29  7.921E-19  2.899E-19  5.021E-19
8.091E+02  3.791E-29  8.136E-19  2.997E-19  5.139E-19
8.017E+02  3.930E-29  8.358E-19  3.099E-19  5.259E-19
7.943E+02  4.074E-29  8.585E-19  3.204E-19  5.381E-19
7.870E+02  4.224E-29  8.818E-19  3.312E-19  5.505E-19
7.798E+02  4.378E-29  9.057E-19  3.425E-19  5.632E-19
7.727E+02  4.538E-29  9.302E-19  3.541E-19  5.761E-19
7.656E+02  4.704E-29  9.553E-19  3.660E-19  5.893E-19
7.586E+02  4.876E-29  9.811E-19  3.784E-19  6.027E-19
7.516E+02  5.054E-29  1.008E-18  3.912E-19  6.163E-19
7.447E+02  5.238E-29  1.035E-18  4.044E-19  6.303E-19
7.379E+02  5.429E-29  1.063E-18  4.181E-19  6.446E-19
7.311E+02  5.627E-29  1.091E-18  4.322E-19  6.591E-19
7.244E+02  5.832E-29  1.121E-18  4.468E-19  6.739E-19
7.178E+02  6.044E-29  1.151E-18  4.618E-19  6.890E-19
7.112E+02  6.261E-29  1.181E-18  4.774E-19  7.038E-19
7.047E+02  6.489E-29  1.213E-18  4.935E-19  7.195E-19
6.982E+02  6.725E-29  1.246E-18  5.101E-19  7.355E-19
6.918E+02  6.970E-29  1.279E-18  5.273E-19  7.517E-19
6.855E+02  7.218E-29  1.312E-18  5.450E-19  7.674E-19
6.792E+02  7.480E-29  1.348E-18  5.633E-19  7.843E-19
6.730E+02  7.751E-29  1.384E-18  5.822E-19  8.014E-19
6.668E+02  8.031E-29  1.421E-18  6.018E-19  8.187E-19
6.607E+02  8.322E-29  1.458E-18  6.220E-19  8.364E-19
6.546E+02  8.623E-29  1.497E-18  6.428E-19  8.546E-19
6.486E+02  8.936E-29  1.538E-18  6.644E-19  8.732E-19
6.427E+02  9.261E-29  1.579E-18  6.866E-19  8.921E-19
6.368E+02  9.577E-29  1.618E-18  7.096E-19  9.081E-19
6.310E+02  9.925E-29  1.661E-18  7.333E-19  9.277E-19
6.252E+02  1.028E-28  1.705E-18  7.578E-19  9.477E-19
6.194E+02  1.066E-28  1.751E-18  7.831E-19  9.680E-19
6.138E+02  1.102E-28  1.795E-18  8.092E-19  9.855E-19
6.081E+02  1.139E-28  1.838E-18  8.362E-19  1.002E-18
6.026E+02  1.181E-28  1.887E-18  8.641E-19  1.023E-18
5.970E+02  1.223E-28  1.938E-18  8.928E-19  1.045E-18
5.916E+02  1.268E-28  1.989E-18  9.225E-19  1.067E-18
5.861E+02  1.314E-28  2.043E-18  9.531E-19  1.090E-18
5.808E+02  1.361E-28  2.097E-18  9.848E-19  1.113E-18
5.754E+02  1.411E-28  2.153E-18  1.017E-18  1.136E-18
5.702E+02  1.460E-28  2.208E-18  1.051E-18  1.157E-18
5.649E+02  1.508E-28  2.259E-18  1.086E-18  1.173E-18
5.598E+02  1.562E-28  2.320E-18  1.122E-18  1.198E-18
5.546E+02  1.619E-28  2.382E-18  1.159E-18  1.223E-18
5.495E+02  1.678E-28  2.445E-18  1.197E-18  1.248E-18
5.445E+02  1.738E-28  2.511E-18  1.237E-18  1.274E-18
5.395E+02  1.781E-28  2.549E-18  1.277E-18  1.272E-18
5.346E+02  1.844E-28  2.615E-18  1.319E-18  1.296E-18
5.297E+02  1.911E-28  2.685E-18  1.363E-18  1.322E-18
5.248E+02  1.981E-28  2.757E-18  1.407E-18  1.350E-18
5.200E+02  2.053E-28  2.831E-18  1.453E-18  1.378E-18
5.152E+02  2.127E-28  2.907E-18  1.501E-18  1.406E-18
5.105E+02  2.204E-28  2.985E-18  1.550E-18  1.435E-18
5.058E+02  2.283E-28  3.063E-18  1.601E-18  1.462E-18
5.012E+02  2.353E-28  3.128E-18  1.653E-18  1.475E-18
4.966E+02  2.428E-28  3.199E-18  1.707E-18  1.492E-18
4.920E+02  2.517E-28  3.285E-18  1.762E-18  1.522E-18
4.875E+02  2.608E-28  3.373E-18  1.820E-18  1.553E-18
4.831E+02  2.703E-28  3.464E-18  1.879E-18  1.585E-18
4.786E+02  2.799E-28  3.554E-18  1.939E-18  1.614E-18
4.742E+02  2.880E-28  3.623E-18  2.002E-18  1.621E-18
4.699E+02  2.953E-28  3.681E-18  2.067E-18  1.614E-18
4.656E+02  3.061E-28  3.780E-18  2.134E-18  1.646E-18
4.613E+02  3.163E-28  3.871E-18  2.203E-18  1.668E-18
4.571E+02  3.277E-28  3.973E-18  2.274E-18  1.700E-18
4.529E+02  3.397E-28  4.081E-18  2.347E-18  1.734E-18
4.487E+02  3.496E-28  4.161E-18  2.422E-18  1.739E-18
4.446E+02  3.624E-28  4.274E-18  2.500E-18  1.774E-18
4.406E+02  3.756E-28  4.390E-18  2.580E-18  1.809E-18
4.365E+02  3.882E-28  4.495E-18  2.663E-18  1.833E-18
4.325E+02  4.000E-28  4.589E-18  2.747E-18  1.842E-18
4.285E+02  4.146E-28  4.714E-18  2.835E-18  1.879E-18
4.246E+02  4.297E-28  4.839E-18  2.923E-18  1.916E-18
4.207E+02  4.412E-28  4.924E-18  3.016E-18  1.908E-18
4.169E+02  4.574E-28  5.058E-18  3.112E-18  1.946E-18
4.130E+02  4.661E-28  5.107E-18  3.211E-18  1.896E-18
4.093E+02  4.833E-28  5.247E-18  3.312E-18  1.935E-18
4.055E+02  5.010E-28  5.389E-18  3.417E-18  1.972E-18
4.018E+02  5.172E-28  5.513E-18  3.525E-18  1.988E-18
3.981E+02  5.322E-28  5.620E-18  3.636E-18  1.984E-18
3.945E+02  5.511E-28  5.766E-18  3.750E-18  2.016E-18
3.908E+02  5.713E-28  5.922E-18  3.868E-18  2.055E-18
3.873E+02  5.924E-28  6.085E-18  3.989E-18  2.096E-18
3.837E+02  6.143E-28  6.252E-18  4.114E-18  2.139E-18
3.802E+02  6.366E-28  6.420E-18  4.238E-18  2.182E-18
3.767E+02  6.513E-28  6.508E-18  4.362E-18  2.146E-18
3.733E+02  6.692E-28  6.625E-18  4.497E-18  2.128E-18
3.698E+02  6.941E-28  6.809E-18  4.637E-18  2.171E-18
3.664E+02  7.196E-28  6.995E-18  4.781E-18  2.214E-18
3.631E+02  7.463E-28  7.188E-18  4.929E-18  2.259E-18
3.597E+02  7.598E-28  7.251E-18  5.082E-18  2.169E-18
3.565E+02  7.863E-28  7.435E-18  5.239E-18  2.196E-18
3.532E+02  8.100E-28  7.588E-18  5.400E-18  2.188E-18
3.499E+02  8.402E-28  7.799E-18  5.566E-18  2.233E-18
3.467E+02  8.666E-28  7.970E-18  5.737E-18  2.234E-18
3.436E+02  8.989E-28  8.192E-18  5.912E-18  2.280E-18
3.404E+02  9.322E-28  8.418E-18  6.093E-18  2.325E-18
3.373E+02  9.648E-28  8.632E-18  6.274E-18  2.358E-18
3.342E+02  9.959E-28  8.829E-18  6.428E-18  2.401E-18
3.311E+02  1.031E-27  9.055E-18  6.606E-18  2.449E-18
3.281E+02  1.061E-27  9.234E-18  6.806E-18  2.427E-18
3.251E+02  1.089E-27  9.389E-18  7.012E-18  2.376E-18
3.221E+02  1.127E-27  9.632E-18  7.224E-18  2.407E-18
3.192E+02  1.169E-27  9.900E-18  7.442E-18  2.457E-18
3.162E+02  1.213E-27  1.017E-17  7.666E-18  2.508E-18
3.133E+02  1.232E-27  1.024E-17  7.896E-18  2.341E-18
3.105E+02  1.276E-27  1.051E-17  8.133E-18  2.376E-18
3.076E+02  1.324E-27  1.080E-17  8.375E-18  2.426E-18
3.048E+02  1.370E-27  1.108E-17  8.625E-18  2.452E-18
3.020E+02  1.421E-27  1.138E-17  8.882E-18  2.500E-18
2.992E+02  1.467E-27  1.165E-17  9.145E-18  2.502E-18
2.965E+02  1.504E-27  1.183E-17  9.285E-18  2.545E-18
2.938E+02  1.560E-27  1.215E-17  9.555E-18  2.600E-18
2.911E+02  1.606E-27  1.240E-17  9.748E-18  2.650E-18
2.884E+02  1.654E-27  1.265E-17  1.004E-17  2.615E-18
2.858E+02  1.714E-27  1.299E-17  1.033E-17  2.663E-18
2.831E+02  1.777E-27  1.335E-17  1.063E-17  2.716E-18
2.805E+02  1.833E-27  1.364E-17  1.095E-17  2.692E-18
2.780E+02  1.889E-27  1.393E-17  1.126E-17  2.664E-18
2.754E+02  1.956E-27  1.429E-17  1.159E-17  2.700E-18
2.729E+02  2.004E-27  1.451E-17  1.193E-17  2.576E-18
2.704E+02  2.079E-27  1.491E-17  1.228E-17  2.633E-18
2.679E+02  2.156E-27  1.532E-17  1.263E-17  2.690E-18
2.655E+02  2.233E-27  1.572E-17  1.299E-17  2.729E-18
2.630E+02  2.258E-27  1.575E-17  1.299E-17  2.763E-18
2.606E+02  2.341E-27  1.618E-17  1.336E-17  2.823E-18
2.582E+02  2.420E-27  1.657E-17  1.374E-17  2.831E-18
2.559E+02  2.499E-27  1.696E-17  1.414E-17  2.822E-18
2.535E+02  2.554E-27  1.717E-17  1.430E-17  2.873E-18
2.512E+02  2.632E-27  1.754E-17  1.461E-17  2.932E-18
2.489E+02  2.726E-27  1.800E-17  1.502E-17  2.973E-18
2.466E+02  2.818E-27  1.843E-17  1.545E-17  2.983E-18
2.443E+02  2.919E-27  1.892E-17  1.589E-17  3.031E-18
2.421E+02  3.012E-27  1.934E-17  1.633E-17  3.011E-18
2.399E+02  3.115E-27  1.982E-17  1.679E-17  3.029E-18
2.377E+02  3.226E-27  2.034E-17  1.726E-17  3.082E-18
2.355E+02  3.313E-27  2.070E-17  1.774E-17  2.954E-18
2.333E+02  3.431E-27  2.124E-17  1.824E-17  3.001E-18
2.312E+02  3.415E-27  2.095E-17  1.789E-17  3.051E-18
2.291E+02  3.538E-27  2.150E-17  1.839E-17  3.108E-18
2.270E+02  3.665E-27  2.206E-17  1.890E-17  3.164E-18
2.249E+02  3.784E-27  2.257E-17  1.940E-17  3.176E-18
2.228E+02  3.794E-27  2.242E-17  1.930E-17  3.128E-18
2.208E+02  3.929E-27  2.301E-17  1.983E-17  3.184E-18
2.188E+02  4.062E-27  2.357E-17  2.037E-17  3.201E-18
2.168E+02  4.193E-27  2.411E-17  2.086E-17  3.245E-18
2.148E+02  4.286E-27  2.442E-17  2.112E-17  3.302E-18
2.128E+02  4.435E-27  2.504E-17  2.169E-17  3.342E-18
2.109E+02  4.591E-27  2.568E-17  2.228E-17  3.398E-18
2.089E+02  4.741E-27  2.627E-17  2.288E-17  3.389E-18
2.070E+02  4.907E-27  2.694E-17  2.350E-17  3.440E-18
2.051E+02  4.779E-27  2.600E-17  2.268E-17  3.322E-18
2.032E+02  4.947E-27  2.667E-17  2.329E-17  3.378E-18
2.014E+02  5.118E-27  2.734E-17  2.391E-17  3.425E-18
1.995E+02  5.296E-27  2.803E-17  2.455E-17  3.479E-18
1.977E+02  5.480E-27  2.874E-17  2.520E-17  3.538E-18
1.959E+02  5.662E-27  2.942E-17  2.587E-17  3.547E-18
1.941E+02  5.604E-27  2.885E-17  2.524E-17  3.610E-18
1.923E+02  5.773E-27  2.945E-17  2.584E-17  3.604E-18
1.905E+02  5.961E-27  3.013E-17  2.651E-17  3.622E-18
1.888E+02  6.168E-27  3.089E-17  2.720E-17  3.686E-18
1.871E+02  6.381E-27  3.167E-17  2.791E-17  3.750E-18
1.854E+02  6.366E-27  3.130E-17  2.749E-17  3.807E-18
1.837E+02  6.585E-27  3.208E-17  2.822E-17  3.865E-18
1.820E+02  6.810E-27  3.287E-17  2.896E-17  3.916E-18
1.803E+02  6.622E-27  3.167E-17  2.775E-17  3.923E-18
1.786E+02  6.845E-27  3.244E-17  2.845E-17  3.987E-18
1.770E+02  7.051E-27  3.311E-17  2.919E-17  3.919E-18
1.754E+02  7.275E-27  3.384E-17  2.988E-17  3.961E-18
1.738E+02  7.523E-27  3.468E-17  3.065E-17  4.027E-18
1.722E+02  7.767E-27  3.548E-17  3.144E-17  4.038E-18
1.706E+02  8.024E-27  3.631E-17  3.224E-17  4.077E-18
1.690E+02  7.830E-27  3.511E-17  3.097E-17  4.139E-18
1.675E+02  8.095E-27  3.597E-17  3.176E-17  4.205E-18
1.660E+02  8.369E-27  3.684E-17  3.257E-17  4.277E-18
1.644E+02  8.603E-27  3.752E-17  3.320E-17  4.320E-18
1.629E+02  8.872E-27  3.834E-17  3.399E-17  4.354E-18
1.614E+02  9.166E-27  3.925E-17  3.483E-17  4.422E-18
1.600E+02  8.965E-27  3.804E-17  3.354E-17  4.497E-18
1.585E+02  8.762E-27  3.684E-17  3.227E-17  4.570E-18
1.570E+02  8.927E-27  3.719E-17  3.255E-17  4.632E-18
1.556E+02  9.212E-27  3.802E-17  3.336E-17  4.661E-18
1.542E+02  9.517E-27  3.892E-17  3.419E-17  4.725E-18
1.528E+02  9.807E-27  3.974E-17  3.505E-17  4.692E-18
1.514E+02  1.011E-26  4.061E-17  3.587E-17  4.738E-18
1.500E+02  1.043E-26  4.149E-17  3.674E-17  4.750E-18
1.486E+02  1.024E-26  4.035E-17  3.553E-17  4.827E-18
1.472E+02  1.057E-26  4.130E-17  3.639E-17  4.903E-18
1.459E+02  1.024E-26  3.964E-17  3.467E-17  4.969E-18
1.445E+02  1.057E-26  4.051E-17  3.546E-17  5.050E-18
1.432E+02  1.091E-26  4.144E-17  3.632E-17  5.125E-18
1.419E+02  1.085E-26  4.084E-17  3.563E-17  5.207E-18
1.406E+02  1.119E-26  4.175E-17  3.648E-17  5.273E-18
1.393E+02  1.143E-26  4.224E-17  3.692E-17  5.320E-18
1.380E+02  1.176E-26  4.308E-17  3.768E-17  5.400E-18
1.368E+02  1.214E-26  4.405E-17  3.856E-17  5.484E-18
1.355E+02  1.155E-26  4.152E-17  3.595E-17  5.569E-18
1.343E+02  1.166E-26  4.154E-17  3.588E-17  5.657E-18
1.330E+02  1.202E-26  4.241E-17  3.671E-17  5.696E-18
1.318E+02  1.238E-26  4.330E-17  3.759E-17  5.717E-18
1.306E+02  1.273E-26  4.410E-17  3.839E-17  5.711E-18
1.294E+02  1.313E-26  4.509E-17  3.929E-17  5.798E-18
1.282E+02  1.354E-26  4.606E-17  4.019E-17  5.865E-18
1.271E+02  1.308E-26  4.410E-17  3.815E-17  5.950E-18
1.259E+02  1.350E-26  4.507E-17  3.903E-17  6.040E-18
1.247E+02  1.390E-26  4.600E-17  3.987E-17  6.122E-18
1.236E+02  1.433E-26  4.698E-17  4.077E-17  6.213E-18
1.225E+02  1.440E-26  4.678E-17  4.048E-17  6.302E-18
1.213E+02  1.485E-26  4.779E-17  4.140E-17  6.395E-18
1.202E+02  1.530E-26  4.878E-17  4.229E-17  6.490E-18
1.191E+02  1.556E-26  4.916E-17  4.261E-17  6.550E-18
1.180E+02  1.598E-26  5.003E-17  4.338E-17  6.641E-18
1.169E+02  1.645E-26  5.104E-17  4.432E-17  6.725E-18
1.159E+02  1.547E-26  4.755E-17  4.073E-17  6.821E-18
1.148E+02  1.552E-26  4.727E-17  4.035E-17  6.920E-18
1.138E+02  1.597E-26  4.819E-17  4.123E-17  6.960E-18
1.127E+02  1.562E-26  4.671E-17  3.974E-17  6.974E-18
1.117E+02  1.609E-26  4.768E-17  4.062E-17  7.063E-18
1.107E+02  1.658E-26  4.866E-17  4.149E-17  7.166E-18
1.096E+02  1.708E-26  4.967E-17  4.241E-17  7.254E-18
1.086E+02  1.760E-26  5.071E-17  4.336E-17  7.353E-18
1.076E+02  1.794E-26  5.124E-17  4.378E-17  7.454E-18
1.067E+02  1.848E-26  5.227E-17  4.471E-17  7.561E-18
1.057E+02  1.903E-26  5.336E-17  4.570E-17  7.662E-18
1.047E+02  1.960E-26  5.444E-17  4.668E-17  7.767E-18
1.038E+02  2.018E-26  5.553E-17  4.766E-17  7.873E-18
1.028E+02  2.038E-26  5.556E-17  4.758E-17  7.983E-18
1.019E+02  2.038E-26  5.507E-17  4.700E-17  8.065E-18
1.009E+02  2.068E-26  5.537E-17  4.720E-17  8.169E-18
1.000E+02  2.130E-26  5.649E-17  4.821E-17  8.282E-18
9.908E+01  2.003E-26  5.264E-17  4.426E-17  8.380E-18
9.817E+01  2.062E-26  5.369E-17  4.520E-17  8.494E-18
9.727E+01  2.048E-26  5.285E-17  4.434E-17  8.514E-18
9.638E+01  2.108E-26  5.389E-17  4.526E-17  8.628E-18
9.550E+01  2.169E-26  5.495E-17  4.622E-17  8.731E-18
9.462E+01  2.233E-26  5.605E-17  4.721E-17  8.847E-18
9.376E+01  2.283E-26  5.678E-17  4.781E-17  8.964E-18
9.290E+01  2.345E-26  5.779E-17  4.872E-17  9.073E-18
9.204E+01  2.406E-26  5.874E-17  4.955E-17  9.190E-18
9.120E+01  2.476E-26  5.990E-17  5.059E-17  9.306E-18
9.036E+01  2.547E-26  6.106E-17  5.163E-17  9.428E-18
8.954E+01  2.620E-26  6.222E-17  5.268E-17  9.545E-18
8.872E+01  2.692E-26  6.335E-17  5.368E-17  9.666E-18
8.790E+01  2.754E-26  6.422E-17  5.443E-17  9.789E-18
8.710E+01  2.748E-26  6.348E-17  5.358E-17  9.900E-18
8.630E+01  2.818E-26  6.451E-17  5.448E-17  1.003E-17
8.551E+01  2.897E-26  6.570E-17  5.556E-17  1.014E-17
8.472E+01  2.758E-26  6.199E-17  5.172E-17  1.027E-17
8.395E+01  2.826E-26  6.294E-17  5.254E-17  1.040E-17
8.318E+01  2.906E-26  6.411E-17  5.360E-17  1.050E-17
8.241E+01  2.915E-26  6.372E-17  5.314E-17  1.058E-17
8.166E+01  2.985E-26  6.467E-17  5.396E-17  1.071E-17
8.091E+01  3.050E-26  6.546E-17  5.462E-17  1.083E-17
8.017E+01  3.135E-26  6.667E-17  5.570E-17  1.096E-17
7.943E+01  3.222E-26  6.789E-17  5.681E-17  1.108E-17
7.870E+01  3.312E-26  6.914E-17  5.792E-17  1.122E-17
7.798E+01  3.387E-26  7.006E-17  5.870E-17  1.135E-17
7.727E+01  3.474E-26  7.120E-17  5.972E-17  1.148E-17
7.656E+01  3.553E-26  7.216E-17  6.054E-17  1.162E-17
7.586E+01  3.622E-26  7.289E-17  6.114E-17  1.176E-17
7.516E+01  3.719E-26  7.415E-17  6.226E-17  1.189E-17
7.447E+01  3.812E-26  7.531E-17  6.328E-17  1.203E-17
7.379E+01  3.741E-26  7.323E-17  6.107E-17  1.216E-17
7.311E+01  3.837E-26  7.442E-17  6.212E-17  1.229E-17
7.244E+01  3.817E-26  7.334E-17  6.091E-17  1.243E-17
7.178E+01  3.856E-26  7.341E-17  6.085E-17  1.257E-17
7.112E+01  3.932E-26  7.418E-17  6.147E-17  1.270E-17
7.047E+01  4.038E-26  7.548E-17  6.266E-17  1.282E-17
6.982E+01  4.107E-26  7.607E-17  6.311E-17  1.295E-17
6.918E+01  4.219E-26  7.742E-17  6.432E-17  1.310E-17
6.855E+01  4.331E-26  7.875E-17  6.552E-17  1.323E-17
6.792E+01  4.438E-26  7.995E-17  6.657E-17  1.338E-17
6.730E+01  4.555E-26  8.132E-17  6.781E-17  1.351E-17
6.668E+01  4.672E-26  8.263E-17  6.898E-17  1.366E-17
6.607E+01  4.778E-26  8.373E-17  6.993E-17  1.380E-17
6.546E+01  4.802E-26  8.339E-17  6.944E-17  1.395E-17
6.486E+01  4.929E-26  8.481E-17  7.072E-17  1.409E-17
6.427E+01  5.059E-26  8.625E-17  7.202E-17  1.424E-17
6.368E+01  5.176E-26  8.743E-17  7.305E-17  1.438E-17
6.310E+01  5.245E-26  8.778E-17  7.325E-17  1.453E-17
6.252E+01  5.383E-26  8.926E-17  7.458E-17  1.468E-17
6.194E+01  5.522E-26  9.073E-17  7.592E-17  1.481E-17
6.138E+01  5.655E-26  9.207E-17  7.711E-17  1.496E-17
6.081E+01  5.796E-26  9.350E-17  7.839E-17  1.511E-17
6.026E+01  5.912E-26  9.449E-17  7.923E-17  1.526E-17
5.970E+01  6.010E-26  9.519E-17  7.979E-17  1.540E-17
5.916E+01  6.165E-26  9.674E-17  8.119E-17  1.555E-17
5.861E+01  6.262E-26  9.736E-17  8.167E-17  1.569E-17
5.808E+01  6.382E-26  9.832E-17  8.249E-17  1.583E-17
5.754E+01  6.537E-26  9.978E-17  8.380E-17  1.598E-17
5.702E+01  6.686E-26  1.011E-16  8.500E-17  1.612E-17
5.649E+01  6.847E-26  1.026E-16  8.634E-17  1.627E-17
5.598E+01  7.007E-26  1.040E-16  8.763E-17  1.641E-17
5.546E+01  7.151E-26  1.052E-16  8.865E-17  1.655E-17
5.495E+01  7.328E-26  1.068E-16  9.012E-17  1.670E-17
5.445E+01  7.504E-26  1.084E-16  9.154E-17  1.684E-17
5.395E+01  7.662E-26  1.096E-16  9.265E-17  1.699E-17
5.346E+01  7.849E-26  1.113E-16  9.416E-17  1.714E-17
5.297E+01  7.995E-26  1.123E-16  9.505E-17  1.727E-17
5.248E+01  8.177E-26  1.138E-16  9.642E-17  1.742E-17
5.200E+01  8.337E-26  1.150E-16  9.744E-17  1.756E-17
5.152E+01  8.538E-26  1.167E-16  9.899E-17  1.770E-17
5.105E+01  8.657E-26  1.172E-16  9.939E-17  1.784E-17
5.058E+01  8.863E-26  1.189E-16  1.009E-16  1.797E-17
5.012E+01  9.026E-26  1.200E-16  1.019E-16  1.811E-17
4.966E+01  9.229E-26  1.216E-16  1.033E-16  1.825E-17
4.920E+01  9.445E-26  1.233E-16  1.049E-16  1.838E-17
4.875E+01  9.635E-26  1.246E-16  1.061E-16  1.851E-17
4.831E+01  9.853E-26  1.262E-16  1.076E-16  1.864E-17
4.786E+01  1.008E-25  1.279E-16  1.092E-16  1.877E-17
4.742E+01  1.031E-25  1.297E-16  1.108E-16  1.890E-17
4.699E+01  1.054E-25  1.313E-16  1.123E-16  1.903E-17
4.656E+01  1.074E-25  1.326E-16  1.134E-16  1.916E-17
4.613E+01  1.097E-25  1.342E-16  1.149E-16  1.928E-17
4.571E+01  1.120E-25  1.358E-16  1.164E-16  1.941E-17
4.529E+01  1.143E-25  1.373E-16  1.178E-16  1.953E-17
4.487E+01  1.168E-25  1.390E-16  1.194E-16  1.965E-17
4.446E+01  1.192E-25  1.406E-16  1.208E-16  1.977E-17
4.406E+01  1.213E-25  1.417E-16  1.218E-16  1.989E-17
4.365E+01  1.237E-25  1.433E-16  1.233E-16  2.001E-17
4.325E+01  1.264E-25  1.450E-16  1.248E-16  2.013E-17
4.285E+01  1.287E-25  1.463E-16  1.260E-16  2.024E-17
4.246E+01  1.310E-25  1.476E-16  1.273E-16  2.035E-17
4.207E+01  1.335E-25  1.489E-16  1.285E-16  2.047E-17
4.169E+01  1.362E-25  1.506E-16  1.300E-16  2.057E-17
4.130E+01  1.388E-25  1.521E-16  1.314E-16  2.068E-17
4.093E+01  1.414E-25  1.535E-16  1.327E-16  2.078E-17
4.055E+01  1.441E-25  1.550E-16  1.341E-16  2.087E-17
4.018E+01  1.468E-25  1.565E-16  1.355E-16  2.097E-17
3.981E+01  1.497E-25  1.581E-16  1.370E-16  2.106E-17
3.945E+01  1.526E-25  1.597E-16  1.385E-16  2.115E-17
3.908E+01  1.555E-25  1.612E-16  1.400E-16  2.124E-17
3.873E+01  1.584E-25  1.628E-16  1.414E-16  2.132E-17
3.837E+01  1.613E-25  1.641E-16  1.427E-16  2.140E-17
3.802E+01  1.641E-25  1.655E-16  1.440E-16  2.147E-17
3.767E+01  1.669E-25  1.668E-16  1.452E-16  2.154E-17
3.733E+01  1.697E-25  1.680E-16  1.464E-16  2.160E-17
3.698E+01  1.728E-25  1.695E-16  1.478E-16  2.165E-17
3.664E+01  1.759E-25  1.710E-16  1.493E-16  2.170E-17
3.631E+01  1.790E-25  1.724E-16  1.507E-16  2.175E-17
3.597E+01  1.816E-25  1.733E-16  1.515E-16  2.179E-17
3.565E+01  1.848E-25  1.747E-16  1.528E-16  2.184E-17
3.532E+01  1.880E-25  1.761E-16  1.542E-16  2.188E-17
3.499E+01  1.910E-25  1.773E-16  1.554E-16  2.192E-17
3.467E+01  1.940E-25  1.784E-16  1.564E-16  2.196E-17
3.436E+01  1.973E-25  1.798E-16  1.578E-16  2.200E-17
3.404E+01  2.005E-25  1.810E-16  1.590E-16  2.204E-17
3.373E+01  2.036E-25  1.821E-16  1.601E-16  2.208E-17
3.342E+01  2.070E-25  1.835E-16  1.614E-16  2.212E-17
3.311E+01  2.104E-25  1.848E-16  1.627E-16  2.216E-17
3.281E+01  2.139E-25  1.862E-16  1.639E-16  2.220E-17
3.251E+01  2.170E-25  1.872E-16  1.649E-16  2.225E-17
3.221E+01  2.206E-25  1.885E-16  1.662E-16  2.229E-17
3.192E+01  2.240E-25  1.896E-16  1.673E-16  2.233E-17
3.162E+01  2.273E-25  1.907E-16  1.683E-16  2.237E-17
3.133E+01  2.310E-25  1.920E-16  1.696E-16  2.241E-17
3.105E+01  2.344E-25  1.930E-16  1.705E-16  2.245E-17
3.076E+01  2.380E-25  1.942E-16  1.717E-16  2.248E-17
3.048E+01  2.417E-25  1.954E-16  1.729E-16  2.252E-17
3.020E+01  2.454E-25  1.966E-16  1.740E-16  2.255E-17
2.992E+01  2.493E-25  1.979E-16  1.753E-16  2.259E-17
2.965E+01  2.529E-25  1.989E-16  1.763E-16  2.261E-17
2.938E+01  2.569E-25  2.002E-16  1.775E-16  2.263E-17
2.911E+01  2.607E-25  2.013E-16  1.787E-16  2.265E-17
2.884E+01  2.647E-25  2.025E-16  1.798E-16  2.267E-17
2.858E+01  2.687E-25  2.037E-16  1.810E-16  2.268E-17
2.831E+01  2.729E-25  2.050E-16  1.823E-16  2.269E-17
2.805E+01  2.772E-25  2.063E-16  1.836E-16  2.271E-17
2.780E+01  2.816E-25  2.076E-16  1.849E-16  2.272E-17
2.754E+01  2.860E-25  2.090E-16  1.862E-16  2.272E-17
2.729E+01  2.902E-25  2.101E-16  1.873E-16  2.273E-17
2.704E+01  2.949E-25  2.115E-16  1.888E-16  2.274E-17
2.679E+01  2.997E-25  2.130E-16  1.902E-16  2.274E-17
2.655E+01  3.043E-25  2.143E-16  1.915E-16  2.275E-17
2.630E+01  3.092E-25  2.157E-16  1.930E-16  2.275E-17
2.606E+01  3.139E-25  2.170E-16  1.943E-16  2.275E-17
2.582E+01  3.191E-25  2.185E-16  1.958E-16  2.275E-17
2.559E+01  3.243E-25  2.201E-16  1.974E-16  2.275E-17
2.535E+01  3.296E-25  2.217E-16  1.989E-16  2.274E-17
2.512E+01  3.351E-25  2.233E-16  2.006E-16  2.274E-17
2.489E+01  3.406E-25  2.248E-16  2.021E-16  2.273E-17
2.466E+01  3.462E-25  2.265E-16  2.038E-16  2.271E-17
2.443E+01  3.518E-25  2.280E-16  2.054E-16  2.269E-17
2.421E+01  3.578E-25  2.298E-16  2.071E-16  2.266E-17
2.399E+01  3.639E-25  2.316E-16  2.089E-16  2.262E-17
2.377E+01  3.700E-25  2.332E-16  2.107E-16  2.258E-17
2.355E+01  3.762E-25  2.350E-16  2.124E-16  2.257E-17
2.333E+01  3.827E-25  2.369E-16  2.144E-16  2.254E-17
2.312E+01  3.894E-25  2.388E-16  2.164E-16  2.247E-17
2.291E+01  3.960E-25  2.406E-16  2.182E-16  2.242E-17
2.270E+01  4.029E-25  2.426E-16  2.202E-16  2.240E-17
2.249E+01  4.101E-25  2.447E-16  2.223E-16  2.241E-17
2.228E+01  4.175E-25  2.468E-16  2.243E-16  2.243E-17
2.208E+01  4.250E-25  2.489E-16  2.265E-16  2.243E-17
2.188E+01  4.325E-25  2.510E-16  2.286E-16  2.240E-17
2.168E+01  4.401E-25  2.530E-16  2.307E-16  2.234E-17
2.148E+01  4.481E-25  2.553E-16  2.330E-16  2.227E-17
2.128E+01  4.561E-25  2.575E-16  2.352E-16  2.224E-17
2.109E+01  4.645E-25  2.598E-16  2.376E-16  2.222E-17
2.089E+01  4.730E-25  2.622E-16  2.400E-16  2.219E-17
2.070E+01  4.817E-25  2.645E-16  2.424E-16  2.214E-17
2.051E+01  4.907E-25  2.670E-16  2.449E-16  2.208E-17
2.032E+01  5.000E-25  2.696E-16  2.475E-16  2.203E-17
2.014E+01  5.098E-25  2.723E-16  2.503E-16  2.207E-17
1.995E+01  5.201E-25  2.752E-16  2.532E-16  2.209E-17
1.977E+01  5.311E-25  2.785E-16  2.564E-16  2.209E-17
1.959E+01  5.427E-25  2.820E-16  2.599E-16  2.205E-17
1.941E+01  5.566E-25  2.866E-16  2.646E-16  2.195E-17
1.923E+01  5.758E-25  2.937E-16  2.719E-16  2.181E-17
1.905E+01  6.112E-25  3.089E-16  2.873E-16  2.161E-17
1.888E+01  6.424E-25  3.217E-16  3.004E-16  2.136E-17
1.871E+01  6.237E-25  3.095E-16  2.884E-16  2.105E-17
1.854E+01  6.253E-25  3.074E-16  2.867E-16  2.069E-17
1.837E+01  6.391E-25  3.113E-16  2.911E-16  2.028E-17
1.820E+01  6.614E-25  3.193E-16  2.994E-16  1.981E-17
1.803E+01  6.986E-25  3.341E-16  3.148E-16  1.931E-17
1.786E+01  7.558E-25  3.581E-16  3.394E-16  1.877E-17
1.770E+01  7.751E-25  3.639E-16  3.457E-16  1.820E-17
1.754E+01  8.350E-25  3.885E-16  3.709E-16  1.758E-17
1.738E+01  9.632E-25  4.440E-16  4.271E-16  1.695E-17
1.722E+01  9.625E-25  4.396E-16  4.233E-16  1.629E-17
1.706E+01  9.814E-25  4.441E-16  4.285E-16  1.565E-17
1.690E+01  9.695E-25  4.347E-16  4.197E-16  1.501E-17
1.675E+01  9.389E-25  4.172E-16  4.028E-16  1.436E-17
1.660E+01  9.647E-25  4.247E-16  4.110E-16  1.371E-17
1.644E+01  1.127E-24  4.916E-16  4.785E-16  1.307E-17
1.629E+01  8.774E-25  3.792E-16  3.667E-16  1.244E-17
1.614E+01  7.788E-25  3.335E-16  3.217E-16  1.184E-17
1.600E+01  7.490E-25  3.178E-16  3.065E-16  1.126E-17
1.585E+01  7.323E-25  3.079E-16  2.972E-16  1.070E-17
1.570E+01  7.116E-25  2.964E-16  2.862E-16  1.017E-17
1.556E+01  7.004E-25  2.891E-16  2.794E-16  9.665E-18
1.542E+01  6.943E-25  2.839E-16  2.748E-16  9.185E-18
1.528E+01  6.911E-25  2.800E-16  2.713E-16  8.733E-18
1.514E+01  6.898E-25  2.770E-16  2.686E-16  8.308E-18
1.500E+01  6.906E-25  2.747E-16  2.668E-16  7.917E-18
1.486E+01  6.935E-25  2.734E-16  2.658E-16  7.541E-18
1.472E+01  7.000E-25  2.734E-16  2.662E-16  7.186E-18
1.459E+01  7.125E-25  2.757E-16  2.689E-16  6.854E-18
1.445E+01  7.381E-25  2.830E-16  2.764E-16  6.569E-18
1.432E+01  7.926E-25  3.011E-16  2.948E-16  6.328E-18
1.419E+01  8.549E-25  3.218E-16  3.156E-16  6.143E-18
1.406E+01  8.308E-25  3.099E-16  3.039E-16  6.014E-18
1.393E+01  8.244E-25  3.046E-16  2.987E-16  5.952E-18
1.380E+01  8.692E-25  3.183E-16  3.123E-16  5.943E-18
1.368E+01  9.639E-25  3.497E-16  3.437E-16  5.992E-18
1.355E+01  1.084E-24  3.896E-16  3.835E-16  6.075E-18
1.343E+01  1.122E-24  3.998E-16  3.936E-16  6.183E-18
1.330E+01  1.070E-24  3.775E-16  3.712E-16  6.298E-18
1.318E+01  1.048E-24  3.665E-16  3.601E-16  6.423E-18
1.306E+01  1.109E-24  3.842E-16  3.776E-16  6.545E-18
1.294E+01  1.273E-24  4.371E-16  4.305E-16  6.678E-18
1.282E+01  1.572E-24  5.346E-16  5.278E-16  6.836E-18
1.271E+01  1.951E-24  6.576E-16  6.506E-16  7.006E-18
1.259E+01  2.085E-24  6.963E-16  6.891E-16  7.180E-18
1.247E+01  1.834E-24  6.068E-16  5.994E-16  7.353E-18
1.236E+01  1.571E-24  5.150E-16  5.075E-16  7.523E-18
1.225E+01  1.486E-24  4.828E-16  4.751E-16  7.679E-18
1.213E+01  1.564E-24  5.034E-16  4.955E-16  7.857E-18
1.202E+01  1.674E-24  5.338E-16  5.257E-16  8.064E-18
1.191E+01  1.620E-24  5.120E-16  5.038E-16  8.272E-18
1.180E+01  1.475E-24  4.618E-16  4.533E-16  8.479E-18
1.169E+01  1.441E-24  4.471E-16  4.384E-16  8.677E-18
1.159E+01  1.637E-24  5.033E-16  4.944E-16  8.843E-18
1.148E+01  2.214E-24  6.742E-16  6.652E-16  9.005E-18
1.138E+01  3.181E-24  9.599E-16  9.507E-16  9.188E-18
1.127E+01  4.243E-24  1.269E-15  1.259E-15  9.386E-18
1.117E+01  3.005E-24  8.904E-16  8.808E-16  9.601E-18
1.107E+01  1.555E-24  4.566E-16  4.468E-16  9.823E-18
1.096E+01  1.074E-24  3.124E-16  3.024E-16  1.003E-17
1.086E+01  8.530E-25  2.458E-16  2.356E-16  1.025E-17
1.076E+01  7.369E-25  2.104E-16  1.999E-16  1.051E-17
1.067E+01  6.689E-25  1.892E-16  1.784E-16  1.081E-17
1.057E+01  6.099E-25  1.710E-16  1.598E-16  1.114E-17
1.047E+01  5.712E-25  1.586E-16  1.472E-16  1.146E-17
1.038E+01  5.456E-25  1.502E-16  1.385E-16  1.170E-17
1.028E+01  5.278E-25  1.439E-16  1.321E-16  1.184E-17
1.019E+01  5.153E-25  1.392E-16  1.273E-16  1.190E-17
1.009E+01  5.069E-25  1.357E-16  1.238E-16  1.193E-17
1.000E+01  5.020E-25  1.332E-16  1.212E-16  1.195E-17
9.908E+00  5.003E-25  1.315E-16  1.195E-16  1.200E-17
9.817E+00  5.017E-25  1.306E-16  1.186E-16  1.206E-17
9.727E+00  5.060E-25  1.306E-16  1.184E-16  1.213E-17
9.638E+00  5.136E-25  1.313E-16  1.191E-16  1.218E-17
9.550E+00  5.244E-25  1.328E-16  1.207E-16  1.216E-17
9.462E+00  5.391E-25  1.353E-16  1.233E-16  1.202E-17
9.376E+00  5.585E-25  1.389E-16  1.272E-16  1.172E-17
9.290E+00  5.842E-25  1.439E-16  1.327E-16  1.127E-17
9.204E+00  6.189E-25  1.511E-16  1.404E-16  1.067E-17
9.120E+00  6.670E-25  1.614E-16  1.514E-16  9.957E-18
9.036E+00  7.362E-25  1.765E-16  1.673E-16  9.177E-18
8.954E+00  8.404E-25  1.996E-16  1.912E-16  8.390E-18
8.872E+00  1.005E-24  2.366E-16  2.289E-16  7.646E-18
8.790E+00  1.276E-24  2.975E-16  2.906E-16  6.969E-18
8.710E+00  1.690E-24  3.904E-16  3.841E-16  6.373E-18
8.630E+00  2.079E-24  4.759E-16  4.700E-16  5.856E-18
8.551E+00  2.035E-24  4.617E-16  4.563E-16  5.405E-18
8.472E+00  1.771E-24  3.980E-16  3.930E-16  4.986E-18
8.395E+00  1.637E-24  3.645E-16  3.599E-16  4.562E-18
8.318E+00  1.630E-24  3.597E-16  3.556E-16  4.111E-18
8.241E+00  1.703E-24  3.723E-16  3.687E-16  3.634E-18
8.166E+00  1.883E-24  4.079E-16  4.048E-16  3.143E-18
8.091E+00  2.226E-24  4.776E-16  4.749E-16  2.700E-18
8.017E+00  2.771E-24  5.893E-16  5.870E-16  2.304E-18
7.943E+00  3.486E-24  7.344E-16  7.325E-16  1.961E-18
7.870E+00  4.113E-24  8.587E-16  8.571E-16  1.666E-18
7.798E+00  4.343E-24  8.983E-16  8.969E-16  1.417E-18
7.727E+00  4.375E-24  8.968E-16  8.956E-16  1.211E-18
7.656E+00  4.518E-24  9.176E-16  9.165E-16  1.045E-18
7.586E+00  4.405E-24  8.863E-16  8.854E-16  9.118E-19
7.516E+00  3.711E-24  7.399E-16  7.390E-16  8.103E-19
7.447E+00  2.928E-24  5.785E-16  5.778E-16  7.361E-19
7.379E+00  2.353E-24  4.606E-16  4.600E-16  6.797E-19
7.311E+00  1.955E-24  3.791E-16  3.784E-16  6.408E-19
7.244E+00  1.663E-24  3.196E-16  3.190E-16  6.114E-19
7.178E+00  1.441E-24  2.743E-16  2.737E-16  5.879E-19
7.112E+00  1.270E-24  2.395E-16  2.390E-16  5.719E-19
7.047E+00  1.143E-24  2.137E-16  2.131E-16  5.602E-19
6.982E+00  1.057E-24  1.958E-16  1.953E-16  5.494E-19
6.918E+00  1.011E-24  1.854E-16  1.849E-16  5.406E-19
6.855E+00  9.995E-25  1.817E-16  1.812E-16  5.326E-19
6.792E+00  1.014E-24  1.827E-16  1.821E-16  5.249E-19
6.730E+00  1.029E-24  1.836E-16  1.831E-16  5.177E-19
6.668E+00  1.015E-24  1.795E-16  1.790E-16  5.106E-19
6.607E+00  9.724E-25  1.704E-16  1.699E-16  5.033E-19
6.546E+00  9.378E-25  1.628E-16  1.623E-16  4.962E-19
6.486E+00  9.571E-25  1.647E-16  1.642E-16  4.890E-19
6.427E+00  1.083E-24  1.846E-16  1.842E-16  4.817E-19
6.368E+00  1.414E-24  2.388E-16  2.383E-16  4.744E-19
6.310E+00  2.154E-24  3.605E-16  3.601E-16  4.670E-19
6.252E+00  3.354E-24  5.561E-16  5.557E-16  4.595E-19
6.194E+00  3.398E-24  5.583E-16  5.578E-16  4.519E-19
6.138E+00  2.118E-24  3.448E-16  3.443E-16  4.438E-19
6.081E+00  1.262E-24  2.035E-16  2.031E-16  4.360E-19
6.026E+00  8.408E-25  1.344E-16  1.340E-16  4.284E-19
5.970E+00  6.272E-25  9.932E-17  9.890E-17  4.210E-19
5.916E+00  5.157E-25  8.093E-17  8.052E-17  4.138E-19
5.861E+00  4.664E-25  7.252E-17  7.211E-17  4.069E-19
5.808E+00  4.706E-25  7.249E-17  7.209E-17  4.003E-19
5.754E+00  5.283E-25  8.063E-17  8.024E-17  3.940E-19
5.702E+00  5.691E-25  8.606E-17  8.568E-17  3.879E-19
5.649E+00  4.798E-25  7.190E-17  7.152E-17  3.820E-19
5.598E+00  3.653E-25  5.424E-17  5.387E-17  3.764E-19
5.546E+00  2.948E-25  4.337E-17  4.300E-17  3.710E-19
5.495E+00  2.574E-25  3.752E-17  3.715E-17  3.659E-19
5.445E+00  2.412E-25  3.484E-17  3.448E-17  3.610E-19
5.395E+00  2.439E-25  3.491E-17  3.455E-17  3.563E-19
5.346E+00  2.704E-25  3.835E-17  3.800E-17  3.517E-19
5.297E+00  3.142E-25  4.414E-17  4.379E-17  3.474E-19
5.248E+00  3.071E-25  4.275E-17  4.240E-17  3.432E-19
5.200E+00  2.437E-25  3.361E-17  3.327E-17  3.392E-19
5.152E+00  1.943E-25  2.655E-17  2.622E-17  3.353E-19
5.105E+00  1.657E-25  2.243E-17  2.210E-17  3.316E-19
5.058E+00  1.484E-25  1.992E-17  1.959E-17  3.281E-19
5.012E+00  1.371E-25  1.823E-17  1.790E-17  3.247E-19
4.966E+00  1.290E-25  1.699E-17  1.666E-17  3.215E-19
4.920E+00  1.227E-25  1.602E-17  1.570E-17  3.183E-19
4.875E+00  1.178E-25  1.523E-17  1.491E-17  3.153E-19
4.831E+00  1.136E-25  1.456E-17  1.425E-17  3.123E-19
4.786E+00  1.101E-25  1.398E-17  1.367E-17  3.094E-19
4.742E+00  1.071E-25  1.347E-17  1.316E-17  3.066E-19
4.699E+00  1.044E-25  1.302E-17  1.271E-17  3.039E-19
4.656E+00  1.021E-25  1.260E-17  1.230E-17  3.012E-19
4.613E+00  9.994E-26  1.223E-17  1.193E-17  2.986E-19
4.571E+00  9.803E-26  1.189E-17  1.159E-17  2.961E-19
4.529E+00  9.629E-26  1.157E-17  1.127E-17  2.935E-19
4.487E+00  9.471E-26  1.127E-17  1.098E-17  2.911E-19
4.446E+00  9.327E-26  1.100E-17  1.071E-17  2.887E-19
4.406E+00  9.195E-26  1.075E-17  1.046E-17  2.863E-19
4.365E+00  9.074E-26  1.051E-17  1.022E-17  2.841E-19
4.325E+00  8.962E-26  1.028E-17  1.000E-17  2.818E-19
4.285E+00  8.861E-26  1.007E-17  9.793E-18  2.796E-19
4.246E+00  8.767E-26  9.875E-18  9.598E-18  2.774E-19
4.207E+00  8.682E-26  9.690E-18  9.415E-18  2.752E-19
4.169E+00  8.605E-26  9.516E-18  9.243E-18  2.730E-19
4.130E+00  8.536E-26  9.352E-18  9.082E-18  2.708E-19
4.093E+00  8.474E-26  9.199E-18  8.931E-18  2.684E-19
4.055E+00  8.419E-26  9.056E-18  8.790E-18  2.661E-19
4.018E+00  8.373E-26  8.924E-18  8.660E-18  2.637E-19
3.981E+00  8.336E-26  8.803E-18  8.542E-18  2.614E-19
3.945E+00  8.308E-26  8.693E-18  8.434E-18  2.590E-19
3.908E+00  8.291E-26  8.596E-18  8.339E-18  2.567E-19
3.873E+00  8.286E-26  8.512E-18  8.257E-18  2.543E-19
3.837E+00  8.296E-26  8.444E-18  8.192E-18  2.520E-19
3.802E+00  8.323E-26  8.394E-18  8.144E-18  2.497E-19
3.767E+00  8.372E-26  8.365E-18  8.118E-18  2.475E-19
3.733E+00  8.447E-26  8.363E-18  8.118E-18  2.452E-19
3.698E+00  8.558E-26  8.395E-18  8.152E-18  2.429E-19
3.664E+00  8.715E-26  8.471E-18  8.231E-18  2.407E-19
3.631E+00  8.937E-26  8.608E-18  8.369E-18  2.384E-19
3.597E+00  9.251E-26  8.828E-18  8.592E-18  2.362E-19
3.565E+00  9.702E-26  9.173E-18  8.939E-18  2.339E-19
3.532E+00  1.036E-25  9.710E-18  9.479E-18  2.317E-19
3.499E+00  1.138E-25  1.056E-17  1.033E-17  2.294E-19
3.467E+00  1.302E-25  1.197E-17  1.175E-17  2.272E-19
3.436E+00  1.589E-25  1.448E-17  1.426E-17  2.249E-19
3.404E+00  2.156E-25  1.947E-17  1.925E-17  2.226E-19
3.373E+00  3.510E-25  3.141E-17  3.119E-17  2.204E-19
3.342E+00  7.998E-25  7.090E-17  7.068E-17  2.181E-19
3.311E+00  3.025E-24  2.657E-16  2.655E-16  2.158E-19
3.281E+00  2.066E-24  1.798E-16  1.796E-16  2.134E-19
3.251E+00  5.901E-25  5.089E-17  5.067E-17  2.110E-19
3.221E+00  2.818E-25  2.408E-17  2.387E-17  2.086E-19
3.192E+00  1.798E-25  1.522E-17  1.502E-17  2.061E-19
3.162E+00  1.347E-25  1.130E-17  1.110E-17  2.037E-19
3.133E+00  1.110E-25  9.227E-18  9.026E-18  2.013E-19
3.105E+00  9.699E-26  7.987E-18  7.788E-18  1.990E-19
3.076E+00  8.797E-26  7.178E-18  6.982E-18  1.967E-19
3.048E+00  8.179E-26  6.612E-18  6.418E-18  1.945E-19
3.020E+00  7.733E-26  6.194E-18  6.002E-18  1.923E-19
2.992E+00  7.397E-26  5.871E-18  5.681E-18  1.901E-19
2.965E+00  7.134E-26  5.611E-18  5.423E-18  1.879E-19
2.938E+00  6.924E-26  5.395E-18  5.209E-18  1.858E-19
2.911E+00  6.749E-26  5.211E-18  5.028E-18  1.836E-19
2.884E+00  6.602E-26  5.051E-18  4.869E-18  1.814E-19
2.858E+00  6.475E-26  4.908E-18  4.728E-18  1.793E-19
2.831E+00  6.363E-26  4.779E-18  4.601E-18  1.772E-19
2.805E+00  6.262E-26  4.660E-18  4.485E-18  1.750E-19
2.780E+00  6.171E-26  4.550E-18  4.377E-18  1.729E-19
2.754E+00  6.088E-26  4.448E-18  4.277E-18  1.708E-19
2.729E+00  6.010E-26  4.351E-18  4.182E-18  1.687E-19
2.704E+00  5.937E-26  4.258E-18  4.092E-18  1.666E-19
2.679E+00  5.868E-26  4.170E-18  4.005E-18  1.645E-19
2.655E+00  5.802E-26  4.085E-18  3.923E-18  1.625E-19
2.630E+00  5.738E-26  4.003E-18  3.843E-18  1.604E-19
2.606E+00  5.677E-26  3.924E-18  3.766E-18  1.584E-19
2.582E+00  5.617E-26  3.847E-18  3.691E-18  1.564E-19
2.559E+00  5.559E-26  3.773E-18  3.618E-18  1.543E-19
2.535E+00  5.502E-26  3.700E-18  3.547E-18  1.523E-19
2.512E+00  5.445E-26  3.628E-18  3.478E-18  1.504E-19
2.489E+00  5.390E-26  3.558E-18  3.410E-18  1.484E-19
2.466E+00  5.334E-26  3.489E-18  3.343E-18  1.464E-19
2.443E+00  5.279E-26  3.422E-18  3.277E-18  1.445E-19
2.421E+00  5.224E-26  3.355E-18  3.212E-18  1.426E-19
2.399E+00  5.170E-26  3.290E-18  3.149E-18  1.407E-19
2.377E+00  5.117E-26  3.226E-18  3.087E-18  1.388E-19
2.355E+00  5.064E-26  3.163E-18  3.027E-18  1.369E-19
2.333E+00  5.011E-26  3.102E-18  2.967E-18  1.350E-19
2.312E+00  4.959E-26  3.041E-18  2.908E-18  1.331E-19
2.291E+00  4.906E-26  2.981E-18  2.850E-18  1.312E-19
2.270E+00  4.853E-26  2.922E-18  2.793E-18  1.293E-19
2.249E+00  4.800E-26  2.863E-18  2.736E-18  1.275E-19
2.228E+00  4.746E-26  2.805E-18  2.680E-18  1.256E-19
2.208E+00  4.691E-26  2.747E-18  2.624E-18  1.238E-19
2.188E+00  4.635E-26  2.690E-18  2.568E-18  1.219E-19
2.168E+00  4.578E-26  2.632E-18  2.512E-18  1.201E-19
2.148E+00  4.519E-26  2.574E-18  2.456E-18  1.183E-19
2.128E+00  4.457E-26  2.516E-18  2.399E-18  1.165E-19
2.109E+00  4.392E-26  2.457E-18  2.342E-18  1.148E-19
2.089E+00  4.323E-26  2.396E-18  2.283E-18  1.130E-19
2.070E+00  4.249E-26  2.333E-18  2.222E-18  1.113E-19
2.051E+00  4.168E-26  2.268E-18  2.158E-18  1.095E-19
2.032E+00  4.078E-26  2.199E-18  2.091E-18  1.078E-19
2.014E+00  3.979E-26  2.125E-18  2.019E-18  1.061E-19
1.995E+00  3.867E-26  2.047E-18  1.942E-18  1.044E-19
1.977E+00  3.743E-26  1.963E-18  1.860E-18  1.027E-19
1.959E+00  3.610E-26  1.876E-18  1.775E-18  1.010E-19
1.941E+00  3.482E-26  1.793E-18  1.693E-18  9.939E-20
1.923E+00  3.381E-26  1.725E-18  1.627E-18  9.774E-20
1.905E+00  3.332E-26  1.684E-18  1.588E-18  9.611E-20
1.888E+00  3.343E-26  1.674E-18  1.580E-18  9.448E-20
1.871E+00  3.396E-26  1.685E-18  1.593E-18  9.287E-20
1.854E+00  3.464E-26  1.703E-18  1.612E-18  9.128E-20
1.837E+00  3.523E-26  1.716E-18  1.627E-18  8.971E-20
1.820E+00  3.566E-26  1.721E-18  1.633E-18  8.815E-20
1.803E+00  3.592E-26  1.718E-18  1.631E-18  8.660E-20
1.786E+00  3.603E-26  1.707E-18  1.622E-18  8.507E-20
1.770E+00  3.603E-26  1.692E-18  1.608E-18  8.356E-20
1.754E+00  3.595E-26  1.672E-18  1.590E-18  8.208E-20
1.738E+00  3.580E-26  1.650E-18  1.570E-18  8.061E-20
1.722E+00  3.562E-26  1.627E-18  1.548E-18  7.916E-20
1.706E+00  3.540E-26  1.602E-18  1.524E-18  7.773E-20
1.690E+00  3.516E-26  1.577E-18  1.500E-18  7.631E-20
1.675E+00  3.491E-26  1.551E-18  1.476E-18  7.490E-20
1.660E+00  3.466E-26  1.526E-18  1.452E-18  7.351E-20
1.644E+00  3.440E-26  1.500E-18  1.428E-18  7.214E-20
1.629E+00  3.414E-26  1.476E-18  1.405E-18  7.077E-20
1.614E+00  3.389E-26  1.451E-18  1.382E-18  6.942E-20
1.600E+00  3.365E-26  1.428E-18  1.360E-18  6.807E-20
1.585E+00  3.342E-26  1.405E-18  1.338E-18  6.675E-20
1.570E+00  3.321E-26  1.383E-18  1.318E-18  6.543E-20
1.556E+00  3.302E-26  1.363E-18  1.299E-18  6.414E-20
1.542E+00  3.286E-26  1.344E-18  1.281E-18  6.285E-20
1.528E+00  3.272E-26  1.326E-18  1.264E-18  6.157E-20
1.514E+00  3.263E-26  1.310E-18  1.250E-18  6.031E-20
1.500E+00  3.258E-26  1.296E-18  1.237E-18  5.906E-20
1.486E+00  3.257E-26  1.284E-18  1.226E-18  5.783E-20
1.472E+00  3.263E-26  1.274E-18  1.218E-18  5.661E-20
1.459E+00  3.275E-26  1.267E-18  1.212E-18  5.540E-20
1.445E+00  3.296E-26  1.264E-18  1.209E-18  5.422E-20
1.432E+00  3.327E-26  1.264E-18  1.211E-18  5.305E-20
1.419E+00  3.369E-26  1.268E-18  1.216E-18  5.189E-20
1.406E+00  3.425E-26  1.277E-18  1.227E-18  5.075E-20
1.393E+00  3.498E-26  1.293E-18  1.243E-18  4.963E-20
1.380E+00  3.592E-26  1.315E-18  1.267E-18  4.851E-20
1.368E+00  3.709E-26  1.346E-18  1.298E-18  4.741E-20
1.355E+00  3.855E-26  1.386E-18  1.339E-18  4.633E-20
1.343E+00  4.032E-26  1.436E-18  1.391E-18  4.525E-20
1.330E+00  4.243E-26  1.497E-18  1.453E-18  4.420E-20
1.318E+00  4.483E-26  1.567E-18  1.524E-18  4.316E-20
1.306E+00  4.738E-26  1.642E-18  1.599E-18  4.213E-20
1.294E+00  4.978E-26  1.709E-18  1.668E-18  4.112E-20
1.282E+00  5.154E-26  1.753E-18  1.713E-18  4.013E-20
1.271E+00  5.206E-26  1.755E-18  1.715E-18  3.916E-20
1.259E+00  5.090E-26  1.700E-18  1.662E-18  3.820E-20
1.247E+00  4.811E-26  1.592E-18  1.555E-18  3.727E-20
1.236E+00  4.422E-26  1.450E-18  1.413E-18  3.635E-20
1.225E+00  3.996E-26  1.298E-18  1.262E-18  3.546E-20
1.213E+00  3.592E-26  1.156E-18  1.122E-18  3.457E-20
1.202E+00  3.244E-26  1.035E-18  1.001E-18  3.370E-20
1.191E+00  2.962E-26  9.358E-19  9.030E-19  3.285E-20
1.180E+00  2.742E-26  8.586E-19  8.266E-19  3.200E-20
1.169E+00  2.581E-26  8.005E-19  7.693E-19  3.118E-20
1.159E+00  2.470E-26  7.592E-19  7.288E-19  3.036E-20
1.148E+00  2.407E-26  7.330E-19  7.034E-19  2.956E-20
1.138E+00  2.391E-26  7.215E-19  6.927E-19  2.878E-20
1.127E+00  2.426E-26  7.255E-19  6.975E-19  2.801E-20
1.117E+00  2.524E-26  7.478E-19  7.206E-19  2.725E-20
1.107E+00  2.704E-26  7.936E-19  7.671E-19  2.651E-20
1.096E+00  2.997E-26  8.716E-19  8.458E-19  2.578E-20
1.086E+00  3.450E-26  9.942E-19  9.691E-19  2.506E-20
1.076E+00  4.109E-26  1.173E-18  1.149E-18  2.436E-20
1.067E+00  4.935E-26  1.396E-18  1.373E-18  2.367E-20
1.057E+00  5.596E-26  1.569E-18  1.546E-18  2.299E-20
1.047E+00  5.484E-26  1.523E-18  1.501E-18  2.233E-20
1.038E+00  4.547E-26  1.251E-18  1.230E-18  2.168E-20
1.028E+00  3.443E-26  9.388E-19  9.178E-19  2.104E-20
1.019E+00  2.587E-26  6.989E-19  6.785E-19  2.042E-20
1.009E+00  2.007E-26  5.373E-19  5.174E-19  1.981E-20
1.000E+00  1.623E-26  4.304E-19  4.112E-19  1.922E-20
