Dust emission spectrum from Draine,B.T., & Li, A. (2007), ApJ, in press [astro-ph/0608003]
==========================================================
         7 = grain model
 4.000E-08 4.000E-01 4.500E-05 = a_01 (cm) , sigma_1 , b_C1
 2.000E-07 5.500E-01 1.500E-05 = a_02 (cm) , sigma_2 , b_C2
 2.000E+00 2.000E+00 1.000E+00 = Umin , Umax, beta (dN/dU propto U^{-beta})
 2.000E+00 = <U>       mmp83 = radfield
 2.000E-07 2.000E-06 = a_{min} (cm), a_{max} (cm)
 1.390E-24 8.780E-25 5.124E-25 = P(tot)  P(carb)  P(sil) (erg s-1 H-1)
 band     <nu*P_nu> <j_nu(tot)><j_nu(carb)><j_nu(sil)>
 (um)   (erg s-1 H-1)(Jy/(sr*H))(Jy/(sr*H))(Jy/(sr*H))
1.270E+00  1.725E-46  5.813E-39  5.813E-39  1.509E-51 COBE-DIRBE
2.220E+00  1.810E-38  1.066E-30  1.066E-30  4.033E-38 COBE-DIRBE
3.530E+00  2.681E-33  2.511E-25  2.510E-25  8.220E-30 COBE-DIRBE
4.880E+00  7.889E-31  1.021E-22  1.021E-22  1.388E-26 COBE-DIRBE
1.229E+01  2.526E-26  8.236E-18  8.003E-18  2.331E-19 COBE-DIRBE
2.079E+01  1.404E-25  7.742E-17  7.007E-17  7.342E-18 COBE-DIRBE
5.599E+01  7.082E-25  1.052E-15  8.073E-16  2.444E-16 COBE-DIRBE
9.770E+01  7.765E-25  2.012E-15  1.038E-15  9.748E-16 COBE-DIRBE
1.479E+02  5.157E-25  2.023E-15  7.761E-16  1.247E-15 COBE-DIRBE
2.479E+02  1.628E-25  1.070E-15  3.249E-16  7.453E-16 COBE-DIRBE
1.200E+01  1.570E-26  4.999E-18  4.900E-18  9.915E-20 IRAS
2.500E+01  1.868E-25  1.239E-16  1.109E-16  1.296E-17 IRAS
6.000E+01  7.240E-25  1.152E-15  8.523E-16  3.000E-16 IRAS
1.000E+02  7.690E-25  2.040E-15  1.029E-15  1.010E-15 IRAS
3.550E+00  2.248E-33  2.117E-25  2.117E-25  5.042E-30 SST-IRAC
4.493E+00  1.738E-31  2.072E-23  2.071E-23  3.241E-27 SST-IRAC
5.731E+00  7.458E-29  1.134E-20  1.134E-20  6.217E-25 SST-IRAC
7.872E+00  2.688E-27  5.613E-19  5.592E-19  2.091E-21 SST-IRAC
2.368E+01  1.775E-25  1.115E-16  9.941E-17  1.207E-17 SST-MIPS
7.142E+01  7.205E-25  1.365E-15  9.004E-16  4.645E-16 SST-MIPS
1.559E+02  4.462E-25  1.845E-15  6.695E-16  1.176E-15 SST-MIPS
1.600E+01  6.650E-26  2.822E-17  2.673E-17  1.494E-18 SST-IRSPU
2.200E+01  1.677E-25  9.785E-17  8.754E-17  1.031E-17 SST-IRSPU
7.500E+01  6.194E-25  1.232E-15  8.180E-16  4.143E-16 Herschel-PACS
1.100E+02  5.597E-25  1.633E-15  8.144E-16  8.186E-16 Herschel-PACS
1.700E+02  3.404E-25  1.535E-15  5.568E-16  9.784E-16 Herschel-PACS
2.500E+02  1.389E-25  9.209E-16  2.738E-16  6.471E-16 Herschel-SPIRE
3.600E+02  3.924E-26  3.747E-16  1.064E-16  2.683E-16 Herschel-SPIRE
5.200E+02  9.655E-27  1.332E-16  3.579E-17  9.738E-17 Herschel-SPIRE
2.400E+00  6.504E-33  4.141E-25  4.140E-25  5.356E-29 Akari IRC NIR N2
3.200E+00  5.853E-33  4.968E-25  4.967E-25  5.439E-29 Akari IRC NIR N3
4.100E+00  3.571E-31  3.884E-23  3.883E-23  5.034E-27 Akari IRC NIR N4
7.000E+00  2.391E-27  4.439E-19  4.401E-19  3.791E-21 Akari IRC MIR-S S7
9.000E+00  5.044E-27  1.204E-18  1.184E-18  1.997E-20 Akari IRC MIR-S S9W
1.100E+01  1.226E-26  3.578E-18  3.510E-18  6.867E-20 Akari IRC MIR-S S11
1.500E+01  7.272E-26  2.894E-17  2.728E-17  1.659E-18 Akari IRC MIR-L L15
1.800E+01  1.179E-25  5.630E-17  5.127E-17  5.027E-18 Akari IRC MIR-L L18W
2.400E+01  1.711E-25  1.089E-16  9.722E-17  1.171E-17 Akari IRC MIR-L L24
6.500E+01  7.662E-25  1.321E-15  9.208E-16  4.004E-16 Akari FIS N60
8.000E+01  7.880E-25  1.672E-15  9.554E-16  7.167E-16 Akari FIS WIDE-S
1.400E+02  5.155E-25  1.914E-15  7.297E-16  1.185E-15 Akari FIS WIDE-L
1.600E+02  4.317E-25  1.832E-15  6.482E-16  1.184E-15 Akari FIS N160






lambda    nu*dP/dnu     j_nu    j_nu(carb.) j_nu(sil)
 (um)    (erg/(s*H)) (Jy/(sr*H) (Jy/(sr*H)) (Jy/(sr*H)
1.000E+04  5.046E-32  1.338E-20  1.224E-21  1.216E-20
9.908E+03  5.229E-32  1.374E-20  1.260E-21  1.248E-20
9.817E+03  5.419E-32  1.411E-20  1.298E-21  1.281E-20
9.727E+03  5.615E-32  1.449E-20  1.337E-21  1.315E-20
9.638E+03  5.819E-32  1.488E-20  1.377E-21  1.350E-20
9.550E+03  6.030E-32  1.527E-20  1.418E-21  1.386E-20
9.462E+03  6.248E-32  1.568E-20  1.461E-21  1.422E-20
9.376E+03  6.475E-32  1.610E-20  1.504E-21  1.460E-20
9.290E+03  6.709E-32  1.653E-20  1.550E-21  1.498E-20
9.204E+03  6.953E-32  1.698E-20  1.596E-21  1.538E-20
9.120E+03  7.205E-32  1.743E-20  1.644E-21  1.579E-20
9.036E+03  7.466E-32  1.790E-20  1.693E-21  1.620E-20
8.954E+03  7.736E-32  1.837E-20  1.744E-21  1.663E-20
8.872E+03  8.014E-32  1.886E-20  1.797E-21  1.706E-20
8.790E+03  8.303E-32  1.936E-20  1.851E-21  1.751E-20
8.710E+03  8.603E-32  1.988E-20  1.907E-21  1.797E-20
8.630E+03  8.913E-32  2.040E-20  1.964E-21  1.844E-20
8.551E+03  9.235E-32  2.095E-20  2.023E-21  1.892E-20
8.472E+03  9.569E-32  2.150E-20  2.084E-21  1.942E-20
8.395E+03  9.915E-32  2.208E-20  2.147E-21  1.993E-20
8.318E+03  1.027E-31  2.267E-20  2.212E-21  2.046E-20
8.241E+03  1.065E-31  2.327E-20  2.279E-21  2.099E-20
8.166E+03  1.103E-31  2.389E-20  2.348E-21  2.155E-20
8.091E+03  1.143E-31  2.453E-20  2.419E-21  2.212E-20
8.017E+03  1.185E-31  2.519E-20  2.492E-21  2.270E-20
7.943E+03  1.228E-31  2.587E-20  2.567E-21  2.330E-20
7.870E+03  1.272E-31  2.656E-20  2.645E-21  2.391E-20
7.798E+03  1.318E-31  2.727E-20  2.725E-21  2.455E-20
7.727E+03  1.366E-31  2.801E-20  2.808E-21  2.520E-20
7.656E+03  1.416E-31  2.876E-20  2.893E-21  2.587E-20
7.586E+03  1.468E-31  2.953E-20  2.981E-21  2.655E-20
7.516E+03  1.521E-31  3.033E-20  3.072E-21  2.726E-20
7.447E+03  1.577E-31  3.115E-20  3.165E-21  2.798E-20
7.379E+03  1.634E-31  3.199E-20  3.262E-21  2.872E-20
7.311E+03  1.694E-31  3.285E-20  3.361E-21  2.949E-20
7.244E+03  1.756E-31  3.374E-20  3.463E-21  3.027E-20
7.178E+03  1.820E-31  3.465E-20  3.569E-21  3.108E-20
7.112E+03  1.886E-31  3.559E-20  3.678E-21  3.191E-20
7.047E+03  1.955E-31  3.655E-20  3.790E-21  3.276E-20
6.982E+03  2.027E-31  3.754E-20  3.906E-21  3.363E-20
6.918E+03  2.101E-31  3.856E-20  4.025E-21  3.453E-20
6.855E+03  2.178E-31  3.960E-20  4.148E-21  3.545E-20
6.792E+03  2.258E-31  4.067E-20  4.275E-21  3.640E-20
6.730E+03  2.340E-31  4.178E-20  4.406E-21  3.737E-20
6.668E+03  2.426E-31  4.291E-20  4.541E-21  3.837E-20
6.607E+03  2.515E-31  4.408E-20  4.681E-21  3.939E-20
6.546E+03  2.607E-31  4.527E-20  4.824E-21  4.045E-20
6.486E+03  2.703E-31  4.651E-20  4.973E-21  4.153E-20
6.427E+03  2.802E-31  4.777E-20  5.125E-21  4.265E-20
6.368E+03  2.905E-31  4.908E-20  5.283E-21  4.379E-20
6.310E+03  3.012E-31  5.042E-20  5.445E-21  4.497E-20
6.252E+03  3.123E-31  5.179E-20  5.613E-21  4.618E-20
6.194E+03  3.238E-31  5.321E-20  5.786E-21  4.742E-20
6.138E+03  3.358E-31  5.467E-20  5.965E-21  4.870E-20
6.081E+03  3.482E-31  5.616E-20  6.149E-21  5.001E-20
6.026E+03  3.610E-31  5.770E-20  6.338E-21  5.136E-20
5.970E+03  3.744E-31  5.929E-20  6.534E-21  5.275E-20
5.916E+03  3.882E-31  6.091E-20  6.736E-21  5.418E-20
5.861E+03  4.026E-31  6.259E-20  6.945E-21  5.564E-20
5.808E+03  4.175E-31  6.431E-20  7.160E-21  5.715E-20
5.754E+03  4.329E-31  6.608E-20  7.382E-21  5.870E-20
5.702E+03  4.490E-31  6.790E-20  7.610E-21  6.029E-20
5.649E+03  4.656E-31  6.977E-20  7.847E-21  6.193E-20
5.598E+03  4.829E-31  7.170E-20  8.090E-21  6.361E-20
5.546E+03  5.008E-31  7.368E-20  8.342E-21  6.534E-20
5.495E+03  5.194E-31  7.572E-20  8.601E-21  6.712E-20
5.445E+03  5.387E-31  7.781E-20  8.869E-21  6.894E-20
5.395E+03  5.588E-31  7.997E-20  9.145E-21  7.082E-20
5.346E+03  5.796E-31  8.219E-20  9.430E-21  7.276E-20
5.297E+03  6.012E-31  8.446E-20  9.724E-21  7.474E-20
5.248E+03  6.236E-31  8.681E-20  1.003E-20  7.678E-20
5.200E+03  6.468E-31  8.922E-20  1.034E-20  7.888E-20
5.152E+03  6.710E-31  9.170E-20  1.066E-20  8.104E-20
5.105E+03  6.960E-31  9.425E-20  1.100E-20  8.326E-20
5.058E+03  7.220E-31  9.688E-20  1.134E-20  8.554E-20
5.012E+03  7.490E-31  9.958E-20  1.170E-20  8.788E-20
4.966E+03  7.770E-31  1.024E-19  1.206E-20  9.029E-20
4.920E+03  8.061E-31  1.052E-19  1.244E-20  9.276E-20
4.875E+03  8.362E-31  1.081E-19  1.283E-20  9.531E-20
4.831E+03  8.675E-31  1.112E-19  1.324E-20  9.793E-20
4.786E+03  9.000E-31  1.143E-19  1.365E-20  1.006E-19
4.742E+03  9.338E-31  1.175E-19  1.408E-20  1.034E-19
4.699E+03  9.688E-31  1.208E-19  1.453E-20  1.062E-19
4.656E+03  1.005E-30  1.241E-19  1.498E-20  1.092E-19
4.613E+03  1.043E-30  1.276E-19  1.546E-20  1.122E-19
4.571E+03  1.082E-30  1.312E-19  1.594E-20  1.153E-19
4.529E+03  1.123E-30  1.349E-19  1.645E-20  1.185E-19
4.487E+03  1.165E-30  1.387E-19  1.697E-20  1.217E-19
4.446E+03  1.209E-30  1.426E-19  1.750E-20  1.251E-19
4.406E+03  1.255E-30  1.466E-19  1.806E-20  1.286E-19
4.365E+03  1.302E-30  1.508E-19  1.863E-20  1.321E-19
4.325E+03  1.351E-30  1.550E-19  1.922E-20  1.358E-19
4.285E+03  1.402E-30  1.594E-19  1.983E-20  1.396E-19
4.246E+03  1.455E-30  1.639E-19  2.046E-20  1.435E-19
4.207E+03  1.510E-30  1.686E-19  2.111E-20  1.475E-19
4.169E+03  1.568E-30  1.733E-19  2.178E-20  1.516E-19
4.130E+03  1.627E-30  1.783E-19  2.248E-20  1.558E-19
4.093E+03  1.689E-30  1.833E-19  2.319E-20  1.601E-19
4.055E+03  1.753E-30  1.885E-19  2.393E-20  1.646E-19
4.018E+03  1.819E-30  1.939E-19  2.470E-20  1.692E-19
3.981E+03  1.888E-30  1.994E-19  2.548E-20  1.739E-19
3.945E+03  1.960E-30  2.051E-19  2.630E-20  1.788E-19
3.908E+03  2.034E-30  2.109E-19  2.714E-20  1.838E-19
3.873E+03  2.112E-30  2.169E-19  2.801E-20  1.889E-19
3.837E+03  2.192E-30  2.231E-19  2.891E-20  1.942E-19
3.802E+03  2.276E-30  2.295E-19  2.983E-20  1.997E-19
3.767E+03  2.362E-30  2.360E-19  3.079E-20  2.053E-19
3.733E+03  2.452E-30  2.428E-19  3.178E-20  2.110E-19
3.698E+03  2.546E-30  2.498E-19  3.280E-20  2.170E-19
3.664E+03  2.643E-30  2.569E-19  3.385E-20  2.231E-19
3.631E+03  2.744E-30  2.643E-19  3.494E-20  2.293E-19
3.597E+03  2.849E-30  2.719E-19  3.607E-20  2.358E-19
3.565E+03  2.958E-30  2.797E-19  3.723E-20  2.425E-19
3.532E+03  3.072E-30  2.878E-19  3.843E-20  2.493E-19
3.499E+03  3.189E-30  2.961E-19  3.968E-20  2.564E-19
3.467E+03  3.312E-30  3.046E-19  4.096E-20  2.636E-19
3.436E+03  3.439E-30  3.134E-19  4.228E-20  2.711E-19
3.404E+03  3.571E-30  3.225E-19  4.365E-20  2.788E-19
3.373E+03  3.708E-30  3.318E-19  4.506E-20  2.867E-19
3.342E+03  3.851E-30  3.414E-19  4.653E-20  2.949E-19
3.311E+03  4.000E-30  3.513E-19  4.804E-20  3.033E-19
3.281E+03  4.154E-30  3.615E-19  4.959E-20  3.119E-19
3.251E+03  4.314E-30  3.720E-19  5.121E-20  3.208E-19
3.221E+03  4.481E-30  3.828E-19  5.287E-20  3.300E-19
3.192E+03  4.654E-30  3.940E-19  5.459E-20  3.394E-19
3.162E+03  4.834E-30  4.055E-19  5.637E-20  3.491E-19
3.133E+03  5.021E-30  4.173E-19  5.821E-20  3.591E-19
3.105E+03  5.215E-30  4.295E-19  6.011E-20  3.694E-19
3.076E+03  5.417E-30  4.420E-19  6.207E-20  3.800E-19
3.048E+03  5.627E-30  4.550E-19  6.410E-20  3.909E-19
3.020E+03  5.846E-30  4.683E-19  6.619E-20  4.021E-19
2.992E+03  6.072E-30  4.820E-19  6.836E-20  4.136E-19
2.965E+03  6.307E-30  4.960E-19  7.060E-20  4.255E-19
2.938E+03  6.552E-30  5.105E-19  7.291E-20  4.376E-19
2.911E+03  6.806E-30  5.255E-19  7.530E-20  4.502E-19
2.884E+03  7.070E-30  5.409E-19  7.777E-20  4.631E-19
2.858E+03  7.345E-30  5.567E-19  8.033E-20  4.764E-19
2.831E+03  7.630E-30  5.731E-19  8.297E-20  4.901E-19
2.805E+03  7.927E-30  5.899E-19  8.570E-20  5.042E-19
2.780E+03  8.235E-30  6.072E-19  8.852E-20  5.187E-19
2.754E+03  8.556E-30  6.251E-19  9.144E-20  5.337E-19
2.729E+03  8.890E-30  6.435E-19  9.445E-20  5.491E-19
2.704E+03  9.237E-30  6.625E-19  9.757E-20  5.649E-19
2.679E+03  9.598E-30  6.821E-19  1.008E-19  5.813E-19
2.655E+03  9.973E-30  7.022E-19  1.041E-19  5.981E-19
2.630E+03  1.036E-29  7.230E-19  1.076E-19  6.154E-19
2.606E+03  1.077E-29  7.444E-19  1.111E-19  6.333E-19
2.582E+03  1.119E-29  7.665E-19  1.148E-19  6.517E-19
2.559E+03  1.163E-29  7.892E-19  1.186E-19  6.706E-19
2.535E+03  1.208E-29  8.126E-19  1.225E-19  6.901E-19
2.512E+03  1.256E-29  8.368E-19  1.266E-19  7.102E-19
2.489E+03  1.305E-29  8.617E-19  1.308E-19  7.309E-19
2.466E+03  1.356E-29  8.873E-19  1.352E-19  7.522E-19
2.443E+03  1.410E-29  9.138E-19  1.396E-19  7.741E-19
2.421E+03  1.465E-29  9.410E-19  1.443E-19  7.967E-19
2.399E+03  1.523E-29  9.691E-19  1.491E-19  8.200E-19
2.377E+03  1.583E-29  9.980E-19  1.541E-19  8.440E-19
2.355E+03  1.645E-29  1.028E-18  1.592E-19  8.687E-19
2.333E+03  1.710E-29  1.059E-18  1.645E-19  8.941E-19
2.312E+03  1.778E-29  1.090E-18  1.700E-19  9.203E-19
2.291E+03  1.848E-29  1.123E-18  1.757E-19  9.473E-19
2.270E+03  1.921E-29  1.157E-18  1.816E-19  9.751E-19
2.249E+03  1.997E-29  1.191E-18  1.876E-19  1.004E-18
2.228E+03  2.076E-29  1.227E-18  1.939E-19  1.033E-18
2.208E+03  2.158E-29  1.264E-18  2.004E-19  1.064E-18
2.188E+03  2.244E-29  1.302E-18  2.071E-19  1.095E-18
2.168E+03  2.333E-29  1.341E-18  2.141E-19  1.127E-18
2.148E+03  2.425E-29  1.382E-18  2.212E-19  1.160E-18
2.128E+03  2.521E-29  1.423E-18  2.287E-19  1.195E-18
2.109E+03  2.621E-29  1.466E-18  2.363E-19  1.230E-18
2.089E+03  2.725E-29  1.510E-18  2.443E-19  1.266E-18
2.070E+03  2.834E-29  1.556E-18  2.525E-19  1.303E-18
2.051E+03  2.946E-29  1.603E-18  2.610E-19  1.342E-18
2.032E+03  3.063E-29  1.651E-18  2.698E-19  1.382E-18
2.014E+03  3.185E-29  1.701E-18  2.788E-19  1.422E-18
1.995E+03  3.312E-29  1.753E-18  2.882E-19  1.465E-18
1.977E+03  3.443E-29  1.806E-18  2.980E-19  1.508E-18
1.959E+03  3.580E-29  1.860E-18  3.080E-19  1.552E-18
1.941E+03  3.723E-29  1.917E-18  3.184E-19  1.598E-18
1.923E+03  3.871E-29  1.975E-18  3.291E-19  1.646E-18
1.905E+03  4.025E-29  2.035E-18  3.403E-19  1.694E-18
1.888E+03  4.186E-29  2.096E-18  3.517E-19  1.745E-18
1.871E+03  4.353E-29  2.160E-18  3.636E-19  1.796E-18
1.854E+03  4.526E-29  2.225E-18  3.759E-19  1.850E-18
1.837E+03  4.707E-29  2.293E-18  3.886E-19  1.904E-18
1.820E+03  4.895E-29  2.363E-18  4.018E-19  1.961E-18
1.803E+03  5.090E-29  2.435E-18  4.154E-19  2.019E-18
1.786E+03  5.294E-29  2.509E-18  4.295E-19  2.079E-18
1.770E+03  5.505E-29  2.585E-18  4.440E-19  2.141E-18
1.754E+03  5.725E-29  2.664E-18  4.591E-19  2.204E-18
1.738E+03  5.954E-29  2.745E-18  4.746E-19  2.270E-18
1.722E+03  6.192E-29  2.828E-18  4.907E-19  2.337E-18
1.706E+03  6.440E-29  2.914E-18  5.074E-19  2.407E-18
1.690E+03  6.697E-29  3.003E-18  5.246E-19  2.479E-18
1.675E+03  6.965E-29  3.095E-18  5.424E-19  2.552E-18
1.660E+03  7.244E-29  3.189E-18  5.608E-19  2.628E-18
1.644E+03  7.534E-29  3.286E-18  5.798E-19  2.706E-18
1.629E+03  7.836E-29  3.386E-18  5.995E-19  2.787E-18
1.614E+03  8.149E-29  3.490E-18  6.199E-19  2.870E-18
1.600E+03  8.476E-29  3.596E-18  6.409E-19  2.955E-18
1.585E+03  8.815E-29  3.706E-18  6.627E-19  3.043E-18
1.570E+03  9.168E-29  3.819E-18  6.853E-19  3.134E-18
1.556E+03  9.535E-29  3.936E-18  7.085E-19  3.227E-18
1.542E+03  9.917E-29  4.056E-18  7.326E-19  3.323E-18
1.528E+03  1.031E-28  4.179E-18  7.576E-19  3.422E-18
1.514E+03  1.073E-28  4.307E-18  7.833E-19  3.524E-18
1.500E+03  1.116E-28  4.438E-18  8.100E-19  3.628E-18
1.486E+03  1.160E-28  4.574E-18  8.375E-19  3.736E-18
1.472E+03  1.207E-28  4.714E-18  8.660E-19  3.848E-18
1.459E+03  1.255E-28  4.858E-18  8.955E-19  3.962E-18
1.445E+03  1.306E-28  5.006E-18  9.259E-19  4.080E-18
1.432E+03  1.358E-28  5.159E-18  9.574E-19  4.202E-18
1.419E+03  1.413E-28  5.317E-18  9.900E-19  4.327E-18
1.406E+03  1.469E-28  5.480E-18  1.024E-18  4.456E-18
1.393E+03  1.528E-28  5.647E-18  1.059E-18  4.589E-18
1.380E+03  1.589E-28  5.820E-18  1.095E-18  4.725E-18
1.368E+03  1.653E-28  5.998E-18  1.132E-18  4.866E-18
1.355E+03  1.719E-28  6.181E-18  1.170E-18  5.011E-18
1.343E+03  1.788E-28  6.370E-18  1.210E-18  5.160E-18
1.330E+03  1.860E-28  6.564E-18  1.251E-18  5.313E-18
1.318E+03  1.935E-28  6.765E-18  1.294E-18  5.471E-18
1.306E+03  2.012E-28  6.971E-18  1.338E-18  5.634E-18
1.294E+03  2.093E-28  7.184E-18  1.383E-18  5.801E-18
1.282E+03  2.177E-28  7.403E-18  1.430E-18  5.973E-18
1.271E+03  2.264E-28  7.629E-18  1.479E-18  6.150E-18
1.259E+03  2.354E-28  7.862E-18  1.529E-18  6.333E-18
1.247E+03  2.449E-28  8.102E-18  1.581E-18  6.521E-18
1.236E+03  2.547E-28  8.349E-18  1.635E-18  6.714E-18
1.225E+03  2.648E-28  8.603E-18  1.690E-18  6.913E-18
1.213E+03  2.754E-28  8.865E-18  1.748E-18  7.117E-18
1.202E+03  2.864E-28  9.135E-18  1.807E-18  7.328E-18
1.191E+03  2.979E-28  9.413E-18  1.868E-18  7.545E-18
1.180E+03  3.098E-28  9.699E-18  1.931E-18  7.767E-18
1.169E+03  3.221E-28  9.994E-18  1.997E-18  7.997E-18
1.159E+03  3.350E-28  1.030E-17  2.065E-18  8.233E-18
1.148E+03  3.484E-28  1.061E-17  2.134E-18  8.476E-18
1.138E+03  3.623E-28  1.093E-17  2.207E-18  8.725E-18
1.127E+03  3.767E-28  1.126E-17  2.281E-18  8.982E-18
1.117E+03  3.917E-28  1.160E-17  2.358E-18  9.246E-18
1.107E+03  4.073E-28  1.196E-17  2.438E-18  9.518E-18
1.096E+03  4.235E-28  1.232E-17  2.521E-18  9.798E-18
1.086E+03  4.404E-28  1.269E-17  2.606E-18  1.009E-17
1.076E+03  4.579E-28  1.307E-17  2.694E-18  1.038E-17
1.067E+03  4.761E-28  1.347E-17  2.784E-18  1.069E-17
1.057E+03  4.950E-28  1.388E-17  2.878E-18  1.100E-17
1.047E+03  5.146E-28  1.429E-17  2.975E-18  1.132E-17
1.038E+03  5.351E-28  1.473E-17  3.075E-18  1.165E-17
1.028E+03  5.563E-28  1.517E-17  3.179E-18  1.199E-17
1.019E+03  5.783E-28  1.562E-17  3.286E-18  1.234E-17
1.009E+03  6.012E-28  1.609E-17  3.396E-18  1.270E-17
1.000E+03  6.249E-28  1.658E-17  3.510E-18  1.307E-17
9.908E+02  6.497E-28  1.708E-17  3.628E-18  1.345E-17
9.817E+02  6.754E-28  1.759E-17  3.750E-18  1.384E-17
9.727E+02  7.021E-28  1.812E-17  3.875E-18  1.424E-17
9.638E+02  7.299E-28  1.866E-17  4.005E-18  1.465E-17
9.550E+02  7.587E-28  1.922E-17  4.139E-18  1.508E-17
9.462E+02  7.886E-28  1.979E-17  4.277E-18  1.552E-17
9.376E+02  8.197E-28  2.039E-17  4.420E-18  1.597E-17
9.290E+02  8.520E-28  2.099E-17  4.568E-18  1.643E-17
9.204E+02  8.855E-28  2.162E-17  4.720E-18  1.690E-17
9.120E+02  9.203E-28  2.226E-17  4.877E-18  1.739E-17
9.036E+02  9.565E-28  2.293E-17  5.039E-18  1.789E-17
8.954E+02  9.940E-28  2.361E-17  5.207E-18  1.840E-17
8.872E+02  1.033E-27  2.431E-17  5.380E-18  1.893E-17
8.790E+02  1.073E-27  2.503E-17  5.558E-18  1.947E-17
8.710E+02  1.115E-27  2.577E-17  5.742E-18  2.003E-17
8.630E+02  1.159E-27  2.653E-17  5.932E-18  2.060E-17
8.551E+02  1.204E-27  2.731E-17  6.129E-18  2.118E-17
8.472E+02  1.251E-27  2.812E-17  6.331E-18  2.178E-17
8.395E+02  1.300E-27  2.894E-17  6.540E-18  2.240E-17
8.318E+02  1.350E-27  2.979E-17  6.756E-18  2.304E-17
8.241E+02  1.403E-27  3.066E-17  6.978E-18  2.369E-17
8.166E+02  1.457E-27  3.156E-17  7.207E-18  2.435E-17
8.091E+02  1.514E-27  3.248E-17  7.444E-18  2.504E-17
8.017E+02  1.572E-27  3.343E-17  7.688E-18  2.574E-17
7.943E+02  1.633E-27  3.440E-17  7.940E-18  2.646E-17
7.870E+02  1.696E-27  3.540E-17  8.200E-18  2.720E-17
7.798E+02  1.761E-27  3.643E-17  8.468E-18  2.796E-17
7.727E+02  1.829E-27  3.749E-17  8.745E-18  2.874E-17
7.656E+02  1.899E-27  3.857E-17  9.030E-18  2.954E-17
7.586E+02  1.972E-27  3.969E-17  9.324E-18  3.036E-17
7.516E+02  2.048E-27  4.083E-17  9.627E-18  3.120E-17
7.447E+02  2.127E-27  4.201E-17  9.940E-18  3.207E-17
7.379E+02  2.208E-27  4.322E-17  1.026E-17  3.296E-17
7.311E+02  2.293E-27  4.447E-17  1.059E-17  3.388E-17
7.244E+02  2.381E-27  4.575E-17  1.094E-17  3.482E-17
7.178E+02  2.472E-27  4.707E-17  1.129E-17  3.578E-17
7.112E+02  2.567E-27  4.843E-17  1.165E-17  3.677E-17
7.047E+02  2.665E-27  4.982E-17  1.203E-17  3.779E-17
6.982E+02  2.767E-27  5.125E-17  1.242E-17  3.883E-17
6.918E+02  2.873E-27  5.272E-17  1.281E-17  3.991E-17
6.855E+02  2.983E-27  5.423E-17  1.323E-17  4.101E-17
6.792E+02  3.096E-27  5.578E-17  1.365E-17  4.214E-17
6.730E+02  3.214E-27  5.738E-17  1.408E-17  4.329E-17
6.668E+02  3.336E-27  5.901E-17  1.453E-17  4.447E-17
6.607E+02  3.463E-27  6.069E-17  1.500E-17  4.569E-17
6.546E+02  3.595E-27  6.242E-17  1.547E-17  4.694E-17
6.486E+02  3.732E-27  6.420E-17  1.597E-17  4.824E-17
6.427E+02  3.874E-27  6.604E-17  1.647E-17  4.957E-17
6.368E+02  4.021E-27  6.792E-17  1.699E-17  5.093E-17
6.310E+02  4.174E-27  6.986E-17  1.753E-17  5.233E-17
6.252E+02  4.333E-27  7.185E-17  1.808E-17  5.377E-17
6.194E+02  4.498E-27  7.390E-17  1.865E-17  5.525E-17
6.138E+02  4.668E-27  7.600E-17  1.924E-17  5.676E-17
6.081E+02  4.845E-27  7.816E-17  1.984E-17  5.832E-17
6.026E+02  5.029E-27  8.038E-17  2.046E-17  5.992E-17
5.970E+02  5.220E-27  8.266E-17  2.110E-17  6.157E-17
5.916E+02  5.417E-27  8.501E-17  2.176E-17  6.325E-17
5.861E+02  5.622E-27  8.742E-17  2.243E-17  6.498E-17
5.808E+02  5.835E-27  8.989E-17  2.313E-17  6.676E-17
5.754E+02  6.056E-27  9.243E-17  2.385E-17  6.859E-17
5.702E+02  6.284E-27  9.504E-17  2.459E-17  7.046E-17
5.649E+02  6.522E-27  9.773E-17  2.534E-17  7.238E-17
5.598E+02  6.768E-27  1.005E-16  2.613E-17  7.436E-17
5.546E+02  7.023E-27  1.033E-16  2.693E-17  7.639E-17
5.495E+02  7.287E-27  1.062E-16  2.776E-17  7.847E-17
5.445E+02  7.561E-27  1.092E-16  2.861E-17  8.061E-17
5.395E+02  7.846E-27  1.123E-16  2.948E-17  8.280E-17
5.346E+02  8.141E-27  1.154E-16  3.038E-17  8.505E-17
5.297E+02  8.446E-27  1.187E-16  3.130E-17  8.737E-17
5.248E+02  8.763E-27  1.220E-16  3.225E-17  8.974E-17
5.200E+02  9.092E-27  1.254E-16  3.323E-17  9.218E-17
5.152E+02  9.432E-27  1.289E-16  3.423E-17  9.468E-17
5.105E+02  9.785E-27  1.325E-16  3.527E-17  9.724E-17
5.058E+02  1.015E-26  1.362E-16  3.633E-17  9.987E-17
5.012E+02  1.053E-26  1.400E-16  3.742E-17  1.026E-16
4.966E+02  1.092E-26  1.439E-16  3.854E-17  1.053E-16
4.920E+02  1.133E-26  1.479E-16  3.969E-17  1.082E-16
4.875E+02  1.175E-26  1.520E-16  4.087E-17  1.111E-16
4.831E+02  1.219E-26  1.562E-16  4.209E-17  1.141E-16
4.786E+02  1.264E-26  1.605E-16  4.333E-17  1.172E-16
4.742E+02  1.311E-26  1.649E-16  4.462E-17  1.203E-16
4.699E+02  1.360E-26  1.695E-16  4.593E-17  1.235E-16
4.656E+02  1.410E-26  1.741E-16  4.728E-17  1.268E-16
4.613E+02  1.462E-26  1.789E-16  4.867E-17  1.302E-16
4.571E+02  1.516E-26  1.838E-16  5.010E-17  1.337E-16
4.529E+02  1.572E-26  1.888E-16  5.156E-17  1.373E-16
4.487E+02  1.630E-26  1.940E-16  5.306E-17  1.409E-16
4.446E+02  1.690E-26  1.993E-16  5.460E-17  1.447E-16
4.406E+02  1.752E-26  2.047E-16  5.618E-17  1.485E-16
4.365E+02  1.816E-26  2.103E-16  5.781E-17  1.524E-16
4.325E+02  1.882E-26  2.160E-16  5.947E-17  1.565E-16
4.285E+02  1.951E-26  2.218E-16  6.118E-17  1.606E-16
4.246E+02  2.022E-26  2.278E-16  6.293E-17  1.649E-16
4.207E+02  2.096E-26  2.339E-16  6.473E-17  1.692E-16
4.169E+02  2.172E-26  2.402E-16  6.657E-17  1.736E-16
4.130E+02  2.251E-26  2.467E-16  6.846E-17  1.782E-16
4.093E+02  2.333E-26  2.533E-16  7.040E-17  1.829E-16
4.055E+02  2.418E-26  2.600E-16  7.238E-17  1.877E-16
4.018E+02  2.505E-26  2.670E-16  7.442E-17  1.926E-16
3.981E+02  2.596E-26  2.741E-16  7.651E-17  1.976E-16
3.945E+02  2.689E-26  2.814E-16  7.864E-17  2.027E-16
3.908E+02  2.786E-26  2.888E-16  8.083E-17  2.080E-16
3.873E+02  2.886E-26  2.965E-16  8.308E-17  2.134E-16
3.837E+02  2.990E-26  3.043E-16  8.538E-17  2.189E-16
3.802E+02  3.097E-26  3.123E-16  8.773E-17  2.246E-16
3.767E+02  3.208E-26  3.205E-16  9.015E-17  2.304E-16
3.733E+02  3.322E-26  3.290E-16  9.262E-17  2.363E-16
3.698E+02  3.441E-26  3.376E-16  9.515E-17  2.424E-16
3.664E+02  3.563E-26  3.464E-16  9.774E-17  2.486E-16
3.631E+02  3.690E-26  3.554E-16  1.004E-16  2.550E-16
3.597E+02  3.820E-26  3.646E-16  1.031E-16  2.615E-16
3.565E+02  3.956E-26  3.740E-16  1.059E-16  2.681E-16
3.532E+02  4.095E-26  3.836E-16  1.087E-16  2.749E-16
3.499E+02  4.239E-26  3.935E-16  1.116E-16  2.819E-16
3.467E+02  4.388E-26  4.036E-16  1.146E-16  2.890E-16
3.436E+02  4.542E-26  4.139E-16  1.176E-16  2.963E-16
3.404E+02  4.701E-26  4.244E-16  1.207E-16  3.037E-16
3.373E+02  4.864E-26  4.352E-16  1.239E-16  3.113E-16
3.342E+02  5.034E-26  4.462E-16  1.272E-16  3.191E-16
3.311E+02  5.208E-26  4.575E-16  1.305E-16  3.270E-16
3.281E+02  5.389E-26  4.690E-16  1.339E-16  3.351E-16
3.251E+02  5.575E-26  4.807E-16  1.373E-16  3.434E-16
3.221E+02  5.766E-26  4.927E-16  1.409E-16  3.518E-16
3.192E+02  5.964E-26  5.049E-16  1.445E-16  3.604E-16
3.162E+02  6.169E-26  5.174E-16  1.482E-16  3.692E-16
3.133E+02  6.379E-26  5.302E-16  1.520E-16  3.782E-16
3.105E+02  6.596E-26  5.432E-16  1.558E-16  3.874E-16
3.076E+02  6.820E-26  5.565E-16  1.597E-16  3.968E-16
3.048E+02  7.051E-26  5.701E-16  1.638E-16  4.063E-16
3.020E+02  7.289E-26  5.839E-16  1.679E-16  4.160E-16
2.992E+02  7.534E-26  5.980E-16  1.720E-16  4.260E-16
2.965E+02  7.787E-26  6.124E-16  1.763E-16  4.361E-16
2.938E+02  8.047E-26  6.270E-16  1.806E-16  4.464E-16
2.911E+02  8.315E-26  6.420E-16  1.851E-16  4.569E-16
2.884E+02  8.590E-26  6.572E-16  1.896E-16  4.676E-16
2.858E+02  8.875E-26  6.727E-16  1.942E-16  4.785E-16
2.831E+02  9.167E-26  6.885E-16  1.989E-16  4.896E-16
2.805E+02  9.468E-26  7.046E-16  2.037E-16  5.009E-16
2.780E+02  9.778E-26  7.210E-16  2.085E-16  5.125E-16
2.754E+02  1.010E-25  7.377E-16  2.135E-16  5.242E-16
2.729E+02  1.043E-25  7.547E-16  2.185E-16  5.362E-16
2.704E+02  1.076E-25  7.721E-16  2.237E-16  5.484E-16
2.679E+02  1.111E-25  7.898E-16  2.289E-16  5.609E-16
2.655E+02  1.147E-25  8.078E-16  2.342E-16  5.736E-16
2.630E+02  1.184E-25  8.262E-16  2.397E-16  5.865E-16
2.606E+02  1.222E-25  8.448E-16  2.452E-16  5.997E-16
2.582E+02  1.261E-25  8.638E-16  2.508E-16  6.130E-16
2.559E+02  1.301E-25  8.829E-16  2.565E-16  6.264E-16
2.535E+02  1.342E-25  9.022E-16  2.623E-16  6.399E-16
2.512E+02  1.383E-25  9.217E-16  2.682E-16  6.535E-16
2.489E+02  1.425E-25  9.409E-16  2.741E-16  6.667E-16
2.466E+02  1.467E-25  9.598E-16  2.802E-16  6.796E-16
2.443E+02  1.510E-25  9.788E-16  2.864E-16  6.924E-16
2.421E+02  1.554E-25  9.978E-16  2.927E-16  7.051E-16
2.399E+02  1.598E-25  1.017E-15  2.990E-16  7.178E-16
2.377E+02  1.642E-25  1.035E-15  3.055E-16  7.300E-16
2.355E+02  1.688E-25  1.054E-15  3.120E-16  7.422E-16
2.333E+02  1.734E-25  1.073E-15  3.187E-16  7.545E-16
2.312E+02  1.781E-25  1.092E-15  3.254E-16  7.669E-16
2.291E+02  1.829E-25  1.112E-15  3.323E-16  7.793E-16
2.270E+02  1.878E-25  1.131E-15  3.392E-16  7.917E-16
2.249E+02  1.928E-25  1.150E-15  3.462E-16  8.042E-16
2.228E+02  1.979E-25  1.170E-15  3.533E-16  8.167E-16
2.208E+02  2.031E-25  1.190E-15  3.606E-16  8.292E-16
2.188E+02  2.084E-25  1.210E-15  3.678E-16  8.418E-16
2.168E+02  2.138E-25  1.230E-15  3.752E-16  8.543E-16
2.148E+02  2.193E-25  1.250E-15  3.827E-16  8.668E-16
2.128E+02  2.249E-25  1.270E-15  3.903E-16  8.793E-16
2.109E+02  2.306E-25  1.290E-15  3.979E-16  8.918E-16
2.089E+02  2.364E-25  1.310E-15  4.057E-16  9.043E-16
2.070E+02  2.422E-25  1.330E-15  4.135E-16  9.167E-16
2.051E+02  2.482E-25  1.350E-15  4.214E-16  9.290E-16
2.032E+02  2.542E-25  1.371E-15  4.294E-16  9.413E-16
2.014E+02  2.604E-25  1.391E-15  4.374E-16  9.535E-16
1.995E+02  2.666E-25  1.411E-15  4.456E-16  9.656E-16
1.977E+02  2.730E-25  1.431E-15  4.538E-16  9.776E-16
1.959E+02  2.794E-25  1.452E-15  4.621E-16  9.896E-16
1.941E+02  2.859E-25  1.472E-15  4.704E-16  1.001E-15
1.923E+02  2.925E-25  1.492E-15  4.788E-16  1.013E-15
1.905E+02  2.991E-25  1.512E-15  4.873E-16  1.025E-15
1.888E+02  3.059E-25  1.532E-15  4.959E-16  1.036E-15
1.871E+02  3.127E-25  1.552E-15  5.045E-16  1.047E-15
1.854E+02  3.197E-25  1.572E-15  5.132E-16  1.058E-15
1.837E+02  3.267E-25  1.591E-15  5.219E-16  1.069E-15
1.820E+02  3.337E-25  1.611E-15  5.307E-16  1.080E-15
1.803E+02  3.409E-25  1.630E-15  5.396E-16  1.091E-15
1.786E+02  3.481E-25  1.650E-15  5.485E-16  1.101E-15
1.770E+02  3.554E-25  1.669E-15  5.574E-16  1.111E-15
1.754E+02  3.628E-25  1.688E-15  5.664E-16  1.121E-15
1.738E+02  3.702E-25  1.707E-15  5.754E-16  1.131E-15
1.722E+02  3.777E-25  1.725E-15  5.845E-16  1.141E-15
1.706E+02  3.853E-25  1.743E-15  5.936E-16  1.150E-15
1.690E+02  3.929E-25  1.762E-15  6.027E-16  1.159E-15
1.675E+02  4.005E-25  1.779E-15  6.119E-16  1.168E-15
1.660E+02  4.082E-25  1.797E-15  6.211E-16  1.176E-15
1.644E+02  4.160E-25  1.815E-15  6.303E-16  1.184E-15
1.629E+02  4.238E-25  1.832E-15  6.395E-16  1.192E-15
1.614E+02  4.317E-25  1.848E-15  6.487E-16  1.200E-15
1.600E+02  4.395E-25  1.865E-15  6.579E-16  1.207E-15
1.585E+02  4.475E-25  1.881E-15  6.672E-16  1.214E-15
1.570E+02  4.554E-25  1.897E-15  6.764E-16  1.221E-15
1.556E+02  4.634E-25  1.912E-15  6.857E-16  1.227E-15
1.542E+02  4.714E-25  1.928E-15  6.949E-16  1.233E-15
1.528E+02  4.794E-25  1.942E-15  7.041E-16  1.238E-15
1.514E+02  4.874E-25  1.957E-15  7.133E-16  1.244E-15
1.500E+02  4.954E-25  1.971E-15  7.225E-16  1.248E-15
1.486E+02  5.035E-25  1.985E-15  7.316E-16  1.253E-15
1.472E+02  5.115E-25  1.998E-15  7.407E-16  1.257E-15
1.459E+02  5.196E-25  2.011E-15  7.498E-16  1.261E-15
1.445E+02  5.276E-25  2.023E-15  7.588E-16  1.264E-15
1.432E+02  5.356E-25  2.035E-15  7.678E-16  1.267E-15
1.419E+02  5.436E-25  2.046E-15  7.768E-16  1.270E-15
1.406E+02  5.516E-25  2.057E-15  7.857E-16  1.272E-15
1.393E+02  5.596E-25  2.068E-15  7.945E-16  1.273E-15
1.380E+02  5.675E-25  2.078E-15  8.033E-16  1.275E-15
1.368E+02  5.754E-25  2.087E-15  8.119E-16  1.275E-15
1.355E+02  5.832E-25  2.096E-15  8.206E-16  1.276E-15
1.343E+02  5.910E-25  2.105E-15  8.291E-16  1.276E-15
1.330E+02  5.987E-25  2.113E-15  8.376E-16  1.275E-15
1.318E+02  6.064E-25  2.120E-15  8.460E-16  1.274E-15
1.306E+02  6.139E-25  2.127E-15  8.543E-16  1.273E-15
1.294E+02  6.215E-25  2.133E-15  8.625E-16  1.271E-15
1.282E+02  6.289E-25  2.139E-15  8.705E-16  1.269E-15
1.271E+02  6.363E-25  2.144E-15  8.785E-16  1.266E-15
1.259E+02  6.435E-25  2.149E-15  8.864E-16  1.263E-15
1.247E+02  6.507E-25  2.153E-15  8.941E-16  1.259E-15
1.236E+02  6.578E-25  2.157E-15  9.018E-16  1.255E-15
1.225E+02  6.648E-25  2.160E-15  9.093E-16  1.250E-15
1.213E+02  6.717E-25  2.162E-15  9.167E-16  1.245E-15
1.202E+02  6.785E-25  2.164E-15  9.239E-16  1.240E-15
1.191E+02  6.852E-25  2.165E-15  9.310E-16  1.234E-15
1.180E+02  6.917E-25  2.166E-15  9.379E-16  1.228E-15
1.169E+02  6.981E-25  2.166E-15  9.447E-16  1.221E-15
1.159E+02  7.043E-25  2.165E-15  9.513E-16  1.214E-15
1.148E+02  7.104E-25  2.164E-15  9.578E-16  1.206E-15
1.138E+02  7.164E-25  2.162E-15  9.641E-16  1.198E-15
1.127E+02  7.223E-25  2.160E-15  9.702E-16  1.189E-15
1.117E+02  7.280E-25  2.157E-15  9.761E-16  1.181E-15
1.107E+02  7.336E-25  2.153E-15  9.819E-16  1.172E-15
1.096E+02  7.391E-25  2.150E-15  9.875E-16  1.162E-15
1.086E+02  7.443E-25  2.145E-15  9.928E-16  1.152E-15
1.076E+02  7.495E-25  2.140E-15  9.980E-16  1.142E-15
1.067E+02  7.545E-25  2.135E-15  1.003E-15  1.132E-15
1.057E+02  7.593E-25  2.128E-15  1.008E-15  1.121E-15
1.047E+02  7.639E-25  2.122E-15  1.012E-15  1.110E-15
1.038E+02  7.684E-25  2.115E-15  1.017E-15  1.098E-15
1.028E+02  7.727E-25  2.107E-15  1.021E-15  1.086E-15
1.019E+02  7.768E-25  2.099E-15  1.025E-15  1.074E-15
1.009E+02  7.807E-25  2.090E-15  1.028E-15  1.062E-15
1.000E+02  7.844E-25  2.081E-15  1.032E-15  1.049E-15
9.908E+01  7.879E-25  2.071E-15  1.035E-15  1.036E-15
9.817E+01  7.912E-25  2.061E-15  1.038E-15  1.023E-15
9.727E+01  7.944E-25  2.050E-15  1.041E-15  1.009E-15
9.638E+01  7.973E-25  2.039E-15  1.043E-15  9.953E-16
9.550E+01  8.001E-25  2.027E-15  1.045E-15  9.815E-16
9.462E+01  8.027E-25  2.015E-15  1.047E-15  9.674E-16
9.376E+01  8.050E-25  2.002E-15  1.049E-15  9.531E-16
9.290E+01  8.072E-25  1.989E-15  1.050E-15  9.387E-16
9.204E+01  8.092E-25  1.976E-15  1.052E-15  9.241E-16
9.120E+01  8.109E-25  1.962E-15  1.052E-15  9.094E-16
9.036E+01  8.125E-25  1.948E-15  1.053E-15  8.946E-16
8.954E+01  8.139E-25  1.933E-15  1.053E-15  8.796E-16
8.872E+01  8.151E-25  1.918E-15  1.054E-15  8.645E-16
8.790E+01  8.161E-25  1.903E-15  1.053E-15  8.495E-16
8.710E+01  8.169E-25  1.887E-15  1.053E-15  8.343E-16
8.630E+01  8.176E-25  1.872E-15  1.052E-15  8.191E-16
8.551E+01  8.181E-25  1.855E-15  1.052E-15  8.039E-16
8.472E+01  8.183E-25  1.839E-15  1.051E-15  7.886E-16
8.395E+01  8.184E-25  1.822E-15  1.049E-15  7.732E-16
8.318E+01  8.184E-25  1.806E-15  1.048E-15  7.579E-16
8.241E+01  8.181E-25  1.788E-15  1.046E-15  7.426E-16
8.166E+01  8.177E-25  1.771E-15  1.044E-15  7.273E-16
8.091E+01  8.172E-25  1.754E-15  1.042E-15  7.122E-16
8.017E+01  8.165E-25  1.736E-15  1.039E-15  6.970E-16
7.943E+01  8.156E-25  1.719E-15  1.037E-15  6.819E-16
7.870E+01  8.146E-25  1.701E-15  1.034E-15  6.669E-16
7.798E+01  8.134E-25  1.683E-15  1.031E-15  6.519E-16
7.727E+01  8.121E-25  1.665E-15  1.027E-15  6.371E-16
7.656E+01  8.107E-25  1.646E-15  1.024E-15  6.225E-16
7.586E+01  8.092E-25  1.628E-15  1.020E-15  6.079E-16
7.516E+01  8.075E-25  1.610E-15  1.016E-15  5.935E-16
7.447E+01  8.056E-25  1.592E-15  1.012E-15  5.792E-16
7.379E+01  8.037E-25  1.573E-15  1.008E-15  5.651E-16
7.311E+01  8.016E-25  1.555E-15  1.004E-15  5.510E-16
7.244E+01  7.994E-25  1.536E-15  9.990E-16  5.371E-16
7.178E+01  7.971E-25  1.518E-15  9.942E-16  5.234E-16
7.112E+01  7.947E-25  1.499E-15  9.893E-16  5.099E-16
7.047E+01  7.922E-25  1.481E-15  9.842E-16  4.967E-16
6.982E+01  7.897E-25  1.463E-15  9.790E-16  4.837E-16
6.918E+01  7.871E-25  1.444E-15  9.736E-16  4.709E-16
6.855E+01  7.844E-25  1.426E-15  9.680E-16  4.582E-16
6.792E+01  7.815E-25  1.408E-15  9.624E-16  4.457E-16
6.730E+01  7.787E-25  1.390E-15  9.566E-16  4.334E-16
6.668E+01  7.757E-25  1.372E-15  9.507E-16  4.214E-16
6.607E+01  7.727E-25  1.354E-15  9.447E-16  4.096E-16
6.546E+01  7.697E-25  1.337E-15  9.385E-16  3.981E-16
6.486E+01  7.666E-25  1.319E-15  9.323E-16  3.867E-16
6.427E+01  7.635E-25  1.302E-15  9.260E-16  3.756E-16
6.368E+01  7.603E-25  1.284E-15  9.196E-16  3.647E-16
6.310E+01  7.571E-25  1.267E-15  9.131E-16  3.541E-16
6.252E+01  7.539E-25  1.250E-15  9.065E-16  3.437E-16
6.194E+01  7.507E-25  1.233E-15  8.998E-16  3.336E-16
6.138E+01  7.474E-25  1.217E-15  8.931E-16  3.237E-16
6.081E+01  7.441E-25  1.200E-15  8.863E-16  3.141E-16
6.026E+01  7.408E-25  1.184E-15  8.794E-16  3.047E-16
5.970E+01  7.375E-25  1.168E-15  8.725E-16  2.955E-16
5.916E+01  7.342E-25  1.152E-15  8.656E-16  2.865E-16
5.861E+01  7.309E-25  1.136E-15  8.586E-16  2.777E-16
5.808E+01  7.275E-25  1.121E-15  8.515E-16  2.692E-16
5.754E+01  7.241E-25  1.105E-15  8.444E-16  2.609E-16
5.702E+01  7.208E-25  1.090E-15  8.373E-16  2.528E-16
5.649E+01  7.175E-25  1.075E-15  8.302E-16  2.450E-16
5.598E+01  7.141E-25  1.060E-15  8.230E-16  2.374E-16
5.546E+01  7.108E-25  1.046E-15  8.158E-16  2.300E-16
5.495E+01  7.076E-25  1.031E-15  8.086E-16  2.228E-16
5.445E+01  7.043E-25  1.017E-15  8.013E-16  2.159E-16
5.395E+01  7.010E-25  1.003E-15  7.941E-16  2.092E-16
5.346E+01  6.978E-25  9.894E-16  7.868E-16  2.026E-16
5.297E+01  6.945E-25  9.758E-16  7.795E-16  1.963E-16
5.248E+01  6.913E-25  9.624E-16  7.722E-16  1.902E-16
5.200E+01  6.881E-25  9.491E-16  7.649E-16  1.842E-16
5.152E+01  6.849E-25  9.360E-16  7.576E-16  1.784E-16
5.105E+01  6.817E-25  9.231E-16  7.502E-16  1.729E-16
5.058E+01  6.784E-25  9.103E-16  7.429E-16  1.674E-16
5.012E+01  6.752E-25  8.977E-16  7.355E-16  1.622E-16
4.966E+01  6.721E-25  8.853E-16  7.282E-16  1.571E-16
4.920E+01  6.689E-25  8.730E-16  7.208E-16  1.522E-16
4.875E+01  6.657E-25  8.609E-16  7.134E-16  1.474E-16
4.831E+01  6.625E-25  8.489E-16  7.060E-16  1.428E-16
4.786E+01  6.593E-25  8.370E-16  6.986E-16  1.384E-16
4.742E+01  6.560E-25  8.253E-16  6.912E-16  1.341E-16
4.699E+01  6.528E-25  8.137E-16  6.837E-16  1.300E-16
4.656E+01  6.495E-25  8.021E-16  6.762E-16  1.259E-16
4.613E+01  6.462E-25  7.907E-16  6.687E-16  1.221E-16
4.571E+01  6.428E-25  7.794E-16  6.611E-16  1.183E-16
4.529E+01  6.394E-25  7.682E-16  6.535E-16  1.147E-16
4.487E+01  6.360E-25  7.571E-16  6.458E-16  1.112E-16
4.446E+01  6.325E-25  7.460E-16  6.381E-16  1.078E-16
4.406E+01  6.289E-25  7.350E-16  6.304E-16  1.046E-16
4.365E+01  6.253E-25  7.240E-16  6.226E-16  1.014E-16
4.325E+01  6.215E-25  7.131E-16  6.147E-16  9.837E-17
4.285E+01  6.177E-25  7.022E-16  6.068E-16  9.542E-17
4.246E+01  6.138E-25  6.913E-16  5.987E-16  9.257E-17
4.207E+01  6.097E-25  6.804E-16  5.906E-16  8.980E-17
4.169E+01  6.055E-25  6.696E-16  5.825E-16  8.713E-17
4.130E+01  6.012E-25  6.587E-16  5.742E-16  8.453E-17
4.093E+01  5.967E-25  6.478E-16  5.658E-16  8.201E-17
4.055E+01  5.921E-25  6.369E-16  5.573E-16  7.957E-17
4.018E+01  5.873E-25  6.259E-16  5.487E-16  7.720E-17
3.981E+01  5.823E-25  6.149E-16  5.400E-16  7.491E-17
3.945E+01  5.772E-25  6.039E-16  5.312E-16  7.268E-17
3.908E+01  5.718E-25  5.929E-16  5.223E-16  7.053E-17
3.873E+01  5.663E-25  5.817E-16  5.133E-16  6.843E-17
3.837E+01  5.606E-25  5.705E-16  5.041E-16  6.640E-17
3.802E+01  5.546E-25  5.593E-16  4.949E-16  6.443E-17
3.767E+01  5.484E-25  5.480E-16  4.855E-16  6.251E-17
3.733E+01  5.420E-25  5.366E-16  4.760E-16  6.062E-17
3.698E+01  5.354E-25  5.252E-16  4.664E-16  5.878E-17
3.664E+01  5.285E-25  5.137E-16  4.567E-16  5.699E-17
3.631E+01  5.214E-25  5.022E-16  4.469E-16  5.526E-17
3.597E+01  5.141E-25  4.906E-16  4.370E-16  5.359E-17
3.565E+01  5.067E-25  4.791E-16  4.271E-16  5.197E-17
3.532E+01  4.990E-25  4.675E-16  4.171E-16  5.040E-17
3.499E+01  4.911E-25  4.558E-16  4.070E-16  4.888E-17
3.467E+01  4.830E-25  4.442E-16  3.968E-16  4.740E-17
3.436E+01  4.748E-25  4.327E-16  3.867E-16  4.597E-17
3.404E+01  4.664E-25  4.211E-16  3.765E-16  4.459E-17
3.373E+01  4.578E-25  4.096E-16  3.664E-16  4.324E-17
3.342E+01  4.492E-25  3.982E-16  3.562E-16  4.194E-17
3.311E+01  4.404E-25  3.868E-16  3.461E-16  4.070E-17
3.281E+01  4.316E-25  3.756E-16  3.361E-16  3.949E-17
3.251E+01  4.227E-25  3.645E-16  3.262E-16  3.831E-17
3.221E+01  4.137E-25  3.535E-16  3.163E-16  3.718E-17
3.192E+01  4.047E-25  3.427E-16  3.066E-16  3.607E-17
3.162E+01  3.958E-25  3.320E-16  2.970E-16  3.499E-17
3.133E+01  3.868E-25  3.215E-16  2.875E-16  3.395E-17
3.105E+01  3.779E-25  3.112E-16  2.783E-16  3.293E-17
3.076E+01  3.690E-25  3.011E-16  2.692E-16  3.195E-17
3.048E+01  3.602E-25  2.912E-16  2.602E-16  3.099E-17
3.020E+01  3.515E-25  2.816E-16  2.515E-16  3.005E-17
2.992E+01  3.429E-25  2.722E-16  2.431E-16  2.914E-17
2.965E+01  3.345E-25  2.630E-16  2.348E-16  2.825E-17
2.938E+01  3.261E-25  2.541E-16  2.268E-16  2.738E-17
2.911E+01  3.180E-25  2.455E-16  2.190E-16  2.653E-17
2.884E+01  3.099E-25  2.371E-16  2.114E-16  2.570E-17
2.858E+01  3.021E-25  2.290E-16  2.041E-16  2.490E-17
2.831E+01  2.944E-25  2.211E-16  1.970E-16  2.412E-17
2.805E+01  2.870E-25  2.135E-16  1.902E-16  2.336E-17
2.780E+01  2.797E-25  2.062E-16  1.836E-16  2.262E-17
2.754E+01  2.726E-25  1.991E-16  1.772E-16  2.190E-17
2.729E+01  2.657E-25  1.923E-16  1.711E-16  2.120E-17
2.704E+01  2.590E-25  1.858E-16  1.652E-16  2.052E-17
2.679E+01  2.525E-25  1.794E-16  1.596E-16  1.985E-17
2.655E+01  2.461E-25  1.733E-16  1.541E-16  1.921E-17
2.630E+01  2.400E-25  1.675E-16  1.489E-16  1.858E-17
2.606E+01  2.341E-25  1.618E-16  1.438E-16  1.797E-17
2.582E+01  2.283E-25  1.564E-16  1.390E-16  1.738E-17
2.559E+01  2.227E-25  1.511E-16  1.343E-16  1.680E-17
2.535E+01  2.173E-25  1.461E-16  1.299E-16  1.624E-17
2.512E+01  2.120E-25  1.413E-16  1.256E-16  1.569E-17
2.489E+01  2.069E-25  1.366E-16  1.214E-16  1.515E-17
2.466E+01  2.019E-25  1.321E-16  1.175E-16  1.463E-17
2.443E+01  1.971E-25  1.278E-16  1.136E-16  1.412E-17
2.421E+01  1.924E-25  1.236E-16  1.100E-16  1.362E-17
2.399E+01  1.879E-25  1.195E-16  1.064E-16  1.313E-17
2.377E+01  1.834E-25  1.156E-16  1.030E-16  1.266E-17
2.355E+01  1.791E-25  1.119E-16  9.970E-17  1.221E-17
2.333E+01  1.750E-25  1.083E-16  9.652E-17  1.177E-17
2.312E+01  1.709E-25  1.048E-16  9.346E-17  1.132E-17
2.291E+01  1.669E-25  1.014E-16  9.051E-17  1.090E-17
2.270E+01  1.630E-25  9.816E-17  8.765E-17  1.050E-17
2.249E+01  1.593E-25  9.503E-17  8.490E-17  1.013E-17
2.228E+01  1.557E-25  9.201E-17  8.223E-17  9.774E-18
2.208E+01  1.521E-25  8.908E-17  7.966E-17  9.421E-18
2.188E+01  1.486E-25  8.623E-17  7.716E-17  9.062E-18
2.168E+01  1.451E-25  8.346E-17  7.475E-17  8.706E-18
2.148E+01  1.418E-25  8.077E-17  7.241E-17  8.360E-18
2.128E+01  1.385E-25  7.819E-17  7.015E-17  8.035E-18
2.109E+01  1.353E-25  7.569E-17  6.796E-17  7.728E-18
2.089E+01  1.322E-25  7.327E-17  6.584E-17  7.426E-18
2.070E+01  1.291E-25  7.091E-17  6.379E-17  7.126E-18
2.051E+01  1.261E-25  6.863E-17  6.180E-17  6.833E-18
2.032E+01  1.232E-25  6.644E-17  5.988E-17  6.555E-18
2.014E+01  1.205E-25  6.435E-17  5.804E-17  6.310E-18
1.995E+01  1.178E-25  6.234E-17  5.627E-17  6.067E-18
1.977E+01  1.152E-25  6.042E-17  5.459E-17  5.826E-18
1.959E+01  1.128E-25  5.863E-17  5.304E-17  5.581E-18
1.941E+01  1.108E-25  5.704E-17  5.171E-17  5.334E-18
1.923E+01  1.097E-25  5.594E-17  5.086E-17  5.083E-18
1.905E+01  1.112E-25  5.620E-17  5.137E-17  4.830E-18
1.888E+01  1.117E-25  5.594E-17  5.137E-17  4.576E-18
1.871E+01  1.040E-25  5.162E-17  4.730E-17  4.321E-18
1.854E+01  9.984E-26  4.909E-17  4.502E-17  4.067E-18
1.837E+01  9.757E-26  4.753E-17  4.372E-17  3.816E-18
1.820E+01  9.646E-26  4.656E-17  4.299E-17  3.568E-18
1.803E+01  9.721E-26  4.649E-17  4.317E-17  3.327E-18
1.786E+01  1.002E-25  4.750E-17  4.441E-17  3.093E-18
1.770E+01  9.816E-26  4.609E-17  4.323E-17  2.865E-18
1.754E+01  1.008E-25  4.688E-17  4.424E-17  2.645E-18
1.738E+01  1.105E-25  5.093E-17  4.850E-17  2.434E-18
1.722E+01  1.055E-25  4.817E-17  4.593E-17  2.233E-18
1.706E+01  1.026E-25  4.644E-17  4.439E-17  2.046E-18
1.690E+01  9.680E-26  4.341E-17  4.154E-17  1.871E-18
1.675E+01  8.957E-26  3.979E-17  3.809E-17  1.706E-18
1.660E+01  8.771E-26  3.861E-17  3.706E-17  1.551E-18
1.644E+01  9.724E-26  4.241E-17  4.101E-17  1.408E-18
1.629E+01  7.279E-26  3.146E-17  3.018E-17  1.275E-18
1.614E+01  6.187E-26  2.649E-17  2.534E-17  1.154E-18
1.600E+01  5.678E-26  2.409E-17  2.305E-17  1.043E-18
1.585E+01  5.295E-26  2.226E-17  2.132E-17  9.416E-19
1.570E+01  4.906E-26  2.043E-17  1.959E-17  8.494E-19
1.556E+01  4.600E-26  1.899E-17  1.822E-17  7.658E-19
1.542E+01  4.342E-26  1.776E-17  1.707E-17  6.900E-19
1.528E+01  4.113E-26  1.666E-17  1.604E-17  6.217E-19
1.514E+01  3.905E-26  1.568E-17  1.512E-17  5.601E-19
1.500E+01  3.717E-26  1.478E-17  1.428E-17  5.051E-19
1.486E+01  3.547E-26  1.398E-17  1.353E-17  4.551E-19
1.472E+01  3.399E-26  1.328E-17  1.287E-17  4.099E-19
1.459E+01  3.283E-26  1.270E-17  1.233E-17  3.693E-19
1.445E+01  3.222E-26  1.235E-17  1.202E-17  3.341E-19
1.432E+01  3.271E-26  1.243E-17  1.212E-17  3.036E-19
1.419E+01  3.334E-26  1.255E-17  1.227E-17  2.778E-19
1.406E+01  3.071E-26  1.145E-17  1.120E-17  2.562E-19
1.393E+01  2.880E-26  1.064E-17  1.041E-17  2.386E-19
1.380E+01  2.858E-26  1.047E-17  1.024E-17  2.241E-19
1.368E+01  2.972E-26  1.078E-17  1.057E-17  2.124E-19
1.355E+01  3.131E-26  1.126E-17  1.105E-17  2.022E-19
1.343E+01  3.057E-26  1.089E-17  1.070E-17  1.931E-19
1.330E+01  2.761E-26  9.745E-18  9.560E-18  1.845E-19
1.318E+01  2.556E-26  8.938E-18  8.762E-18  1.763E-19
1.306E+01  2.534E-26  8.778E-18  8.610E-18  1.682E-19
1.294E+01  2.705E-26  9.287E-18  9.127E-18  1.605E-19
1.282E+01  3.091E-26  1.051E-17  1.036E-17  1.536E-19
1.271E+01  3.562E-26  1.200E-17  1.186E-17  1.470E-19
1.259E+01  3.574E-26  1.194E-17  1.180E-17  1.406E-19
1.247E+01  2.991E-26  9.896E-18  9.762E-18  1.343E-19
1.236E+01  2.445E-26  8.016E-18  7.888E-18  1.280E-19
1.225E+01  2.189E-26  7.109E-18  6.988E-18  1.216E-19
1.213E+01  2.157E-26  6.941E-18  6.826E-18  1.157E-19
1.202E+01  2.159E-26  6.886E-18  6.776E-18  1.103E-19
1.191E+01  1.978E-26  6.249E-18  6.144E-18  1.050E-19
1.180E+01  1.717E-26  5.376E-18  5.277E-18  9.985E-20
1.169E+01  1.592E-26  4.938E-18  4.843E-18  9.468E-20
1.159E+01  1.690E-26  5.194E-18  5.104E-18  8.932E-20
1.148E+01  2.104E-26  6.408E-18  6.324E-18  8.411E-20
1.138E+01  2.786E-26  8.407E-18  8.328E-18  7.930E-20
1.127E+01  3.447E-26  1.031E-17  1.023E-17  7.477E-20
1.117E+01  2.330E-26  6.903E-18  6.833E-18  7.054E-20
1.107E+01  1.193E-26  3.502E-18  3.435E-18  6.648E-20
1.096E+01  8.123E-27  2.363E-18  2.300E-18  6.248E-20
1.086E+01  6.318E-27  1.821E-18  1.762E-18  5.872E-20
1.076E+01  5.302E-27  1.514E-18  1.459E-18  5.530E-20
1.067E+01  4.646E-27  1.314E-18  1.262E-18  5.219E-20
1.057E+01  4.095E-27  1.148E-18  1.099E-18  4.931E-20
1.047E+01  3.693E-27  1.026E-18  9.792E-19  4.641E-20
1.038E+01  3.385E-27  9.316E-19  8.882E-19  4.334E-20
1.028E+01  3.136E-27  8.552E-19  8.151E-19  4.009E-20
1.019E+01  2.929E-27  7.914E-19  7.546E-19  3.679E-20
1.009E+01  2.754E-27  7.373E-19  7.037E-19  3.361E-20
1.000E+01  2.605E-27  6.911E-19  6.604E-19  3.067E-20
9.908E+00  2.479E-27  6.516E-19  6.236E-19  2.801E-20
9.817E+00  2.373E-27  6.178E-19  5.923E-19  2.559E-20
9.727E+00  2.284E-27  5.893E-19  5.659E-19  2.336E-20
9.638E+00  2.212E-27  5.655E-19  5.442E-19  2.128E-20
9.550E+00  2.156E-27  5.462E-19  5.269E-19  1.924E-20
9.462E+00  2.117E-27  5.314E-19  5.142E-19  1.720E-20
9.376E+00  2.097E-27  5.215E-19  5.064E-19  1.517E-20
9.290E+00  2.099E-27  5.172E-19  5.041E-19  1.316E-20
9.204E+00  2.129E-27  5.199E-19  5.086E-19  1.123E-20
9.120E+00  2.198E-27  5.317E-19  5.222E-19  9.439E-21
9.036E+00  2.322E-27  5.566E-19  5.487E-19  7.825E-21
8.954E+00  2.533E-27  6.017E-19  5.953E-19  6.427E-21
8.872E+00  2.889E-27  6.798E-19  6.745E-19  5.256E-21
8.790E+00  3.478E-27  8.111E-19  8.068E-19  4.294E-21
8.710E+00  4.343E-27  1.003E-18  9.999E-19  3.515E-21
8.630E+00  5.003E-27  1.145E-18  1.142E-18  2.888E-21
8.551E+00  4.578E-27  1.038E-18  1.036E-18  2.380E-21
8.472E+00  3.736E-27  8.397E-19  8.378E-19  1.958E-21
8.395E+00  3.254E-27  7.246E-19  7.230E-19  1.596E-21
8.318E+00  3.064E-27  6.760E-19  6.747E-19  1.280E-21
8.241E+00  3.032E-27  6.629E-19  6.619E-19  1.005E-21
8.166E+00  3.179E-27  6.886E-19  6.878E-19  7.714E-22
8.091E+00  3.550E-27  7.619E-19  7.613E-19  5.873E-22
8.017E+00  4.155E-27  8.836E-19  8.831E-19  4.436E-22
7.943E+00  4.883E-27  1.029E-18  1.028E-18  3.338E-22
7.870E+00  5.350E-27  1.117E-18  1.117E-18  2.504E-22
7.798E+00  5.218E-27  1.079E-18  1.079E-18  1.876E-22
7.727E+00  4.846E-27  9.932E-19  9.931E-19  1.413E-22
7.656E+00  4.611E-27  9.364E-19  9.363E-19  1.072E-22
7.586E+00  4.133E-27  8.315E-19  8.315E-19  8.211E-23
7.516E+00  3.188E-27  6.355E-19  6.355E-19  6.399E-23
7.447E+00  2.296E-27  4.535E-19  4.534E-19  5.091E-23
7.379E+00  1.681E-27  3.290E-19  3.289E-19  4.111E-23
7.311E+00  1.271E-27  2.464E-19  2.464E-19  3.385E-23
7.244E+00  9.831E-28  1.889E-19  1.889E-19  2.817E-23
7.178E+00  7.734E-28  1.473E-19  1.472E-19  2.359E-23
7.112E+00  6.184E-28  1.167E-19  1.167E-19  1.995E-23
7.047E+00  5.048E-28  9.436E-20  9.434E-20  1.697E-23
6.982E+00  4.234E-28  7.841E-20  7.840E-20  1.444E-23
6.918E+00  3.671E-28  6.738E-20  6.736E-20  1.230E-23
6.855E+00  3.299E-28  5.999E-20  5.998E-20  1.048E-23
6.792E+00  3.043E-28  5.483E-20  5.482E-20  8.917E-24
6.730E+00  2.807E-28  5.010E-20  5.010E-20  7.582E-24
6.668E+00  2.512E-28  4.444E-20  4.443E-20  6.438E-24
6.607E+00  2.179E-28  3.819E-20  3.819E-20  5.455E-24
6.546E+00  1.902E-28  3.302E-20  3.302E-20  4.616E-24
6.486E+00  1.761E-28  3.030E-20  3.029E-20  3.898E-24
6.427E+00  1.816E-28  3.097E-20  3.096E-20  3.286E-24
6.368E+00  2.171E-28  3.667E-20  3.666E-20  2.765E-24
6.310E+00  3.031E-28  5.073E-20  5.072E-20  2.321E-24
6.252E+00  4.299E-28  7.129E-20  7.129E-20  1.945E-24
6.194E+00  3.931E-28  6.459E-20  6.459E-20  1.627E-24
6.138E+00  2.188E-28  3.562E-20  3.562E-20  1.357E-24
6.081E+00  1.154E-28  1.862E-20  1.862E-20  1.130E-24
6.026E+00  6.775E-29  1.083E-20  1.083E-20  9.393E-25
5.970E+00  4.444E-29  7.038E-21  7.038E-21  7.799E-25
5.916E+00  3.221E-29  5.054E-21  5.054E-21  6.466E-25
5.861E+00  2.585E-29  4.019E-21  4.019E-21  5.355E-25
5.808E+00  2.342E-29  3.607E-21  3.607E-21  4.429E-25
5.754E+00  2.386E-29  3.642E-21  3.642E-21  3.658E-25
5.702E+00  2.318E-29  3.506E-21  3.506E-21  3.017E-25
5.649E+00  1.717E-29  2.573E-21  2.572E-21  2.486E-25
5.598E+00  1.126E-29  1.672E-21  1.672E-21  2.045E-25
5.546E+00  7.811E-30  1.149E-21  1.149E-21  1.680E-25
5.495E+00  5.908E-30  8.613E-22  8.611E-22  1.379E-25
5.445E+00  4.859E-30  7.017E-22  7.016E-22  1.130E-25
5.395E+00  4.387E-30  6.278E-22  6.277E-22  9.246E-26
5.346E+00  4.428E-30  6.279E-22  6.278E-22  7.554E-26
5.297E+00  4.705E-30  6.611E-22  6.610E-22  6.163E-26
5.248E+00  4.063E-30  5.656E-22  5.656E-22  5.021E-26
5.200E+00  2.722E-30  3.755E-22  3.755E-22  4.084E-26
5.152E+00  1.805E-30  2.468E-22  2.467E-22  3.318E-26
5.105E+00  1.288E-30  1.744E-22  1.743E-22  2.691E-26
5.058E+00  9.740E-31  1.307E-22  1.307E-22  2.179E-26
5.012E+00  7.648E-31  1.017E-22  1.017E-22  1.761E-26
4.966E+00  6.147E-31  8.097E-23  8.096E-23  1.422E-26
4.920E+00  5.014E-31  6.545E-23  6.544E-23  1.146E-26
4.875E+00  4.132E-31  5.343E-23  5.342E-23  9.216E-27
4.831E+00  3.428E-31  4.392E-23  4.392E-23  7.399E-27
4.786E+00  2.858E-31  3.629E-23  3.628E-23  5.930E-27
4.742E+00  2.392E-31  3.009E-23  3.008E-23  4.744E-27
4.699E+00  2.007E-31  2.502E-23  2.501E-23  3.788E-27
4.656E+00  1.688E-31  2.084E-23  2.084E-23  3.019E-27
4.613E+00  1.421E-31  1.739E-23  1.739E-23  2.401E-27
4.571E+00  1.198E-31  1.453E-23  1.453E-23  1.906E-27
4.529E+00  1.011E-31  1.215E-23  1.215E-23  1.510E-27
4.487E+00  8.539E-32  1.016E-23  1.016E-23  1.194E-27
4.446E+00  7.214E-32  8.508E-24  8.507E-24  9.419E-28
4.406E+00  6.096E-32  7.124E-24  7.123E-24  7.417E-28
4.365E+00  5.152E-32  5.966E-24  5.965E-24  5.829E-28
4.325E+00  4.354E-32  4.996E-24  4.995E-24  4.570E-28
4.285E+00  3.680E-32  4.183E-24  4.183E-24  3.576E-28
4.246E+00  3.109E-32  3.502E-24  3.502E-24  2.791E-28
4.207E+00  2.626E-32  2.931E-24  2.931E-24  2.174E-28
4.169E+00  2.218E-32  2.452E-24  2.452E-24  1.689E-28
4.130E+00  1.872E-32  2.051E-24  2.051E-24  1.309E-28
4.093E+00  1.579E-32  1.714E-24  1.714E-24  1.012E-28
4.055E+00  1.332E-32  1.432E-24  1.432E-24  7.803E-29
4.018E+00  1.122E-32  1.196E-24  1.196E-24  6.001E-29
3.981E+00  9.454E-33  9.983E-25  9.983E-25  4.604E-29
3.945E+00  7.959E-33  8.328E-25  8.328E-25  3.523E-29
3.908E+00  6.697E-33  6.943E-25  6.943E-25  2.689E-29
3.873E+00  5.633E-33  5.786E-25  5.786E-25  2.048E-29
3.837E+00  4.735E-33  4.820E-25  4.819E-25  1.556E-29
3.802E+00  3.979E-33  4.013E-25  4.013E-25  1.179E-29
3.767E+00  3.344E-33  3.341E-25  3.341E-25  8.907E-30
3.733E+00  2.810E-33  2.782E-25  2.782E-25  6.714E-30
3.698E+00  2.361E-33  2.317E-25  2.316E-25  5.047E-30
3.664E+00  1.986E-33  1.931E-25  1.931E-25  3.784E-30
3.631E+00  1.673E-33  1.612E-25  1.612E-25  2.830E-30
3.597E+00  1.413E-33  1.349E-25  1.348E-25  2.110E-30
3.565E+00  1.198E-33  1.133E-25  1.133E-25  1.569E-30
3.532E+00  1.024E-33  9.589E-26  9.589E-26  1.164E-30
3.499E+00  8.844E-34  8.209E-26  8.209E-26  8.604E-31
3.467E+00  7.797E-34  7.172E-26  7.172E-26  6.344E-31
3.436E+00  7.133E-34  6.500E-26  6.500E-26  4.664E-31
3.404E+00  7.005E-34  6.325E-26  6.325E-26  3.420E-31
3.373E+00  7.971E-34  7.131E-26  7.131E-26  2.499E-31
3.342E+00  1.256E-33  1.113E-25  1.113E-25  1.821E-31
3.311E+00  3.482E-33  3.059E-25  3.059E-25  1.323E-31
3.281E+00  1.999E-33  1.740E-25  1.740E-25  9.581E-32
3.251E+00  5.446E-34  4.696E-26  4.696E-26  6.915E-32
3.221E+00  2.582E-34  2.206E-26  2.206E-26  4.974E-32
3.192E+00  1.602E-34  1.356E-26  1.356E-26  3.567E-32
3.162E+00  1.124E-34  9.426E-27  9.426E-27  2.550E-32
3.133E+00  8.366E-35  6.953E-27  6.953E-27  1.818E-32
3.105E+00  6.424E-35  5.290E-27  5.290E-27  1.292E-32
3.076E+00  5.017E-35  4.094E-27  4.094E-27  9.154E-33
3.048E+00  3.956E-35  3.198E-27  3.198E-27  6.468E-33
3.020E+00  3.136E-35  2.512E-27  2.512E-27  4.555E-33
2.992E+00  2.493E-35  1.979E-27  1.979E-27  3.197E-33
2.965E+00  1.985E-35  1.561E-27  1.561E-27  2.237E-33
2.938E+00  1.581E-35  1.232E-27  1.232E-27  1.560E-33
2.911E+00  1.259E-35  9.723E-28  9.723E-28  1.084E-33
2.884E+00  1.002E-35  7.668E-28  7.668E-28  7.510E-34
2.858E+00  7.970E-36  6.041E-28  6.041E-28  5.184E-34
2.831E+00  6.329E-36  4.754E-28  4.754E-28  3.567E-34
2.805E+00  5.020E-36  3.736E-28  3.736E-28  2.445E-34
2.780E+00  3.975E-36  2.931E-28  2.931E-28  1.671E-34
2.754E+00  3.143E-36  2.296E-28  2.296E-28  1.137E-34
2.729E+00  2.480E-36  1.795E-28  1.795E-28  7.716E-35
2.704E+00  1.954E-36  1.401E-28  1.401E-28  5.216E-35
2.679E+00  1.536E-36  1.092E-28  1.092E-28  3.513E-35
2.655E+00  1.206E-36  8.490E-29  8.490E-29  2.358E-35
2.630E+00  9.444E-37  6.589E-29  6.589E-29  1.577E-35
2.606E+00  7.382E-37  5.103E-29  5.103E-29  1.050E-35
2.582E+00  5.759E-37  3.944E-29  3.944E-29  6.972E-36
2.559E+00  4.483E-37  3.042E-29  3.042E-29  4.611E-36
2.535E+00  3.482E-37  2.341E-29  2.341E-29  3.038E-36
2.512E+00  2.699E-37  1.798E-29  1.798E-29  1.994E-36
2.489E+00  2.087E-37  1.378E-29  1.378E-29  1.304E-36
2.466E+00  1.610E-37  1.053E-29  1.053E-29  8.495E-37
2.443E+00  1.239E-37  8.032E-30  8.032E-30  5.514E-37
2.421E+00  9.516E-38  6.111E-30  6.111E-30  3.565E-37
2.399E+00  7.291E-38  4.640E-30  4.640E-30  2.296E-37
2.377E+00  5.573E-38  3.514E-30  3.514E-30  1.473E-37
2.355E+00  4.249E-38  2.655E-30  2.655E-30  9.409E-38
2.333E+00  3.232E-38  2.000E-30  2.000E-30  5.988E-38
2.312E+00  2.452E-38  1.504E-30  1.504E-30  3.796E-38
2.291E+00  1.855E-38  1.127E-30  1.127E-30  2.396E-38
2.270E+00  1.400E-38  8.427E-31  8.427E-31  1.507E-38
2.249E+00  1.053E-38  6.281E-31  6.281E-31  9.439E-39
2.228E+00  7.896E-39  4.668E-31  4.668E-31  5.889E-39
2.208E+00  5.903E-39  3.457E-31  3.457E-31  3.659E-39
2.188E+00  4.398E-39  2.552E-31  2.552E-31  2.265E-39
2.168E+00  3.264E-39  1.877E-31  1.877E-31  1.396E-39
2.148E+00  2.412E-39  1.374E-31  1.374E-31  8.573E-40
2.128E+00  1.774E-39  1.001E-31  1.001E-31  5.243E-40
2.109E+00  1.298E-39  7.259E-32  7.259E-32  3.194E-40
2.089E+00  9.432E-40  5.227E-32  5.227E-32  1.938E-40
2.070E+00  6.803E-40  3.735E-32  3.735E-32  1.172E-40
2.051E+00  4.859E-40  2.644E-32  2.644E-32  7.055E-41
2.032E+00  3.428E-40  1.848E-32  1.848E-32  4.231E-41
2.014E+00  2.381E-40  1.272E-32  1.272E-32  2.528E-41
1.995E+00  1.621E-40  8.577E-33  8.577E-33  1.505E-41
1.977E+00  1.076E-40  5.644E-33  5.644E-33  8.922E-42
1.959E+00  6.968E-41  3.621E-33  3.621E-33  5.271E-42
1.941E+00  4.456E-41  2.294E-33  2.294E-33  3.102E-42
1.923E+00  2.931E-41  1.495E-33  1.495E-33  1.819E-42
1.905E+00  2.101E-41  1.062E-33  1.062E-33  1.063E-42
1.888E+00  1.671E-41  8.369E-34  8.369E-34  6.191E-43
1.871E+00  1.401E-41  6.953E-34  6.953E-34  3.592E-43
1.854E+00  1.169E-41  5.750E-34  5.750E-34  2.077E-43
1.837E+00  9.475E-42  4.616E-34  4.616E-34  1.197E-43
1.820E+00  7.437E-42  3.590E-34  3.590E-34  6.878E-44
1.803E+00  5.687E-42  2.720E-34  2.720E-34  3.938E-44
1.786E+00  4.264E-42  2.021E-34  2.021E-34  2.248E-44
1.770E+00  3.152E-42  1.480E-34  1.480E-34  1.279E-44
1.754E+00  2.305E-42  1.072E-34  1.072E-34  7.256E-45
1.738E+00  1.672E-42  7.706E-35  7.706E-35  4.103E-45
1.722E+00  1.205E-42  5.503E-35  5.503E-35  2.313E-45
1.706E+00  8.642E-43  3.911E-35  3.911E-35  1.300E-45
1.690E+00  6.174E-43  2.768E-35  2.768E-35  7.285E-46
1.675E+00  4.396E-43  1.953E-35  1.953E-35  4.069E-46
1.660E+00  3.121E-43  1.374E-35  1.374E-35  2.266E-46
1.644E+00  2.211E-43  9.643E-36  9.643E-36  1.258E-46
1.629E+00  1.563E-43  6.754E-36  6.754E-36  6.959E-47
1.614E+00  1.103E-43  4.722E-36  4.722E-36  3.838E-47
1.600E+00  7.770E-44  3.297E-36  3.297E-36  2.109E-47
1.585E+00  5.469E-44  2.299E-36  2.299E-36  1.155E-47
1.570E+00  3.846E-44  1.602E-36  1.602E-36  6.305E-48
1.556E+00  2.702E-44  1.115E-36  1.115E-36  3.429E-48
1.542E+00  1.898E-44  7.762E-37  7.762E-37  1.857E-48
1.528E+00  1.333E-44  5.401E-37  5.401E-37  1.002E-48
1.514E+00  9.362E-45  3.759E-37  3.759E-37  5.388E-49
1.500E+00  6.578E-45  2.617E-37  2.617E-37  2.884E-49
1.486E+00  4.626E-45  1.823E-37  1.823E-37  1.537E-49
1.472E+00  3.256E-45  1.272E-37  1.272E-37  8.160E-50
1.459E+00  2.296E-45  8.883E-38  8.883E-38  4.311E-50
1.445E+00  1.622E-45  6.218E-38  6.218E-38  2.268E-50
1.432E+00  1.148E-45  4.362E-38  4.362E-38  1.187E-50
1.419E+00  8.154E-46  3.069E-38  3.069E-38  6.183E-51
1.406E+00  5.811E-46  2.167E-38  2.167E-38  3.205E-51
1.393E+00  4.158E-46  1.536E-38  1.536E-38  1.652E-51
1.380E+00  2.988E-46  1.094E-38  1.094E-38  8.475E-52
1.368E+00  2.158E-46  7.830E-39  7.830E-39  4.323E-52
1.355E+00  1.566E-46  5.631E-39  5.631E-39  2.193E-52
1.343E+00  1.142E-46  4.068E-39  4.068E-39  1.106E-52
1.330E+00  8.351E-47  2.947E-39  2.947E-39  5.546E-53
1.318E+00  6.107E-47  2.136E-39  2.136E-39  2.765E-53
1.306E+00  4.444E-47  1.540E-39  1.540E-39  1.370E-53
1.294E+00  3.191E-47  1.096E-39  1.096E-39  6.747E-54
1.282E+00  2.238E-47  7.613E-40  7.613E-40  3.303E-54
1.271E+00  1.515E-47  5.106E-40  5.106E-40  1.606E-54
1.259E+00  9.814E-48  3.277E-40  3.277E-40  7.764E-55
1.247E+00  6.071E-48  2.009E-40  2.009E-40  3.729E-55
1.236E+00  3.611E-48  1.184E-40  1.184E-40  1.779E-55
1.225E+00  2.092E-48  6.794E-41  6.794E-41  8.433E-56
1.213E+00  1.197E-48  3.853E-41  3.853E-41  3.970E-56
1.202E+00  6.857E-49  2.187E-41  2.187E-41  1.856E-56
1.191E+00  3.967E-49  1.254E-41  1.254E-41  8.617E-57
1.180E+00  2.334E-49  7.307E-42  7.307E-42  3.972E-57
1.169E+00  1.401E-49  4.348E-42  4.348E-42  1.818E-57
1.159E+00  8.609E-50  2.646E-42  2.646E-42  8.261E-58
1.148E+00  5.418E-50  1.650E-42  1.650E-42  3.726E-58
1.138E+00  3.498E-50  1.055E-42  1.055E-42  1.668E-58
1.127E+00  2.319E-50  6.933E-43  6.933E-43  7.413E-59
1.117E+00  1.582E-50  4.688E-43  4.688E-43  3.269E-59
1.107E+00  1.115E-50  3.272E-43  3.272E-43  1.431E-59
1.096E+00  8.128E-51  2.364E-43  2.364E-43  6.213E-60
1.086E+00  6.140E-51  1.770E-43  1.770E-43  2.677E-60
1.076E+00  4.766E-51  1.361E-43  1.361E-43  1.144E-60
1.067E+00  3.685E-51  1.043E-43  1.043E-43  4.853E-61
1.057E+00  2.643E-51  7.410E-44  7.410E-44  2.041E-61
1.047E+00  1.603E-51  4.453E-44  4.453E-44  8.518E-62
1.038E+00  8.041E-52  2.213E-44  2.213E-44  3.525E-62
1.028E+00  3.608E-52  9.838E-45  9.838E-45  1.446E-62
1.019E+00  1.582E-52  4.276E-45  4.276E-45  5.887E-63
1.009E+00  7.113E-53  1.904E-45  1.904E-45  2.375E-63
1.000E+00  3.330E-53  8.833E-46  8.833E-46  9.503E-64
