Dust emission spectrum from Draine,B.T., & Li, A. (2007), ApJ, in press [astro-ph/0608003]
==========================================================
         7 = grain model
 4.000E-08 4.000E-01 4.500E-05 = a_01 (cm) , sigma_1 , b_C1
 2.000E-07 5.500E-01 1.500E-05 = a_02 (cm) , sigma_2 , b_C2
 1.000E+07 1.000E+07 1.000E+00 = Umin , Umax, beta (dN/dU propto U^{-beta})
 1.000E+07 = <U>       mmp83 = radfield
 2.000E-06 1.000E+00 = a_{min} (cm), a_{max} (cm)
 2.808E-17 1.686E-17 1.122E-17 = P(tot)  P(carb)  P(sil) (erg s-1 H-1)
 band     <nu*P_nu> <j_nu(tot)><j_nu(carb)><j_nu(sil)>
 (um)   (erg s-1 H-1)(Jy/(sr*H))(Jy/(sr*H))(Jy/(sr*H))
1.270E+00  1.103E-21  3.714E-14  3.714E-14  2.942E-21 COBE-DIRBE
2.220E+00  5.813E-19  3.423E-11  3.423E-11  9.628E-16 COBE-DIRBE
3.530E+00  6.582E-18  6.163E-10  6.156E-10  7.710E-13 COBE-DIRBE
4.880E+00  1.255E-17  1.624E-09  1.612E-09  1.194E-11 COBE-DIRBE
1.229E+01  1.550E-17  5.052E-09  1.729E-09  3.322E-09 COBE-DIRBE
2.079E+01  8.082E-18  4.457E-09  1.161E-09  3.296E-09 COBE-DIRBE
5.599E+01  3.197E-19  4.748E-10  2.410E-10  2.338E-10 COBE-DIRBE
9.770E+01  1.702E-20  4.410E-11  1.607E-11  2.803E-11 COBE-DIRBE
1.479E+02  2.280E-21  8.943E-12  3.074E-12  5.869E-12 COBE-DIRBE
2.479E+02  1.876E-22  1.234E-12  3.814E-13  8.523E-13 COBE-DIRBE
1.200E+01  1.699E-17  5.407E-09  1.987E-09  3.420E-09 IRAS
2.500E+01  6.540E-18  4.337E-09  1.369E-09  2.968E-09 IRAS
6.000E+01  3.000E-19  4.775E-10  2.474E-10  2.300E-10 IRAS
1.000E+02  1.433E-20  3.802E-11  1.359E-11  2.443E-11 IRAS
3.550E+00  6.752E-18  6.358E-10  6.350E-10  7.595E-13 SST-IRAC
4.493E+00  1.134E-17  1.352E-09  1.345E-09  6.694E-12 SST-IRAC
5.731E+00  1.355E-17  2.061E-09  2.024E-09  3.638E-11 SST-IRAC
7.872E+00  1.611E-17  3.365E-09  2.235E-09  1.130E-09 SST-IRAC
2.368E+01  5.718E-18  3.592E-09  1.211E-09  2.381E-09 SST-MIPS
7.142E+01  6.913E-20  1.310E-10  5.425E-11  7.672E-11 SST-MIPS
1.559E+02  1.421E-21  5.877E-12  2.025E-12  3.851E-12 SST-MIPS
1.600E+01  9.704E-18  4.118E-09  1.198E-09  2.920E-09 SST-IRSPU
2.200E+01  6.840E-18  3.992E-09  1.180E-09  2.812E-09 SST-IRSPU
7.500E+01  5.884E-20  1.171E-10  4.817E-11  6.889E-11 Herschel-PACS
1.100E+02  9.207E-21  2.686E-11  9.434E-12  1.743E-11 Herschel-PACS
1.700E+02  1.116E-21  5.031E-12  1.735E-12  3.296E-12 Herschel-PACS
2.500E+02  1.395E-22  9.248E-13  2.834E-13  6.414E-13 Herschel-SPIRE
3.600E+02  2.165E-23  2.067E-13  6.641E-14  1.403E-13 Herschel-SPIRE
5.200E+02  3.690E-24  5.090E-14  1.675E-14  3.415E-14 Herschel-SPIRE
2.400E+00  1.237E-18  7.873E-11  7.867E-11  6.052E-14 Akari IRC NIR N2
3.200E+00  4.962E-18  4.211E-10  4.207E-10  4.022E-13 Akari IRC NIR N3
4.100E+00  1.070E-17  1.164E-09  1.158E-09  6.067E-12 Akari IRC NIR N4
7.000E+00  1.356E-17  2.518E-09  2.195E-09  3.231E-10 Akari IRC MIR-S S7
9.000E+00  1.926E-17  4.597E-09  2.161E-09  2.436E-09 Akari IRC MIR-S S9W
1.100E+01  1.995E-17  5.822E-09  1.924E-09  3.898E-09 Akari IRC MIR-S S11
1.500E+01  9.915E-18  3.945E-09  1.141E-09  2.804E-09 Akari IRC MIR-L L15
1.800E+01  8.492E-18  4.055E-09  1.110E-09  2.945E-09 Akari IRC MIR-L L18W
2.400E+01  6.254E-18  3.981E-09  1.278E-09  2.704E-09 Akari IRC MIR-L L24
6.500E+01  1.147E-19  1.977E-10  8.657E-11  1.112E-10 Akari FIS N60
8.000E+01  4.286E-20  9.095E-11  3.763E-11  5.332E-11 Akari FIS WIDE-S
1.400E+02  2.169E-21  8.055E-12  2.780E-12  5.275E-12 Akari FIS WIDE-L
1.600E+02  1.184E-21  5.026E-12  1.697E-12  3.329E-12 Akari FIS N160
 
 
 
 


lambda    nu*dP/dnu     j_nu    j_nu(carb.) j_nu(sil)
 (um)    (erg/(s*H)) (Jy/(sr*H) (Jy/(sr*H)) (Jy/(sr*H)
1.000E+04  8.514E-30  2.258E-18  4.557E-19  1.803E-18
9.908E+03  8.829E-30  2.320E-18  4.694E-19  1.851E-18
9.817E+03  9.155E-30  2.384E-18  4.835E-19  1.901E-18
9.727E+03  9.494E-30  2.450E-18  4.980E-19  1.952E-18
9.638E+03  9.845E-30  2.517E-18  5.129E-19  2.004E-18
9.550E+03  1.021E-29  2.586E-18  5.283E-19  2.058E-18
9.462E+03  1.059E-29  2.657E-18  5.442E-19  2.113E-18
9.376E+03  1.098E-29  2.730E-18  5.606E-19  2.170E-18
9.290E+03  1.138E-29  2.805E-18  5.775E-19  2.228E-18
9.204E+03  1.181E-29  2.883E-18  5.948E-19  2.288E-18
9.120E+03  1.224E-29  2.962E-18  6.128E-19  2.349E-18
9.036E+03  1.270E-29  3.043E-18  6.312E-19  2.412E-18
8.954E+03  1.317E-29  3.127E-18  6.503E-19  2.477E-18
8.872E+03  1.365E-29  3.212E-18  6.699E-19  2.542E-18
8.790E+03  1.415E-29  3.300E-18  6.901E-19  2.610E-18
8.710E+03  1.468E-29  3.390E-18  7.110E-19  2.679E-18
8.630E+03  1.522E-29  3.483E-18  7.324E-19  2.751E-18
8.551E+03  1.578E-29  3.579E-18  7.546E-19  2.824E-18
8.472E+03  1.636E-29  3.677E-18  7.774E-19  2.900E-18
8.395E+03  1.697E-29  3.778E-18  8.010E-19  2.977E-18
8.318E+03  1.760E-29  3.882E-18  8.252E-19  3.057E-18
8.241E+03  1.825E-29  3.989E-18  8.502E-19  3.139E-18
8.166E+03  1.892E-29  4.099E-18  8.760E-19  3.223E-18
8.091E+03  1.963E-29  4.212E-18  9.026E-19  3.309E-18
8.017E+03  2.035E-29  4.328E-18  9.300E-19  3.398E-18
7.943E+03  2.111E-29  4.448E-18  9.582E-19  3.490E-18
7.870E+03  2.189E-29  4.571E-18  9.873E-19  3.584E-18
7.798E+03  2.271E-29  4.698E-18  1.017E-18  3.680E-18
7.727E+03  2.355E-29  4.828E-18  1.048E-18  3.779E-18
7.656E+03  2.443E-29  4.962E-18  1.080E-18  3.882E-18
7.586E+03  2.534E-29  5.100E-18  1.113E-18  3.986E-18
7.516E+03  2.629E-29  5.241E-18  1.147E-18  4.094E-18
7.447E+03  2.727E-29  5.387E-18  1.182E-18  4.205E-18
7.379E+03  2.829E-29  5.537E-18  1.218E-18  4.319E-18
7.311E+03  2.935E-29  5.691E-18  1.255E-18  4.436E-18
7.244E+03  3.044E-29  5.850E-18  1.294E-18  4.557E-18
7.178E+03  3.158E-29  6.014E-18  1.333E-18  4.680E-18
7.112E+03  3.277E-29  6.182E-18  1.374E-18  4.808E-18
7.047E+03  3.399E-29  6.355E-18  1.416E-18  4.939E-18
6.982E+03  3.527E-29  6.532E-18  1.459E-18  5.073E-18
6.918E+03  3.659E-29  6.715E-18  1.504E-18  5.211E-18
6.855E+03  3.796E-29  6.903E-18  1.550E-18  5.353E-18
6.792E+03  3.939E-29  7.096E-18  1.598E-18  5.499E-18
6.730E+03  4.087E-29  7.295E-18  1.647E-18  5.649E-18
6.668E+03  4.240E-29  7.500E-18  1.697E-18  5.803E-18
6.607E+03  4.400E-29  7.711E-18  1.749E-18  5.961E-18
6.546E+03  4.565E-29  7.928E-18  1.803E-18  6.124E-18
6.486E+03  4.737E-29  8.151E-18  1.859E-18  6.292E-18
6.427E+03  4.916E-29  8.380E-18  1.916E-18  6.465E-18
6.368E+03  5.101E-29  8.617E-18  1.975E-18  6.642E-18
6.310E+03  5.294E-29  8.860E-18  2.036E-18  6.825E-18
6.252E+03  5.494E-29  9.111E-18  2.098E-18  7.012E-18
6.194E+03  5.702E-29  9.369E-18  2.163E-18  7.205E-18
6.138E+03  5.917E-29  9.634E-18  2.230E-18  7.404E-18
6.081E+03  6.142E-29  9.907E-18  2.299E-18  7.608E-18
6.026E+03  6.374E-29  1.019E-17  2.370E-18  7.818E-18
5.970E+03  6.616E-29  1.048E-17  2.443E-18  8.035E-18
5.916E+03  6.867E-29  1.078E-17  2.519E-18  8.257E-18
5.861E+03  7.128E-29  1.108E-17  2.597E-18  8.486E-18
5.808E+03  7.399E-29  1.140E-17  2.677E-18  8.721E-18
5.754E+03  7.681E-29  1.172E-17  2.760E-18  8.963E-18
5.702E+03  7.973E-29  1.206E-17  2.846E-18  9.212E-18
5.649E+03  8.277E-29  1.240E-17  2.934E-18  9.469E-18
5.598E+03  8.592E-29  1.276E-17  3.026E-18  9.732E-18
5.546E+03  8.920E-29  1.312E-17  3.120E-18  1.000E-17
5.495E+03  9.261E-29  1.350E-17  3.217E-18  1.028E-17
5.445E+03  9.614E-29  1.389E-17  3.317E-18  1.057E-17
5.395E+03  9.982E-29  1.429E-17  3.420E-18  1.087E-17
5.346E+03  1.036E-28  1.470E-17  3.527E-18  1.117E-17
5.297E+03  1.076E-28  1.512E-17  3.637E-18  1.148E-17
5.248E+03  1.117E-28  1.555E-17  3.750E-18  1.180E-17
5.200E+03  1.160E-28  1.600E-17  3.867E-18  1.214E-17
5.152E+03  1.205E-28  1.646E-17  3.988E-18  1.248E-17
5.105E+03  1.251E-28  1.694E-17  4.113E-18  1.283E-17
5.058E+03  1.299E-28  1.743E-17  4.241E-18  1.319E-17
5.012E+03  1.349E-28  1.793E-17  4.374E-18  1.356E-17
4.966E+03  1.401E-28  1.845E-17  4.511E-18  1.394E-17
4.920E+03  1.455E-28  1.899E-17  4.653E-18  1.433E-17
4.875E+03  1.511E-28  1.954E-17  4.799E-18  1.474E-17
4.831E+03  1.569E-28  2.010E-17  4.949E-18  1.516E-17
4.786E+03  1.630E-28  2.069E-17  5.105E-18  1.558E-17
4.742E+03  1.692E-28  2.129E-17  5.265E-18  1.603E-17
4.699E+03  1.758E-28  2.191E-17  5.431E-18  1.648E-17
4.656E+03  1.826E-28  2.255E-17  5.601E-18  1.695E-17
4.613E+03  1.897E-28  2.321E-17  5.778E-18  1.743E-17
4.571E+03  1.970E-28  2.389E-17  5.960E-18  1.793E-17
4.529E+03  2.046E-28  2.458E-17  6.148E-18  1.844E-17
4.487E+03  2.126E-28  2.530E-17  6.342E-18  1.896E-17
4.446E+03  2.208E-28  2.605E-17  6.542E-18  1.950E-17
4.406E+03  2.294E-28  2.681E-17  6.748E-18  2.006E-17
4.365E+03  2.383E-28  2.760E-17  6.962E-18  2.063E-17
4.325E+03  2.476E-28  2.841E-17  7.182E-18  2.123E-17
4.285E+03  2.573E-28  2.924E-17  7.409E-18  2.183E-17
4.246E+03  2.673E-28  3.011E-17  7.644E-18  2.246E-17
4.207E+03  2.777E-28  3.099E-17  7.886E-18  2.311E-17
4.169E+03  2.886E-28  3.191E-17  8.136E-18  2.377E-17
4.130E+03  2.998E-28  3.285E-17  8.394E-18  2.446E-17
4.093E+03  3.116E-28  3.382E-17  8.661E-18  2.516E-17
4.055E+03  3.238E-28  3.483E-17  8.936E-18  2.589E-17
4.018E+03  3.364E-28  3.586E-17  9.220E-18  2.664E-17
3.981E+03  3.496E-28  3.692E-17  9.513E-18  2.741E-17
3.945E+03  3.633E-28  3.802E-17  9.816E-18  2.820E-17
3.908E+03  3.776E-28  3.914E-17  1.013E-17  2.901E-17
3.873E+03  3.924E-28  4.031E-17  1.045E-17  2.985E-17
3.837E+03  4.078E-28  4.151E-17  1.079E-17  3.072E-17
3.802E+03  4.238E-28  4.274E-17  1.113E-17  3.161E-17
3.767E+03  4.405E-28  4.402E-17  1.148E-17  3.253E-17
3.733E+03  4.579E-28  4.533E-17  1.185E-17  3.348E-17
3.698E+03  4.759E-28  4.669E-17  1.223E-17  3.446E-17
3.664E+03  4.947E-28  4.808E-17  1.262E-17  3.546E-17
3.631E+03  5.142E-28  4.952E-17  1.303E-17  3.650E-17
3.597E+03  5.346E-28  5.101E-17  1.344E-17  3.757E-17
3.565E+03  5.557E-28  5.254E-17  1.387E-17  3.867E-17
3.532E+03  5.777E-28  5.412E-17  1.432E-17  3.980E-17
3.499E+03  6.006E-28  5.575E-17  1.478E-17  4.097E-17
3.467E+03  6.245E-28  5.743E-17  1.525E-17  4.218E-17
3.436E+03  6.493E-28  5.917E-17  1.574E-17  4.342E-17
3.404E+03  6.751E-28  6.096E-17  1.625E-17  4.471E-17
3.373E+03  7.019E-28  6.280E-17  1.677E-17  4.603E-17
3.342E+03  7.299E-28  6.470E-17  1.731E-17  4.739E-17
3.311E+03  7.590E-28  6.666E-17  1.787E-17  4.879E-17
3.281E+03  7.892E-28  6.869E-17  1.845E-17  5.024E-17
3.251E+03  8.208E-28  7.078E-17  1.904E-17  5.173E-17
3.221E+03  8.536E-28  7.293E-17  1.966E-17  5.327E-17
3.192E+03  8.877E-28  7.515E-17  2.029E-17  5.486E-17
3.162E+03  9.232E-28  7.744E-17  2.095E-17  5.649E-17
3.133E+03  9.602E-28  7.981E-17  2.163E-17  5.818E-17
3.105E+03  9.987E-28  8.225E-17  2.232E-17  5.992E-17
3.076E+03  1.039E-27  8.476E-17  2.305E-17  6.171E-17
3.048E+03  1.081E-27  8.736E-17  2.379E-17  6.356E-17
3.020E+03  1.124E-27  9.004E-17  2.457E-17  6.547E-17
2.992E+03  1.169E-27  9.280E-17  2.536E-17  6.744E-17
2.965E+03  1.216E-27  9.564E-17  2.619E-17  6.945E-17
2.938E+03  1.265E-27  9.857E-17  2.704E-17  7.153E-17
2.911E+03  1.316E-27  1.016E-16  2.792E-17  7.368E-17
2.884E+03  1.369E-27  1.047E-16  2.882E-17  7.589E-17
2.858E+03  1.424E-27  1.079E-16  2.976E-17  7.818E-17
2.831E+03  1.481E-27  1.113E-16  3.073E-17  8.053E-17
2.805E+03  1.541E-27  1.147E-16  3.173E-17  8.296E-17
2.780E+03  1.603E-27  1.182E-16  3.277E-17  8.547E-17
2.754E+03  1.668E-27  1.219E-16  3.383E-17  8.805E-17
2.729E+03  1.736E-27  1.257E-16  3.494E-17  9.072E-17
2.704E+03  1.806E-27  1.296E-16  3.608E-17  9.347E-17
2.679E+03  1.879E-27  1.336E-16  3.726E-17  9.631E-17
2.655E+03  1.956E-27  1.377E-16  3.848E-17  9.924E-17
2.630E+03  2.035E-27  1.420E-16  3.974E-17  1.023E-16
2.606E+03  2.118E-27  1.464E-16  4.104E-17  1.054E-16
2.582E+03  2.204E-27  1.510E-16  4.238E-17  1.086E-16
2.559E+03  2.294E-27  1.557E-16  4.377E-17  1.119E-16
2.535E+03  2.388E-27  1.606E-16  4.520E-17  1.154E-16
2.512E+03  2.485E-27  1.656E-16  4.669E-17  1.189E-16
2.489E+03  2.587E-27  1.708E-16  4.822E-17  1.225E-16
2.466E+03  2.692E-27  1.761E-16  4.980E-17  1.263E-16
2.443E+03  2.802E-27  1.816E-16  5.144E-17  1.302E-16
2.421E+03  2.917E-27  1.873E-16  5.313E-17  1.342E-16
2.399E+03  3.037E-27  1.932E-16  5.488E-17  1.383E-16
2.377E+03  3.161E-27  1.993E-16  5.669E-17  1.426E-16
2.355E+03  3.291E-27  2.056E-16  5.856E-17  1.470E-16
2.333E+03  3.426E-27  2.121E-16  6.049E-17  1.516E-16
2.312E+03  3.567E-27  2.188E-16  6.248E-17  1.563E-16
2.291E+03  3.714E-27  2.257E-16  6.454E-17  1.611E-16
2.270E+03  3.867E-27  2.328E-16  6.667E-17  1.662E-16
2.249E+03  4.026E-27  2.402E-16  6.888E-17  1.713E-16
2.228E+03  4.192E-27  2.478E-16  7.115E-17  1.767E-16
2.208E+03  4.365E-27  2.557E-16  7.351E-17  1.822E-16
2.188E+03  4.546E-27  2.638E-16  7.594E-17  1.879E-16
2.168E+03  4.734E-27  2.722E-16  7.845E-17  1.937E-16
2.148E+03  4.930E-27  2.808E-16  8.105E-17  1.998E-16
2.128E+03  5.134E-27  2.898E-16  8.374E-17  2.061E-16
2.109E+03  5.346E-27  2.990E-16  8.651E-17  2.125E-16
2.089E+03  5.568E-27  3.086E-16  8.939E-17  2.192E-16
2.070E+03  5.799E-27  3.184E-16  9.235E-17  2.261E-16
2.051E+03  6.040E-27  3.286E-16  9.542E-17  2.332E-16
2.032E+03  6.291E-27  3.391E-16  9.859E-17  2.405E-16
2.014E+03  6.552E-27  3.500E-16  1.019E-16  2.481E-16
1.995E+03  6.825E-27  3.612E-16  1.053E-16  2.560E-16
1.977E+03  7.109E-27  3.728E-16  1.088E-16  2.640E-16
1.959E+03  7.405E-27  3.848E-16  1.124E-16  2.724E-16
1.941E+03  7.714E-27  3.971E-16  1.161E-16  2.810E-16
1.923E+03  8.035E-27  4.099E-16  1.200E-16  2.899E-16
1.905E+03  8.371E-27  4.231E-16  1.240E-16  2.991E-16
1.888E+03  8.720E-27  4.367E-16  1.281E-16  3.086E-16
1.871E+03  9.085E-27  4.508E-16  1.324E-16  3.184E-16
1.854E+03  9.465E-27  4.653E-16  1.369E-16  3.285E-16
1.837E+03  9.861E-27  4.804E-16  1.414E-16  3.389E-16
1.820E+03  1.027E-26  4.959E-16  1.462E-16  3.497E-16
1.803E+03  1.070E-26  5.119E-16  1.510E-16  3.609E-16
1.786E+03  1.115E-26  5.285E-16  1.561E-16  3.724E-16
1.770E+03  1.162E-26  5.457E-16  1.613E-16  3.843E-16
1.754E+03  1.211E-26  5.634E-16  1.667E-16  3.966E-16
1.738E+03  1.262E-26  5.816E-16  1.723E-16  4.093E-16
1.722E+03  1.315E-26  6.005E-16  1.781E-16  4.224E-16
1.706E+03  1.370E-26  6.201E-16  1.841E-16  4.360E-16
1.690E+03  1.428E-26  6.402E-16  1.903E-16  4.500E-16
1.675E+03  1.488E-26  6.611E-16  1.967E-16  4.644E-16
1.660E+03  1.551E-26  6.826E-16  2.033E-16  4.794E-16
1.644E+03  1.616E-26  7.049E-16  2.101E-16  4.948E-16
1.629E+03  1.684E-26  7.279E-16  2.172E-16  5.107E-16
1.614E+03  1.755E-26  7.517E-16  2.245E-16  5.272E-16
1.600E+03  1.830E-26  7.763E-16  2.321E-16  5.442E-16
1.585E+03  1.907E-26  8.017E-16  2.399E-16  5.618E-16
1.570E+03  1.987E-26  8.279E-16  2.480E-16  5.799E-16
1.556E+03  2.072E-26  8.550E-16  2.563E-16  5.987E-16
1.542E+03  2.159E-26  8.830E-16  2.650E-16  6.180E-16
1.528E+03  2.251E-26  9.120E-16  2.739E-16  6.381E-16
1.514E+03  2.346E-26  9.419E-16  2.832E-16  6.587E-16
1.500E+03  2.446E-26  9.728E-16  2.928E-16  6.801E-16
1.486E+03  2.549E-26  1.005E-15  3.026E-16  7.022E-16
1.472E+03  2.658E-26  1.038E-15  3.129E-16  7.250E-16
1.459E+03  2.771E-26  1.072E-15  3.235E-16  7.486E-16
1.445E+03  2.888E-26  1.107E-15  3.344E-16  7.730E-16
1.432E+03  3.011E-26  1.144E-15  3.458E-16  7.982E-16
1.419E+03  3.139E-26  1.182E-15  3.575E-16  8.242E-16
1.406E+03  3.273E-26  1.221E-15  3.696E-16  8.511E-16
1.393E+03  3.413E-26  1.261E-15  3.821E-16  8.789E-16
1.380E+03  3.558E-26  1.303E-15  3.951E-16  9.077E-16
1.368E+03  3.710E-26  1.346E-15  4.085E-16  9.374E-16
1.355E+03  3.868E-26  1.390E-15  4.224E-16  9.680E-16
1.343E+03  4.033E-26  1.437E-15  4.368E-16  9.998E-16
1.330E+03  4.205E-26  1.484E-15  4.516E-16  1.033E-15
1.318E+03  4.385E-26  1.533E-15  4.670E-16  1.066E-15
1.306E+03  4.573E-26  1.584E-15  4.829E-16  1.101E-15
1.294E+03  4.768E-26  1.637E-15  4.993E-16  1.138E-15
1.282E+03  4.972E-26  1.691E-15  5.163E-16  1.175E-15
1.271E+03  5.185E-26  1.747E-15  5.339E-16  1.214E-15
1.259E+03  5.407E-26  1.806E-15  5.521E-16  1.253E-15
1.247E+03  5.639E-26  1.866E-15  5.710E-16  1.295E-15
1.236E+03  5.880E-26  1.928E-15  5.905E-16  1.337E-15
1.225E+03  6.132E-26  1.992E-15  6.106E-16  1.381E-15
1.213E+03  6.395E-26  2.058E-15  6.315E-16  1.427E-15
1.202E+03  6.669E-26  2.127E-15  6.531E-16  1.474E-15
1.191E+03  6.956E-26  2.198E-15  6.754E-16  1.523E-15
1.180E+03  7.254E-26  2.271E-15  6.985E-16  1.573E-15
1.169E+03  7.566E-26  2.347E-15  7.224E-16  1.625E-15
1.159E+03  7.891E-26  2.425E-15  7.471E-16  1.678E-15
1.148E+03  8.230E-26  2.506E-15  7.727E-16  1.734E-15
1.138E+03  8.584E-26  2.590E-15  7.992E-16  1.791E-15
1.127E+03  8.953E-26  2.677E-15  8.266E-16  1.850E-15
1.117E+03  9.338E-26  2.766E-15  8.549E-16  1.911E-15
1.107E+03  9.740E-26  2.859E-15  8.843E-16  1.975E-15
1.096E+03  1.016E-25  2.955E-15  9.146E-16  2.040E-15
1.086E+03  1.060E-25  3.054E-15  9.460E-16  2.108E-15
1.076E+03  1.105E-25  3.156E-15  9.785E-16  2.177E-15
1.067E+03  1.153E-25  3.262E-15  1.012E-15  2.250E-15
1.057E+03  1.203E-25  3.371E-15  1.047E-15  2.324E-15
1.047E+03  1.254E-25  3.484E-15  1.083E-15  2.401E-15
1.038E+03  1.308E-25  3.601E-15  1.120E-15  2.481E-15
1.028E+03  1.365E-25  3.722E-15  1.159E-15  2.563E-15
1.019E+03  1.424E-25  3.847E-15  1.199E-15  2.648E-15
1.009E+03  1.485E-25  3.976E-15  1.240E-15  2.736E-15
1.000E+03  1.549E-25  4.109E-15  1.283E-15  2.827E-15
9.908E+02  1.616E-25  4.248E-15  1.327E-15  2.921E-15
9.817E+02  1.686E-25  4.391E-15  1.373E-15  3.018E-15
9.727E+02  1.759E-25  4.539E-15  1.420E-15  3.118E-15
9.638E+02  1.835E-25  4.691E-15  1.469E-15  3.222E-15
9.550E+02  1.914E-25  4.850E-15  1.520E-15  3.330E-15
9.462E+02  1.997E-25  5.013E-15  1.573E-15  3.440E-15
9.376E+02  2.084E-25  5.182E-15  1.627E-15  3.555E-15
9.290E+02  2.174E-25  5.357E-15  1.683E-15  3.674E-15
9.204E+02  2.268E-25  5.538E-15  1.742E-15  3.796E-15
9.120E+02  2.366E-25  5.725E-15  1.802E-15  3.923E-15
9.036E+02  2.469E-25  5.918E-15  1.864E-15  4.054E-15
8.954E+02  2.576E-25  6.118E-15  1.929E-15  4.189E-15
8.872E+02  2.687E-25  6.324E-15  1.996E-15  4.328E-15
8.790E+02  2.804E-25  6.537E-15  2.065E-15  4.472E-15
8.710E+02  2.925E-25  6.758E-15  2.137E-15  4.621E-15
8.630E+02  3.052E-25  6.986E-15  2.211E-15  4.775E-15
8.551E+02  3.184E-25  7.222E-15  2.288E-15  4.934E-15
8.472E+02  3.322E-25  7.466E-15  2.367E-15  5.099E-15
8.395E+02  3.466E-25  7.718E-15  2.449E-15  5.268E-15
8.318E+02  3.616E-25  7.978E-15  2.535E-15  5.444E-15
8.241E+02  3.773E-25  8.248E-15  2.623E-15  5.625E-15
8.166E+02  3.936E-25  8.526E-15  2.714E-15  5.812E-15
8.091E+02  4.107E-25  8.814E-15  2.809E-15  6.005E-15
8.017E+02  4.285E-25  9.112E-15  2.907E-15  6.205E-15
7.943E+02  4.470E-25  9.419E-15  3.008E-15  6.411E-15
7.870E+02  4.664E-25  9.738E-15  3.113E-15  6.625E-15
7.798E+02  4.866E-25  1.007E-14  3.221E-15  6.845E-15
7.727E+02  5.077E-25  1.041E-14  3.334E-15  7.073E-15
7.656E+02  5.298E-25  1.076E-14  3.450E-15  7.308E-15
7.586E+02  5.528E-25  1.112E-14  3.571E-15  7.552E-15
7.516E+02  5.767E-25  1.150E-14  3.696E-15  7.803E-15
7.447E+02  6.018E-25  1.189E-14  3.825E-15  8.064E-15
7.379E+02  6.280E-25  1.229E-14  3.959E-15  8.333E-15
7.311E+02  6.553E-25  1.271E-14  4.097E-15  8.612E-15
7.244E+02  6.839E-25  1.314E-14  4.241E-15  8.901E-15
7.178E+02  7.137E-25  1.359E-14  4.389E-15  9.200E-15
7.112E+02  7.449E-25  1.405E-14  4.543E-15  9.509E-15
7.047E+02  7.774E-25  1.453E-14  4.702E-15  9.829E-15
6.982E+02  8.114E-25  1.503E-14  4.867E-15  1.016E-14
6.918E+02  8.468E-25  1.554E-14  5.038E-15  1.050E-14
6.855E+02  8.839E-25  1.607E-14  5.215E-15  1.086E-14
6.792E+02  9.226E-25  1.662E-14  5.398E-15  1.122E-14
6.730E+02  9.629E-25  1.719E-14  5.588E-15  1.160E-14
6.668E+02  1.005E-24  1.778E-14  5.784E-15  1.199E-14
6.607E+02  1.049E-24  1.838E-14  5.988E-15  1.240E-14
6.546E+02  1.095E-24  1.901E-14  6.199E-15  1.282E-14
6.486E+02  1.143E-24  1.967E-14  6.417E-15  1.325E-14
6.427E+02  1.194E-24  2.035E-14  6.643E-15  1.371E-14
6.368E+02  1.246E-24  2.105E-14  6.877E-15  1.417E-14
6.310E+02  1.301E-24  2.178E-14  7.119E-15  1.466E-14
6.252E+02  1.359E-24  2.253E-14  7.371E-15  1.516E-14
6.194E+02  1.419E-24  2.331E-14  7.631E-15  1.568E-14
6.138E+02  1.482E-24  2.412E-14  7.900E-15  1.622E-14
6.081E+02  1.547E-24  2.496E-14  8.179E-15  1.678E-14
6.026E+02  1.616E-24  2.583E-14  8.468E-15  1.736E-14
5.970E+02  1.688E-24  2.673E-14  8.768E-15  1.796E-14
5.916E+02  1.763E-24  2.766E-14  9.078E-15  1.858E-14
5.861E+02  1.841E-24  2.862E-14  9.399E-15  1.922E-14
5.808E+02  1.923E-24  2.962E-14  9.732E-15  1.989E-14
5.754E+02  2.008E-24  3.066E-14  1.008E-14  2.058E-14
5.702E+02  2.098E-24  3.173E-14  1.043E-14  2.130E-14
5.649E+02  2.192E-24  3.284E-14  1.080E-14  2.204E-14
5.598E+02  2.290E-24  3.400E-14  1.119E-14  2.281E-14
5.546E+02  2.392E-24  3.519E-14  1.158E-14  2.361E-14
5.495E+02  2.499E-24  3.643E-14  1.200E-14  2.444E-14
5.445E+02  2.611E-24  3.772E-14  1.242E-14  2.529E-14
5.395E+02  2.728E-24  3.905E-14  1.286E-14  2.618E-14
5.346E+02  2.851E-24  4.043E-14  1.332E-14  2.711E-14
5.297E+02  2.979E-24  4.186E-14  1.379E-14  2.806E-14
5.248E+02  3.113E-24  4.334E-14  1.429E-14  2.906E-14
5.200E+02  3.254E-24  4.488E-14  1.479E-14  3.009E-14
5.152E+02  3.401E-24  4.647E-14  1.532E-14  3.115E-14
5.105E+02  3.554E-24  4.813E-14  1.587E-14  3.226E-14
5.058E+02  3.715E-24  4.984E-14  1.643E-14  3.341E-14
5.012E+02  3.883E-24  5.162E-14  1.702E-14  3.460E-14
4.966E+02  4.059E-24  5.346E-14  1.763E-14  3.584E-14
4.920E+02  4.243E-24  5.537E-14  1.826E-14  3.712E-14
4.875E+02  4.435E-24  5.736E-14  1.891E-14  3.845E-14
4.831E+02  4.637E-24  5.941E-14  1.959E-14  3.983E-14
4.786E+02  4.848E-24  6.155E-14  2.029E-14  4.126E-14
4.742E+02  5.068E-24  6.376E-14  2.101E-14  4.274E-14
4.699E+02  5.299E-24  6.605E-14  2.177E-14  4.429E-14
4.656E+02  5.541E-24  6.843E-14  2.254E-14  4.589E-14
4.613E+02  5.794E-24  7.090E-14  2.335E-14  4.755E-14
4.571E+02  6.059E-24  7.346E-14  2.419E-14  4.927E-14
4.529E+02  6.336E-24  7.612E-14  2.506E-14  5.106E-14
4.487E+02  6.626E-24  7.887E-14  2.596E-14  5.291E-14
4.446E+02  6.930E-24  8.173E-14  2.689E-14  5.484E-14
4.406E+02  7.247E-24  8.469E-14  2.786E-14  5.684E-14
4.365E+02  7.580E-24  8.777E-14  2.886E-14  5.891E-14
4.325E+02  7.929E-24  9.096E-14  2.990E-14  6.107E-14
4.285E+02  8.293E-24  9.428E-14  3.097E-14  6.331E-14
4.246E+02  8.675E-24  9.772E-14  3.209E-14  6.563E-14
4.207E+02  9.076E-24  1.013E-13  3.324E-14  6.804E-14
4.169E+02  9.495E-24  1.050E-13  3.444E-14  7.055E-14
4.130E+02  9.933E-24  1.088E-13  3.568E-14  7.315E-14
4.093E+02  1.039E-23  1.128E-13  3.697E-14  7.586E-14
4.055E+02  1.087E-23  1.170E-13  3.830E-14  7.867E-14
4.018E+02  1.138E-23  1.213E-13  3.969E-14  8.159E-14
3.981E+02  1.191E-23  1.257E-13  4.112E-14  8.462E-14
3.945E+02  1.246E-23  1.304E-13  4.261E-14  8.778E-14
3.908E+02  1.304E-23  1.352E-13  4.415E-14  9.105E-14
3.873E+02  1.365E-23  1.402E-13  4.574E-14  9.446E-14
3.837E+02  1.429E-23  1.454E-13  4.740E-14  9.800E-14
3.802E+02  1.495E-23  1.508E-13  4.912E-14  1.017E-13
3.767E+02  1.565E-23  1.564E-13  5.090E-14  1.055E-13
3.733E+02  1.638E-23  1.622E-13  5.274E-14  1.095E-13
3.698E+02  1.715E-23  1.683E-13  5.465E-14  1.136E-13
3.664E+02  1.796E-23  1.745E-13  5.664E-14  1.179E-13
3.631E+02  1.880E-23  1.811E-13  5.869E-14  1.224E-13
3.597E+02  1.968E-23  1.878E-13  6.083E-14  1.270E-13
3.565E+02  2.061E-23  1.949E-13  6.304E-14  1.318E-13
3.532E+02  2.158E-23  2.022E-13  6.533E-14  1.368E-13
3.499E+02  2.260E-23  2.098E-13  6.771E-14  1.420E-13
3.467E+02  2.366E-23  2.176E-13  7.017E-14  1.475E-13
3.436E+02  2.478E-23  2.258E-13  7.273E-14  1.531E-13
3.404E+02  2.595E-23  2.343E-13  7.538E-14  1.590E-13
3.373E+02  2.718E-23  2.432E-13  7.812E-14  1.651E-13
3.342E+02  2.847E-23  2.524E-13  8.097E-14  1.714E-13
3.311E+02  2.982E-23  2.619E-13  8.393E-14  1.780E-13
3.281E+02  3.124E-23  2.718E-13  8.700E-14  1.848E-13
3.251E+02  3.272E-23  2.821E-13  9.017E-14  1.920E-13
3.221E+02  3.428E-23  2.929E-13  9.347E-14  1.994E-13
3.192E+02  3.591E-23  3.040E-13  9.689E-14  2.071E-13
3.162E+02  3.762E-23  3.156E-13  1.004E-13  2.151E-13
3.133E+02  3.942E-23  3.276E-13  1.041E-13  2.235E-13
3.105E+02  4.130E-23  3.401E-13  1.079E-13  2.322E-13
3.076E+02  4.327E-23  3.531E-13  1.119E-13  2.412E-13
3.048E+02  4.534E-23  3.666E-13  1.160E-13  2.506E-13
3.020E+02  4.752E-23  3.806E-13  1.202E-13  2.604E-13
2.992E+02  4.979E-23  3.952E-13  1.247E-13  2.706E-13
2.965E+02  5.218E-23  4.104E-13  1.292E-13  2.812E-13
2.938E+02  5.469E-23  4.262E-13  1.340E-13  2.922E-13
2.911E+02  5.732E-23  4.426E-13  1.389E-13  3.036E-13
2.884E+02  6.008E-23  4.596E-13  1.440E-13  3.156E-13
2.858E+02  6.297E-23  4.773E-13  1.493E-13  3.280E-13
2.831E+02  6.601E-23  4.958E-13  1.548E-13  3.409E-13
2.805E+02  6.920E-23  5.149E-13  1.606E-13  3.544E-13
2.780E+02  7.254E-23  5.349E-13  1.665E-13  3.684E-13
2.754E+02  7.605E-23  5.556E-13  1.726E-13  3.830E-13
2.729E+02  7.974E-23  5.772E-13  1.790E-13  3.982E-13
2.704E+02  8.361E-23  5.997E-13  1.856E-13  4.141E-13
2.679E+02  8.768E-23  6.231E-13  1.925E-13  4.306E-13
2.655E+02  9.195E-23  6.475E-13  1.996E-13  4.479E-13
2.630E+02  9.644E-23  6.729E-13  2.070E-13  4.658E-13
2.606E+02  1.012E-22  6.993E-13  2.147E-13  4.845E-13
2.582E+02  1.061E-22  7.267E-13  2.227E-13  5.040E-13
2.559E+02  1.113E-22  7.552E-13  2.309E-13  5.242E-13
2.535E+02  1.167E-22  7.846E-13  2.395E-13  5.451E-13
2.512E+02  1.223E-22  8.152E-13  2.484E-13  5.667E-13
2.489E+02  1.282E-22  8.465E-13  2.577E-13  5.888E-13
2.466E+02  1.343E-22  8.786E-13  2.673E-13  6.113E-13
2.443E+02  1.407E-22  9.117E-13  2.773E-13  6.344E-13
2.421E+02  1.473E-22  9.459E-13  2.876E-13  6.583E-13
2.399E+02  1.542E-22  9.812E-13  2.984E-13  6.828E-13
2.377E+02  1.614E-22  1.017E-12  3.095E-13  7.078E-13
2.355E+02  1.689E-22  1.055E-12  3.211E-13  7.337E-13
2.333E+02  1.767E-22  1.094E-12  3.332E-13  7.606E-13
2.312E+02  1.849E-22  1.134E-12  3.457E-13  7.884E-13
2.291E+02  1.935E-22  1.176E-12  3.586E-13  8.172E-13
2.270E+02  2.025E-22  1.219E-12  3.721E-13  8.471E-13
2.249E+02  2.119E-22  1.264E-12  3.861E-13  8.781E-13
2.228E+02  2.218E-22  1.311E-12  4.007E-13  9.102E-13
2.208E+02  2.321E-22  1.359E-12  4.158E-13  9.436E-13
2.188E+02  2.429E-22  1.410E-12  4.315E-13  9.781E-13
2.168E+02  2.542E-22  1.462E-12  4.479E-13  1.014E-12
2.148E+02  2.661E-22  1.516E-12  4.648E-13  1.051E-12
2.128E+02  2.784E-22  1.572E-12  4.825E-13  1.089E-12
2.109E+02  2.914E-22  1.630E-12  5.008E-13  1.129E-12
2.089E+02  3.050E-22  1.690E-12  5.199E-13  1.170E-12
2.070E+02  3.192E-22  1.753E-12  5.397E-13  1.213E-12
2.051E+02  3.341E-22  1.818E-12  5.604E-13  1.257E-12
2.032E+02  3.497E-22  1.885E-12  5.818E-13  1.303E-12
2.014E+02  3.660E-22  1.955E-12  6.042E-13  1.351E-12
1.995E+02  3.831E-22  2.028E-12  6.274E-13  1.400E-12
1.977E+02  4.010E-22  2.103E-12  6.516E-13  1.451E-12
1.959E+02  4.197E-22  2.181E-12  6.768E-13  1.504E-12
1.941E+02  4.393E-22  2.262E-12  7.030E-13  1.559E-12
1.923E+02  4.598E-22  2.346E-12  7.303E-13  1.615E-12
1.905E+02  4.813E-22  2.433E-12  7.588E-13  1.674E-12
1.888E+02  5.039E-22  2.523E-12  7.884E-13  1.735E-12
1.871E+02  5.275E-22  2.617E-12  8.194E-13  1.798E-12
1.854E+02  5.522E-22  2.715E-12  8.516E-13  1.863E-12
1.837E+02  5.781E-22  2.816E-12  8.853E-13  1.931E-12
1.820E+02  6.053E-22  2.922E-12  9.204E-13  2.001E-12
1.803E+02  6.337E-22  3.031E-12  9.571E-13  2.074E-12
1.786E+02  6.636E-22  3.144E-12  9.954E-13  2.149E-12
1.770E+02  6.948E-22  3.262E-12  1.036E-12  2.227E-12
1.754E+02  7.276E-22  3.385E-12  1.077E-12  2.308E-12
1.738E+02  7.620E-22  3.513E-12  1.121E-12  2.391E-12
1.722E+02  7.981E-22  3.645E-12  1.167E-12  2.478E-12
1.706E+02  8.359E-22  3.783E-12  1.215E-12  2.568E-12
1.690E+02  8.757E-22  3.927E-12  1.266E-12  2.661E-12
1.675E+02  9.174E-22  4.076E-12  1.319E-12  2.757E-12
1.660E+02  9.612E-22  4.231E-12  1.375E-12  2.856E-12
1.644E+02  1.007E-21  4.393E-12  1.434E-12  2.960E-12
1.629E+02  1.056E-21  4.562E-12  1.496E-12  3.067E-12
1.614E+02  1.107E-21  4.739E-12  1.561E-12  3.178E-12
1.600E+02  1.160E-21  4.922E-12  1.630E-12  3.292E-12
1.585E+02  1.217E-21  5.114E-12  1.703E-12  3.411E-12
1.570E+02  1.276E-21  5.315E-12  1.780E-12  3.534E-12
1.556E+02  1.339E-21  5.524E-12  1.863E-12  3.662E-12
1.542E+02  1.405E-21  5.744E-12  1.950E-12  3.794E-12
1.528E+02  1.474E-21  5.973E-12  2.042E-12  3.931E-12
1.514E+02  1.548E-21  6.213E-12  2.141E-12  4.073E-12
1.500E+02  1.625E-21  6.465E-12  2.245E-12  4.219E-12
1.486E+02  1.707E-21  6.728E-12  2.356E-12  4.372E-12
1.472E+02  1.793E-21  7.002E-12  2.473E-12  4.529E-12
1.459E+02  1.883E-21  7.287E-12  2.595E-12  4.693E-12
1.445E+02  1.978E-21  7.583E-12  2.721E-12  4.862E-12
1.432E+02  2.076E-21  7.887E-12  2.850E-12  5.037E-12
1.419E+02  2.177E-21  8.196E-12  2.978E-12  5.218E-12
1.406E+02  2.281E-21  8.508E-12  3.102E-12  5.406E-12
1.393E+02  2.387E-21  8.819E-12  3.219E-12  5.601E-12
1.380E+02  2.493E-21  9.129E-12  3.327E-12  5.802E-12
1.368E+02  2.601E-21  9.437E-12  3.426E-12  6.011E-12
1.355E+02  2.711E-21  9.745E-12  3.517E-12  6.227E-12
1.343E+02  2.823E-21  1.006E-11  3.604E-12  6.451E-12
1.330E+02  2.939E-21  1.037E-11  3.689E-12  6.683E-12
1.318E+02  3.059E-21  1.070E-11  3.774E-12  6.923E-12
1.306E+02  3.185E-21  1.103E-11  3.864E-12  7.171E-12
1.294E+02  3.317E-21  1.139E-11  3.958E-12  7.428E-12
1.282E+02  3.455E-21  1.175E-11  4.058E-12  7.694E-12
1.271E+02  3.600E-21  1.213E-11  4.165E-12  7.969E-12
1.259E+02  3.753E-21  1.253E-11  4.279E-12  8.255E-12
1.247E+02  3.914E-21  1.295E-11  4.401E-12  8.550E-12
1.236E+02  4.083E-21  1.339E-11  4.531E-12  8.856E-12
1.225E+02  4.261E-21  1.384E-11  4.670E-12  9.172E-12
1.213E+02  4.448E-21  1.432E-11  4.817E-12  9.500E-12
1.202E+02  4.645E-21  1.481E-11  4.973E-12  9.840E-12
1.191E+02  4.851E-21  1.533E-11  5.137E-12  1.019E-11
1.180E+02  5.068E-21  1.587E-11  5.311E-12  1.055E-11
1.169E+02  5.294E-21  1.642E-11  5.493E-12  1.093E-11
1.159E+02  5.532E-21  1.700E-11  5.685E-12  1.132E-11
1.148E+02  5.782E-21  1.761E-11  5.887E-12  1.172E-11
1.138E+02  6.044E-21  1.824E-11  6.099E-12  1.214E-11
1.127E+02  6.318E-21  1.889E-11  6.322E-12  1.257E-11
1.117E+02  6.607E-21  1.957E-11  6.555E-12  1.302E-11
1.107E+02  6.909E-21  2.028E-11  6.800E-12  1.348E-11
1.096E+02  7.227E-21  2.102E-11  7.057E-12  1.396E-11
1.086E+02  7.559E-21  2.178E-11  7.326E-12  1.446E-11
1.076E+02  7.908E-21  2.258E-11  7.607E-12  1.497E-11
1.067E+02  8.274E-21  2.341E-11  7.902E-12  1.551E-11
1.057E+02  8.657E-21  2.427E-11  8.210E-12  1.606E-11
1.047E+02  9.059E-21  2.516E-11  8.532E-12  1.663E-11
1.038E+02  9.480E-21  2.609E-11  8.869E-12  1.722E-11
1.028E+02  9.922E-21  2.706E-11  9.221E-12  1.783E-11
1.019E+02  1.038E-20  2.805E-11  9.589E-12  1.847E-11
1.009E+02  1.087E-20  2.909E-11  9.972E-12  1.912E-11
1.000E+02  1.137E-20  3.017E-11  1.037E-11  1.980E-11
9.908E+01  1.190E-20  3.129E-11  1.079E-11  2.050E-11
9.817E+01  1.246E-20  3.245E-11  1.123E-11  2.122E-11
9.727E+01  1.304E-20  3.365E-11  1.168E-11  2.197E-11
9.638E+01  1.365E-20  3.490E-11  1.215E-11  2.275E-11
9.550E+01  1.429E-20  3.620E-11  1.264E-11  2.356E-11
9.462E+01  1.496E-20  3.755E-11  1.316E-11  2.439E-11
9.376E+01  1.566E-20  3.894E-11  1.369E-11  2.525E-11
9.290E+01  1.639E-20  4.039E-11  1.425E-11  2.614E-11
9.204E+01  1.716E-20  4.189E-11  1.483E-11  2.706E-11
9.120E+01  1.796E-20  4.345E-11  1.544E-11  2.802E-11
9.036E+01  1.880E-20  4.507E-11  1.607E-11  2.900E-11
8.954E+01  1.969E-20  4.675E-11  1.673E-11  3.002E-11
8.872E+01  2.061E-20  4.850E-11  1.742E-11  3.108E-11
8.790E+01  2.158E-20  5.031E-11  1.814E-11  3.217E-11
8.710E+01  2.259E-20  5.220E-11  1.889E-11  3.331E-11
8.630E+01  2.366E-20  5.416E-11  1.968E-11  3.448E-11
8.551E+01  2.477E-20  5.619E-11  2.050E-11  3.569E-11
8.472E+01  2.594E-20  5.830E-11  2.136E-11  3.694E-11
8.395E+01  2.716E-20  6.048E-11  2.225E-11  3.823E-11
8.318E+01  2.844E-20  6.275E-11  2.318E-11  3.957E-11
8.241E+01  2.978E-20  6.511E-11  2.416E-11  4.096E-11
8.166E+01  3.119E-20  6.756E-11  2.517E-11  4.239E-11
8.091E+01  3.267E-20  7.011E-11  2.623E-11  4.387E-11
8.017E+01  3.421E-20  7.275E-11  2.734E-11  4.541E-11
7.943E+01  3.583E-20  7.549E-11  2.850E-11  4.699E-11
7.870E+01  3.752E-20  7.833E-11  2.970E-11  4.863E-11
7.798E+01  3.929E-20  8.128E-11  3.095E-11  5.032E-11
7.727E+01  4.115E-20  8.434E-11  3.226E-11  5.208E-11
7.656E+01  4.309E-20  8.752E-11  3.362E-11  5.389E-11
7.586E+01  4.513E-20  9.081E-11  3.504E-11  5.577E-11
7.516E+01  4.727E-20  9.424E-11  3.653E-11  5.771E-11
7.447E+01  4.950E-20  9.779E-11  3.807E-11  5.972E-11
7.379E+01  5.184E-20  1.015E-10  3.968E-11  6.179E-11
7.311E+01  5.429E-20  1.053E-10  4.137E-11  6.392E-11
7.244E+01  5.685E-20  1.092E-10  4.312E-11  6.613E-11
7.178E+01  5.954E-20  1.134E-10  4.495E-11  6.841E-11
7.112E+01  6.235E-20  1.176E-10  4.686E-11  7.076E-11
7.047E+01  6.530E-20  1.221E-10  4.885E-11  7.321E-11
6.982E+01  6.840E-20  1.267E-10  5.093E-11  7.575E-11
6.918E+01  7.164E-20  1.315E-10  5.309E-11  7.837E-11
6.855E+01  7.503E-20  1.364E-10  5.536E-11  8.106E-11
6.792E+01  7.857E-20  1.416E-10  5.772E-11  8.384E-11
6.730E+01  8.228E-20  1.469E-10  6.018E-11  8.670E-11
6.668E+01  8.618E-20  1.524E-10  6.275E-11  8.967E-11
6.607E+01  9.026E-20  1.582E-10  6.543E-11  9.275E-11
6.546E+01  9.453E-20  1.642E-10  6.823E-11  9.592E-11
6.486E+01  9.901E-20  1.703E-10  7.115E-11  9.919E-11
6.427E+01  1.037E-19  1.768E-10  7.421E-11  1.026E-10
6.368E+01  1.086E-19  1.834E-10  7.739E-11  1.061E-10
6.310E+01  1.137E-19  1.904E-10  8.072E-11  1.097E-10
6.252E+01  1.191E-19  1.976E-10  8.419E-11  1.134E-10
6.194E+01  1.248E-19  2.051E-10  8.781E-11  1.172E-10
6.138E+01  1.307E-19  2.128E-10  9.160E-11  1.212E-10
6.081E+01  1.369E-19  2.209E-10  9.555E-11  1.253E-10
6.026E+01  1.434E-19  2.293E-10  9.968E-11  1.296E-10
5.970E+01  1.502E-19  2.379E-10  1.040E-10  1.339E-10
5.916E+01  1.574E-19  2.470E-10  1.085E-10  1.385E-10
5.861E+01  1.648E-19  2.563E-10  1.132E-10  1.431E-10
5.808E+01  1.727E-19  2.660E-10  1.181E-10  1.479E-10
5.754E+01  1.809E-19  2.761E-10  1.233E-10  1.528E-10
5.702E+01  1.895E-19  2.865E-10  1.287E-10  1.579E-10
5.649E+01  1.985E-19  2.974E-10  1.343E-10  1.631E-10
5.598E+01  2.079E-19  3.087E-10  1.402E-10  1.685E-10
5.546E+01  2.178E-19  3.205E-10  1.464E-10  1.741E-10
5.495E+01  2.282E-19  3.327E-10  1.528E-10  1.799E-10
5.445E+01  2.391E-19  3.454E-10  1.595E-10  1.858E-10
5.395E+01  2.506E-19  3.586E-10  1.666E-10  1.920E-10
5.346E+01  2.626E-19  3.723E-10  1.740E-10  1.983E-10
5.297E+01  2.751E-19  3.866E-10  1.817E-10  2.048E-10
5.248E+01  2.883E-19  4.014E-10  1.898E-10  2.115E-10
5.200E+01  3.022E-19  4.168E-10  1.983E-10  2.185E-10
5.152E+01  3.167E-19  4.328E-10  2.072E-10  2.256E-10
5.105E+01  3.319E-19  4.494E-10  2.165E-10  2.329E-10
5.058E+01  3.478E-19  4.667E-10  2.263E-10  2.404E-10
5.012E+01  3.646E-19  4.847E-10  2.365E-10  2.482E-10
4.966E+01  3.821E-19  5.034E-10  2.472E-10  2.561E-10
4.920E+01  4.005E-19  5.228E-10  2.584E-10  2.644E-10
4.875E+01  4.198E-19  5.430E-10  2.702E-10  2.728E-10
4.831E+01  4.401E-19  5.640E-10  2.825E-10  2.815E-10
4.786E+01  4.614E-19  5.859E-10  2.954E-10  2.904E-10
4.742E+01  4.838E-19  6.086E-10  3.090E-10  2.997E-10
4.699E+01  5.073E-19  6.323E-10  3.232E-10  3.091E-10
4.656E+01  5.320E-19  6.570E-10  3.381E-10  3.189E-10
4.613E+01  5.579E-19  6.827E-10  3.538E-10  3.289E-10
4.571E+01  5.852E-19  7.095E-10  3.702E-10  3.392E-10
4.529E+01  6.138E-19  7.373E-10  3.875E-10  3.499E-10
4.487E+01  6.438E-19  7.664E-10  4.055E-10  3.608E-10
4.446E+01  6.754E-19  7.966E-10  4.245E-10  3.721E-10
4.406E+01  7.086E-19  8.280E-10  4.444E-10  3.837E-10
4.365E+01  7.434E-19  8.608E-10  4.652E-10  3.956E-10
4.325E+01  7.799E-19  8.948E-10  4.870E-10  4.078E-10
4.285E+01  8.182E-19  9.301E-10  5.098E-10  4.204E-10
4.246E+01  8.584E-19  9.669E-10  5.336E-10  4.333E-10
4.207E+01  9.006E-19  1.005E-09  5.585E-10  4.465E-10
4.169E+01  9.447E-19  1.045E-09  5.846E-10  4.601E-10
4.130E+01  9.910E-19  1.086E-09  6.117E-10  4.741E-10
4.093E+01  1.039E-18  1.128E-09  6.400E-10  4.883E-10
4.055E+01  1.090E-18  1.172E-09  6.694E-10  5.029E-10
4.018E+01  1.143E-18  1.218E-09  7.000E-10  5.179E-10
3.981E+01  1.198E-18  1.265E-09  7.317E-10  5.333E-10
3.945E+01  1.255E-18  1.314E-09  7.646E-10  5.490E-10
3.908E+01  1.315E-18  1.364E-09  7.985E-10  5.652E-10
3.873E+01  1.378E-18  1.415E-09  8.336E-10  5.817E-10
3.837E+01  1.442E-18  1.468E-09  8.696E-10  5.986E-10
3.802E+01  1.510E-18  1.522E-09  9.066E-10  6.159E-10
3.767E+01  1.579E-18  1.578E-09  9.444E-10  6.336E-10
3.733E+01  1.651E-18  1.634E-09  9.830E-10  6.514E-10
3.698E+01  1.725E-18  1.692E-09  1.022E-09  6.695E-10
3.664E+01  1.801E-18  1.750E-09  1.062E-09  6.881E-10
3.631E+01  1.879E-18  1.809E-09  1.102E-09  7.071E-10
3.597E+01  1.959E-18  1.869E-09  1.142E-09  7.266E-10
3.565E+01  2.041E-18  1.929E-09  1.183E-09  7.467E-10
3.532E+01  2.124E-18  1.990E-09  1.223E-09  7.672E-10
3.499E+01  2.209E-18  2.051E-09  1.262E-09  7.882E-10
3.467E+01  2.295E-18  2.111E-09  1.301E-09  8.098E-10
3.436E+01  2.382E-18  2.171E-09  1.339E-09  8.320E-10
3.404E+01  2.470E-18  2.230E-09  1.376E-09  8.546E-10
3.373E+01  2.558E-18  2.289E-09  1.411E-09  8.779E-10
3.342E+01  2.647E-18  2.346E-09  1.445E-09  9.019E-10
3.311E+01  2.736E-18  2.403E-09  1.476E-09  9.268E-10
3.281E+01  2.824E-18  2.458E-09  1.506E-09  9.524E-10
3.251E+01  2.912E-18  2.511E-09  1.533E-09  9.787E-10
3.221E+01  2.999E-18  2.563E-09  1.557E-09  1.006E-09
3.192E+01  3.085E-18  2.612E-09  1.579E-09  1.033E-09
3.162E+01  3.170E-18  2.659E-09  1.598E-09  1.062E-09
3.133E+01  3.254E-18  2.704E-09  1.614E-09  1.091E-09
3.105E+01  3.336E-18  2.747E-09  1.627E-09  1.120E-09
3.076E+01  3.417E-18  2.788E-09  1.637E-09  1.151E-09
3.048E+01  3.496E-18  2.826E-09  1.644E-09  1.182E-09
3.020E+01  3.574E-18  2.863E-09  1.648E-09  1.215E-09
2.992E+01  3.650E-18  2.897E-09  1.650E-09  1.247E-09
2.965E+01  3.724E-18  2.929E-09  1.648E-09  1.281E-09
2.938E+01  3.797E-18  2.959E-09  1.644E-09  1.315E-09
2.911E+01  3.869E-18  2.988E-09  1.638E-09  1.349E-09
2.884E+01  3.941E-18  3.015E-09  1.630E-09  1.385E-09
2.858E+01  4.011E-18  3.041E-09  1.619E-09  1.421E-09
2.831E+01  4.082E-18  3.066E-09  1.607E-09  1.459E-09
2.805E+01  4.152E-18  3.090E-09  1.593E-09  1.497E-09
2.780E+01  4.222E-18  3.113E-09  1.578E-09  1.536E-09
2.754E+01  4.293E-18  3.137E-09  1.561E-09  1.575E-09
2.729E+01  4.365E-18  3.160E-09  1.544E-09  1.616E-09
2.704E+01  4.438E-18  3.183E-09  1.525E-09  1.658E-09
2.679E+01  4.512E-18  3.207E-09  1.506E-09  1.701E-09
2.655E+01  4.588E-18  3.231E-09  1.487E-09  1.744E-09
2.630E+01  4.666E-18  3.256E-09  1.467E-09  1.789E-09
2.606E+01  4.746E-18  3.281E-09  1.447E-09  1.834E-09
2.582E+01  4.828E-18  3.307E-09  1.427E-09  1.880E-09
2.559E+01  4.913E-18  3.335E-09  1.407E-09  1.928E-09
2.535E+01  5.001E-18  3.363E-09  1.387E-09  1.976E-09
2.512E+01  5.092E-18  3.393E-09  1.367E-09  2.026E-09
2.489E+01  5.186E-18  3.424E-09  1.348E-09  2.076E-09
2.466E+01  5.282E-18  3.455E-09  1.329E-09  2.127E-09
2.443E+01  5.383E-18  3.489E-09  1.311E-09  2.178E-09
2.421E+01  5.485E-18  3.523E-09  1.293E-09  2.230E-09
2.399E+01  5.589E-18  3.556E-09  1.275E-09  2.281E-09
2.377E+01  5.698E-18  3.593E-09  1.258E-09  2.334E-09
2.355E+01  5.816E-18  3.633E-09  1.242E-09  2.391E-09
2.333E+01  5.935E-18  3.673E-09  1.226E-09  2.447E-09
2.312E+01  6.053E-18  3.712E-09  1.211E-09  2.501E-09
2.291E+01  6.176E-18  3.753E-09  1.197E-09  2.557E-09
2.270E+01  6.312E-18  3.800E-09  1.183E-09  2.618E-09
2.249E+01  6.458E-18  3.853E-09  1.170E-09  2.683E-09
2.228E+01  6.612E-18  3.909E-09  1.157E-09  2.751E-09
2.208E+01  6.769E-18  3.964E-09  1.146E-09  2.819E-09
2.188E+01  6.922E-18  4.017E-09  1.134E-09  2.883E-09
2.168E+01  7.076E-18  4.069E-09  1.124E-09  2.945E-09
2.148E+01  7.235E-18  4.122E-09  1.115E-09  3.007E-09
2.128E+01  7.405E-18  4.180E-09  1.106E-09  3.074E-09
2.109E+01  7.587E-18  4.244E-09  1.097E-09  3.146E-09
2.089E+01  7.771E-18  4.307E-09  1.090E-09  3.217E-09
2.070E+01  7.956E-18  4.369E-09  1.083E-09  3.286E-09
2.051E+01  8.143E-18  4.431E-09  1.077E-09  3.354E-09
2.032E+01  8.342E-18  4.497E-09  1.072E-09  3.425E-09
2.014E+01  8.571E-18  4.578E-09  1.067E-09  3.511E-09
1.995E+01  8.804E-18  4.659E-09  1.063E-09  3.596E-09
1.977E+01  9.037E-18  4.739E-09  1.060E-09  3.679E-09
1.959E+01  9.263E-18  4.813E-09  1.057E-09  3.756E-09
1.941E+01  9.480E-18  4.881E-09  1.055E-09  3.826E-09
1.923E+01  9.684E-18  4.940E-09  1.053E-09  3.886E-09
1.905E+01  9.873E-18  4.990E-09  1.052E-09  3.938E-09
1.888E+01  1.005E-17  5.031E-09  1.052E-09  3.979E-09
1.871E+01  1.020E-17  5.060E-09  1.052E-09  4.009E-09
1.854E+01  1.033E-17  5.078E-09  1.052E-09  4.026E-09
1.837E+01  1.044E-17  5.085E-09  1.053E-09  4.031E-09
1.820E+01  1.052E-17  5.079E-09  1.055E-09  4.024E-09
1.803E+01  1.059E-17  5.064E-09  1.057E-09  4.007E-09
1.786E+01  1.063E-17  5.037E-09  1.059E-09  3.978E-09
1.770E+01  1.065E-17  5.000E-09  1.062E-09  3.938E-09
1.754E+01  1.064E-17  4.950E-09  1.066E-09  3.884E-09
1.738E+01  1.061E-17  4.890E-09  1.070E-09  3.820E-09
1.722E+01  1.056E-17  4.823E-09  1.075E-09  3.748E-09
1.706E+01  1.050E-17  4.753E-09  1.080E-09  3.673E-09
1.690E+01  1.043E-17  4.678E-09  1.086E-09  3.592E-09
1.675E+01  1.035E-17  4.598E-09  1.092E-09  3.506E-09
1.660E+01  1.025E-17  4.511E-09  1.099E-09  3.412E-09
1.644E+01  1.013E-17  4.421E-09  1.106E-09  3.315E-09
1.629E+01  1.002E-17  4.328E-09  1.113E-09  3.215E-09
1.614E+01  9.897E-18  4.238E-09  1.121E-09  3.117E-09
1.600E+01  9.778E-18  4.149E-09  1.129E-09  3.019E-09
1.585E+01  9.658E-18  4.060E-09  1.138E-09  2.922E-09
1.570E+01  9.540E-18  3.974E-09  1.147E-09  2.827E-09
1.556E+01  9.425E-18  3.890E-09  1.157E-09  2.733E-09
1.542E+01  9.315E-18  3.809E-09  1.167E-09  2.642E-09
1.528E+01  9.212E-18  3.733E-09  1.177E-09  2.555E-09
1.514E+01  9.115E-18  3.660E-09  1.188E-09  2.471E-09
1.500E+01  9.032E-18  3.593E-09  1.199E-09  2.394E-09
1.486E+01  8.950E-18  3.528E-09  1.211E-09  2.317E-09
1.472E+01  8.873E-18  3.465E-09  1.223E-09  2.242E-09
1.459E+01  8.804E-18  3.407E-09  1.235E-09  2.172E-09
1.445E+01  8.765E-18  3.361E-09  1.248E-09  2.113E-09
1.432E+01  8.756E-18  3.326E-09  1.261E-09  2.065E-09
1.419E+01  8.788E-18  3.308E-09  1.275E-09  2.033E-09
1.406E+01  8.867E-18  3.307E-09  1.289E-09  2.018E-09
1.393E+01  9.004E-18  3.327E-09  1.302E-09  2.025E-09
1.380E+01  9.190E-18  3.365E-09  1.317E-09  2.048E-09
1.368E+01  9.435E-18  3.423E-09  1.332E-09  2.092E-09
1.355E+01  9.719E-18  3.494E-09  1.347E-09  2.147E-09
1.343E+01  1.003E-17  3.573E-09  1.362E-09  2.211E-09
1.330E+01  1.036E-17  3.656E-09  1.378E-09  2.278E-09
1.318E+01  1.070E-17  3.743E-09  1.394E-09  2.349E-09
1.306E+01  1.105E-17  3.829E-09  1.410E-09  2.420E-09
1.294E+01  1.142E-17  3.920E-09  1.427E-09  2.494E-09
1.282E+01  1.182E-17  4.021E-09  1.443E-09  2.578E-09
1.271E+01  1.224E-17  4.126E-09  1.460E-09  2.666E-09
1.259E+01  1.268E-17  4.234E-09  1.477E-09  2.757E-09
1.247E+01  1.312E-17  4.341E-09  1.495E-09  2.847E-09
1.236E+01  1.357E-17  4.447E-09  1.512E-09  2.935E-09
1.225E+01  1.400E-17  4.547E-09  1.529E-09  3.018E-09
1.213E+01  1.446E-17  4.656E-09  1.546E-09  3.110E-09
1.202E+01  1.497E-17  4.775E-09  1.563E-09  3.212E-09
1.191E+01  1.549E-17  4.894E-09  1.581E-09  3.314E-09
1.180E+01  1.601E-17  5.013E-09  1.598E-09  3.415E-09
1.169E+01  1.653E-17  5.127E-09  1.615E-09  3.512E-09
1.159E+01  1.704E-17  5.238E-09  1.644E-09  3.594E-09
1.148E+01  1.794E-17  5.463E-09  1.789E-09  3.674E-09
1.138E+01  1.807E-17  5.454E-09  1.693E-09  3.761E-09
1.127E+01  1.858E-17  5.555E-09  1.703E-09  3.852E-09
1.117E+01  1.913E-17  5.667E-09  1.718E-09  3.949E-09
1.107E+01  1.969E-17  5.781E-09  1.734E-09  4.047E-09
1.096E+01  2.024E-17  5.888E-09  1.751E-09  4.136E-09
1.086E+01  2.082E-17  5.999E-09  1.769E-09  4.230E-09
1.076E+01  2.145E-17  6.125E-09  1.787E-09  4.337E-09
1.067E+01  2.214E-17  6.263E-09  1.805E-09  4.458E-09
1.057E+01  2.287E-17  6.412E-09  1.824E-09  4.589E-09
1.047E+01  2.358E-17  6.550E-09  1.842E-09  4.709E-09
1.038E+01  2.418E-17  6.654E-09  1.860E-09  4.795E-09
1.028E+01  2.463E-17  6.716E-09  1.878E-09  4.839E-09
1.019E+01  2.495E-17  6.742E-09  1.895E-09  4.847E-09
1.009E+01  2.521E-17  6.749E-09  1.913E-09  4.836E-09
1.000E+01  2.545E-17  6.752E-09  1.930E-09  4.822E-09
9.908E+00  2.573E-17  6.763E-09  1.948E-09  4.815E-09
9.817E+00  2.602E-17  6.775E-09  1.965E-09  4.810E-09
9.727E+00  2.630E-17  6.787E-09  1.982E-09  4.806E-09
9.638E+00  2.656E-17  6.791E-09  1.999E-09  4.793E-09
9.550E+00  2.669E-17  6.760E-09  2.015E-09  4.745E-09
9.462E+00  2.661E-17  6.680E-09  2.031E-09  4.648E-09
9.376E+00  2.630E-17  6.541E-09  2.048E-09  4.494E-09
9.290E+00  2.573E-17  6.341E-09  2.063E-09  4.278E-09
9.204E+00  2.493E-17  6.086E-09  2.079E-09  4.007E-09
9.120E+00  2.394E-17  5.792E-09  2.094E-09  3.698E-09
9.036E+00  2.285E-17  5.478E-09  2.109E-09  3.369E-09
8.954E+00  2.175E-17  5.167E-09  2.123E-09  3.043E-09
8.872E+00  2.072E-17  4.876E-09  2.137E-09  2.739E-09
8.790E+00  1.979E-17  4.615E-09  2.151E-09  2.463E-09
8.710E+00  1.899E-17  4.387E-09  2.165E-09  2.222E-09
8.630E+00  1.831E-17  4.191E-09  2.178E-09  2.013E-09
8.551E+00  1.772E-17  4.020E-09  2.190E-09  1.830E-09
8.472E+00  1.719E-17  3.863E-09  2.202E-09  1.661E-09
8.395E+00  1.665E-17  3.708E-09  2.213E-09  1.496E-09
8.318E+00  1.608E-17  3.549E-09  2.224E-09  1.325E-09
8.241E+00  1.548E-17  3.385E-09  2.234E-09  1.151E-09
8.166E+00  1.487E-17  3.221E-09  2.244E-09  9.773E-10
8.091E+00  1.434E-17  3.077E-09  2.253E-09  8.239E-10
8.017E+00  1.388E-17  2.952E-09  2.262E-09  6.894E-10
7.943E+00  1.351E-17  2.846E-09  2.271E-09  5.751E-10
7.870E+00  1.321E-17  2.757E-09  2.279E-09  4.787E-10
7.798E+00  1.297E-17  2.683E-09  2.285E-09  3.983E-10
7.727E+00  1.280E-17  2.623E-09  2.290E-09  3.331E-10
7.656E+00  1.269E-17  2.576E-09  2.295E-09  2.810E-10
7.586E+00  1.262E-17  2.538E-09  2.299E-09  2.394E-10
7.516E+00  1.258E-17  2.509E-09  2.301E-09  2.077E-10
7.447E+00  1.259E-17  2.487E-09  2.303E-09  1.841E-10
7.379E+00  1.262E-17  2.469E-09  2.304E-09  1.657E-10
7.311E+00  1.267E-17  2.457E-09  2.304E-09  1.522E-10
7.244E+00  1.273E-17  2.446E-09  2.304E-09  1.414E-10
7.178E+00  1.279E-17  2.436E-09  2.304E-09  1.322E-10
7.112E+00  1.287E-17  2.428E-09  2.303E-09  1.251E-10
7.047E+00  1.294E-17  2.420E-09  2.301E-09  1.190E-10
6.982E+00  1.302E-17  2.411E-09  2.298E-09  1.133E-10
6.918E+00  1.309E-17  2.402E-09  2.294E-09  1.081E-10
6.855E+00  1.316E-17  2.394E-09  2.290E-09  1.033E-10
6.792E+00  1.323E-17  2.384E-09  2.285E-09  9.861E-11
6.730E+00  1.330E-17  2.374E-09  2.280E-09  9.414E-11
6.668E+00  1.336E-17  2.363E-09  2.273E-09  8.982E-11
6.607E+00  1.342E-17  2.351E-09  2.266E-09  8.559E-11
6.546E+00  1.347E-17  2.339E-09  2.257E-09  8.150E-11
6.486E+00  1.352E-17  2.326E-09  2.248E-09  7.753E-11
6.427E+00  1.356E-17  2.312E-09  2.238E-09  7.368E-11
6.368E+00  1.360E-17  2.297E-09  2.227E-09  6.994E-11
6.310E+00  1.358E-17  2.272E-09  2.206E-09  6.631E-11
6.252E+00  1.370E-17  2.273E-09  2.210E-09  6.279E-11
6.194E+00  1.373E-17  2.256E-09  2.196E-09  5.940E-11
6.138E+00  1.374E-17  2.236E-09  2.180E-09  5.607E-11
6.081E+00  1.374E-17  2.217E-09  2.164E-09  5.290E-11
6.026E+00  1.375E-17  2.198E-09  2.148E-09  4.988E-11
5.970E+00  1.376E-17  2.179E-09  2.132E-09  4.701E-11
5.916E+00  1.376E-17  2.159E-09  2.115E-09  4.428E-11
5.861E+00  1.376E-17  2.139E-09  2.097E-09  4.169E-11
5.808E+00  1.375E-17  2.118E-09  2.079E-09  3.924E-11
5.754E+00  1.374E-17  2.097E-09  2.060E-09  3.693E-11
5.702E+00  1.372E-17  2.075E-09  2.041E-09  3.473E-11
5.649E+00  1.370E-17  2.053E-09  2.020E-09  3.266E-11
5.598E+00  1.367E-17  2.030E-09  1.999E-09  3.069E-11
5.546E+00  1.364E-17  2.006E-09  1.978E-09  2.884E-11
5.495E+00  1.360E-17  1.982E-09  1.955E-09  2.709E-11
5.445E+00  1.356E-17  1.958E-09  1.933E-09  2.543E-11
5.395E+00  1.351E-17  1.933E-09  1.909E-09  2.387E-11
5.346E+00  1.345E-17  1.908E-09  1.885E-09  2.239E-11
5.297E+00  1.339E-17  1.882E-09  1.861E-09  2.100E-11
5.248E+00  1.333E-17  1.856E-09  1.836E-09  1.968E-11
5.200E+00  1.326E-17  1.829E-09  1.810E-09  1.844E-11
5.152E+00  1.318E-17  1.801E-09  1.784E-09  1.727E-11
5.105E+00  1.310E-17  1.774E-09  1.757E-09  1.616E-11
5.058E+00  1.301E-17  1.745E-09  1.730E-09  1.512E-11
5.012E+00  1.291E-17  1.717E-09  1.703E-09  1.414E-11
4.966E+00  1.281E-17  1.688E-09  1.675E-09  1.322E-11
4.920E+00  1.271E-17  1.658E-09  1.646E-09  1.235E-11
4.875E+00  1.259E-17  1.629E-09  1.617E-09  1.153E-11
4.831E+00  1.248E-17  1.599E-09  1.588E-09  1.076E-11
4.786E+00  1.235E-17  1.569E-09  1.559E-09  1.003E-11
4.742E+00  1.223E-17  1.538E-09  1.529E-09  9.344E-12
4.699E+00  1.210E-17  1.508E-09  1.499E-09  8.701E-12
4.656E+00  1.196E-17  1.478E-09  1.469E-09  8.096E-12
4.613E+00  1.183E-17  1.447E-09  1.439E-09  7.527E-12
4.571E+00  1.168E-17  1.416E-09  1.409E-09  6.993E-12
4.529E+00  1.153E-17  1.386E-09  1.379E-09  6.491E-12
4.487E+00  1.138E-17  1.355E-09  1.349E-09  6.021E-12
4.446E+00  1.123E-17  1.324E-09  1.319E-09  5.581E-12
4.406E+00  1.107E-17  1.293E-09  1.288E-09  5.170E-12
4.365E+00  1.091E-17  1.263E-09  1.258E-09  4.785E-12
4.325E+00  1.074E-17  1.232E-09  1.228E-09  4.425E-12
4.285E+00  1.057E-17  1.202E-09  1.197E-09  4.088E-12
4.246E+00  1.040E-17  1.171E-09  1.167E-09  3.774E-12
4.207E+00  1.022E-17  1.141E-09  1.137E-09  3.481E-12
4.169E+00  1.004E-17  1.111E-09  1.107E-09  3.207E-12
4.130E+00  9.862E-18  1.081E-09  1.078E-09  2.952E-12
4.093E+00  9.678E-18  1.051E-09  1.048E-09  2.713E-12
4.055E+00  9.492E-18  1.021E-09  1.019E-09  2.491E-12
4.018E+00  9.304E-18  9.916E-10  9.893E-10  2.285E-12
3.981E+00  9.114E-18  9.625E-10  9.604E-10  2.093E-12
3.945E+00  8.923E-18  9.336E-10  9.317E-10  1.916E-12
3.908E+00  8.730E-18  9.051E-10  9.033E-10  1.752E-12
3.873E+00  8.536E-18  8.769E-10  8.753E-10  1.600E-12
3.837E+00  8.342E-18  8.491E-10  8.476E-10  1.460E-12
3.802E+00  8.147E-18  8.216E-10  8.203E-10  1.331E-12
3.767E+00  7.952E-18  7.946E-10  7.934E-10  1.212E-12
3.733E+00  7.757E-18  7.680E-10  7.669E-10  1.103E-12
3.698E+00  7.561E-18  7.418E-10  7.408E-10  1.003E-12
3.664E+00  7.366E-18  7.160E-10  7.151E-10  9.102E-13
3.631E+00  7.172E-18  6.907E-10  6.899E-10  8.255E-13
3.597E+00  6.978E-18  6.659E-10  6.651E-10  7.478E-13
3.565E+00  6.784E-18  6.415E-10  6.408E-10  6.767E-13
3.532E+00  6.592E-18  6.176E-10  6.170E-10  6.116E-13
3.499E+00  6.401E-18  5.942E-10  5.937E-10  5.522E-13
3.467E+00  6.212E-18  5.713E-10  5.708E-10  4.980E-13
3.436E+00  6.023E-18  5.489E-10  5.485E-10  4.486E-13
3.404E+00  5.837E-18  5.271E-10  5.267E-10  4.036E-13
3.373E+00  5.652E-18  5.057E-10  5.053E-10  3.626E-13
3.342E+00  5.470E-18  4.849E-10  4.845E-10  3.254E-13
3.311E+00  5.289E-18  4.646E-10  4.643E-10  2.917E-13
3.281E+00  5.111E-18  4.448E-10  4.445E-10  2.611E-13
3.251E+00  4.934E-18  4.255E-10  4.252E-10  2.334E-13
3.221E+00  4.760E-18  4.067E-10  4.065E-10  2.082E-13
3.192E+00  4.589E-18  3.885E-10  3.883E-10  1.856E-13
3.162E+00  4.420E-18  3.708E-10  3.706E-10  1.653E-13
3.133E+00  4.255E-18  3.536E-10  3.535E-10  1.470E-13
3.105E+00  4.093E-18  3.370E-10  3.369E-10  1.305E-13
3.076E+00  3.934E-18  3.210E-10  3.209E-10  1.159E-13
3.048E+00  3.778E-18  3.055E-10  3.054E-10  1.027E-13
3.020E+00  3.626E-18  2.905E-10  2.904E-10  9.097E-14
2.992E+00  3.477E-18  2.760E-10  2.759E-10  8.045E-14
2.965E+00  3.332E-18  2.620E-10  2.620E-10  7.106E-14
2.938E+00  3.190E-18  2.486E-10  2.485E-10  6.268E-14
2.911E+00  3.052E-18  2.356E-10  2.356E-10  5.522E-14
2.884E+00  2.917E-18  2.231E-10  2.231E-10  4.858E-14
2.858E+00  2.786E-18  2.112E-10  2.111E-10  4.269E-14
2.831E+00  2.658E-18  1.996E-10  1.996E-10  3.746E-14
2.805E+00  2.534E-18  1.886E-10  1.886E-10  3.282E-14
2.780E+00  2.414E-18  1.780E-10  1.780E-10  2.872E-14
2.754E+00  2.298E-18  1.679E-10  1.679E-10  2.510E-14
2.729E+00  2.185E-18  1.582E-10  1.582E-10  2.191E-14
2.704E+00  2.076E-18  1.489E-10  1.489E-10  1.909E-14
2.679E+00  1.971E-18  1.401E-10  1.400E-10  1.661E-14
2.655E+00  1.869E-18  1.316E-10  1.316E-10  1.444E-14
2.630E+00  1.771E-18  1.236E-10  1.235E-10  1.253E-14
2.606E+00  1.676E-18  1.159E-10  1.159E-10  1.085E-14
2.582E+00  1.585E-18  1.086E-10  1.086E-10  9.392E-15
2.559E+00  1.498E-18  1.017E-10  1.017E-10  8.114E-15
2.535E+00  1.414E-18  9.509E-11  9.508E-11  7.001E-15
2.512E+00  1.334E-18  8.885E-11  8.885E-11  6.031E-15
2.489E+00  1.256E-18  8.294E-11  8.294E-11  5.187E-15
2.466E+00  1.182E-18  7.735E-11  7.734E-11  4.455E-15
2.443E+00  1.112E-18  7.205E-11  7.205E-11  3.821E-15
2.421E+00  1.044E-18  6.706E-11  6.706E-11  3.272E-15
2.399E+00  9.799E-19  6.235E-11  6.235E-11  2.798E-15
2.377E+00  9.187E-19  5.792E-11  5.792E-11  2.388E-15
2.355E+00  8.605E-19  5.375E-11  5.375E-11  2.035E-15
2.333E+00  8.051E-19  4.984E-11  4.983E-11  1.731E-15
2.312E+00  7.526E-19  4.616E-11  4.615E-11  1.470E-15
2.291E+00  7.028E-19  4.271E-11  4.270E-11  1.247E-15
2.270E+00  6.556E-19  3.947E-11  3.947E-11  1.055E-15
2.249E+00  6.109E-19  3.645E-11  3.644E-11  8.916E-16
2.228E+00  5.687E-19  3.362E-11  3.361E-11  7.522E-16
2.208E+00  5.288E-19  3.097E-11  3.097E-11  6.334E-16
2.188E+00  4.912E-19  2.851E-11  2.850E-11  5.325E-16
2.168E+00  4.558E-19  2.621E-11  2.621E-11  4.469E-16
2.148E+00  4.224E-19  2.407E-11  2.407E-11  3.744E-16
2.128E+00  3.911E-19  2.208E-11  2.207E-11  3.131E-16
2.109E+00  3.616E-19  2.023E-11  2.023E-11  2.614E-16
2.089E+00  3.340E-19  1.851E-11  1.851E-11  2.178E-16
2.070E+00  3.081E-19  1.692E-11  1.692E-11  1.811E-16
2.051E+00  2.839E-19  1.545E-11  1.545E-11  1.504E-16
2.032E+00  2.613E-19  1.409E-11  1.409E-11  1.246E-16
2.014E+00  2.402E-19  1.283E-11  1.283E-11  1.030E-16
1.995E+00  2.206E-19  1.167E-11  1.167E-11  8.506E-17
1.977E+00  2.023E-19  1.061E-11  1.061E-11  7.007E-17
1.959E+00  1.853E-19  9.629E-12  9.629E-12  5.762E-17
1.941E+00  1.695E-19  8.729E-12  8.729E-12  4.728E-17
1.923E+00  1.549E-19  7.903E-12  7.903E-12  3.872E-17
1.905E+00  1.414E-19  7.147E-12  7.147E-12  3.165E-17
1.888E+00  1.289E-19  6.455E-12  6.455E-12  2.581E-17
1.871E+00  1.174E-19  5.823E-12  5.823E-12  2.101E-17
1.854E+00  1.067E-19  5.246E-12  5.246E-12  1.707E-17
1.837E+00  9.690E-20  4.721E-12  4.721E-12  1.384E-17
1.820E+00  8.788E-20  4.242E-12  4.242E-12  1.119E-17
1.803E+00  7.960E-20  3.807E-12  3.807E-12  9.035E-18
1.786E+00  7.200E-20  3.412E-12  3.412E-12  7.278E-18
1.770E+00  6.504E-20  3.054E-12  3.054E-12  5.850E-18
1.754E+00  5.867E-20  2.730E-12  2.730E-12  4.693E-18
1.738E+00  5.285E-20  2.436E-12  2.436E-12  3.756E-18
1.722E+00  4.755E-20  2.172E-12  2.172E-12  3.000E-18
1.706E+00  4.272E-20  1.933E-12  1.933E-12  2.391E-18
1.690E+00  3.832E-20  1.718E-12  1.718E-12  1.901E-18
1.675E+00  3.433E-20  1.525E-12  1.525E-12  1.508E-18
1.660E+00  3.071E-20  1.352E-12  1.352E-12  1.193E-18
1.644E+00  2.742E-20  1.196E-12  1.196E-12  9.421E-19
1.629E+00  2.446E-20  1.057E-12  1.057E-12  7.421E-19
1.614E+00  2.178E-20  9.326E-13  9.326E-13  5.831E-19
1.600E+00  1.936E-20  8.216E-13  8.216E-13  4.570E-19
1.585E+00  1.719E-20  7.227E-13  7.227E-13  3.573E-19
1.570E+00  1.524E-20  6.348E-13  6.348E-13  2.787E-19
1.556E+00  1.349E-20  5.567E-13  5.567E-13  2.168E-19
1.542E+00  1.192E-20  4.875E-13  4.875E-13  1.683E-19
1.528E+00  1.052E-20  4.262E-13  4.262E-13  1.302E-19
1.514E+00  9.268E-21  3.721E-13  3.721E-13  1.005E-19
1.500E+00  8.154E-21  3.244E-13  3.244E-13  7.742E-20
1.486E+00  7.162E-21  2.823E-13  2.823E-13  5.946E-20
1.472E+00  6.280E-21  2.453E-13  2.453E-13  4.554E-20
1.459E+00  5.499E-21  2.128E-13  2.128E-13  3.479E-20
1.445E+00  4.807E-21  1.843E-13  1.843E-13  2.650E-20
1.432E+00  4.195E-21  1.594E-13  1.594E-13  2.014E-20
1.419E+00  3.655E-21  1.376E-13  1.376E-13  1.526E-20
1.406E+00  3.180E-21  1.186E-13  1.186E-13  1.153E-20
1.393E+00  2.761E-21  1.020E-13  1.020E-13  8.687E-21
1.380E+00  2.394E-21  8.765E-14  8.765E-14  6.527E-21
1.368E+00  2.072E-21  7.516E-14  7.516E-14  4.889E-21
1.355E+00  1.790E-21  6.433E-14  6.433E-14  3.652E-21
1.343E+00  1.543E-21  5.497E-14  5.497E-14  2.720E-21
1.330E+00  1.328E-21  4.688E-14  4.688E-14  2.020E-21
1.318E+00  1.141E-21  3.991E-14  3.991E-14  1.495E-21
1.306E+00  9.790E-22  3.392E-14  3.392E-14  1.104E-21
1.294E+00  8.381E-22  2.877E-14  2.877E-14  8.121E-22
1.282E+00  7.161E-22  2.436E-14  2.436E-14  5.959E-22
1.271E+00  6.107E-22  2.058E-14  2.058E-14  4.359E-22
1.259E+00  5.199E-22  1.736E-14  1.736E-14  3.179E-22
1.247E+00  4.416E-22  1.461E-14  1.461E-14  2.311E-22
1.236E+00  3.744E-22  1.228E-14  1.228E-14  1.675E-22
1.225E+00  3.168E-22  1.029E-14  1.029E-14  1.211E-22
1.213E+00  2.676E-22  8.612E-15  8.612E-15  8.719E-23
1.202E+00  2.255E-22  7.192E-15  7.192E-15  6.260E-23
1.191E+00  1.897E-22  5.994E-15  5.994E-15  4.479E-23
1.180E+00  1.593E-22  4.986E-15  4.986E-15  3.194E-23
1.169E+00  1.334E-22  4.140E-15  4.140E-15  2.270E-23
1.159E+00  1.116E-22  3.430E-15  3.430E-15  1.608E-23
1.148E+00  9.311E-23  2.836E-15  2.836E-15  1.135E-23
1.138E+00  7.754E-23  2.340E-15  2.340E-15  7.986E-24
1.127E+00  6.444E-23  1.927E-15  1.927E-15  5.598E-24
1.117E+00  5.345E-23  1.583E-15  1.583E-15  3.910E-24
1.107E+00  4.424E-23  1.299E-15  1.299E-15  2.722E-24
1.096E+00  3.654E-23  1.063E-15  1.063E-15  1.888E-24
1.086E+00  3.011E-23  8.678E-16  8.678E-16  1.305E-24
1.076E+00  2.477E-23  7.073E-16  7.073E-16  8.982E-25
1.067E+00  2.033E-23  5.752E-16  5.752E-16  6.161E-25
1.057E+00  1.665E-23  4.667E-16  4.667E-16  4.211E-25
1.047E+00  1.360E-23  3.777E-16  3.777E-16  2.867E-25
1.038E+00  1.107E-23  3.048E-16  3.048E-16  1.944E-25
1.028E+00  8.996E-24  2.453E-16  2.453E-16  1.314E-25
1.019E+00  7.291E-24  1.970E-16  1.970E-16  8.843E-26
1.009E+00  5.897E-24  1.579E-16  1.579E-16  5.929E-26
1.000E+00  4.758E-24  1.262E-16  1.262E-16  3.959E-26
