Dust emission spectrum from Draine,B.T., & Li, A. (2007), ApJ, in press [astro-ph/0608003]
==========================================================
         7 = grain model
 4.000E-08 4.000E-01 4.500E-05 = a_01 (cm) , sigma_1 , b_C1
 2.000E-07 5.500E-01 1.500E-05 = a_02 (cm) , sigma_2 , b_C2
 1.000E+01 1.000E+01 1.000E+00 = Umin , Umax, beta (dN/dU propto U^{-beta})
 1.000E+01 = <U>       mmp83 = radfield
 0.000E+00 2.000E-07 = a_{min} (cm), a_{max} (cm)
 1.049E-23 1.017E-23 3.197E-25 = P(tot)  P(carb)  P(sil) (erg s-1 H-1)
 band     <nu*P_nu> <j_nu(tot)><j_nu(carb)><j_nu(sil)>
 (um)   (erg s-1 H-1)(Jy/(sr*H))(Jy/(sr*H))(Jy/(sr*H))
1.270E+00  1.840E-25  6.198E-18  5.997E-18  2.010E-19 COBE-DIRBE
2.220E+00  2.349E-25  1.383E-17  1.320E-17  6.308E-19 COBE-DIRBE
3.530E+00  1.527E-24  1.429E-16  1.418E-16  1.158E-18 COBE-DIRBE
4.880E+00  6.843E-25  8.857E-17  8.699E-17  1.586E-18 COBE-DIRBE
1.229E+01  5.762E-24  1.878E-15  1.833E-15  4.580E-17 COBE-DIRBE
2.079E+01  2.797E-24  1.542E-15  1.438E-15  1.042E-16 COBE-DIRBE
5.599E+01  3.822E-25  5.676E-16  4.805E-16  8.705E-17 COBE-DIRBE
9.770E+01  1.076E-25  2.789E-16  2.336E-16  4.535E-17 COBE-DIRBE
1.479E+02  4.432E-26  1.739E-16  1.475E-16  2.635E-17 COBE-DIRBE
2.479E+02  1.034E-26  6.800E-17  5.355E-17  1.445E-17 COBE-DIRBE
1.200E+01  6.421E-24  2.044E-15  1.999E-15  4.492E-17 IRAS
2.500E+01  2.147E-24  1.424E-15  1.304E-15  1.195E-16 IRAS
6.000E+01  3.503E-25  5.575E-16  4.718E-16  8.574E-17 IRAS
1.000E+02  1.013E-25  2.687E-16  2.253E-16  4.339E-17 IRAS
3.550E+00  1.775E-24  1.671E-16  1.660E-16  1.167E-18 SST-IRAC
4.493E+00  4.979E-25  5.934E-17  5.788E-17  1.465E-18 SST-IRAC
5.731E+00  3.961E-24  6.021E-16  6.001E-16  1.971E-18 SST-IRAC
7.872E+00  9.572E-24  1.999E-15  1.982E-15  1.670E-17 SST-IRAC
2.368E+01  1.829E-24  1.149E-15  1.040E-15  1.089E-16 SST-MIPS
7.142E+01  1.901E-25  3.602E-16  2.997E-16  6.056E-17 SST-MIPS
1.559E+02  3.600E-26  1.489E-16  1.265E-16  2.239E-17 SST-MIPS
1.600E+01  4.058E-24  1.722E-15  1.665E-15  5.723E-17 SST-IRSPU
2.200E+01  2.141E-24  1.249E-15  1.139E-15  1.098E-16 SST-IRSPU
7.500E+01  1.643E-25  3.268E-16  2.717E-16  5.509E-17 Herschel-PACS
1.100E+02  7.129E-26  2.080E-16  1.746E-16  3.341E-17 Herschel-PACS
1.700E+02  2.731E-26  1.232E-16  1.042E-16  1.895E-17 Herschel-PACS
2.500E+02  8.541E-27  5.664E-17  4.390E-17  1.274E-17 Herschel-SPIRE
3.600E+02  2.210E-27  2.111E-17  1.365E-17  7.462E-18 Herschel-SPIRE
5.200E+02  5.332E-28  7.354E-18  3.906E-18  3.449E-18 Herschel-SPIRE
2.400E+00  2.632E-25  1.676E-17  1.605E-17  7.050E-19 Akari IRC NIR N2
3.200E+00  1.174E-24  9.966E-17  9.863E-17  1.033E-18 Akari IRC NIR N3
4.100E+00  5.402E-25  5.875E-17  5.741E-17  1.341E-18 Akari IRC NIR N4
7.000E+00  1.087E-23  2.019E-15  2.013E-15  6.131E-18 Akari IRC MIR-S S7
9.000E+00  7.647E-24  1.826E-15  1.793E-15  3.247E-17 Akari IRC MIR-S S9W
1.100E+01  5.881E-24  1.716E-15  1.667E-15  4.937E-17 Akari IRC MIR-S S11
1.500E+01  4.192E-24  1.668E-15  1.609E-15  5.932E-17 Akari IRC MIR-L L15
1.800E+01  3.054E-24  1.458E-15  1.375E-15  8.328E-17 Akari IRC MIR-L L18W
2.400E+01  2.012E-24  1.281E-15  1.163E-15  1.175E-16 Akari IRC MIR-L L24
6.500E+01  2.480E-25  4.276E-16  3.567E-16  7.086E-17 Akari FIS N60
8.000E+01  1.486E-25  3.153E-16  2.635E-16  5.184E-17 Akari FIS WIDE-S
1.400E+02  4.386E-26  1.629E-16  1.383E-16  2.462E-17 Akari FIS WIDE-L
1.600E+02  3.401E-26  1.444E-16  1.226E-16  2.179E-17 Akari FIS N160






lambda    nu*dP/dnu     j_nu    j_nu(carb.) j_nu(sil)
 (um)    (erg/(s*H)) (Jy/(sr*H) (Jy/(sr*H)) (Jy/(sr*H)
1.000E+04  3.106E-33  8.238E-22  1.714E-22  6.525E-22
9.908E+03  3.218E-33  8.459E-22  1.762E-22  6.696E-22
9.817E+03  3.335E-33  8.684E-22  1.812E-22  6.872E-22
9.727E+03  3.456E-33  8.916E-22  1.864E-22  7.053E-22
9.638E+03  3.581E-33  9.154E-22  1.917E-22  7.238E-22
9.550E+03  3.710E-33  9.399E-22  1.971E-22  7.428E-22
9.462E+03  3.844E-33  9.650E-22  2.027E-22  7.623E-22
9.376E+03  3.984E-33  9.907E-22  2.084E-22  7.823E-22
9.290E+03  4.128E-33  1.017E-21  2.143E-22  8.028E-22
9.204E+03  4.277E-33  1.044E-21  2.204E-22  8.239E-22
9.120E+03  4.432E-33  1.072E-21  2.267E-22  8.455E-22
9.036E+03  4.592E-33  1.101E-21  2.331E-22  8.676E-22
8.954E+03  4.758E-33  1.130E-21  2.397E-22  8.903E-22
8.872E+03  4.929E-33  1.160E-21  2.465E-22  9.134E-22
8.790E+03  5.106E-33  1.191E-21  2.535E-22  9.371E-22
8.710E+03  5.290E-33  1.222E-21  2.607E-22  9.614E-22
8.630E+03  5.480E-33  1.255E-21  2.681E-22  9.865E-22
8.551E+03  5.678E-33  1.288E-21  2.757E-22  1.012E-21
8.472E+03  5.882E-33  1.322E-21  2.835E-22  1.039E-21
8.395E+03  6.095E-33  1.357E-21  2.915E-22  1.066E-21
8.318E+03  6.314E-33  1.393E-21  2.998E-22  1.093E-21
8.241E+03  6.542E-33  1.430E-21  3.082E-22  1.122E-21
8.166E+03  6.779E-33  1.468E-21  3.170E-22  1.151E-21
8.091E+03  7.024E-33  1.507E-21  3.260E-22  1.181E-21
8.017E+03  7.277E-33  1.548E-21  3.352E-22  1.212E-21
7.943E+03  7.540E-33  1.589E-21  3.447E-22  1.244E-21
7.870E+03  7.813E-33  1.631E-21  3.545E-22  1.277E-21
7.798E+03  8.096E-33  1.675E-21  3.645E-22  1.310E-21
7.727E+03  8.389E-33  1.719E-21  3.748E-22  1.345E-21
7.656E+03  8.693E-33  1.765E-21  3.854E-22  1.380E-21
7.586E+03  9.008E-33  1.813E-21  3.964E-22  1.416E-21
7.516E+03  9.335E-33  1.861E-21  4.076E-22  1.454E-21
7.447E+03  9.673E-33  1.911E-21  4.191E-22  1.492E-21
7.379E+03  1.002E-32  1.962E-21  4.310E-22  1.531E-21
7.311E+03  1.039E-32  2.015E-21  4.432E-22  1.571E-21
7.244E+03  1.077E-32  2.069E-21  4.558E-22  1.613E-21
7.178E+03  1.116E-32  2.124E-21  4.687E-22  1.656E-21
7.112E+03  1.156E-32  2.181E-21  4.820E-22  1.699E-21
7.047E+03  1.198E-32  2.240E-21  4.956E-22  1.744E-21
6.982E+03  1.242E-32  2.300E-21  5.096E-22  1.790E-21
6.918E+03  1.287E-32  2.362E-21  5.241E-22  1.837E-21
6.855E+03  1.334E-32  2.425E-21  5.389E-22  1.886E-21
6.792E+03  1.382E-32  2.490E-21  5.542E-22  1.936E-21
6.730E+03  1.432E-32  2.557E-21  5.699E-22  1.987E-21
6.668E+03  1.485E-32  2.626E-21  5.861E-22  2.040E-21
6.607E+03  1.539E-32  2.696E-21  6.027E-22  2.094E-21
6.546E+03  1.595E-32  2.769E-21  6.198E-22  2.149E-21
6.486E+03  1.653E-32  2.844E-21  6.374E-22  2.206E-21
6.427E+03  1.713E-32  2.920E-21  6.554E-22  2.265E-21
6.368E+03  1.775E-32  2.999E-21  6.740E-22  2.325E-21
6.310E+03  1.840E-32  3.080E-21  6.932E-22  2.387E-21
6.252E+03  1.907E-32  3.163E-21  7.128E-22  2.450E-21
6.194E+03  1.977E-32  3.249E-21  7.331E-22  2.516E-21
6.138E+03  2.049E-32  3.337E-21  7.539E-22  2.583E-21
6.081E+03  2.124E-32  3.427E-21  7.753E-22  2.652E-21
6.026E+03  2.202E-32  3.520E-21  7.973E-22  2.722E-21
5.970E+03  2.283E-32  3.615E-21  8.199E-22  2.795E-21
5.916E+03  2.366E-32  3.713E-21  8.432E-22  2.870E-21
5.861E+03  2.453E-32  3.814E-21  8.672E-22  2.947E-21
5.808E+03  2.543E-32  3.917E-21  8.919E-22  3.026E-21
5.754E+03  2.636E-32  4.024E-21  9.172E-22  3.107E-21
5.702E+03  2.733E-32  4.133E-21  9.433E-22  3.190E-21
5.649E+03  2.833E-32  4.246E-21  9.701E-22  3.275E-21
5.598E+03  2.937E-32  4.361E-21  9.978E-22  3.363E-21
5.546E+03  3.045E-32  4.480E-21  1.026E-21  3.454E-21
5.495E+03  3.157E-32  4.602E-21  1.055E-21  3.547E-21
5.445E+03  3.273E-32  4.728E-21  1.085E-21  3.642E-21
5.395E+03  3.394E-32  4.857E-21  1.116E-21  3.740E-21
5.346E+03  3.519E-32  4.989E-21  1.148E-21  3.841E-21
5.297E+03  3.648E-32  5.125E-21  1.181E-21  3.944E-21
5.248E+03  3.782E-32  5.266E-21  1.215E-21  4.051E-21
5.200E+03  3.922E-32  5.410E-21  1.249E-21  4.160E-21
5.152E+03  4.066E-32  5.558E-21  1.285E-21  4.273E-21
5.105E+03  4.216E-32  5.710E-21  1.322E-21  4.388E-21
5.058E+03  4.372E-32  5.866E-21  1.360E-21  4.507E-21
5.012E+03  4.534E-32  6.027E-21  1.398E-21  4.629E-21
4.966E+03  4.701E-32  6.192E-21  1.438E-21  4.754E-21
4.920E+03  4.874E-32  6.362E-21  1.480E-21  4.882E-21
4.875E+03  5.055E-32  6.537E-21  1.522E-21  5.014E-21
4.831E+03  5.241E-32  6.716E-21  1.566E-21  5.150E-21
4.786E+03  5.435E-32  6.901E-21  1.611E-21  5.290E-21
4.742E+03  5.636E-32  7.090E-21  1.657E-21  5.434E-21
4.699E+03  5.845E-32  7.286E-21  1.704E-21  5.581E-21
4.656E+03  6.062E-32  7.486E-21  1.753E-21  5.733E-21
4.613E+03  6.286E-32  7.693E-21  1.804E-21  5.889E-21
4.571E+03  6.520E-32  7.905E-21  1.856E-21  6.049E-21
4.529E+03  6.762E-32  8.123E-21  1.909E-21  6.214E-21
4.487E+03  7.013E-32  8.347E-21  1.964E-21  6.383E-21
4.446E+03  7.273E-32  8.578E-21  2.021E-21  6.558E-21
4.406E+03  7.544E-32  8.816E-21  2.079E-21  6.737E-21
4.365E+03  7.824E-32  9.060E-21  2.139E-21  6.921E-21
4.325E+03  8.116E-32  9.311E-21  2.201E-21  7.110E-21
4.285E+03  8.418E-32  9.569E-21  2.265E-21  7.305E-21
4.246E+03  8.732E-32  9.835E-21  2.330E-21  7.505E-21
4.207E+03  9.057E-32  1.011E-20  2.398E-21  7.710E-21
4.169E+03  9.395E-32  1.039E-20  2.467E-21  7.922E-21
4.130E+03  9.746E-32  1.068E-20  2.539E-21  8.139E-21
4.093E+03  1.011E-31  1.098E-20  2.612E-21  8.363E-21
4.055E+03  1.049E-31  1.128E-20  2.688E-21  8.593E-21
4.018E+03  1.088E-31  1.160E-20  2.766E-21  8.829E-21
3.981E+03  1.129E-31  1.192E-20  2.847E-21  9.071E-21
3.945E+03  1.171E-31  1.225E-20  2.930E-21  9.320E-21
3.908E+03  1.215E-31  1.259E-20  3.015E-21  9.576E-21
3.873E+03  1.260E-31  1.294E-20  3.103E-21  9.840E-21
3.837E+03  1.307E-31  1.330E-20  3.194E-21  1.011E-20
3.802E+03  1.356E-31  1.368E-20  3.287E-21  1.039E-20
3.767E+03  1.407E-31  1.406E-20  3.384E-21  1.068E-20
3.733E+03  1.460E-31  1.445E-20  3.483E-21  1.097E-20
3.698E+03  1.515E-31  1.486E-20  3.585E-21  1.127E-20
3.664E+03  1.572E-31  1.528E-20  3.690E-21  1.159E-20
3.631E+03  1.631E-31  1.570E-20  3.799E-21  1.191E-20
3.597E+03  1.692E-31  1.615E-20  3.911E-21  1.224E-20
3.565E+03  1.756E-31  1.660E-20  4.026E-21  1.257E-20
3.532E+03  1.822E-31  1.707E-20  4.145E-21  1.292E-20
3.499E+03  1.891E-31  1.755E-20  4.267E-21  1.328E-20
3.467E+03  1.962E-31  1.805E-20  4.393E-21  1.365E-20
3.436E+03  2.036E-31  1.855E-20  4.523E-21  1.403E-20
3.404E+03  2.113E-31  1.908E-20  4.657E-21  1.442E-20
3.373E+03  2.193E-31  1.962E-20  4.795E-21  1.482E-20
3.342E+03  2.276E-31  2.018E-20  4.938E-21  1.524E-20
3.311E+03  2.362E-31  2.075E-20  5.084E-21  1.566E-20
3.281E+03  2.452E-31  2.134E-20  5.236E-21  1.610E-20
3.251E+03  2.545E-31  2.194E-20  5.392E-21  1.655E-20
3.221E+03  2.641E-31  2.257E-20  5.553E-21  1.701E-20
3.192E+03  2.741E-31  2.321E-20  5.719E-21  1.749E-20
3.162E+03  2.846E-31  2.387E-20  5.890E-21  1.798E-20
3.133E+03  2.954E-31  2.455E-20  6.066E-21  1.848E-20
3.105E+03  3.066E-31  2.525E-20  6.248E-21  1.900E-20
3.076E+03  3.183E-31  2.597E-20  6.436E-21  1.954E-20
3.048E+03  3.304E-31  2.671E-20  6.629E-21  2.008E-20
3.020E+03  3.430E-31  2.748E-20  6.829E-21  2.065E-20
2.992E+03  3.561E-31  2.826E-20  7.035E-21  2.123E-20
2.965E+03  3.696E-31  2.907E-20  7.247E-21  2.182E-20
2.938E+03  3.837E-31  2.990E-20  7.466E-21  2.243E-20
2.911E+03  3.983E-31  3.076E-20  7.693E-21  2.306E-20
2.884E+03  4.135E-31  3.164E-20  7.926E-21  2.371E-20
2.858E+03  4.293E-31  3.254E-20  8.166E-21  2.438E-20
2.831E+03  4.457E-31  3.348E-20  8.415E-21  2.506E-20
2.805E+03  4.628E-31  3.444E-20  8.671E-21  2.577E-20
2.780E+03  4.805E-31  3.543E-20  8.935E-21  2.649E-20
2.754E+03  4.988E-31  3.644E-20  9.208E-21  2.724E-20
2.729E+03  5.180E-31  3.749E-20  9.489E-21  2.800E-20
2.704E+03  5.378E-31  3.857E-20  9.780E-21  2.879E-20
2.679E+03  5.584E-31  3.969E-20  1.008E-20  2.961E-20
2.655E+03  5.799E-31  4.083E-20  1.039E-20  3.044E-20
2.630E+03  6.022E-31  4.201E-20  1.071E-20  3.130E-20
2.606E+03  6.253E-31  4.323E-20  1.104E-20  3.219E-20
2.582E+03  6.494E-31  4.448E-20  1.138E-20  3.310E-20
2.559E+03  6.744E-31  4.577E-20  1.173E-20  3.404E-20
2.535E+03  7.004E-31  4.710E-20  1.209E-20  3.500E-20
2.512E+03  7.274E-31  4.846E-20  1.247E-20  3.600E-20
2.489E+03  7.554E-31  4.987E-20  1.285E-20  3.702E-20
2.466E+03  7.846E-31  5.132E-20  1.325E-20  3.807E-20
2.443E+03  8.149E-31  5.282E-20  1.367E-20  3.915E-20
2.421E+03  8.464E-31  5.436E-20  1.409E-20  4.026E-20
2.399E+03  8.791E-31  5.594E-20  1.453E-20  4.141E-20
2.377E+03  9.132E-31  5.757E-20  1.499E-20  4.259E-20
2.355E+03  9.485E-31  5.925E-20  1.545E-20  4.380E-20
2.333E+03  9.853E-31  6.099E-20  1.594E-20  4.505E-20
2.312E+03  1.023E-30  6.277E-20  1.644E-20  4.633E-20
2.291E+03  1.063E-30  6.461E-20  1.696E-20  4.765E-20
2.270E+03  1.104E-30  6.650E-20  1.749E-20  4.901E-20
2.249E+03  1.147E-30  6.845E-20  1.804E-20  5.041E-20
2.228E+03  1.192E-30  7.046E-20  1.861E-20  5.185E-20
2.208E+03  1.238E-30  7.253E-20  1.920E-20  5.333E-20
2.188E+03  1.287E-30  7.466E-20  1.981E-20  5.485E-20
2.168E+03  1.337E-30  7.685E-20  2.044E-20  5.642E-20
2.148E+03  1.389E-30  7.912E-20  2.108E-20  5.803E-20
2.128E+03  1.443E-30  8.145E-20  2.176E-20  5.969E-20
2.109E+03  1.499E-30  8.385E-20  2.245E-20  6.140E-20
2.089E+03  1.558E-30  8.632E-20  2.316E-20  6.315E-20
2.070E+03  1.618E-30  8.886E-20  2.390E-20  6.496E-20
2.051E+03  1.681E-30  9.149E-20  2.467E-20  6.682E-20
2.032E+03  1.747E-30  9.419E-20  2.546E-20  6.873E-20
2.014E+03  1.815E-30  9.697E-20  2.628E-20  7.070E-20
1.995E+03  1.886E-30  9.984E-20  2.712E-20  7.272E-20
1.977E+03  1.960E-30  1.028E-19  2.799E-20  7.480E-20
1.959E+03  2.037E-30  1.058E-19  2.889E-20  7.694E-20
1.941E+03  2.117E-30  1.090E-19  2.983E-20  7.914E-20
1.923E+03  2.199E-30  1.122E-19  3.079E-20  8.140E-20
1.905E+03  2.286E-30  1.155E-19  3.179E-20  8.373E-20
1.888E+03  2.375E-30  1.189E-19  3.282E-20  8.613E-20
1.871E+03  2.468E-30  1.225E-19  3.388E-20  8.859E-20
1.854E+03  2.565E-30  1.261E-19  3.498E-20  9.113E-20
1.837E+03  2.666E-30  1.299E-19  3.612E-20  9.374E-20
1.820E+03  2.770E-30  1.337E-19  3.730E-20  9.642E-20
1.803E+03  2.879E-30  1.377E-19  3.851E-20  9.918E-20
1.786E+03  2.992E-30  1.418E-19  3.977E-20  1.020E-19
1.770E+03  3.110E-30  1.460E-19  4.107E-20  1.049E-19
1.754E+03  3.232E-30  1.504E-19  4.242E-20  1.079E-19
1.738E+03  3.359E-30  1.548E-19  4.381E-20  1.110E-19
1.722E+03  3.491E-30  1.595E-19  4.525E-20  1.142E-19
1.706E+03  3.629E-30  1.642E-19  4.674E-20  1.175E-19
1.690E+03  3.771E-30  1.691E-19  4.827E-20  1.208E-19
1.675E+03  3.920E-30  1.742E-19  4.987E-20  1.243E-19
1.660E+03  4.074E-30  1.794E-19  5.151E-20  1.278E-19
1.644E+03  4.235E-30  1.847E-19  5.321E-20  1.315E-19
1.629E+03  4.401E-30  1.902E-19  5.497E-20  1.352E-19
1.614E+03  4.575E-30  1.959E-19  5.679E-20  1.391E-19
1.600E+03  4.755E-30  2.018E-19  5.868E-20  1.431E-19
1.585E+03  4.943E-30  2.078E-19  6.063E-20  1.472E-19
1.570E+03  5.137E-30  2.140E-19  6.264E-20  1.514E-19
1.556E+03  5.340E-30  2.204E-19  6.472E-20  1.557E-19
1.542E+03  5.551E-30  2.270E-19  6.688E-20  1.601E-19
1.528E+03  5.770E-30  2.338E-19  6.911E-20  1.647E-19
1.514E+03  5.997E-30  2.408E-19  7.142E-20  1.694E-19
1.500E+03  6.234E-30  2.480E-19  7.381E-20  1.742E-19
1.486E+03  6.480E-30  2.554E-19  7.627E-20  1.791E-19
1.472E+03  6.736E-30  2.631E-19  7.883E-20  1.842E-19
1.459E+03  7.002E-30  2.709E-19  8.147E-20  1.895E-19
1.445E+03  7.278E-30  2.791E-19  8.421E-20  1.949E-19
1.432E+03  7.566E-30  2.874E-19  8.703E-20  2.004E-19
1.419E+03  7.865E-30  2.960E-19  8.996E-20  2.061E-19
1.406E+03  8.176E-30  3.049E-19  9.299E-20  2.119E-19
1.393E+03  8.499E-30  3.141E-19  9.612E-20  2.180E-19
1.380E+03  8.835E-30  3.235E-19  9.936E-20  2.241E-19
1.368E+03  9.184E-30  3.332E-19  1.027E-19  2.305E-19
1.355E+03  9.547E-30  3.432E-19  1.062E-19  2.370E-19
1.343E+03  9.924E-30  3.535E-19  1.098E-19  2.437E-19
1.330E+03  1.032E-29  3.641E-19  1.135E-19  2.506E-19
1.318E+03  1.072E-29  3.750E-19  1.173E-19  2.577E-19
1.306E+03  1.115E-29  3.862E-19  1.213E-19  2.649E-19
1.294E+03  1.159E-29  3.978E-19  1.254E-19  2.724E-19
1.282E+03  1.205E-29  4.098E-19  1.297E-19  2.801E-19
1.271E+03  1.252E-29  4.220E-19  1.341E-19  2.879E-19
1.259E+03  1.302E-29  4.347E-19  1.386E-19  2.960E-19
1.247E+03  1.353E-29  4.477E-19  1.434E-19  3.043E-19
1.236E+03  1.407E-29  4.611E-19  1.482E-19  3.129E-19
1.225E+03  1.462E-29  4.749E-19  1.533E-19  3.216E-19
1.213E+03  1.520E-29  4.892E-19  1.585E-19  3.306E-19
1.202E+03  1.580E-29  5.038E-19  1.639E-19  3.399E-19
1.191E+03  1.642E-29  5.189E-19  1.695E-19  3.494E-19
1.180E+03  1.707E-29  5.344E-19  1.753E-19  3.591E-19
1.169E+03  1.774E-29  5.504E-19  1.813E-19  3.691E-19
1.159E+03  1.844E-29  5.669E-19  1.875E-19  3.793E-19
1.148E+03  1.917E-29  5.838E-19  1.939E-19  3.899E-19
1.138E+03  1.992E-29  6.013E-19  2.006E-19  4.007E-19
1.127E+03  2.071E-29  6.192E-19  2.075E-19  4.118E-19
1.117E+03  2.153E-29  6.377E-19  2.146E-19  4.231E-19
1.107E+03  2.237E-29  6.568E-19  2.219E-19  4.348E-19
1.096E+03  2.325E-29  6.764E-19  2.296E-19  4.468E-19
1.086E+03  2.417E-29  6.965E-19  2.374E-19  4.591E-19
1.076E+03  2.512E-29  7.173E-19  2.456E-19  4.717E-19
1.067E+03  2.611E-29  7.387E-19  2.540E-19  4.846E-19
1.057E+03  2.713E-29  7.607E-19  2.628E-19  4.979E-19
1.047E+03  2.820E-29  7.833E-19  2.718E-19  5.115E-19
1.038E+03  2.931E-29  8.066E-19  2.811E-19  5.255E-19
1.028E+03  3.046E-29  8.306E-19  2.908E-19  5.398E-19
1.019E+03  3.165E-29  8.553E-19  3.008E-19  5.544E-19
1.009E+03  3.290E-29  8.806E-19  3.112E-19  5.695E-19
1.000E+03  3.418E-29  9.068E-19  3.219E-19  5.849E-19
9.908E+02  3.553E-29  9.337E-19  3.330E-19  6.007E-19
9.817E+02  3.692E-29  9.614E-19  3.445E-19  6.170E-19
9.727E+02  3.837E-29  9.900E-19  3.563E-19  6.337E-19
9.638E+02  3.987E-29  1.019E-18  3.686E-19  6.507E-19
9.550E+02  4.143E-29  1.050E-18  3.813E-19  6.682E-19
9.462E+02  4.305E-29  1.081E-18  3.945E-19  6.862E-19
9.376E+02  4.474E-29  1.113E-18  4.081E-19  7.046E-19
9.290E+02  4.649E-29  1.146E-18  4.222E-19  7.234E-19
9.204E+02  4.831E-29  1.179E-18  4.367E-19  7.427E-19
9.120E+02  5.019E-29  1.214E-18  4.518E-19  7.625E-19
9.036E+02  5.215E-29  1.250E-18  4.674E-19  7.827E-19
8.954E+02  5.419E-29  1.287E-18  4.835E-19  8.035E-19
8.872E+02  5.630E-29  1.325E-18  5.002E-19  8.247E-19
8.790E+02  5.849E-29  1.364E-18  5.174E-19  8.464E-19
8.710E+02  6.077E-29  1.404E-18  5.353E-19  8.686E-19
8.630E+02  6.313E-29  1.445E-18  5.538E-19  8.913E-19
8.551E+02  6.558E-29  1.487E-18  5.729E-19  9.146E-19
8.472E+02  6.813E-29  1.531E-18  5.927E-19  9.384E-19
8.395E+02  7.077E-29  1.576E-18  6.131E-19  9.628E-19
8.318E+02  7.351E-29  1.622E-18  6.343E-19  9.877E-19
8.241E+02  7.636E-29  1.669E-18  6.561E-19  1.013E-18
8.166E+02  7.932E-29  1.718E-18  6.788E-19  1.039E-18
8.091E+02  8.238E-29  1.768E-18  7.022E-19  1.066E-18
8.017E+02  8.557E-29  1.820E-18  7.264E-19  1.093E-18
7.943E+02  8.887E-29  1.873E-18  7.514E-19  1.121E-18
7.870E+02  9.230E-29  1.927E-18  7.773E-19  1.150E-18
7.798E+02  9.586E-29  1.983E-18  8.041E-19  1.179E-18
7.727E+02  9.955E-29  2.040E-18  8.318E-19  1.209E-18
7.656E+02  1.034E-28  2.100E-18  8.605E-19  1.239E-18
7.586E+02  1.074E-28  2.160E-18  8.901E-19  1.270E-18
7.516E+02  1.115E-28  2.223E-18  9.208E-19  1.302E-18
7.447E+02  1.158E-28  2.287E-18  9.525E-19  1.335E-18
7.379E+02  1.202E-28  2.354E-18  9.852E-19  1.368E-18
7.311E+02  1.249E-28  2.422E-18  1.019E-18  1.403E-18
7.244E+02  1.297E-28  2.492E-18  1.054E-18  1.438E-18
7.178E+02  1.347E-28  2.564E-18  1.090E-18  1.473E-18
7.112E+02  1.398E-28  2.638E-18  1.128E-18  1.510E-18
7.047E+02  1.452E-28  2.714E-18  1.167E-18  1.548E-18
6.982E+02  1.508E-28  2.793E-18  1.207E-18  1.586E-18
6.918E+02  1.566E-28  2.873E-18  1.248E-18  1.625E-18
6.855E+02  1.626E-28  2.956E-18  1.291E-18  1.665E-18
6.792E+02  1.688E-28  3.042E-18  1.335E-18  1.706E-18
6.730E+02  1.753E-28  3.129E-18  1.381E-18  1.748E-18
6.668E+02  1.820E-28  3.219E-18  1.428E-18  1.791E-18
6.607E+02  1.890E-28  3.312E-18  1.477E-18  1.834E-18
6.546E+02  1.962E-28  3.407E-18  1.528E-18  1.879E-18
6.486E+02  2.037E-28  3.506E-18  1.580E-18  1.925E-18
6.427E+02  2.116E-28  3.607E-18  1.634E-18  1.973E-18
6.368E+02  2.196E-28  3.710E-18  1.690E-18  2.020E-18
6.310E+02  2.280E-28  3.817E-18  1.748E-18  2.069E-18
6.252E+02  2.368E-28  3.927E-18  1.807E-18  2.120E-18
6.194E+02  2.459E-28  4.040E-18  1.869E-18  2.171E-18
6.138E+02  2.553E-28  4.156E-18  1.933E-18  2.223E-18
6.081E+02  2.649E-28  4.274E-18  1.999E-18  2.275E-18
6.026E+02  2.751E-28  4.397E-18  2.067E-18  2.330E-18
5.970E+02  2.856E-28  4.524E-18  2.137E-18  2.387E-18
5.916E+02  2.966E-28  4.654E-18  2.210E-18  2.444E-18
5.861E+02  3.080E-28  4.788E-18  2.285E-18  2.503E-18
5.808E+02  3.198E-28  4.926E-18  2.362E-18  2.564E-18
5.754E+02  3.320E-28  5.068E-18  2.443E-18  2.625E-18
5.702E+02  3.447E-28  5.213E-18  2.525E-18  2.688E-18
5.649E+02  3.576E-28  5.359E-18  2.611E-18  2.748E-18
5.598E+02  3.713E-28  5.513E-18  2.699E-18  2.814E-18
5.546E+02  3.855E-28  5.672E-18  2.791E-18  2.881E-18
5.495E+02  4.003E-28  5.835E-18  2.885E-18  2.950E-18
5.445E+02  4.156E-28  6.003E-18  2.983E-18  3.021E-18
5.395E+02  4.306E-28  6.162E-18  3.083E-18  3.078E-18
5.346E+02  4.470E-28  6.338E-18  3.187E-18  3.151E-18
5.297E+02  4.641E-28  6.521E-18  3.295E-18  3.226E-18
5.248E+02  4.819E-28  6.708E-18  3.406E-18  3.303E-18
5.200E+02  5.003E-28  6.901E-18  3.520E-18  3.381E-18
5.152E+02  5.195E-28  7.100E-18  3.639E-18  3.461E-18
5.105E+02  5.394E-28  7.304E-18  3.761E-18  3.543E-18
5.058E+02  5.599E-28  7.513E-18  3.887E-18  3.626E-18
5.012E+02  5.805E-28  7.717E-18  4.018E-18  3.699E-18
4.966E+02  6.022E-28  7.932E-18  4.152E-18  3.780E-18
4.920E+02  6.252E-28  8.160E-18  4.291E-18  3.869E-18
4.875E+02  6.491E-28  8.394E-18  4.435E-18  3.959E-18
4.831E+02  6.739E-28  8.635E-18  4.583E-18  4.052E-18
4.786E+02  6.995E-28  8.881E-18  4.736E-18  4.146E-18
4.742E+02  7.247E-28  9.117E-18  4.894E-18  4.223E-18
4.699E+02  7.504E-28  9.354E-18  5.057E-18  4.297E-18
4.656E+02  7.791E-28  9.622E-18  5.225E-18  4.398E-18
4.613E+02  8.083E-28  9.892E-18  5.398E-18  4.493E-18
4.571E+02  8.391E-28  1.017E-17  5.578E-18  4.597E-18
4.529E+02  8.712E-28  1.047E-17  5.763E-18  4.703E-18
4.487E+02  9.020E-28  1.074E-17  5.953E-18  4.783E-18
4.446E+02  9.364E-28  1.104E-17  6.150E-18  4.894E-18
4.406E+02  9.721E-28  1.136E-17  6.354E-18  5.007E-18
4.365E+02  1.009E-27  1.168E-17  6.564E-18  5.114E-18
4.325E+02  1.045E-27  1.199E-17  6.780E-18  5.212E-18
4.285E+02  1.085E-27  1.233E-17  7.003E-18  5.332E-18
4.246E+02  1.126E-27  1.269E-17  7.233E-18  5.454E-18
4.207E+02  1.165E-27  1.300E-17  7.471E-18  5.532E-18
4.169E+02  1.210E-27  1.337E-17  7.716E-18  5.659E-18
4.130E+02  1.249E-27  1.368E-17  7.969E-18  5.714E-18
4.093E+02  1.297E-27  1.408E-17  8.230E-18  5.846E-18
4.055E+02  1.346E-27  1.448E-17  8.499E-18  5.979E-18
4.018E+02  1.395E-27  1.487E-17  8.776E-18  6.095E-18
3.981E+02  1.443E-27  1.523E-17  9.062E-18  6.171E-18
3.945E+02  1.497E-27  1.566E-17  9.358E-18  6.306E-18
3.908E+02  1.554E-27  1.611E-17  9.662E-18  6.449E-18
3.873E+02  1.613E-27  1.657E-17  9.976E-18  6.596E-18
3.837E+02  1.675E-27  1.705E-17  1.030E-17  6.747E-18
3.802E+02  1.738E-27  1.753E-17  1.063E-17  6.900E-18
3.767E+02  1.796E-27  1.795E-17  1.097E-17  6.976E-18
3.733E+02  1.855E-27  1.836E-17  1.133E-17  7.039E-18
3.698E+02  1.926E-27  1.889E-17  1.169E-17  7.199E-18
3.664E+02  1.999E-27  1.943E-17  1.207E-17  7.361E-18
3.631E+02  2.075E-27  1.998E-17  1.246E-17  7.528E-18
3.597E+02  2.137E-27  2.039E-17  1.286E-17  7.533E-18
3.565E+02  2.216E-27  2.095E-17  1.327E-17  7.685E-18
3.532E+02  2.288E-27  2.144E-17  1.369E-17  7.745E-18
3.499E+02  2.376E-27  2.205E-17  1.413E-17  7.922E-18
3.467E+02  2.460E-27  2.263E-17  1.458E-17  8.045E-18
3.436E+02  2.554E-27  2.327E-17  1.505E-17  8.228E-18
3.404E+02  2.651E-27  2.394E-17  1.552E-17  8.413E-18
3.373E+02  2.750E-27  2.460E-17  1.602E-17  8.584E-18
3.342E+02  2.851E-27  2.528E-17  1.650E-17  8.771E-18
3.311E+02  2.959E-27  2.599E-17  1.702E-17  8.968E-18
3.281E+02  3.051E-27  2.656E-17  1.756E-17  8.999E-18
3.251E+02  3.149E-27  2.715E-17  1.811E-17  9.041E-18
3.221E+02  3.265E-27  2.790E-17  1.868E-17  9.219E-18
3.192E+02  3.390E-27  2.870E-17  1.927E-17  9.428E-18
3.162E+02  3.519E-27  2.951E-17  1.987E-17  9.641E-18
3.133E+02  3.594E-27  2.987E-17  2.050E-17  9.377E-18
3.105E+02  3.728E-27  3.070E-17  2.114E-17  9.566E-18
3.076E+02  3.870E-27  3.158E-17  2.180E-17  9.784E-18
3.048E+02  4.012E-27  3.244E-17  2.248E-17  9.961E-18
3.020E+02  4.164E-27  3.335E-17  2.317E-17  1.018E-17
2.992E+02  4.309E-27  3.420E-17  2.389E-17  1.031E-17
2.965E+02  4.459E-27  3.507E-17  2.454E-17  1.053E-17
2.938E+02  4.628E-27  3.606E-17  2.530E-17  1.076E-17
2.911E+02  4.797E-27  3.703E-17  2.603E-17  1.100E-17
2.884E+02  4.942E-27  3.781E-17  2.684E-17  1.097E-17
2.858E+02  5.127E-27  3.886E-17  2.766E-17  1.120E-17
2.831E+02  5.320E-27  3.996E-17  2.851E-17  1.145E-17
2.805E+02  5.494E-27  4.088E-17  2.938E-17  1.150E-17
2.780E+02  5.664E-27  4.176E-17  3.028E-17  1.148E-17
2.754E+02  5.871E-27  4.289E-17  3.121E-17  1.169E-17
2.729E+02  6.023E-27  4.360E-17  3.215E-17  1.144E-17
2.704E+02  6.251E-27  4.484E-17  3.313E-17  1.171E-17
2.679E+02  6.488E-27  4.611E-17  3.413E-17  1.198E-17
2.655E+02  6.726E-27  4.736E-17  3.517E-17  1.220E-17
2.630E+02  6.922E-27  4.829E-17  3.589E-17  1.241E-17
2.606E+02  7.184E-27  4.966E-17  3.697E-17  1.269E-17
2.582E+02  7.431E-27  5.090E-17  3.808E-17  1.282E-17
2.559E+02  7.670E-27  5.205E-17  3.922E-17  1.283E-17
2.535E+02  7.926E-27  5.330E-17  4.021E-17  1.309E-17
2.512E+02  8.216E-27  5.474E-17  4.136E-17  1.338E-17
2.489E+02  8.513E-27  5.620E-17  4.259E-17  1.361E-17
2.466E+02  8.796E-27  5.754E-17  4.386E-17  1.368E-17
2.443E+02  9.116E-27  5.908E-17  4.516E-17  1.392E-17
2.421E+02  9.408E-27  6.042E-17  4.650E-17  1.392E-17
2.399E+02  9.733E-27  6.193E-17  4.787E-17  1.406E-17
2.377E+02  1.009E-26  6.360E-17  4.928E-17  1.433E-17
2.355E+02  1.035E-26  6.463E-17  5.072E-17  1.391E-17
2.333E+02  1.072E-26  6.636E-17  5.221E-17  1.415E-17
2.312E+02  1.094E-26  6.707E-17  5.266E-17  1.441E-17
2.291E+02  1.134E-26  6.888E-17  5.420E-17  1.468E-17
2.270E+02  1.175E-26  7.074E-17  5.578E-17  1.496E-17
2.249E+02  1.215E-26  7.246E-17  5.739E-17  1.507E-17
2.228E+02  1.240E-26  7.328E-17  5.837E-17  1.490E-17
2.208E+02  1.285E-26  7.524E-17  6.006E-17  1.518E-17
2.188E+02  1.328E-26  7.707E-17  6.179E-17  1.527E-17
2.168E+02  1.375E-26  7.904E-17  6.353E-17  1.551E-17
2.148E+02  1.420E-26  8.092E-17  6.512E-17  1.579E-17
2.128E+02  1.470E-26  8.299E-17  6.699E-17  1.601E-17
2.109E+02  1.523E-26  8.518E-17  6.890E-17  1.629E-17
2.089E+02  1.573E-26  8.715E-17  7.086E-17  1.629E-17
2.070E+02  1.628E-26  8.942E-17  7.287E-17  1.655E-17
2.051E+02  1.624E-26  8.836E-17  7.228E-17  1.607E-17
2.032E+02  1.682E-26  9.068E-17  7.433E-17  1.636E-17
2.014E+02  1.741E-26  9.302E-17  7.642E-17  1.660E-17
1.995E+02  1.803E-26  9.544E-17  7.857E-17  1.687E-17
1.977E+02  1.868E-26  9.794E-17  8.077E-17  1.717E-17
1.959E+02  1.929E-26  1.003E-16  8.302E-17  1.723E-17
1.941E+02  1.959E-26  1.009E-16  8.331E-17  1.755E-17
1.923E+02  2.021E-26  1.031E-16  8.558E-17  1.753E-17
1.905E+02  2.089E-26  1.056E-16  8.795E-17  1.765E-17
1.888E+02  2.163E-26  1.083E-16  9.038E-17  1.797E-17
1.871E+02  2.240E-26  1.112E-16  9.287E-17  1.829E-17
1.854E+02  2.295E-26  1.128E-16  9.425E-17  1.858E-17
1.837E+02  2.375E-26  1.157E-16  9.684E-17  1.887E-17
1.820E+02  2.458E-26  1.186E-16  9.949E-17  1.913E-17
1.803E+02  2.430E-26  1.162E-16  9.704E-17  1.919E-17
1.786E+02  2.515E-26  1.192E-16  9.968E-17  1.951E-17
1.770E+02  2.590E-26  1.216E-16  1.024E-16  1.921E-17
1.754E+02  2.677E-26  1.245E-16  1.051E-16  1.943E-17
1.738E+02  2.770E-26  1.277E-16  1.079E-16  1.976E-17
1.722E+02  2.861E-26  1.307E-16  1.108E-16  1.983E-17
1.706E+02  2.957E-26  1.338E-16  1.138E-16  2.003E-17
1.690E+02  2.954E-26  1.325E-16  1.121E-16  2.034E-17
1.675E+02  3.056E-26  1.358E-16  1.151E-16  2.068E-17
1.660E+02  3.162E-26  1.392E-16  1.182E-16  2.103E-17
1.644E+02  3.264E-26  1.424E-16  1.211E-16  2.126E-17
1.629E+02  3.371E-26  1.457E-16  1.242E-16  2.144E-17
1.614E+02  3.486E-26  1.493E-16  1.275E-16  2.178E-17
1.600E+02  3.430E-26  1.455E-16  1.234E-16  2.216E-17
1.585E+02  3.469E-26  1.459E-16  1.233E-16  2.253E-17
1.570E+02  3.568E-26  1.486E-16  1.258E-16  2.284E-17
1.556E+02  3.684E-26  1.521E-16  1.291E-16  2.299E-17
1.542E+02  3.808E-26  1.557E-16  1.324E-16  2.332E-17
1.528E+02  3.925E-26  1.590E-16  1.359E-16  2.317E-17
1.514E+02  4.053E-26  1.627E-16  1.393E-16  2.340E-17
1.500E+02  4.182E-26  1.663E-16  1.429E-16  2.347E-17
1.486E+02  4.116E-26  1.622E-16  1.384E-16  2.385E-17
1.472E+02  4.254E-26  1.662E-16  1.419E-16  2.424E-17
1.459E+02  4.181E-26  1.618E-16  1.372E-16  2.458E-17
1.445E+02  4.319E-26  1.656E-16  1.406E-16  2.498E-17
1.432E+02  4.463E-26  1.695E-16  1.442E-16  2.536E-17
1.419E+02  4.430E-26  1.668E-16  1.410E-16  2.577E-17
1.406E+02  4.575E-26  1.706E-16  1.445E-16  2.611E-17
1.393E+02  4.700E-26  1.737E-16  1.473E-16  2.635E-17
1.380E+02  4.848E-26  1.775E-16  1.508E-16  2.675E-17
1.368E+02  5.007E-26  1.817E-16  1.545E-16  2.717E-17
1.355E+02  4.940E-26  1.776E-16  1.500E-16  2.760E-17
1.343E+02  5.042E-26  1.796E-16  1.516E-16  2.804E-17
1.330E+02  5.200E-26  1.835E-16  1.553E-16  2.824E-17
1.318E+02  5.361E-26  1.875E-16  1.591E-16  2.835E-17
1.306E+02  5.518E-26  1.912E-16  1.629E-16  2.833E-17
1.294E+02  5.698E-26  1.956E-16  1.668E-16  2.877E-17
1.282E+02  5.879E-26  2.000E-16  1.709E-16  2.911E-17
1.271E+02  5.731E-26  1.932E-16  1.636E-16  2.954E-17
1.259E+02  5.917E-26  1.976E-16  1.676E-16  2.999E-17
1.247E+02  6.102E-26  2.019E-16  1.715E-16  3.040E-17
1.236E+02  6.296E-26  2.064E-16  1.756E-16  3.086E-17
1.225E+02  6.320E-26  2.053E-16  1.740E-16  3.131E-17
1.213E+02  6.521E-26  2.099E-16  1.781E-16  3.178E-17
1.202E+02  6.725E-26  2.145E-16  1.822E-16  3.225E-17
1.191E+02  6.876E-26  2.173E-16  1.847E-16  3.256E-17
1.180E+02  7.076E-26  2.215E-16  1.885E-16  3.301E-17
1.169E+02  7.294E-26  2.263E-16  1.928E-16  3.344E-17
1.159E+02  7.028E-26  2.160E-16  1.821E-16  3.392E-17
1.148E+02  7.109E-26  2.165E-16  1.821E-16  3.442E-17
1.138E+02  7.321E-26  2.209E-16  1.863E-16  3.462E-17
1.127E+02  7.180E-26  2.147E-16  1.800E-16  3.470E-17
1.117E+02  7.403E-26  2.193E-16  1.842E-16  3.514E-17
1.107E+02  7.631E-26  2.240E-16  1.883E-16  3.566E-17
1.096E+02  7.866E-26  2.288E-16  1.927E-16  3.611E-17
1.086E+02  8.110E-26  2.337E-16  1.971E-16  3.661E-17
1.076E+02  8.300E-26  2.370E-16  1.999E-16  3.711E-17
1.067E+02  8.554E-26  2.420E-16  2.044E-16  3.765E-17
1.057E+02  8.817E-26  2.472E-16  2.090E-16  3.816E-17
1.047E+02  9.086E-26  2.524E-16  2.137E-16  3.868E-17
1.038E+02  9.360E-26  2.576E-16  2.184E-16  3.922E-17
1.028E+02  9.463E-26  2.580E-16  2.183E-16  3.977E-17
1.019E+02  9.467E-26  2.558E-16  2.156E-16  4.018E-17
1.009E+02  9.637E-26  2.580E-16  2.173E-16  4.071E-17
1.000E+02  9.928E-26  2.634E-16  2.221E-16  4.127E-17
9.908E+01  9.446E-26  2.483E-16  2.065E-16  4.177E-17
9.817E+01  9.731E-26  2.534E-16  2.111E-16  4.234E-17
9.727E+01  9.720E-26  2.508E-16  2.084E-16  4.244E-17
9.638E+01  1.001E-25  2.559E-16  2.129E-16  4.302E-17
9.550E+01  1.031E-25  2.611E-16  2.176E-16  4.353E-17
9.462E+01  1.062E-25  2.665E-16  2.223E-16  4.412E-17
9.376E+01  1.087E-25  2.703E-16  2.256E-16  4.471E-17
9.290E+01  1.118E-25  2.754E-16  2.302E-16  4.525E-17
9.204E+01  1.148E-25  2.802E-16  2.344E-16  4.584E-17
9.120E+01  1.182E-25  2.859E-16  2.395E-16  4.642E-17
9.036E+01  1.217E-25  2.916E-16  2.446E-16  4.703E-17
8.954E+01  1.252E-25  2.973E-16  2.497E-16  4.762E-17
8.872E+01  1.287E-25  3.029E-16  2.547E-16  4.823E-17
8.790E+01  1.318E-25  3.074E-16  2.586E-16  4.885E-17
8.710E+01  1.317E-25  3.043E-16  2.548E-16  4.941E-17
8.630E+01  1.352E-25  3.095E-16  2.594E-16  5.004E-17
8.551E+01  1.390E-25  3.153E-16  2.647E-16  5.062E-17
8.472E+01  1.329E-25  2.987E-16  2.474E-16  5.126E-17
8.395E+01  1.363E-25  3.035E-16  2.516E-16  5.189E-17
8.318E+01  1.402E-25  3.093E-16  2.568E-16  5.243E-17
8.241E+01  1.408E-25  3.079E-16  2.551E-16  5.280E-17
8.166E+01  1.444E-25  3.128E-16  2.593E-16  5.346E-17
8.091E+01  1.476E-25  3.169E-16  2.628E-16  5.410E-17
8.017E+01  1.518E-25  3.229E-16  2.681E-16  5.474E-17
7.943E+01  1.561E-25  3.290E-16  2.736E-16  5.535E-17
7.870E+01  1.605E-25  3.352E-16  2.791E-16  5.602E-17
7.798E+01  1.643E-25  3.399E-16  2.832E-16  5.670E-17
7.727E+01  1.687E-25  3.457E-16  2.883E-16  5.735E-17
7.656E+01  1.726E-25  3.505E-16  2.925E-16  5.805E-17
7.586E+01  1.761E-25  3.543E-16  2.956E-16  5.872E-17
7.516E+01  1.809E-25  3.607E-16  3.012E-16  5.942E-17
7.447E+01  1.855E-25  3.665E-16  3.064E-16  6.011E-17
7.379E+01  1.822E-25  3.567E-16  2.959E-16  6.074E-17
7.311E+01  1.870E-25  3.627E-16  3.013E-16  6.140E-17
7.244E+01  1.861E-25  3.575E-16  2.954E-16  6.210E-17
7.178E+01  1.881E-25  3.581E-16  2.953E-16  6.279E-17
7.112E+01  1.919E-25  3.621E-16  2.986E-16  6.348E-17
7.047E+01  1.972E-25  3.685E-16  3.045E-16  6.408E-17
6.982E+01  2.007E-25  3.717E-16  3.070E-16  6.473E-17
6.918E+01  2.062E-25  3.784E-16  3.130E-16  6.546E-17
6.855E+01  2.118E-25  3.851E-16  3.190E-16  6.614E-17
6.792E+01  2.171E-25  3.912E-16  3.243E-16  6.685E-17
6.730E+01  2.230E-25  3.980E-16  3.305E-16  6.752E-17
6.668E+01  2.288E-25  4.046E-16  3.364E-16  6.825E-17
6.607E+01  2.341E-25  4.102E-16  3.412E-16  6.899E-17
6.546E+01  2.354E-25  4.087E-16  3.390E-16  6.971E-17
6.486E+01  2.417E-25  4.159E-16  3.454E-16  7.044E-17
6.427E+01  2.482E-25  4.231E-16  3.519E-16  7.116E-17
6.368E+01  2.540E-25  4.291E-16  3.572E-16  7.189E-17
6.310E+01  2.575E-25  4.309E-16  3.583E-16  7.263E-17
6.252E+01  2.643E-25  4.383E-16  3.650E-16  7.337E-17
6.194E+01  2.713E-25  4.457E-16  3.717E-16  7.404E-17
6.138E+01  2.779E-25  4.524E-16  3.777E-16  7.479E-17
6.081E+01  2.850E-25  4.597E-16  3.841E-16  7.552E-17
6.026E+01  2.907E-25  4.647E-16  3.884E-16  7.628E-17
5.970E+01  2.957E-25  4.683E-16  3.913E-16  7.698E-17
5.916E+01  3.034E-25  4.761E-16  3.984E-16  7.772E-17
5.861E+01  3.083E-25  4.793E-16  4.009E-16  7.846E-17
5.808E+01  3.143E-25  4.842E-16  4.050E-16  7.916E-17
5.754E+01  3.220E-25  4.915E-16  4.116E-16  7.989E-17
5.702E+01  3.295E-25  4.983E-16  4.177E-16  8.062E-17
5.649E+01  3.375E-25  5.058E-16  4.245E-16  8.134E-17
5.598E+01  3.455E-25  5.130E-16  4.310E-16  8.205E-17
5.546E+01  3.527E-25  5.189E-16  4.362E-16  8.278E-17
5.495E+01  3.616E-25  5.270E-16  4.435E-16  8.350E-17
5.445E+01  3.704E-25  5.349E-16  4.507E-16  8.422E-17
5.395E+01  3.783E-25  5.413E-16  4.564E-16  8.496E-17
5.346E+01  3.876E-25  5.496E-16  4.639E-16  8.570E-17
5.297E+01  3.949E-25  5.548E-16  4.684E-16  8.638E-17
5.248E+01  4.040E-25  5.625E-16  4.754E-16  8.711E-17
5.200E+01  4.121E-25  5.684E-16  4.805E-16  8.783E-17
5.152E+01  4.221E-25  5.769E-16  4.884E-16  8.851E-17
5.105E+01  4.281E-25  5.797E-16  4.905E-16  8.921E-17
5.058E+01  4.384E-25  5.882E-16  4.983E-16  8.990E-17
5.012E+01  4.465E-25  5.937E-16  5.031E-16  9.059E-17
4.966E+01  4.567E-25  6.016E-16  5.103E-16  9.127E-17
4.920E+01  4.675E-25  6.102E-16  5.183E-16  9.193E-17
4.875E+01  4.771E-25  6.169E-16  5.243E-16  9.260E-17
4.831E+01  4.879E-25  6.252E-16  5.320E-16  9.325E-17
4.786E+01  4.992E-25  6.337E-16  5.398E-16  9.389E-17
4.742E+01  5.108E-25  6.426E-16  5.480E-16  9.454E-17
4.699E+01  5.221E-25  6.508E-16  5.556E-16  9.519E-17
4.656E+01  5.322E-25  6.573E-16  5.615E-16  9.582E-17
4.613E+01  5.437E-25  6.653E-16  5.689E-16  9.645E-17
4.571E+01  5.556E-25  6.737E-16  5.766E-16  9.708E-17
4.529E+01  5.669E-25  6.810E-16  5.833E-16  9.769E-17
4.487E+01  5.795E-25  6.898E-16  5.915E-16  9.830E-17
4.446E+01  5.915E-25  6.976E-16  5.987E-16  9.891E-17
4.406E+01  6.019E-25  7.034E-16  6.038E-16  9.951E-17
4.365E+01  6.143E-25  7.113E-16  6.112E-16  1.001E-16
4.325E+01  6.274E-25  7.199E-16  6.192E-16  1.007E-16
4.285E+01  6.391E-25  7.265E-16  6.252E-16  1.013E-16
4.246E+01  6.510E-25  7.332E-16  6.314E-16  1.018E-16
4.207E+01  6.631E-25  7.400E-16  6.377E-16  1.024E-16
4.169E+01  6.768E-25  7.484E-16  6.455E-16  1.029E-16
4.130E+01  6.900E-25  7.560E-16  6.525E-16  1.035E-16
4.093E+01  7.029E-25  7.630E-16  6.591E-16  1.039E-16
4.055E+01  7.164E-25  7.706E-16  6.661E-16  1.044E-16
4.018E+01  7.301E-25  7.781E-16  6.732E-16  1.049E-16
3.981E+01  7.447E-25  7.864E-16  6.810E-16  1.054E-16
3.945E+01  7.592E-25  7.944E-16  6.886E-16  1.058E-16
3.908E+01  7.737E-25  8.021E-16  6.959E-16  1.062E-16
3.873E+01  7.885E-25  8.100E-16  7.033E-16  1.066E-16
3.837E+01  8.027E-25  8.170E-16  7.100E-16  1.070E-16
3.802E+01  8.169E-25  8.239E-16  7.164E-16  1.074E-16
3.767E+01  8.310E-25  8.303E-16  7.226E-16  1.078E-16
3.733E+01  8.451E-25  8.367E-16  7.286E-16  1.081E-16
3.698E+01  8.605E-25  8.441E-16  7.358E-16  1.083E-16
3.664E+01  8.763E-25  8.518E-16  7.432E-16  1.086E-16
3.631E+01  8.919E-25  8.590E-16  7.502E-16  1.088E-16
3.597E+01  9.047E-25  8.633E-16  7.543E-16  1.090E-16
3.565E+01  9.207E-25  8.706E-16  7.613E-16  1.093E-16
3.532E+01  9.369E-25  8.777E-16  7.682E-16  1.095E-16
3.499E+01  9.522E-25  8.839E-16  7.742E-16  1.097E-16
3.467E+01  9.670E-25  8.894E-16  7.796E-16  1.099E-16
3.436E+01  9.839E-25  8.966E-16  7.865E-16  1.101E-16
3.404E+01  9.997E-25  9.027E-16  7.924E-16  1.103E-16
3.373E+01  1.015E-24  9.085E-16  7.980E-16  1.105E-16
3.342E+01  1.033E-24  9.153E-16  8.047E-16  1.106E-16
3.311E+01  1.050E-24  9.221E-16  8.112E-16  1.109E-16
3.281E+01  1.067E-24  9.288E-16  8.177E-16  1.111E-16
3.251E+01  1.083E-24  9.340E-16  8.227E-16  1.113E-16
3.221E+01  1.101E-24  9.406E-16  8.291E-16  1.115E-16
3.192E+01  1.118E-24  9.466E-16  8.348E-16  1.117E-16
3.162E+01  1.135E-24  9.519E-16  8.400E-16  1.119E-16
3.133E+01  1.153E-24  9.585E-16  8.464E-16  1.121E-16
3.105E+01  1.170E-24  9.636E-16  8.513E-16  1.123E-16
3.076E+01  1.188E-24  9.696E-16  8.571E-16  1.125E-16
3.048E+01  1.207E-24  9.759E-16  8.632E-16  1.127E-16
3.020E+01  1.225E-24  9.817E-16  8.688E-16  1.128E-16
2.992E+01  1.245E-24  9.884E-16  8.754E-16  1.130E-16
2.965E+01  1.264E-24  9.937E-16  8.806E-16  1.131E-16
2.938E+01  1.283E-24  1.000E-15  8.868E-16  1.132E-16
2.911E+01  1.303E-24  1.006E-15  8.926E-16  1.133E-16
2.884E+01  1.323E-24  1.012E-15  8.985E-16  1.134E-16
2.858E+01  1.343E-24  1.018E-15  9.045E-16  1.135E-16
2.831E+01  1.364E-24  1.024E-15  9.109E-16  1.135E-16
2.805E+01  1.385E-24  1.031E-15  9.174E-16  1.136E-16
2.780E+01  1.408E-24  1.038E-15  9.243E-16  1.137E-16
2.754E+01  1.430E-24  1.045E-15  9.309E-16  1.137E-16
2.729E+01  1.451E-24  1.050E-15  9.364E-16  1.137E-16
2.704E+01  1.474E-24  1.057E-15  9.437E-16  1.138E-16
2.679E+01  1.498E-24  1.065E-15  9.510E-16  1.138E-16
2.655E+01  1.522E-24  1.071E-15  9.577E-16  1.138E-16
2.630E+01  1.546E-24  1.079E-15  9.650E-16  1.138E-16
2.606E+01  1.570E-24  1.085E-15  9.714E-16  1.138E-16
2.582E+01  1.596E-24  1.093E-15  9.791E-16  1.138E-16
2.559E+01  1.622E-24  1.101E-15  9.870E-16  1.138E-16
2.535E+01  1.649E-24  1.109E-15  9.949E-16  1.138E-16
2.512E+01  1.676E-24  1.117E-15  1.003E-15  1.138E-16
2.489E+01  1.704E-24  1.125E-15  1.011E-15  1.137E-16
2.466E+01  1.732E-24  1.133E-15  1.019E-15  1.136E-16
2.443E+01  1.760E-24  1.141E-15  1.027E-15  1.135E-16
2.421E+01  1.790E-24  1.150E-15  1.036E-15  1.134E-16
2.399E+01  1.821E-24  1.159E-15  1.045E-15  1.132E-16
2.377E+01  1.851E-24  1.167E-15  1.054E-15  1.130E-16
2.355E+01  1.882E-24  1.176E-15  1.063E-15  1.129E-16
2.333E+01  1.915E-24  1.185E-15  1.073E-15  1.128E-16
2.312E+01  1.949E-24  1.195E-15  1.083E-15  1.124E-16
2.291E+01  1.982E-24  1.204E-15  1.092E-15  1.122E-16
2.270E+01  2.016E-24  1.214E-15  1.102E-15  1.121E-16
2.249E+01  2.053E-24  1.225E-15  1.112E-15  1.121E-16
2.228E+01  2.089E-24  1.235E-15  1.123E-15  1.122E-16
2.208E+01  2.127E-24  1.246E-15  1.134E-15  1.123E-16
2.188E+01  2.164E-24  1.256E-15  1.144E-15  1.121E-16
2.168E+01  2.203E-24  1.267E-15  1.155E-15  1.118E-16
2.148E+01  2.243E-24  1.278E-15  1.166E-15  1.114E-16
2.128E+01  2.283E-24  1.289E-15  1.178E-15  1.113E-16
2.109E+01  2.325E-24  1.301E-15  1.189E-15  1.112E-16
2.089E+01  2.368E-24  1.312E-15  1.201E-15  1.110E-16
2.070E+01  2.411E-24  1.324E-15  1.213E-15  1.108E-16
2.051E+01  2.456E-24  1.336E-15  1.226E-15  1.105E-16
2.032E+01  2.503E-24  1.349E-15  1.239E-15  1.103E-16
2.014E+01  2.552E-24  1.363E-15  1.253E-15  1.104E-16
1.995E+01  2.604E-24  1.378E-15  1.267E-15  1.105E-16
1.977E+01  2.659E-24  1.394E-15  1.284E-15  1.105E-16
1.959E+01  2.717E-24  1.412E-15  1.301E-15  1.103E-16
1.941E+01  2.787E-24  1.435E-15  1.325E-15  1.099E-16
1.923E+01  2.883E-24  1.471E-15  1.361E-15  1.091E-16
1.905E+01  3.060E-24  1.547E-15  1.439E-15  1.081E-16
1.888E+01  3.216E-24  1.611E-15  1.504E-15  1.069E-16
1.871E+01  3.123E-24  1.550E-15  1.444E-15  1.054E-16
1.854E+01  3.131E-24  1.539E-15  1.436E-15  1.035E-16
1.837E+01  3.200E-24  1.559E-15  1.457E-15  1.015E-16
1.820E+01  3.312E-24  1.598E-15  1.499E-15  9.913E-17
1.803E+01  3.498E-24  1.673E-15  1.576E-15  9.663E-17
1.786E+01  3.784E-24  1.793E-15  1.699E-15  9.394E-17
1.770E+01  3.881E-24  1.822E-15  1.731E-15  9.107E-17
1.754E+01  4.181E-24  1.945E-15  1.857E-15  8.799E-17
1.738E+01  4.823E-24  2.223E-15  2.138E-15  8.480E-17
1.722E+01  4.819E-24  2.201E-15  2.120E-15  8.153E-17
1.706E+01  4.914E-24  2.224E-15  2.145E-15  7.831E-17
1.690E+01  4.854E-24  2.177E-15  2.102E-15  7.509E-17
1.675E+01  4.701E-24  2.089E-15  2.017E-15  7.187E-17
1.660E+01  4.831E-24  2.126E-15  2.058E-15  6.861E-17
1.644E+01  5.643E-24  2.461E-15  2.396E-15  6.540E-17
1.629E+01  4.393E-24  1.899E-15  1.836E-15  6.225E-17
1.614E+01  3.900E-24  1.670E-15  1.611E-15  5.924E-17
1.600E+01  3.750E-24  1.591E-15  1.535E-15  5.634E-17
1.585E+01  3.667E-24  1.541E-15  1.488E-15  5.356E-17
1.570E+01  3.563E-24  1.484E-15  1.433E-15  5.090E-17
1.556E+01  3.507E-24  1.447E-15  1.399E-15  4.836E-17
1.542E+01  3.476E-24  1.422E-15  1.376E-15  4.596E-17
1.528E+01  3.460E-24  1.402E-15  1.358E-15  4.370E-17
1.514E+01  3.454E-24  1.387E-15  1.345E-15  4.157E-17
1.500E+01  3.458E-24  1.376E-15  1.336E-15  3.962E-17
1.486E+01  3.472E-24  1.369E-15  1.331E-15  3.774E-17
1.472E+01  3.505E-24  1.369E-15  1.333E-15  3.596E-17
1.459E+01  3.567E-24  1.380E-15  1.346E-15  3.430E-17
1.445E+01  3.696E-24  1.417E-15  1.384E-15  3.287E-17
1.432E+01  3.968E-24  1.507E-15  1.476E-15  3.167E-17
1.419E+01  4.280E-24  1.611E-15  1.580E-15  3.074E-17
1.406E+01  4.160E-24  1.551E-15  1.521E-15  3.010E-17
1.393E+01  4.127E-24  1.525E-15  1.495E-15  2.979E-17
1.380E+01  4.351E-24  1.593E-15  1.564E-15  2.974E-17
1.368E+01  4.825E-24  1.751E-15  1.721E-15  2.998E-17
1.355E+01  5.426E-24  1.950E-15  1.920E-15  3.040E-17
1.343E+01  5.619E-24  2.001E-15  1.970E-15  3.094E-17
1.330E+01  5.354E-24  1.890E-15  1.858E-15  3.152E-17
1.318E+01  5.247E-24  1.835E-15  1.803E-15  3.214E-17
1.306E+01  5.551E-24  1.923E-15  1.890E-15  3.276E-17
1.294E+01  6.374E-24  2.188E-15  2.155E-15  3.342E-17
1.282E+01  7.867E-24  2.676E-15  2.642E-15  3.421E-17
1.271E+01  9.766E-24  3.292E-15  3.256E-15  3.506E-17
1.259E+01  1.044E-23  3.485E-15  3.449E-15  3.593E-17
1.247E+01  9.178E-24  3.037E-15  3.000E-15  3.680E-17
1.236E+01  7.862E-24  2.578E-15  2.540E-15  3.765E-17
1.225E+01  7.438E-24  2.416E-15  2.378E-15  3.843E-17
1.213E+01  7.828E-24  2.520E-15  2.480E-15  3.933E-17
1.202E+01  8.377E-24  2.671E-15  2.631E-15  4.036E-17
1.191E+01  8.110E-24  2.563E-15  2.521E-15  4.140E-17
1.180E+01  7.382E-24  2.311E-15  2.269E-15  4.244E-17
1.169E+01  7.213E-24  2.238E-15  2.194E-15  4.343E-17
1.159E+01  8.194E-24  2.519E-15  2.474E-15  4.426E-17
1.148E+01  1.108E-23  3.374E-15  3.329E-15  4.507E-17
1.138E+01  1.592E-23  4.804E-15  4.758E-15  4.599E-17
1.127E+01  2.123E-23  6.348E-15  6.301E-15  4.698E-17
1.117E+01  1.504E-23  4.456E-15  4.408E-15  4.806E-17
1.107E+01  7.784E-24  2.285E-15  2.236E-15  4.917E-17
1.096E+01  5.376E-24  1.563E-15  1.513E-15  5.021E-17
1.086E+01  4.269E-24  1.230E-15  1.179E-15  5.132E-17
1.076E+01  3.688E-24  1.053E-15  1.000E-15  5.263E-17
1.067E+01  3.347E-24  9.470E-16  8.928E-16  5.413E-17
1.057E+01  3.052E-24  8.555E-16  7.998E-16  5.579E-17
1.047E+01  2.858E-24  7.938E-16  7.365E-16  5.735E-17
1.038E+01  2.730E-24  7.514E-16  6.928E-16  5.855E-17
1.028E+01  2.641E-24  7.202E-16  6.609E-16  5.928E-17
1.019E+01  2.578E-24  6.966E-16  6.370E-16  5.959E-17
1.009E+01  2.536E-24  6.790E-16  6.193E-16  5.972E-17
1.000E+01  2.512E-24  6.662E-16  6.064E-16  5.983E-17
9.908E+00  2.503E-24  6.579E-16  5.978E-16  6.006E-17
9.817E+00  2.510E-24  6.536E-16  5.932E-16  6.038E-17
9.727E+00  2.532E-24  6.532E-16  5.925E-16  6.072E-17
9.638E+00  2.569E-24  6.569E-16  5.959E-16  6.101E-17
9.550E+00  2.623E-24  6.646E-16  6.037E-16  6.088E-17
9.462E+00  2.697E-24  6.768E-16  6.167E-16  6.016E-17
9.376E+00  2.794E-24  6.947E-16  6.360E-16  5.871E-17
9.290E+00  2.922E-24  7.200E-16  6.636E-16  5.644E-17
9.204E+00  3.095E-24  7.558E-16  7.024E-16  5.343E-17
9.120E+00  3.336E-24  8.070E-16  7.572E-16  4.986E-17
9.036E+00  3.682E-24  8.826E-16  8.366E-16  4.595E-17
8.954E+00  4.203E-24  9.982E-16  9.562E-16  4.201E-17
8.872E+00  5.028E-24  1.183E-15  1.145E-15  3.829E-17
8.790E+00  6.381E-24  1.488E-15  1.453E-15  3.490E-17
8.710E+00  8.451E-24  1.952E-15  1.920E-15  3.191E-17
8.630E+00  1.039E-23  2.379E-15  2.350E-15  2.933E-17
8.551E+00  1.018E-23  2.308E-15  2.281E-15  2.707E-17
8.472E+00  8.856E-24  1.990E-15  1.965E-15  2.497E-17
8.395E+00  8.184E-24  1.822E-15  1.799E-15  2.285E-17
8.318E+00  8.152E-24  1.799E-15  1.778E-15  2.059E-17
8.241E+00  8.514E-24  1.861E-15  1.843E-15  1.820E-17
8.166E+00  9.415E-24  2.039E-15  2.024E-15  1.574E-17
8.091E+00  1.113E-23  2.388E-15  2.374E-15  1.353E-17
8.017E+00  1.385E-23  2.946E-15  2.934E-15  1.154E-17
7.943E+00  1.742E-23  3.671E-15  3.661E-15  9.824E-18
7.870E+00  2.056E-23  4.292E-15  4.284E-15  8.348E-18
7.798E+00  2.171E-23  4.490E-15  4.483E-15  7.096E-18
7.727E+00  2.187E-23  4.482E-15  4.476E-15  6.068E-18
7.656E+00  2.258E-23  4.586E-15  4.581E-15  5.235E-18
7.586E+00  2.201E-23  4.430E-15  4.425E-15  4.568E-18
7.516E+00  1.855E-23  3.698E-15  3.694E-15  4.060E-18
7.447E+00  1.464E-23  2.891E-15  2.888E-15  3.688E-18
7.379E+00  1.176E-23  2.302E-15  2.299E-15  3.405E-18
7.311E+00  9.769E-24  1.895E-15  1.891E-15  3.211E-18
7.244E+00  8.313E-24  1.597E-15  1.594E-15  3.063E-18
7.178E+00  7.200E-24  1.371E-15  1.368E-15  2.946E-18
7.112E+00  6.346E-24  1.197E-15  1.194E-15  2.865E-18
7.047E+00  5.713E-24  1.068E-15  1.065E-15  2.807E-18
6.982E+00  5.284E-24  9.787E-16  9.760E-16  2.753E-18
6.918E+00  5.050E-24  9.268E-16  9.241E-16  2.709E-18
6.855E+00  4.995E-24  9.083E-16  9.057E-16  2.669E-18
6.792E+00  5.067E-24  9.129E-16  9.102E-16  2.630E-18
6.730E+00  5.141E-24  9.177E-16  9.151E-16  2.594E-18
6.668E+00  5.072E-24  8.971E-16  8.945E-16  2.558E-18
6.607E+00  4.860E-24  8.517E-16  8.492E-16  2.522E-18
6.546E+00  4.687E-24  8.138E-16  8.113E-16  2.486E-18
6.486E+00  4.783E-24  8.230E-16  8.205E-16  2.451E-18
6.427E+00  5.413E-24  9.227E-16  9.203E-16  2.414E-18
6.368E+00  7.064E-24  1.193E-15  1.191E-15  2.378E-18
6.310E+00  1.077E-23  1.802E-15  1.799E-15  2.340E-18
6.252E+00  1.676E-23  2.779E-15  2.777E-15  2.303E-18
6.194E+00  1.698E-23  2.790E-15  2.787E-15  2.265E-18
6.138E+00  1.058E-23  1.723E-15  1.721E-15  2.224E-18
6.081E+00  6.306E-24  1.017E-15  1.015E-15  2.185E-18
6.026E+00  4.202E-24  6.715E-16  6.694E-16  2.147E-18
5.970E+00  3.134E-24  4.964E-16  4.943E-16  2.110E-18
5.916E+00  2.577E-24  4.044E-16  4.024E-16  2.074E-18
5.861E+00  2.331E-24  3.624E-16  3.604E-16  2.040E-18
5.808E+00  2.352E-24  3.623E-16  3.603E-16  2.007E-18
5.754E+00  2.640E-24  4.030E-16  4.010E-16  1.975E-18
5.702E+00  2.844E-24  4.301E-16  4.282E-16  1.944E-18
5.649E+00  2.398E-24  3.593E-16  3.574E-16  1.915E-18
5.598E+00  1.826E-24  2.711E-16  2.692E-16  1.887E-18
5.546E+00  1.473E-24  2.168E-16  2.149E-16  1.860E-18
5.495E+00  1.286E-24  1.875E-16  1.857E-16  1.834E-18
5.445E+00  1.206E-24  1.741E-16  1.723E-16  1.810E-18
5.395E+00  1.219E-24  1.745E-16  1.727E-16  1.786E-18
5.346E+00  1.352E-24  1.917E-16  1.899E-16  1.763E-18
5.297E+00  1.570E-24  2.206E-16  2.189E-16  1.742E-18
5.248E+00  1.535E-24  2.136E-16  2.119E-16  1.721E-18
5.200E+00  1.218E-24  1.680E-16  1.663E-16  1.701E-18
5.152E+00  9.711E-25  1.327E-16  1.310E-16  1.681E-18
5.105E+00  8.281E-25  1.121E-16  1.105E-16  1.663E-18
5.058E+00  7.421E-25  9.956E-17  9.792E-17  1.645E-18
5.012E+00  6.853E-25  9.111E-17  8.948E-17  1.628E-18
4.966E+00  6.446E-25  8.492E-17  8.330E-17  1.612E-18
4.920E+00  6.136E-25  8.008E-17  7.848E-17  1.596E-18
4.875E+00  5.887E-25  7.613E-17  7.455E-17  1.581E-18
4.831E+00  5.681E-25  7.279E-17  7.122E-17  1.566E-18
4.786E+00  5.505E-25  6.990E-17  6.834E-17  1.552E-18
4.742E+00  5.354E-25  6.735E-17  6.581E-17  1.538E-18
4.699E+00  5.221E-25  6.507E-17  6.355E-17  1.524E-18
4.656E+00  5.103E-25  6.302E-17  6.151E-17  1.511E-18
4.613E+00  4.997E-25  6.114E-17  5.965E-17  1.498E-18
4.571E+00  4.901E-25  5.942E-17  5.794E-17  1.485E-18
4.529E+00  4.814E-25  5.784E-17  5.637E-17  1.472E-18
4.487E+00  4.735E-25  5.637E-17  5.491E-17  1.460E-18
4.446E+00  4.663E-25  5.500E-17  5.355E-17  1.448E-18
4.406E+00  4.597E-25  5.372E-17  5.229E-17  1.436E-18
4.365E+00  4.537E-25  5.253E-17  5.111E-17  1.425E-18
4.325E+00  4.481E-25  5.141E-17  5.000E-17  1.414E-18
4.285E+00  4.430E-25  5.036E-17  4.896E-17  1.403E-18
4.246E+00  4.384E-25  4.938E-17  4.798E-17  1.392E-18
4.207E+00  4.341E-25  4.845E-17  4.707E-17  1.381E-18
4.169E+00  4.303E-25  4.758E-17  4.621E-17  1.370E-18
4.130E+00  4.268E-25  4.676E-17  4.541E-17  1.359E-18
4.093E+00  4.237E-25  4.600E-17  4.465E-17  1.347E-18
4.055E+00  4.210E-25  4.528E-17  4.395E-17  1.335E-18
4.018E+00  4.187E-25  4.462E-17  4.330E-17  1.324E-18
3.981E+00  4.168E-25  4.402E-17  4.271E-17  1.312E-18
3.945E+00  4.154E-25  4.347E-17  4.217E-17  1.300E-18
3.908E+00  4.146E-25  4.298E-17  4.169E-17  1.288E-18
3.873E+00  4.143E-25  4.256E-17  4.129E-17  1.277E-18
3.837E+00  4.148E-25  4.222E-17  4.096E-17  1.265E-18
3.802E+00  4.162E-25  4.197E-17  4.072E-17  1.254E-18
3.767E+00  4.186E-25  4.183E-17  4.059E-17  1.243E-18
3.733E+00  4.224E-25  4.182E-17  4.059E-17  1.231E-18
3.698E+00  4.279E-25  4.198E-17  4.076E-17  1.220E-18
3.664E+00  4.358E-25  4.236E-17  4.115E-17  1.209E-18
3.631E+00  4.469E-25  4.304E-17  4.185E-17  1.197E-18
3.597E+00  4.626E-25  4.415E-17  4.296E-17  1.186E-18
3.565E+00  4.852E-25  4.587E-17  4.470E-17  1.175E-18
3.532E+00  5.183E-25  4.856E-17  4.740E-17  1.164E-18
3.499E+00  5.690E-25  5.282E-17  5.167E-17  1.152E-18
3.467E+00  6.510E-25  5.988E-17  5.874E-17  1.141E-18
3.436E+00  7.946E-25  7.242E-17  7.129E-17  1.130E-18
3.404E+00  1.078E-24  9.736E-17  9.624E-17  1.119E-18
3.373E+00  1.755E-24  1.571E-16  1.560E-16  1.107E-18
3.342E+00  4.000E-24  3.546E-16  3.535E-16  1.096E-18
3.311E+00  1.513E-23  1.329E-15  1.328E-15  1.084E-18
3.281E+00  1.033E-23  8.991E-16  8.980E-16  1.073E-18
3.251E+00  2.951E-24  2.545E-16  2.534E-16  1.061E-18
3.221E+00  1.409E-24  1.204E-16  1.194E-16  1.049E-18
3.192E+00  8.991E-25  7.612E-17  7.508E-17  1.037E-18
3.162E+00  6.738E-25  5.652E-17  5.550E-17  1.025E-18
3.133E+00  5.552E-25  4.614E-17  4.513E-17  1.013E-18
3.105E+00  4.851E-25  3.995E-17  3.894E-17  1.001E-18
3.076E+00  4.400E-25  3.590E-17  3.491E-17  9.897E-19
3.048E+00  4.090E-25  3.307E-17  3.209E-17  9.787E-19
3.020E+00  3.867E-25  3.098E-17  3.001E-17  9.677E-19
2.992E+00  3.699E-25  2.936E-17  2.840E-17  9.568E-19
2.965E+00  3.568E-25  2.806E-17  2.712E-17  9.459E-19
2.938E+00  3.463E-25  2.698E-17  2.605E-17  9.351E-19
2.911E+00  3.376E-25  2.606E-17  2.514E-17  9.243E-19
2.884E+00  3.302E-25  2.526E-17  2.435E-17  9.136E-19
2.858E+00  3.238E-25  2.455E-17  2.364E-17  9.029E-19
2.831E+00  3.182E-25  2.390E-17  2.301E-17  8.923E-19
2.805E+00  3.132E-25  2.331E-17  2.243E-17  8.817E-19
2.780E+00  3.087E-25  2.276E-17  2.189E-17  8.712E-19
2.754E+00  3.045E-25  2.225E-17  2.138E-17  8.607E-19
2.729E+00  3.006E-25  2.176E-17  2.091E-17  8.503E-19
2.704E+00  2.970E-25  2.130E-17  2.046E-17  8.399E-19
2.679E+00  2.935E-25  2.086E-17  2.003E-17  8.296E-19
2.655E+00  2.902E-25  2.043E-17  1.961E-17  8.193E-19
2.630E+00  2.870E-25  2.003E-17  1.922E-17  8.091E-19
2.606E+00  2.840E-25  1.963E-17  1.883E-17  7.989E-19
2.582E+00  2.810E-25  1.925E-17  1.846E-17  7.889E-19
2.559E+00  2.781E-25  1.887E-17  1.809E-17  7.788E-19
2.535E+00  2.752E-25  1.851E-17  1.774E-17  7.689E-19
2.512E+00  2.724E-25  1.815E-17  1.739E-17  7.590E-19
2.489E+00  2.696E-25  1.780E-17  1.705E-17  7.492E-19
2.466E+00  2.668E-25  1.746E-17  1.672E-17  7.395E-19
2.443E+00  2.641E-25  1.712E-17  1.639E-17  7.299E-19
2.421E+00  2.613E-25  1.678E-17  1.606E-17  7.204E-19
2.399E+00  2.587E-25  1.646E-17  1.575E-17  7.109E-19
2.377E+00  2.560E-25  1.614E-17  1.544E-17  7.014E-19
2.355E+00  2.533E-25  1.583E-17  1.513E-17  6.919E-19
2.333E+00  2.507E-25  1.552E-17  1.484E-17  6.825E-19
2.312E+00  2.481E-25  1.521E-17  1.454E-17  6.731E-19
2.291E+00  2.454E-25  1.491E-17  1.425E-17  6.637E-19
2.270E+00  2.428E-25  1.462E-17  1.396E-17  6.544E-19
2.249E+00  2.401E-25  1.433E-17  1.368E-17  6.451E-19
2.228E+00  2.374E-25  1.404E-17  1.340E-17  6.359E-19
2.208E+00  2.347E-25  1.375E-17  1.312E-17  6.268E-19
2.188E+00  2.319E-25  1.346E-17  1.284E-17  6.177E-19
2.168E+00  2.291E-25  1.317E-17  1.256E-17  6.087E-19
2.148E+00  2.261E-25  1.288E-17  1.228E-17  5.997E-19
2.128E+00  2.230E-25  1.259E-17  1.200E-17  5.909E-19
2.109E+00  2.198E-25  1.229E-17  1.171E-17  5.821E-19
2.089E+00  2.163E-25  1.199E-17  1.141E-17  5.733E-19
2.070E+00  2.126E-25  1.167E-17  1.111E-17  5.647E-19
2.051E+00  2.086E-25  1.135E-17  1.079E-17  5.560E-19
2.032E+00  2.041E-25  1.100E-17  1.046E-17  5.474E-19
2.014E+00  1.991E-25  1.064E-17  1.010E-17  5.389E-19
1.995E+00  1.935E-25  1.024E-17  9.712E-18  5.304E-19
1.977E+00  1.873E-25  9.823E-18  9.301E-18  5.220E-19
1.959E+00  1.807E-25  9.389E-18  8.876E-18  5.137E-19
1.941E+00  1.743E-25  8.973E-18  8.468E-18  5.054E-19
1.923E+00  1.692E-25  8.634E-18  8.137E-18  4.972E-19
1.905E+00  1.668E-25  8.431E-18  7.942E-18  4.890E-19
1.888E+00  1.673E-25  8.381E-18  7.900E-18  4.809E-19
1.871E+00  1.700E-25  8.437E-18  7.964E-18  4.729E-19
1.854E+00  1.734E-25  8.525E-18  8.060E-18  4.650E-19
1.837E+00  1.764E-25  8.591E-18  8.134E-18  4.571E-19
1.820E+00  1.785E-25  8.617E-18  8.167E-18  4.493E-19
1.803E+00  1.798E-25  8.599E-18  8.158E-18  4.416E-19
1.786E+00  1.804E-25  8.547E-18  8.113E-18  4.340E-19
1.770E+00  1.804E-25  8.469E-18  8.042E-18  4.264E-19
1.754E+00  1.799E-25  8.372E-18  7.953E-18  4.190E-19
1.738E+00  1.792E-25  8.262E-18  7.850E-18  4.117E-19
1.722E+00  1.783E-25  8.143E-18  7.739E-18  4.044E-19
1.706E+00  1.772E-25  8.020E-18  7.623E-18  3.972E-19
1.690E+00  1.760E-25  7.893E-18  7.503E-18  3.901E-19
1.675E+00  1.748E-25  7.765E-18  7.382E-18  3.831E-19
1.660E+00  1.735E-25  7.638E-18  7.262E-18  3.761E-19
1.644E+00  1.722E-25  7.512E-18  7.142E-18  3.692E-19
1.629E+00  1.709E-25  7.387E-18  7.025E-18  3.624E-19
1.614E+00  1.697E-25  7.265E-18  6.910E-18  3.556E-19
1.600E+00  1.685E-25  7.147E-18  6.799E-18  3.489E-19
1.585E+00  1.673E-25  7.034E-18  6.692E-18  3.422E-19
1.570E+00  1.663E-25  6.926E-18  6.590E-18  3.356E-19
1.556E+00  1.653E-25  6.823E-18  6.494E-18  3.291E-19
1.542E+00  1.645E-25  6.727E-18  6.405E-18  3.226E-19
1.528E+00  1.638E-25  6.639E-18  6.323E-18  3.162E-19
1.514E+00  1.634E-25  6.559E-18  6.249E-18  3.098E-19
1.500E+00  1.631E-25  6.488E-18  6.185E-18  3.035E-19
1.486E+00  1.631E-25  6.428E-18  6.131E-18  2.973E-19
1.472E+00  1.634E-25  6.380E-18  6.089E-18  2.912E-19
1.459E+00  1.640E-25  6.345E-18  6.060E-18  2.851E-19
1.445E+00  1.650E-25  6.327E-18  6.048E-18  2.791E-19
1.432E+00  1.666E-25  6.327E-18  6.054E-18  2.732E-19
1.419E+00  1.687E-25  6.349E-18  6.081E-18  2.674E-19
1.406E+00  1.715E-25  6.396E-18  6.134E-18  2.616E-19
1.393E+00  1.751E-25  6.472E-18  6.216E-18  2.559E-19
1.380E+00  1.798E-25  6.584E-18  6.334E-18  2.503E-19
1.368E+00  1.857E-25  6.737E-18  6.492E-18  2.447E-19
1.355E+00  1.930E-25  6.936E-18  6.697E-18  2.392E-19
1.343E+00  2.018E-25  7.189E-18  6.955E-18  2.338E-19
1.330E+00  2.124E-25  7.494E-18  7.266E-18  2.284E-19
1.318E+00  2.244E-25  7.845E-18  7.622E-18  2.231E-19
1.306E+00  2.371E-25  8.216E-18  7.998E-18  2.179E-19
1.294E+00  2.491E-25  8.553E-18  8.340E-18  2.128E-19
1.282E+00  2.579E-25  8.774E-18  8.566E-18  2.078E-19
1.271E+00  2.605E-25  8.780E-18  8.577E-18  2.028E-19
1.259E+00  2.547E-25  8.506E-18  8.309E-18  1.979E-19
1.247E+00  2.408E-25  7.967E-18  7.773E-18  1.932E-19
1.236E+00  2.213E-25  7.255E-18  7.067E-18  1.885E-19
1.225E+00  2.000E-25  6.497E-18  6.313E-18  1.839E-19
1.213E+00  1.798E-25  5.789E-18  5.609E-18  1.794E-19
1.202E+00  1.624E-25  5.180E-18  5.005E-18  1.750E-19
1.191E+00  1.483E-25  4.686E-18  4.515E-18  1.706E-19
1.180E+00  1.373E-25  4.300E-18  4.134E-18  1.663E-19
1.169E+00  1.292E-25  4.009E-18  3.847E-18  1.621E-19
1.159E+00  1.237E-25  3.803E-18  3.645E-18  1.579E-19
1.148E+00  1.206E-25  3.672E-18  3.518E-18  1.538E-19
1.138E+00  1.198E-25  3.614E-18  3.464E-18  1.498E-19
1.127E+00  1.215E-25  3.634E-18  3.488E-18  1.458E-19
1.117E+00  1.264E-25  3.745E-18  3.604E-18  1.419E-19
1.107E+00  1.354E-25  3.974E-18  3.836E-18  1.381E-19
1.096E+00  1.501E-25  4.364E-18  4.230E-18  1.343E-19
1.086E+00  1.727E-25  4.977E-18  4.847E-18  1.306E-19
1.076E+00  2.057E-25  5.873E-18  5.746E-18  1.270E-19
1.067E+00  2.470E-25  6.988E-18  6.865E-18  1.235E-19
1.057E+00  2.801E-25  7.851E-18  7.731E-18  1.200E-19
1.047E+00  2.744E-25  7.623E-18  7.506E-18  1.166E-19
1.038E+00  2.276E-25  6.264E-18  6.150E-18  1.132E-19
1.028E+00  1.724E-25  4.700E-18  4.590E-18  1.099E-19
1.019E+00  1.295E-25  3.500E-18  3.393E-18  1.067E-19
1.009E+00  1.005E-25  2.692E-18  2.588E-18  1.035E-19
1.000E+00  8.132E-26  2.157E-18  2.057E-18  1.005E-19
