Dust emission spectrum from Draine,B.T., & Li, A. (2007), ApJ, in press [astro-ph/0608003]
==========================================================
         7 = grain model
 4.000E-08 4.000E-01 4.500E-05 = a_01 (cm) , sigma_1 , b_C1
 2.000E-07 5.500E-01 1.500E-05 = a_02 (cm) , sigma_2 , b_C2
 3.000E+03 3.000E+03 1.000E+00 = Umin , Umax, beta (dN/dU propto U^{-beta})
 3.000E+03 = <U>       mmp83 = radfield
 2.000E-06 1.000E+00 = a_{min} (cm), a_{max} (cm)
 8.431E-21 5.058E-21 3.374E-21 = P(tot)  P(carb)  P(sil) (erg s-1 H-1)
 band     <nu*P_nu> <j_nu(tot)><j_nu(carb)><j_nu(sil)>
 (um)   (erg s-1 H-1)(Jy/(sr*H))(Jy/(sr*H))(Jy/(sr*H))
1.270E+00  4.377E-67  1.475E-59  1.475E-59  9.421E-72 COBE-DIRBE
2.220E+00  6.689E-47  3.939E-39  3.939E-39  7.477E-47 COBE-DIRBE
3.530E+00  3.062E-35  2.867E-27  2.867E-27  4.234E-32 COBE-DIRBE
4.880E+00  4.652E-31  6.021E-23  6.020E-23  9.856E-27 COBE-DIRBE
1.229E+01  3.951E-23  1.288E-14  8.206E-15  4.673E-15 COBE-DIRBE
2.079E+01  1.611E-21  8.885E-13  4.933E-13  3.953E-13 COBE-DIRBE
5.599E+01  5.063E-21  7.519E-12  3.957E-12  3.563E-12 COBE-DIRBE
9.770E+01  9.569E-22  2.480E-12  8.594E-13  1.620E-12 COBE-DIRBE
1.479E+02  2.116E-22  8.302E-13  2.590E-13  5.713E-13 COBE-DIRBE
2.479E+02  2.466E-23  1.621E-13  4.334E-14  1.188E-13 COBE-DIRBE
1.200E+01  1.374E-23  4.375E-15  3.244E-15  1.131E-15 IRAS
2.500E+01  3.092E-21  2.050E-12  1.275E-12  7.756E-13 IRAS
6.000E+01  4.545E-21  7.234E-12  3.767E-12  3.467E-12 IRAS
1.000E+02  8.608E-22  2.283E-12  7.741E-13  1.509E-12 IRAS
3.550E+00  1.307E-35  1.231E-27  1.231E-27  1.296E-32 SST-IRAC
4.493E+00  8.040E-32  9.582E-24  9.581E-24  1.053E-27 SST-IRAC
5.731E+00  6.264E-29  9.522E-21  9.514E-21  8.532E-24 SST-IRAC
7.872E+00  7.921E-26  1.654E-17  1.476E-17  1.784E-18 SST-IRAC
2.368E+01  2.810E-21  1.765E-12  1.039E-12  7.259E-13 SST-MIPS
7.142E+01  2.350E-21  4.452E-12  1.857E-12  2.595E-12 SST-MIPS
1.559E+02  1.459E-22  6.035E-13  1.861E-13  4.174E-13 SST-MIPS
1.600E+01  3.030E-22  1.286E-13  7.469E-14  5.391E-14 SST-IRSPU
2.200E+01  2.444E-21  1.426E-12  8.306E-13  5.956E-13 SST-IRSPU
7.500E+01  2.037E-21  4.052E-12  1.683E-12  2.369E-12 Herschel-PACS
1.100E+02  5.847E-22  1.706E-12  5.671E-13  1.139E-12 Herschel-PACS
1.700E+02  1.127E-22  5.084E-13  1.570E-13  3.514E-13 Herschel-PACS
2.500E+02  1.905E-23  1.263E-13  3.333E-14  9.300E-14 Herschel-SPIRE
3.600E+02  3.409E-24  3.256E-14  8.896E-15  2.366E-14 Herschel-SPIRE
5.200E+02  6.348E-25  8.756E-15  2.437E-15  6.319E-15 Herschel-SPIRE
2.400E+00  1.121E-32  7.137E-25  7.135E-25  2.237E-28 Akari IRC NIR N2
3.200E+00  6.189E-33  5.254E-25  5.252E-25  1.392E-28 Akari IRC NIR N3
4.100E+00  4.478E-31  4.870E-23  4.869E-23  1.293E-26 Akari IRC NIR N4
7.000E+00  1.764E-24  3.276E-16  1.560E-16  1.716E-16 Akari IRC MIR-S S7
9.000E+00  1.093E-24  2.610E-16  1.972E-16  6.379E-17 Akari IRC MIR-S S9W
1.100E+01  7.797E-24  2.275E-15  1.623E-15  6.519E-16 Akari IRC MIR-S S11
1.500E+01  2.398E-22  9.542E-14  4.872E-14  4.670E-14 Akari IRC MIR-L L15
1.800E+01  1.145E-21  5.466E-13  3.007E-13  2.459E-13 Akari IRC MIR-L L18W
2.400E+01  2.611E-21  1.662E-12  9.551E-13  7.070E-13 Akari IRC MIR-L L24
6.500E+01  3.200E-21  5.517E-12  2.452E-12  3.065E-12 Akari FIS N60
8.000E+01  1.593E-21  3.380E-12  1.338E-12  2.042E-12 Akari FIS WIDE-S
1.400E+02  2.054E-22  7.628E-13  2.384E-13  5.244E-13 Akari FIS WIDE-L
1.600E+02  1.266E-22  5.373E-13  1.614E-13  3.759E-13 Akari FIS N160
 
 
 
 


lambda    nu*dP/dnu     j_nu    j_nu(carb.) j_nu(sil)
 (um)    (erg/(s*H)) (Jy/(sr*H) (Jy/(sr*H)) (Jy/(sr*H)
1.000E+04  1.841E-30  4.883E-19  8.187E-20  4.065E-19
9.908E+03  1.909E-30  5.017E-19  8.431E-20  4.173E-19
9.817E+03  1.979E-30  5.153E-19  8.684E-20  4.285E-19
9.727E+03  2.052E-30  5.294E-19  8.943E-20  4.400E-19
9.638E+03  2.127E-30  5.438E-19  9.211E-20  4.517E-19
9.550E+03  2.205E-30  5.587E-19  9.487E-20  4.638E-19
9.462E+03  2.287E-30  5.739E-19  9.771E-20  4.762E-19
9.376E+03  2.371E-30  5.896E-19  1.006E-19  4.889E-19
9.290E+03  2.458E-30  6.057E-19  1.037E-19  5.020E-19
9.204E+03  2.548E-30  6.222E-19  1.068E-19  5.154E-19
9.120E+03  2.642E-30  6.392E-19  1.100E-19  5.292E-19
9.036E+03  2.740E-30  6.567E-19  1.133E-19  5.434E-19
8.954E+03  2.840E-30  6.745E-19  1.167E-19  5.578E-19
8.872E+03  2.944E-30  6.928E-19  1.202E-19  5.726E-19
8.790E+03  3.052E-30  7.116E-19  1.238E-19  5.878E-19
8.710E+03  3.164E-30  7.309E-19  1.275E-19  6.034E-19
8.630E+03  3.280E-30  7.508E-19  1.314E-19  6.194E-19
8.551E+03  3.400E-30  7.712E-19  1.353E-19  6.359E-19
8.472E+03  3.525E-30  7.922E-19  1.394E-19  6.528E-19
8.395E+03  3.655E-30  8.138E-19  1.436E-19  6.702E-19
8.318E+03  3.789E-30  8.360E-19  1.480E-19  6.880E-19
8.241E+03  3.929E-30  8.588E-19  1.524E-19  7.064E-19
8.166E+03  4.073E-30  8.823E-19  1.570E-19  7.253E-19
8.091E+03  4.224E-30  9.065E-19  1.618E-19  7.447E-19
8.017E+03  4.379E-30  9.313E-19  1.667E-19  7.646E-19
7.943E+03  4.541E-30  9.568E-19  1.717E-19  7.851E-19
7.870E+03  4.709E-30  9.830E-19  1.769E-19  8.061E-19
7.798E+03  4.883E-30  1.010E-18  1.823E-19  8.278E-19
7.727E+03  5.063E-30  1.038E-18  1.878E-19  8.500E-19
7.656E+03  5.251E-30  1.066E-18  1.935E-19  8.729E-19
7.586E+03  5.445E-30  1.096E-18  1.994E-19  8.964E-19
7.516E+03  5.647E-30  1.126E-18  2.054E-19  9.205E-19
7.447E+03  5.857E-30  1.157E-18  2.116E-19  9.453E-19
7.379E+03  6.074E-30  1.189E-18  2.181E-19  9.708E-19
7.311E+03  6.300E-30  1.222E-18  2.247E-19  9.971E-19
7.244E+03  6.534E-30  1.256E-18  2.315E-19  1.024E-18
7.178E+03  6.777E-30  1.290E-18  2.386E-19  1.052E-18
7.112E+03  7.029E-30  1.326E-18  2.458E-19  1.080E-18
7.047E+03  7.291E-30  1.363E-18  2.533E-19  1.109E-18
6.982E+03  7.562E-30  1.401E-18  2.611E-19  1.140E-18
6.918E+03  7.844E-30  1.439E-18  2.690E-19  1.170E-18
6.855E+03  8.136E-30  1.479E-18  2.772E-19  1.202E-18
6.792E+03  8.439E-30  1.520E-18  2.857E-19  1.235E-18
6.730E+03  8.754E-30  1.563E-18  2.944E-19  1.268E-18
6.668E+03  9.080E-30  1.606E-18  3.034E-19  1.303E-18
6.607E+03  9.420E-30  1.651E-18  3.127E-19  1.338E-18
6.546E+03  9.772E-30  1.697E-18  3.223E-19  1.375E-18
6.486E+03  1.014E-29  1.744E-18  3.321E-19  1.412E-18
6.427E+03  1.052E-29  1.793E-18  3.423E-19  1.451E-18
6.368E+03  1.091E-29  1.843E-18  3.528E-19  1.490E-18
6.310E+03  1.132E-29  1.895E-18  3.636E-19  1.531E-18
6.252E+03  1.174E-29  1.948E-18  3.748E-19  1.573E-18
6.194E+03  1.219E-29  2.002E-18  3.863E-19  1.616E-18
6.138E+03  1.264E-29  2.058E-18  3.981E-19  1.660E-18
6.081E+03  1.312E-29  2.116E-18  4.104E-19  1.706E-18
6.026E+03  1.361E-29  2.176E-18  4.230E-19  1.753E-18
5.970E+03  1.413E-29  2.237E-18  4.360E-19  1.801E-18
5.916E+03  1.466E-29  2.300E-18  4.494E-19  1.851E-18
5.861E+03  1.521E-29  2.365E-18  4.633E-19  1.902E-18
5.808E+03  1.578E-29  2.432E-18  4.776E-19  1.954E-18
5.754E+03  1.638E-29  2.500E-18  4.923E-19  2.008E-18
5.702E+03  1.700E-29  2.571E-18  5.075E-19  2.063E-18
5.649E+03  1.764E-29  2.644E-18  5.231E-19  2.121E-18
5.598E+03  1.831E-29  2.719E-18  5.393E-19  2.179E-18
5.546E+03  1.900E-29  2.796E-18  5.560E-19  2.240E-18
5.495E+03  1.972E-29  2.875E-18  5.732E-19  2.302E-18
5.445E+03  2.047E-29  2.957E-18  5.909E-19  2.366E-18
5.395E+03  2.125E-29  3.041E-18  6.092E-19  2.432E-18
5.346E+03  2.205E-29  3.127E-18  6.281E-19  2.499E-18
5.297E+03  2.289E-29  3.216E-18  6.475E-19  2.569E-18
5.248E+03  2.376E-29  3.308E-18  6.676E-19  2.640E-18
5.200E+03  2.467E-29  3.402E-18  6.883E-19  2.714E-18
5.152E+03  2.561E-29  3.500E-18  7.097E-19  2.790E-18
5.105E+03  2.658E-29  3.600E-18  7.318E-19  2.868E-18
5.058E+03  2.760E-29  3.703E-18  7.545E-19  2.948E-18
5.012E+03  2.865E-29  3.809E-18  7.780E-19  3.031E-18
4.966E+03  2.974E-29  3.918E-18  8.022E-19  3.116E-18
4.920E+03  3.088E-29  4.030E-18  8.272E-19  3.203E-18
4.875E+03  3.206E-29  4.146E-18  8.529E-19  3.293E-18
4.831E+03  3.328E-29  4.265E-18  8.795E-19  3.385E-18
4.786E+03  3.456E-29  4.387E-18  9.070E-19  3.480E-18
4.742E+03  3.588E-29  4.514E-18  9.353E-19  3.578E-18
4.699E+03  3.725E-29  4.644E-18  9.645E-19  3.679E-18
4.656E+03  3.868E-29  4.777E-18  9.946E-19  3.783E-18
4.613E+03  4.017E-29  4.915E-18  1.026E-18  3.890E-18
4.571E+03  4.171E-29  5.057E-18  1.058E-18  4.000E-18
4.529E+03  4.332E-29  5.204E-18  1.091E-18  4.113E-18
4.487E+03  4.498E-29  5.354E-18  1.125E-18  4.229E-18
4.446E+03  4.671E-29  5.510E-18  1.160E-18  4.349E-18
4.406E+03  4.851E-29  5.669E-18  1.197E-18  4.473E-18
4.365E+03  5.039E-29  5.834E-18  1.234E-18  4.600E-18
4.325E+03  5.233E-29  6.004E-18  1.273E-18  4.731E-18
4.285E+03  5.435E-29  6.179E-18  1.313E-18  4.866E-18
4.246E+03  5.645E-29  6.359E-18  1.354E-18  5.004E-18
4.207E+03  5.864E-29  6.544E-18  1.397E-18  5.147E-18
4.169E+03  6.091E-29  6.735E-18  1.441E-18  5.294E-18
4.130E+03  6.327E-29  6.932E-18  1.486E-18  5.446E-18
4.093E+03  6.572E-29  7.134E-18  1.533E-18  5.602E-18
4.055E+03  6.827E-29  7.343E-18  1.581E-18  5.762E-18
4.018E+03  7.092E-29  7.559E-18  1.631E-18  5.927E-18
3.981E+03  7.367E-29  7.780E-18  1.683E-18  6.097E-18
3.945E+03  7.653E-29  8.008E-18  1.736E-18  6.272E-18
3.908E+03  7.951E-29  8.243E-18  1.790E-18  6.452E-18
3.873E+03  8.260E-29  8.485E-18  1.847E-18  6.638E-18
3.837E+03  8.581E-29  8.734E-18  1.905E-18  6.829E-18
3.802E+03  8.916E-29  8.991E-18  1.966E-18  7.025E-18
3.767E+03  9.263E-29  9.256E-18  2.028E-18  7.228E-18
3.733E+03  9.625E-29  9.529E-18  2.092E-18  7.437E-18
3.698E+03  1.000E-28  9.811E-18  2.158E-18  7.652E-18
3.664E+03  1.039E-28  1.010E-17  2.227E-18  7.874E-18
3.631E+03  1.080E-28  1.040E-17  2.298E-18  8.102E-18
3.597E+03  1.122E-28  1.071E-17  2.370E-18  8.337E-18
3.565E+03  1.166E-28  1.103E-17  2.446E-18  8.580E-18
3.532E+03  1.212E-28  1.135E-17  2.523E-18  8.830E-18
3.499E+03  1.259E-28  1.169E-17  2.604E-18  9.087E-18
3.467E+03  1.309E-28  1.204E-17  2.687E-18  9.352E-18
3.436E+03  1.360E-28  1.240E-17  2.772E-18  9.626E-18
3.404E+03  1.414E-28  1.277E-17  2.860E-18  9.907E-18
3.373E+03  1.470E-28  1.315E-17  2.951E-18  1.020E-17
3.342E+03  1.528E-28  1.354E-17  3.046E-18  1.050E-17
3.311E+03  1.588E-28  1.395E-17  3.143E-18  1.080E-17
3.281E+03  1.651E-28  1.437E-17  3.243E-18  1.112E-17
3.251E+03  1.716E-28  1.480E-17  3.346E-18  1.145E-17
3.221E+03  1.784E-28  1.524E-17  3.453E-18  1.179E-17
3.192E+03  1.854E-28  1.570E-17  3.564E-18  1.214E-17
3.162E+03  1.928E-28  1.617E-17  3.678E-18  1.249E-17
3.133E+03  2.004E-28  1.666E-17  3.795E-18  1.286E-17
3.105E+03  2.084E-28  1.716E-17  3.917E-18  1.324E-17
3.076E+03  2.167E-28  1.768E-17  4.042E-18  1.364E-17
3.048E+03  2.253E-28  1.821E-17  4.172E-18  1.404E-17
3.020E+03  2.342E-28  1.876E-17  4.306E-18  1.446E-17
2.992E+03  2.436E-28  1.933E-17  4.444E-18  1.489E-17
2.965E+03  2.532E-28  1.992E-17  4.586E-18  1.533E-17
2.938E+03  2.633E-28  2.052E-17  4.733E-18  1.578E-17
2.911E+03  2.738E-28  2.114E-17  4.886E-18  1.625E-17
2.884E+03  2.847E-28  2.178E-17  5.043E-18  1.674E-17
2.858E+03  2.960E-28  2.244E-17  5.205E-18  1.723E-17
2.831E+03  3.078E-28  2.312E-17  5.372E-18  1.775E-17
2.805E+03  3.201E-28  2.382E-17  5.545E-18  1.828E-17
2.780E+03  3.329E-28  2.455E-17  5.724E-18  1.883E-17
2.754E+03  3.463E-28  2.530E-17  5.908E-18  1.939E-17
2.729E+03  3.601E-28  2.607E-17  6.098E-18  1.997E-17
2.704E+03  3.745E-28  2.686E-17  6.295E-18  2.057E-17
2.679E+03  3.896E-28  2.769E-17  6.498E-18  2.119E-17
2.655E+03  4.052E-28  2.853E-17  6.708E-18  2.182E-17
2.630E+03  4.215E-28  2.941E-17  6.924E-18  2.248E-17
2.606E+03  4.384E-28  3.031E-17  7.148E-18  2.316E-17
2.582E+03  4.561E-28  3.124E-17  7.379E-18  2.386E-17
2.559E+03  4.744E-28  3.220E-17  7.618E-18  2.458E-17
2.535E+03  4.936E-28  3.319E-17  7.864E-18  2.533E-17
2.512E+03  5.135E-28  3.421E-17  8.119E-18  2.609E-17
2.489E+03  5.342E-28  3.527E-17  8.382E-18  2.689E-17
2.466E+03  5.558E-28  3.636E-17  8.653E-18  2.770E-17
2.443E+03  5.782E-28  3.748E-17  8.934E-18  2.854E-17
2.421E+03  6.016E-28  3.864E-17  9.223E-18  2.941E-17
2.399E+03  6.260E-28  3.983E-17  9.523E-18  3.031E-17
2.377E+03  6.514E-28  4.107E-17  9.832E-18  3.124E-17
2.355E+03  6.778E-28  4.234E-17  1.015E-17  3.219E-17
2.333E+03  7.053E-28  4.366E-17  1.048E-17  3.318E-17
2.312E+03  7.339E-28  4.501E-17  1.082E-17  3.419E-17
2.291E+03  7.638E-28  4.641E-17  1.117E-17  3.524E-17
2.270E+03  7.948E-28  4.786E-17  1.154E-17  3.632E-17
2.249E+03  8.272E-28  4.935E-17  1.191E-17  3.744E-17
2.228E+03  8.609E-28  5.089E-17  1.230E-17  3.859E-17
2.208E+03  8.960E-28  5.248E-17  1.270E-17  3.978E-17
2.188E+03  9.325E-28  5.412E-17  1.311E-17  4.100E-17
2.168E+03  9.706E-28  5.581E-17  1.354E-17  4.227E-17
2.148E+03  1.010E-27  5.756E-17  1.398E-17  4.357E-17
2.128E+03  1.052E-27  5.936E-17  1.444E-17  4.492E-17
2.109E+03  1.095E-27  6.122E-17  1.491E-17  4.631E-17
2.089E+03  1.139E-27  6.314E-17  1.540E-17  4.774E-17
2.070E+03  1.186E-27  6.512E-17  1.590E-17  4.922E-17
2.051E+03  1.235E-27  6.717E-17  1.642E-17  5.075E-17
2.032E+03  1.285E-27  6.928E-17  1.696E-17  5.233E-17
2.014E+03  1.338E-27  7.146E-17  1.751E-17  5.395E-17
1.995E+03  1.393E-27  7.371E-17  1.808E-17  5.563E-17
1.977E+03  1.450E-27  7.604E-17  1.867E-17  5.736E-17
1.959E+03  1.509E-27  7.843E-17  1.929E-17  5.915E-17
1.941E+03  1.572E-27  8.091E-17  1.992E-17  6.099E-17
1.923E+03  1.636E-27  8.346E-17  2.057E-17  6.289E-17
1.905E+03  1.703E-27  8.610E-17  2.124E-17  6.486E-17
1.888E+03  1.774E-27  8.882E-17  2.194E-17  6.688E-17
1.871E+03  1.847E-27  9.164E-17  2.266E-17  6.898E-17
1.854E+03  1.923E-27  9.454E-17  2.340E-17  7.113E-17
1.837E+03  2.002E-27  9.754E-17  2.417E-17  7.336E-17
1.820E+03  2.085E-27  1.006E-16  2.496E-17  7.567E-17
1.803E+03  2.171E-27  1.038E-16  2.578E-17  7.804E-17
1.786E+03  2.261E-27  1.071E-16  2.663E-17  8.049E-17
1.770E+03  2.354E-27  1.105E-16  2.751E-17  8.302E-17
1.754E+03  2.451E-27  1.140E-16  2.841E-17  8.564E-17
1.738E+03  2.553E-27  1.177E-16  2.935E-17  8.833E-17
1.722E+03  2.659E-27  1.214E-16  3.031E-17  9.112E-17
1.706E+03  2.769E-27  1.253E-16  3.131E-17  9.399E-17
1.690E+03  2.884E-27  1.293E-16  3.234E-17  9.696E-17
1.675E+03  3.003E-27  1.334E-16  3.341E-17  1.000E-16
1.660E+03  3.128E-27  1.377E-16  3.451E-17  1.032E-16
1.644E+03  3.258E-27  1.421E-16  3.564E-17  1.064E-16
1.629E+03  3.393E-27  1.466E-16  3.682E-17  1.098E-16
1.614E+03  3.534E-27  1.513E-16  3.803E-17  1.133E-16
1.600E+03  3.681E-27  1.562E-16  3.929E-17  1.169E-16
1.585E+03  3.834E-27  1.612E-16  4.058E-17  1.206E-16
1.570E+03  3.993E-27  1.663E-16  4.192E-17  1.244E-16
1.556E+03  4.159E-27  1.717E-16  4.331E-17  1.284E-16
1.542E+03  4.333E-27  1.772E-16  4.474E-17  1.324E-16
1.528E+03  4.513E-27  1.829E-16  4.622E-17  1.366E-16
1.514E+03  4.701E-27  1.887E-16  4.774E-17  1.410E-16
1.500E+03  4.897E-27  1.948E-16  4.932E-17  1.455E-16
1.486E+03  5.101E-27  2.011E-16  5.095E-17  1.501E-16
1.472E+03  5.314E-27  2.075E-16  5.264E-17  1.549E-16
1.459E+03  5.536E-27  2.142E-16  5.438E-17  1.598E-16
1.445E+03  5.767E-27  2.211E-16  5.618E-17  1.649E-16
1.432E+03  6.008E-27  2.283E-16  5.804E-17  1.702E-16
1.419E+03  6.260E-27  2.356E-16  5.996E-17  1.757E-16
1.406E+03  6.522E-27  2.432E-16  6.195E-17  1.813E-16
1.393E+03  6.794E-27  2.511E-16  6.400E-17  1.871E-16
1.380E+03  7.079E-27  2.592E-16  6.613E-17  1.931E-16
1.368E+03  7.375E-27  2.676E-16  6.832E-17  1.993E-16
1.355E+03  7.684E-27  2.762E-16  7.058E-17  2.056E-16
1.343E+03  8.006E-27  2.852E-16  7.293E-17  2.122E-16
1.330E+03  8.342E-27  2.944E-16  7.535E-17  2.190E-16
1.318E+03  8.692E-27  3.039E-16  7.785E-17  2.261E-16
1.306E+03  9.056E-27  3.138E-16  8.043E-17  2.333E-16
1.294E+03  9.436E-27  3.239E-16  8.311E-17  2.408E-16
1.282E+03  9.832E-27  3.344E-16  8.587E-17  2.486E-16
1.271E+03  1.024E-26  3.453E-16  8.872E-17  2.566E-16
1.259E+03  1.067E-26  3.565E-16  9.167E-17  2.648E-16
1.247E+03  1.112E-26  3.680E-16  9.472E-17  2.733E-16
1.236E+03  1.159E-26  3.800E-16  9.787E-17  2.821E-16
1.225E+03  1.208E-26  3.923E-16  1.011E-16  2.912E-16
1.213E+03  1.258E-26  4.050E-16  1.045E-16  3.006E-16
1.202E+03  1.311E-26  4.182E-16  1.080E-16  3.102E-16
1.191E+03  1.366E-26  4.318E-16  1.116E-16  3.202E-16
1.180E+03  1.424E-26  4.458E-16  1.153E-16  3.305E-16
1.169E+03  1.484E-26  4.603E-16  1.191E-16  3.412E-16
1.159E+03  1.546E-26  4.753E-16  1.231E-16  3.522E-16
1.148E+03  1.611E-26  4.907E-16  1.272E-16  3.635E-16
1.138E+03  1.679E-26  5.067E-16  1.314E-16  3.752E-16
1.127E+03  1.750E-26  5.231E-16  1.358E-16  3.873E-16
1.117E+03  1.823E-26  5.402E-16  1.403E-16  3.998E-16
1.107E+03  1.900E-26  5.577E-16  1.450E-16  4.127E-16
1.096E+03  1.980E-26  5.759E-16  1.499E-16  4.260E-16
1.086E+03  2.063E-26  5.946E-16  1.549E-16  4.397E-16
1.076E+03  2.150E-26  6.140E-16  1.600E-16  4.539E-16
1.067E+03  2.241E-26  6.339E-16  1.654E-16  4.686E-16
1.057E+03  2.335E-26  6.546E-16  1.709E-16  4.837E-16
1.047E+03  2.433E-26  6.759E-16  1.766E-16  4.993E-16
1.038E+03  2.536E-26  6.979E-16  1.825E-16  5.154E-16
1.028E+03  2.643E-26  7.206E-16  1.886E-16  5.320E-16
1.019E+03  2.754E-26  7.441E-16  1.949E-16  5.491E-16
1.009E+03  2.870E-26  7.683E-16  2.014E-16  5.668E-16
1.000E+03  2.991E-26  7.933E-16  2.082E-16  5.851E-16
9.908E+02  3.117E-26  8.191E-16  2.151E-16  6.040E-16
9.817E+02  3.248E-26  8.459E-16  2.223E-16  6.235E-16
9.727E+02  3.385E-26  8.735E-16  2.298E-16  6.437E-16
9.638E+02  3.528E-26  9.020E-16  2.375E-16  6.645E-16
9.550E+02  3.677E-26  9.314E-16  2.454E-16  6.860E-16
9.462E+02  3.832E-26  9.618E-16  2.537E-16  7.081E-16
9.376E+02  3.994E-26  9.932E-16  2.622E-16  7.310E-16
9.290E+02  4.162E-26  1.026E-15  2.709E-16  7.546E-16
9.204E+02  4.338E-26  1.059E-15  2.800E-16  7.790E-16
9.120E+02  4.520E-26  1.094E-15  2.894E-16  8.042E-16
9.036E+02  4.711E-26  1.129E-15  2.991E-16  8.302E-16
8.954E+02  4.910E-26  1.166E-15  3.091E-16  8.569E-16
8.872E+02  5.117E-26  1.204E-15  3.195E-16  8.846E-16
8.790E+02  5.332E-26  1.243E-15  3.302E-16  9.131E-16
8.710E+02  5.557E-26  1.284E-15  3.413E-16  9.425E-16
8.630E+02  5.791E-26  1.326E-15  3.528E-16  9.728E-16
8.551E+02  6.035E-26  1.369E-15  3.646E-16  1.004E-15
8.472E+02  6.289E-26  1.413E-15  3.768E-16  1.036E-15
8.395E+02  6.553E-26  1.459E-15  3.895E-16  1.070E-15
8.318E+02  6.829E-26  1.507E-15  4.026E-16  1.104E-15
8.241E+02  7.116E-26  1.556E-15  4.161E-16  1.140E-15
8.166E+02  7.416E-26  1.606E-15  4.301E-16  1.176E-15
8.091E+02  7.728E-26  1.658E-15  4.445E-16  1.214E-15
8.017E+02  8.052E-26  1.712E-15  4.595E-16  1.253E-15
7.943E+02  8.391E-26  1.768E-15  4.749E-16  1.293E-15
7.870E+02  8.743E-26  1.825E-15  4.909E-16  1.334E-15
7.798E+02  9.111E-26  1.885E-15  5.074E-16  1.377E-15
7.727E+02  9.494E-26  1.946E-15  5.245E-16  1.421E-15
7.656E+02  9.892E-26  2.009E-15  5.421E-16  1.467E-15
7.586E+02  1.031E-25  2.074E-15  5.604E-16  1.514E-15
7.516E+02  1.074E-25  2.141E-15  5.792E-16  1.562E-15
7.447E+02  1.119E-25  2.211E-15  5.987E-16  1.612E-15
7.379E+02  1.166E-25  2.283E-15  6.189E-16  1.664E-15
7.311E+02  1.216E-25  2.358E-15  6.397E-16  1.718E-15
7.244E+02  1.267E-25  2.434E-15  6.613E-16  1.773E-15
7.178E+02  1.320E-25  2.514E-15  6.836E-16  1.830E-15
7.112E+02  1.376E-25  2.596E-15  7.066E-16  1.889E-15
7.047E+02  1.434E-25  2.681E-15  7.304E-16  1.950E-15
6.982E+02  1.495E-25  2.768E-15  7.550E-16  2.013E-15
6.918E+02  1.558E-25  2.859E-15  7.805E-16  2.078E-15
6.855E+02  1.624E-25  2.952E-15  8.068E-16  2.145E-15
6.792E+02  1.692E-25  3.049E-15  8.340E-16  2.215E-15
6.730E+02  1.764E-25  3.148E-15  8.621E-16  2.286E-15
6.668E+02  1.838E-25  3.251E-15  8.912E-16  2.360E-15
6.607E+02  1.915E-25  3.357E-15  9.213E-16  2.436E-15
6.546E+02  1.997E-25  3.467E-15  9.524E-16  2.515E-15
6.486E+02  2.081E-25  3.581E-15  9.845E-16  2.597E-15
6.427E+02  2.170E-25  3.699E-15  1.018E-15  2.681E-15
6.368E+02  2.262E-25  3.821E-15  1.052E-15  2.769E-15
6.310E+02  2.358E-25  3.947E-15  1.088E-15  2.859E-15
6.252E+02  2.459E-25  4.077E-15  1.124E-15  2.953E-15
6.194E+02  2.563E-25  4.212E-15  1.162E-15  3.049E-15
6.138E+02  2.673E-25  4.351E-15  1.202E-15  3.149E-15
6.081E+02  2.786E-25  4.495E-15  1.242E-15  3.253E-15
6.026E+02  2.905E-25  4.644E-15  1.284E-15  3.360E-15
5.970E+02  3.029E-25  4.798E-15  1.327E-15  3.470E-15
5.916E+02  3.159E-25  4.957E-15  1.372E-15  3.584E-15
5.861E+02  3.294E-25  5.121E-15  1.419E-15  3.703E-15
5.808E+02  3.435E-25  5.291E-15  1.467E-15  3.825E-15
5.754E+02  3.582E-25  5.467E-15  1.516E-15  3.951E-15
5.702E+02  3.735E-25  5.649E-15  1.568E-15  4.082E-15
5.649E+02  3.896E-25  5.838E-15  1.621E-15  4.217E-15
5.598E+02  4.063E-25  6.032E-15  1.675E-15  4.357E-15
5.546E+02  4.237E-25  6.234E-15  1.732E-15  4.502E-15
5.495E+02  4.419E-25  6.442E-15  1.791E-15  4.651E-15
5.445E+02  4.609E-25  6.657E-15  1.851E-15  4.806E-15
5.395E+02  4.808E-25  6.880E-15  1.914E-15  4.967E-15
5.346E+02  5.015E-25  7.111E-15  1.979E-15  5.132E-15
5.297E+02  5.231E-25  7.349E-15  2.045E-15  5.304E-15
5.248E+02  5.457E-25  7.596E-15  2.115E-15  5.481E-15
5.200E+02  5.692E-25  7.851E-15  2.186E-15  5.665E-15
5.152E+02  5.938E-25  8.115E-15  2.260E-15  5.855E-15
5.105E+02  6.195E-25  8.388E-15  2.337E-15  6.052E-15
5.058E+02  6.463E-25  8.671E-15  2.416E-15  6.255E-15
5.012E+02  6.742E-25  8.963E-15  2.498E-15  6.466E-15
4.966E+02  7.034E-25  9.266E-15  2.582E-15  6.684E-15
4.920E+02  7.339E-25  9.579E-15  2.669E-15  6.909E-15
4.875E+02  7.657E-25  9.902E-15  2.760E-15  7.142E-15
4.831E+02  7.989E-25  1.024E-14  2.853E-15  7.384E-15
4.786E+02  8.336E-25  1.058E-14  2.950E-15  7.634E-15
4.742E+02  8.698E-25  1.094E-14  3.050E-15  7.893E-15
4.699E+02  9.077E-25  1.131E-14  3.153E-15  8.160E-15
4.656E+02  9.471E-25  1.170E-14  3.260E-15  8.437E-15
4.613E+02  9.884E-25  1.209E-14  3.370E-15  8.724E-15
4.571E+02  1.031E-24  1.251E-14  3.484E-15  9.021E-15
4.529E+02  1.076E-24  1.293E-14  3.602E-15  9.329E-15
4.487E+02  1.123E-24  1.337E-14  3.724E-15  9.647E-15
4.446E+02  1.172E-24  1.383E-14  3.850E-15  9.976E-15
4.406E+02  1.223E-24  1.430E-14  3.981E-15  1.032E-14
4.365E+02  1.277E-24  1.478E-14  4.115E-15  1.067E-14
4.325E+02  1.333E-24  1.529E-14  4.255E-15  1.103E-14
4.285E+02  1.391E-24  1.581E-14  4.399E-15  1.141E-14
4.246E+02  1.452E-24  1.635E-14  4.548E-15  1.180E-14
4.207E+02  1.515E-24  1.691E-14  4.702E-15  1.221E-14
4.169E+02  1.582E-24  1.749E-14  4.861E-15  1.263E-14
4.130E+02  1.651E-24  1.809E-14  5.025E-15  1.306E-14
4.093E+02  1.723E-24  1.871E-14  5.195E-15  1.351E-14
4.055E+02  1.799E-24  1.935E-14  5.371E-15  1.398E-14
4.018E+02  1.878E-24  2.002E-14  5.553E-15  1.446E-14
3.981E+02  1.961E-24  2.071E-14  5.741E-15  1.496E-14
3.945E+02  2.047E-24  2.142E-14  5.935E-15  1.548E-14
3.908E+02  2.137E-24  2.216E-14  6.136E-15  1.602E-14
3.873E+02  2.231E-24  2.292E-14  6.344E-15  1.658E-14
3.837E+02  2.330E-24  2.371E-14  6.558E-15  1.715E-14
3.802E+02  2.433E-24  2.453E-14  6.780E-15  1.775E-14
3.767E+02  2.540E-24  2.538E-14  7.009E-15  1.837E-14
3.733E+02  2.652E-24  2.626E-14  7.246E-15  1.901E-14
3.698E+02  2.769E-24  2.717E-14  7.491E-15  1.968E-14
3.664E+02  2.892E-24  2.811E-14  7.744E-15  2.036E-14
3.631E+02  3.020E-24  2.908E-14  8.006E-15  2.108E-14
3.597E+02  3.153E-24  3.009E-14  8.277E-15  2.181E-14
3.565E+02  3.293E-24  3.114E-14  8.556E-15  2.258E-14
3.532E+02  3.439E-24  3.222E-14  8.846E-15  2.337E-14
3.499E+02  3.591E-24  3.334E-14  9.144E-15  2.419E-14
3.467E+02  3.751E-24  3.450E-14  9.453E-15  2.504E-14
3.436E+02  3.917E-24  3.570E-14  9.772E-15  2.592E-14
3.404E+02  4.091E-24  3.694E-14  1.010E-14  2.684E-14
3.373E+02  4.273E-24  3.823E-14  1.044E-14  2.778E-14
3.342E+02  4.462E-24  3.956E-14  1.080E-14  2.876E-14
3.311E+02  4.661E-24  4.094E-14  1.116E-14  2.978E-14
3.281E+02  4.868E-24  4.237E-14  1.154E-14  3.083E-14
3.251E+02  5.084E-24  4.384E-14  1.193E-14  3.192E-14
3.221E+02  5.311E-24  4.537E-14  1.233E-14  3.305E-14
3.192E+02  5.547E-24  4.696E-14  1.274E-14  3.422E-14
3.162E+02  5.794E-24  4.860E-14  1.317E-14  3.543E-14
3.133E+02  6.052E-24  5.030E-14  1.362E-14  3.668E-14
3.105E+02  6.322E-24  5.206E-14  1.408E-14  3.798E-14
3.076E+02  6.603E-24  5.388E-14  1.455E-14  3.933E-14
3.048E+02  6.898E-24  5.577E-14  1.504E-14  4.073E-14
3.020E+02  7.205E-24  5.772E-14  1.555E-14  4.217E-14
2.992E+02  7.527E-24  5.974E-14  1.607E-14  4.367E-14
2.965E+02  7.863E-24  6.183E-14  1.661E-14  4.522E-14
2.938E+02  8.213E-24  6.400E-14  1.717E-14  4.683E-14
2.911E+02  8.580E-24  6.624E-14  1.775E-14  4.850E-14
2.884E+02  8.963E-24  6.857E-14  1.834E-14  5.023E-14
2.858E+02  9.363E-24  7.097E-14  1.896E-14  5.201E-14
2.831E+02  9.781E-24  7.346E-14  1.960E-14  5.387E-14
2.805E+02  1.022E-23  7.604E-14  2.025E-14  5.579E-14
2.780E+02  1.067E-23  7.871E-14  2.093E-14  5.778E-14
2.754E+02  1.115E-23  8.147E-14  2.164E-14  5.984E-14
2.729E+02  1.165E-23  8.434E-14  2.236E-14  6.198E-14
2.704E+02  1.217E-23  8.732E-14  2.311E-14  6.421E-14
2.679E+02  1.272E-23  9.040E-14  2.389E-14  6.651E-14
2.655E+02  1.329E-23  9.359E-14  2.469E-14  6.890E-14
2.630E+02  1.389E-23  9.690E-14  2.552E-14  7.138E-14
2.606E+02  1.451E-23  1.003E-13  2.637E-14  7.395E-14
2.582E+02  1.516E-23  1.039E-13  2.726E-14  7.661E-14
2.559E+02  1.584E-23  1.075E-13  2.817E-14  7.936E-14
2.535E+02  1.655E-23  1.113E-13  2.912E-14  8.218E-14
2.512E+02  1.729E-23  1.152E-13  3.009E-14  8.508E-14
2.489E+02  1.804E-23  1.191E-13  3.110E-14  8.802E-14
2.466E+02  1.882E-23  1.231E-13  3.214E-14  9.098E-14
2.443E+02  1.963E-23  1.272E-13  3.322E-14  9.402E-14
2.421E+02  2.047E-23  1.315E-13  3.433E-14  9.713E-14
2.399E+02  2.134E-23  1.358E-13  3.548E-14  1.003E-13
2.377E+02  2.224E-23  1.402E-13  3.667E-14  1.035E-13
2.355E+02  2.317E-23  1.447E-13  3.789E-14  1.068E-13
2.333E+02  2.414E-23  1.494E-13  3.916E-14  1.102E-13
2.312E+02  2.514E-23  1.542E-13  4.047E-14  1.137E-13
2.291E+02  2.619E-23  1.592E-13  4.183E-14  1.173E-13
2.270E+02  2.729E-23  1.643E-13  4.323E-14  1.211E-13
2.249E+02  2.842E-23  1.696E-13  4.467E-14  1.249E-13
2.228E+02  2.961E-23  1.750E-13  4.617E-14  1.288E-13
2.208E+02  3.084E-23  1.806E-13  4.771E-14  1.329E-13
2.188E+02  3.212E-23  1.864E-13  4.931E-14  1.371E-13
2.168E+02  3.346E-23  1.924E-13  5.096E-14  1.414E-13
2.148E+02  3.484E-23  1.985E-13  5.267E-14  1.458E-13
2.128E+02  3.629E-23  2.048E-13  5.443E-14  1.504E-13
2.109E+02  3.779E-23  2.114E-13  5.626E-14  1.551E-13
2.089E+02  3.935E-23  2.181E-13  5.815E-14  1.599E-13
2.070E+02  4.098E-23  2.250E-13  6.010E-14  1.649E-13
2.051E+02  4.267E-23  2.321E-13  6.212E-14  1.700E-13
2.032E+02  4.442E-23  2.395E-13  6.420E-14  1.753E-13
2.014E+02  4.625E-23  2.471E-13  6.636E-14  1.807E-13
1.995E+02  4.815E-23  2.549E-13  6.860E-14  1.863E-13
1.977E+02  5.013E-23  2.629E-13  7.091E-14  1.920E-13
1.959E+02  5.218E-23  2.712E-13  7.331E-14  1.978E-13
1.941E+02  5.432E-23  2.797E-13  7.579E-14  2.039E-13
1.923E+02  5.655E-23  2.884E-13  7.835E-14  2.101E-13
1.905E+02  5.886E-23  2.975E-13  8.101E-14  2.165E-13
1.888E+02  6.126E-23  3.068E-13  8.377E-14  2.230E-13
1.871E+02  6.376E-23  3.164E-13  8.662E-14  2.298E-13
1.854E+02  6.636E-23  3.263E-13  8.958E-14  2.367E-13
1.837E+02  6.907E-23  3.365E-13  9.265E-14  2.438E-13
1.820E+02  7.188E-23  3.470E-13  9.583E-14  2.511E-13
1.803E+02  7.481E-23  3.578E-13  9.914E-14  2.586E-13
1.786E+02  7.785E-23  3.689E-13  1.026E-13  2.663E-13
1.770E+02  8.102E-23  3.804E-13  1.061E-13  2.743E-13
1.754E+02  8.431E-23  3.922E-13  1.099E-13  2.824E-13
1.738E+02  8.774E-23  4.044E-13  1.137E-13  2.907E-13
1.722E+02  9.130E-23  4.170E-13  1.177E-13  2.993E-13
1.706E+02  9.501E-23  4.300E-13  1.219E-13  3.081E-13
1.690E+02  9.888E-23  4.434E-13  1.263E-13  3.171E-13
1.675E+02  1.029E-22  4.572E-13  1.308E-13  3.263E-13
1.660E+02  1.071E-22  4.715E-13  1.356E-13  3.358E-13
1.644E+02  1.115E-22  4.862E-13  1.406E-13  3.456E-13
1.629E+02  1.160E-22  5.014E-13  1.458E-13  3.556E-13
1.614E+02  1.208E-22  5.172E-13  1.513E-13  3.658E-13
1.600E+02  1.257E-22  5.334E-13  1.571E-13  3.763E-13
1.585E+02  1.309E-22  5.503E-13  1.631E-13  3.871E-13
1.570E+02  1.363E-22  5.677E-13  1.695E-13  3.982E-13
1.556E+02  1.419E-22  5.858E-13  1.763E-13  4.095E-13
1.542E+02  1.478E-22  6.045E-13  1.834E-13  4.211E-13
1.528E+02  1.540E-22  6.239E-13  1.909E-13  4.330E-13
1.514E+02  1.604E-22  6.441E-13  1.988E-13  4.452E-13
1.500E+02  1.671E-22  6.649E-13  2.072E-13  4.577E-13
1.486E+02  1.742E-22  6.866E-13  2.160E-13  4.705E-13
1.472E+02  1.815E-22  7.089E-13  2.253E-13  4.836E-13
1.459E+02  1.891E-22  7.319E-13  2.348E-13  4.971E-13
1.445E+02  1.970E-22  7.555E-13  2.446E-13  5.108E-13
1.432E+02  2.051E-22  7.794E-13  2.544E-13  5.249E-13
1.419E+02  2.134E-22  8.034E-13  2.640E-13  5.394E-13
1.406E+02  2.218E-22  8.272E-13  2.730E-13  5.541E-13
1.393E+02  2.302E-22  8.506E-13  2.813E-13  5.692E-13
1.380E+02  2.385E-22  8.734E-13  2.887E-13  5.847E-13
1.368E+02  2.469E-22  8.957E-13  2.952E-13  6.005E-13
1.355E+02  2.552E-22  9.175E-13  3.008E-13  6.167E-13
1.343E+02  2.637E-22  9.392E-13  3.060E-13  6.332E-13
1.330E+02  2.723E-22  9.609E-13  3.108E-13  6.501E-13
1.318E+02  2.811E-22  9.830E-13  3.157E-13  6.674E-13
1.306E+02  2.903E-22  1.006E-12  3.207E-13  6.850E-13
1.294E+02  2.997E-22  1.029E-12  3.259E-13  7.030E-13
1.282E+02  3.096E-22  1.053E-12  3.316E-13  7.214E-13
1.271E+02  3.198E-22  1.078E-12  3.377E-13  7.402E-13
1.259E+02  3.305E-22  1.104E-12  3.442E-13  7.594E-13
1.247E+02  3.415E-22  1.130E-12  3.511E-13  7.789E-13
1.236E+02  3.531E-22  1.158E-12  3.586E-13  7.989E-13
1.225E+02  3.651E-22  1.186E-12  3.666E-13  8.193E-13
1.213E+02  3.775E-22  1.215E-12  3.750E-13  8.401E-13
1.202E+02  3.905E-22  1.245E-12  3.839E-13  8.614E-13
1.191E+02  4.039E-22  1.276E-12  3.932E-13  8.830E-13
1.180E+02  4.178E-22  1.308E-12  4.030E-13  9.051E-13
1.169E+02  4.322E-22  1.341E-12  4.132E-13  9.275E-13
1.159E+02  4.471E-22  1.374E-12  4.239E-13  9.503E-13
1.148E+02  4.625E-22  1.409E-12  4.351E-13  9.736E-13
1.138E+02  4.785E-22  1.444E-12  4.467E-13  9.973E-13
1.127E+02  4.951E-22  1.480E-12  4.588E-13  1.022E-12
1.117E+02  5.123E-22  1.518E-12  4.714E-13  1.046E-12
1.107E+02  5.300E-22  1.556E-12  4.845E-13  1.071E-12
1.096E+02  5.484E-22  1.595E-12  4.980E-13  1.097E-12
1.086E+02  5.674E-22  1.635E-12  5.121E-13  1.123E-12
1.076E+02  5.870E-22  1.676E-12  5.266E-13  1.150E-12
1.067E+02  6.073E-22  1.718E-12  5.417E-13  1.177E-12
1.057E+02  6.283E-22  1.761E-12  5.573E-13  1.204E-12
1.047E+02  6.499E-22  1.805E-12  5.734E-13  1.232E-12
1.038E+02  6.723E-22  1.850E-12  5.900E-13  1.260E-12
1.028E+02  6.954E-22  1.896E-12  6.071E-13  1.289E-12
1.019E+02  7.191E-22  1.943E-12  6.248E-13  1.318E-12
1.009E+02  7.436E-22  1.991E-12  6.430E-13  1.348E-12
1.000E+02  7.689E-22  2.040E-12  6.618E-13  1.378E-12
9.908E+01  7.950E-22  2.089E-12  6.810E-13  1.408E-12
9.817E+01  8.218E-22  2.140E-12  7.008E-13  1.439E-12
9.727E+01  8.494E-22  2.192E-12  7.212E-13  1.471E-12
9.638E+01  8.779E-22  2.244E-12  7.420E-13  1.502E-12
9.550E+01  9.072E-22  2.298E-12  7.635E-13  1.535E-12
9.462E+01  9.374E-22  2.353E-12  7.855E-13  1.567E-12
9.376E+01  9.684E-22  2.408E-12  8.081E-13  1.600E-12
9.290E+01  1.000E-21  2.465E-12  8.312E-13  1.634E-12
9.204E+01  1.033E-21  2.523E-12  8.550E-13  1.668E-12
9.120E+01  1.067E-21  2.581E-12  8.794E-13  1.702E-12
9.036E+01  1.102E-21  2.641E-12  9.044E-13  1.737E-12
8.954E+01  1.138E-21  2.702E-12  9.302E-13  1.772E-12
8.872E+01  1.174E-21  2.764E-12  9.566E-13  1.807E-12
8.790E+01  1.212E-21  2.827E-12  9.838E-13  1.843E-12
8.710E+01  1.251E-21  2.891E-12  1.012E-12  1.879E-12
8.630E+01  1.291E-21  2.956E-12  1.040E-12  1.915E-12
8.551E+01  1.332E-21  3.022E-12  1.070E-12  1.952E-12
8.472E+01  1.375E-21  3.089E-12  1.100E-12  1.989E-12
8.395E+01  1.418E-21  3.157E-12  1.131E-12  2.026E-12
8.318E+01  1.462E-21  3.227E-12  1.163E-12  2.064E-12
8.241E+01  1.508E-21  3.297E-12  1.195E-12  2.102E-12
8.166E+01  1.555E-21  3.369E-12  1.229E-12  2.140E-12
8.091E+01  1.603E-21  3.441E-12  1.263E-12  2.178E-12
8.017E+01  1.653E-21  3.515E-12  1.298E-12  2.217E-12
7.943E+01  1.703E-21  3.589E-12  1.334E-12  2.256E-12
7.870E+01  1.755E-21  3.664E-12  1.370E-12  2.294E-12
7.798E+01  1.808E-21  3.741E-12  1.407E-12  2.333E-12
7.727E+01  1.863E-21  3.818E-12  1.446E-12  2.372E-12
7.656E+01  1.919E-21  3.896E-12  1.485E-12  2.412E-12
7.586E+01  1.976E-21  3.976E-12  1.524E-12  2.451E-12
7.516E+01  2.034E-21  4.056E-12  1.565E-12  2.491E-12
7.447E+01  2.094E-21  4.137E-12  1.606E-12  2.530E-12
7.379E+01  2.155E-21  4.218E-12  1.649E-12  2.570E-12
7.311E+01  2.218E-21  4.301E-12  1.692E-12  2.609E-12
7.244E+01  2.281E-21  4.384E-12  1.736E-12  2.648E-12
7.178E+01  2.347E-21  4.468E-12  1.781E-12  2.687E-12
7.112E+01  2.413E-21  4.553E-12  1.827E-12  2.726E-12
7.047E+01  2.482E-21  4.639E-12  1.874E-12  2.765E-12
6.982E+01  2.552E-21  4.726E-12  1.922E-12  2.804E-12
6.918E+01  2.623E-21  4.814E-12  1.970E-12  2.843E-12
6.855E+01  2.696E-21  4.901E-12  2.020E-12  2.881E-12
6.792E+01  2.769E-21  4.990E-12  2.070E-12  2.919E-12
6.730E+01  2.845E-21  5.079E-12  2.122E-12  2.957E-12
6.668E+01  2.922E-21  5.168E-12  2.175E-12  2.994E-12
6.607E+01  3.001E-21  5.259E-12  2.228E-12  3.031E-12
6.546E+01  3.081E-21  5.350E-12  2.282E-12  3.068E-12
6.486E+01  3.163E-21  5.442E-12  2.338E-12  3.104E-12
6.427E+01  3.246E-21  5.534E-12  2.394E-12  3.139E-12
6.368E+01  3.331E-21  5.626E-12  2.452E-12  3.174E-12
6.310E+01  3.417E-21  5.719E-12  2.510E-12  3.209E-12
6.252E+01  3.505E-21  5.813E-12  2.570E-12  3.243E-12
6.194E+01  3.595E-21  5.907E-12  2.630E-12  3.276E-12
6.138E+01  3.686E-21  6.001E-12  2.692E-12  3.309E-12
6.081E+01  3.779E-21  6.096E-12  2.754E-12  3.341E-12
6.026E+01  3.873E-21  6.191E-12  2.818E-12  3.373E-12
5.970E+01  3.969E-21  6.286E-12  2.883E-12  3.403E-12
5.916E+01  4.066E-21  6.381E-12  2.948E-12  3.432E-12
5.861E+01  4.165E-21  6.476E-12  3.015E-12  3.461E-12
5.808E+01  4.265E-21  6.571E-12  3.083E-12  3.488E-12
5.754E+01  4.367E-21  6.666E-12  3.152E-12  3.514E-12
5.702E+01  4.470E-21  6.761E-12  3.222E-12  3.539E-12
5.649E+01  4.575E-21  6.856E-12  3.294E-12  3.563E-12
5.598E+01  4.682E-21  6.952E-12  3.366E-12  3.586E-12
5.546E+01  4.790E-21  7.048E-12  3.439E-12  3.608E-12
5.495E+01  4.900E-21  7.143E-12  3.514E-12  3.629E-12
5.445E+01  5.012E-21  7.239E-12  3.590E-12  3.649E-12
5.395E+01  5.125E-21  7.335E-12  3.667E-12  3.668E-12
5.346E+01  5.240E-21  7.431E-12  3.745E-12  3.685E-12
5.297E+01  5.357E-21  7.526E-12  3.825E-12  3.702E-12
5.248E+01  5.475E-21  7.621E-12  3.905E-12  3.716E-12
5.200E+01  5.594E-21  7.716E-12  3.987E-12  3.729E-12
5.152E+01  5.715E-21  7.811E-12  4.070E-12  3.741E-12
5.105E+01  5.838E-21  7.905E-12  4.154E-12  3.751E-12
5.058E+01  5.962E-21  7.999E-12  4.239E-12  3.760E-12
5.012E+01  6.087E-21  8.092E-12  4.326E-12  3.767E-12
4.966E+01  6.214E-21  8.185E-12  4.413E-12  3.772E-12
4.920E+01  6.342E-21  8.277E-12  4.502E-12  3.775E-12
4.875E+01  6.471E-21  8.369E-12  4.591E-12  3.777E-12
4.831E+01  6.602E-21  8.460E-12  4.682E-12  3.778E-12
4.786E+01  6.735E-21  8.551E-12  4.774E-12  3.777E-12
4.742E+01  6.869E-21  8.641E-12  4.867E-12  3.774E-12
4.699E+01  7.005E-21  8.731E-12  4.961E-12  3.770E-12
4.656E+01  7.142E-21  8.821E-12  5.057E-12  3.764E-12
4.613E+01  7.281E-21  8.909E-12  5.153E-12  3.756E-12
4.571E+01  7.421E-21  8.997E-12  5.250E-12  3.747E-12
4.529E+01  7.562E-21  9.084E-12  5.348E-12  3.736E-12
4.487E+01  7.704E-21  9.171E-12  5.447E-12  3.724E-12
4.446E+01  7.848E-21  9.256E-12  5.546E-12  3.710E-12
4.406E+01  7.993E-21  9.341E-12  5.646E-12  3.695E-12
4.365E+01  8.138E-21  9.423E-12  5.745E-12  3.678E-12
4.325E+01  8.284E-21  9.504E-12  5.845E-12  3.659E-12
4.285E+01  8.430E-21  9.583E-12  5.945E-12  3.638E-12
4.246E+01  8.576E-21  9.660E-12  6.044E-12  3.616E-12
4.207E+01  8.722E-21  9.734E-12  6.142E-12  3.592E-12
4.169E+01  8.868E-21  9.806E-12  6.239E-12  3.567E-12
4.130E+01  9.012E-21  9.874E-12  6.335E-12  3.540E-12
4.093E+01  9.155E-21  9.938E-12  6.428E-12  3.510E-12
4.055E+01  9.296E-21  9.999E-12  6.520E-12  3.479E-12
4.018E+01  9.434E-21  1.005E-11  6.608E-12  3.447E-12
3.981E+01  9.569E-21  1.011E-11  6.693E-12  3.413E-12
3.945E+01  9.701E-21  1.015E-11  6.774E-12  3.377E-12
3.908E+01  9.829E-21  1.019E-11  6.850E-12  3.340E-12
3.873E+01  9.951E-21  1.022E-11  6.921E-12  3.301E-12
3.837E+01  1.007E-20  1.025E-11  6.986E-12  3.261E-12
3.802E+01  1.018E-20  1.026E-11  7.044E-12  3.220E-12
3.767E+01  1.028E-20  1.027E-11  7.095E-12  3.177E-12
3.733E+01  1.037E-20  1.027E-11  7.137E-12  3.132E-12
3.698E+01  1.045E-20  1.026E-11  7.171E-12  3.085E-12
3.664E+01  1.053E-20  1.023E-11  7.195E-12  3.037E-12
3.631E+01  1.059E-20  1.020E-11  7.208E-12  2.988E-12
3.597E+01  1.064E-20  1.015E-11  7.211E-12  2.938E-12
3.565E+01  1.067E-20  1.009E-11  7.201E-12  2.888E-12
3.532E+01  1.069E-20  1.002E-11  7.179E-12  2.838E-12
3.499E+01  1.070E-20  9.929E-12  7.143E-12  2.786E-12
3.467E+01  1.069E-20  9.829E-12  7.094E-12  2.734E-12
3.436E+01  1.066E-20  9.714E-12  7.032E-12  2.682E-12
3.404E+01  1.061E-20  9.585E-12  6.955E-12  2.630E-12
3.373E+01  1.055E-20  9.441E-12  6.865E-12  2.577E-12
3.342E+01  1.047E-20  9.284E-12  6.760E-12  2.524E-12
3.311E+01  1.038E-20  9.114E-12  6.642E-12  2.471E-12
3.281E+01  1.026E-20  8.930E-12  6.511E-12  2.419E-12
3.251E+01  1.013E-20  8.734E-12  6.368E-12  2.366E-12
3.221E+01  9.979E-21  8.526E-12  6.212E-12  2.314E-12
3.192E+01  9.813E-21  8.307E-12  6.046E-12  2.261E-12
3.162E+01  9.631E-21  8.079E-12  5.871E-12  2.208E-12
3.133E+01  9.435E-21  7.842E-12  5.686E-12  2.155E-12
3.105E+01  9.226E-21  7.598E-12  5.495E-12  2.103E-12
3.076E+01  9.005E-21  7.348E-12  5.297E-12  2.050E-12
3.048E+01  8.774E-21  7.093E-12  5.095E-12  1.998E-12
3.020E+01  8.533E-21  6.836E-12  4.890E-12  1.946E-12
2.992E+01  8.285E-21  6.576E-12  4.683E-12  1.894E-12
2.965E+01  8.031E-21  6.316E-12  4.475E-12  1.841E-12
2.938E+01  7.772E-21  6.056E-12  4.267E-12  1.789E-12
2.911E+01  7.511E-21  5.799E-12  4.061E-12  1.737E-12
2.884E+01  7.248E-21  5.545E-12  3.858E-12  1.686E-12
2.858E+01  6.985E-21  5.294E-12  3.659E-12  1.635E-12
2.831E+01  6.723E-21  5.049E-12  3.464E-12  1.585E-12
2.805E+01  6.463E-21  4.810E-12  3.275E-12  1.535E-12
2.780E+01  6.207E-21  4.577E-12  3.091E-12  1.486E-12
2.754E+01  5.955E-21  4.350E-12  2.913E-12  1.437E-12
2.729E+01  5.707E-21  4.131E-12  2.742E-12  1.390E-12
2.704E+01  5.466E-21  3.920E-12  2.578E-12  1.342E-12
2.679E+01  5.230E-21  3.717E-12  2.421E-12  1.296E-12
2.655E+01  5.001E-21  3.521E-12  2.271E-12  1.250E-12
2.630E+01  4.778E-21  3.334E-12  2.128E-12  1.206E-12
2.606E+01  4.563E-21  3.154E-12  1.993E-12  1.162E-12
2.582E+01  4.354E-21  2.983E-12  1.864E-12  1.118E-12
2.559E+01  4.153E-21  2.819E-12  1.743E-12  1.076E-12
2.535E+01  3.960E-21  2.663E-12  1.628E-12  1.034E-12
2.512E+01  3.773E-21  2.514E-12  1.520E-12  9.937E-13
2.489E+01  3.594E-21  2.373E-12  1.419E-12  9.538E-13
2.466E+01  3.421E-21  2.238E-12  1.323E-12  9.146E-13
2.443E+01  3.256E-21  2.110E-12  1.234E-12  8.764E-13
2.421E+01  3.096E-21  1.989E-12  1.150E-12  8.387E-13
2.399E+01  2.943E-21  1.873E-12  1.071E-12  8.016E-13
2.377E+01  2.796E-21  1.763E-12  9.971E-13  7.660E-13
2.355E+01  2.658E-21  1.660E-12  9.281E-13  7.321E-13
2.333E+01  2.524E-21  1.562E-12  8.635E-13  6.987E-13
2.312E+01  2.395E-21  1.469E-12  8.032E-13  6.654E-13
2.291E+01  2.272E-21  1.380E-12  7.470E-13  6.334E-13
2.270E+01  2.156E-21  1.298E-12  6.945E-13  6.035E-13
2.249E+01  2.046E-21  1.221E-12  6.456E-13  5.752E-13
2.228E+01  1.942E-21  1.148E-12  6.000E-13  5.482E-13
2.208E+01  1.843E-21  1.079E-12  5.576E-13  5.216E-13
2.188E+01  1.746E-21  1.013E-12  5.181E-13  4.950E-13
2.168E+01  1.653E-21  9.503E-13  4.813E-13  4.689E-13
2.148E+01  1.564E-21  8.909E-13  4.471E-13  4.438E-13
2.128E+01  1.480E-21  8.355E-13  4.153E-13  4.202E-13
2.109E+01  1.401E-21  7.836E-13  3.857E-13  3.979E-13
2.089E+01  1.325E-21  7.344E-13  3.582E-13  3.763E-13
2.070E+01  1.252E-21  6.877E-13  3.326E-13  3.551E-13
2.051E+01  1.183E-21  6.435E-13  3.088E-13  3.347E-13
2.032E+01  1.117E-21  6.022E-13  2.867E-13  3.155E-13
2.014E+01  1.057E-21  5.644E-13  2.662E-13  2.982E-13
1.995E+01  9.986E-22  5.285E-13  2.471E-13  2.814E-13
1.977E+01  9.428E-22  4.944E-13  2.294E-13  2.650E-13
1.959E+01  8.887E-22  4.618E-13  2.128E-13  2.489E-13
1.941E+01  8.363E-22  4.306E-13  1.975E-13  2.331E-13
1.923E+01  7.855E-22  4.007E-13  1.832E-13  2.175E-13
1.905E+01  7.363E-22  3.722E-13  1.699E-13  2.023E-13
1.888E+01  6.888E-22  3.450E-13  1.575E-13  1.875E-13
1.871E+01  6.430E-22  3.191E-13  1.460E-13  1.731E-13
1.854E+01  5.990E-22  2.945E-13  1.353E-13  1.592E-13
1.837E+01  5.567E-22  2.712E-13  1.254E-13  1.458E-13
1.820E+01  5.163E-22  2.492E-13  1.162E-13  1.331E-13
1.803E+01  4.780E-22  2.286E-13  1.076E-13  1.210E-13
1.786E+01  4.416E-22  2.093E-13  9.959E-14  1.097E-13
1.770E+01  4.072E-22  1.912E-13  9.217E-14  9.901E-14
1.754E+01  3.746E-22  1.743E-13  8.531E-14  8.898E-14
1.738E+01  3.441E-22  1.586E-13  7.894E-14  7.969E-14
1.722E+01  3.156E-22  1.441E-13  7.302E-14  7.112E-14
1.706E+01  2.892E-22  1.309E-13  6.753E-14  6.334E-14
1.690E+01  2.647E-22  1.187E-13  6.243E-14  5.626E-14
1.675E+01  2.420E-22  1.075E-13  5.769E-14  4.982E-14
1.660E+01  2.209E-22  9.725E-14  5.329E-14  4.396E-14
1.644E+01  2.015E-22  8.790E-14  4.922E-14  3.868E-14
1.629E+01  1.837E-22  7.938E-14  4.542E-14  3.395E-14
1.614E+01  1.674E-22  7.167E-14  4.191E-14  2.976E-14
1.600E+01  1.525E-22  6.469E-14  3.865E-14  2.604E-14
1.585E+01  1.388E-22  5.837E-14  3.562E-14  2.275E-14
1.570E+01  1.264E-22  5.266E-14  3.282E-14  1.984E-14
1.556E+01  1.151E-22  4.750E-14  3.022E-14  1.728E-14
1.542E+01  1.048E-22  4.285E-14  2.781E-14  1.504E-14
1.528E+01  9.542E-23  3.866E-14  2.559E-14  1.308E-14
1.514E+01  8.689E-23  3.489E-14  2.352E-14  1.136E-14
1.500E+01  7.917E-23  3.149E-14  2.161E-14  9.878E-15
1.486E+01  7.211E-23  2.842E-14  1.985E-14  8.572E-15
1.472E+01  6.568E-23  2.565E-14  1.822E-14  7.433E-15
1.459E+01  5.984E-23  2.316E-14  1.671E-14  6.442E-15
1.445E+01  5.458E-23  2.093E-14  1.532E-14  5.603E-15
1.432E+01  4.984E-23  1.893E-14  1.404E-14  4.892E-15
1.419E+01  4.557E-23  1.715E-14  1.286E-14  4.298E-15
1.406E+01  4.173E-23  1.556E-14  1.176E-14  3.804E-15
1.393E+01  3.828E-23  1.415E-14  1.075E-14  3.398E-15
1.380E+01  3.517E-23  1.288E-14  9.820E-15  3.058E-15
1.368E+01  3.236E-23  1.174E-14  8.965E-15  2.775E-15
1.355E+01  2.979E-23  1.071E-14  8.178E-15  2.529E-15
1.343E+01  2.741E-23  9.764E-15  7.454E-15  2.310E-15
1.330E+01  2.521E-23  8.897E-15  6.788E-15  2.109E-15
1.318E+01  2.317E-23  8.101E-15  6.176E-15  1.925E-15
1.306E+01  2.127E-23  7.368E-15  5.615E-15  1.752E-15
1.294E+01  1.951E-23  6.697E-15  5.101E-15  1.595E-15
1.282E+01  1.789E-23  6.084E-15  4.630E-15  1.455E-15
1.271E+01  1.639E-23  5.524E-15  4.198E-15  1.326E-15
1.259E+01  1.500E-23  5.009E-15  3.802E-15  1.207E-15
1.247E+01  1.371E-23  4.536E-15  3.440E-15  1.096E-15
1.236E+01  1.251E-23  4.102E-15  3.109E-15  9.929E-16
1.225E+01  1.139E-23  3.701E-15  2.805E-15  8.959E-16
1.213E+01  1.037E-23  3.337E-15  2.529E-15  8.089E-16
1.202E+01  9.434E-24  3.009E-15  2.277E-15  7.315E-16
1.191E+01  8.570E-24  2.708E-15  2.048E-15  6.600E-16
1.180E+01  7.774E-24  2.434E-15  1.840E-15  5.941E-16
1.169E+01  7.041E-24  2.184E-15  1.651E-15  5.331E-16
1.159E+01  6.405E-24  1.969E-15  1.493E-15  4.755E-16
1.148E+01  6.213E-24  1.892E-15  1.469E-15  4.230E-16
1.138E+01  5.257E-24  1.587E-15  1.210E-15  3.765E-16
1.127E+01  4.714E-24  1.409E-15  1.074E-15  3.349E-16
1.117E+01  4.235E-24  1.255E-15  9.568E-16  2.978E-16
1.107E+01  3.802E-24  1.116E-15  8.517E-16  2.644E-16
1.096E+01  3.410E-24  9.919E-16  7.580E-16  2.338E-16
1.086E+01  3.056E-24  8.808E-16  6.741E-16  2.066E-16
1.076E+01  2.738E-24  7.817E-16  5.988E-16  1.829E-16
1.067E+01  2.451E-24  6.934E-16  5.313E-16  1.620E-16
1.057E+01  2.192E-24  6.145E-16  4.709E-16  1.436E-16
1.047E+01  1.957E-24  5.435E-16  4.168E-16  1.267E-16
1.038E+01  1.741E-24  4.792E-16  3.684E-16  1.108E-16
1.028E+01  1.544E-24  4.212E-16  3.252E-16  9.595E-17
1.019E+01  1.366E-24  3.690E-16  2.867E-16  8.232E-17
1.009E+01  1.205E-24  3.227E-16  2.524E-16  7.028E-17
1.000E+01  1.062E-24  2.817E-16  2.219E-16  5.986E-17
9.908E+00  9.352E-25  2.458E-16  1.948E-16  5.100E-17
9.817E+00  8.226E-25  2.142E-16  1.708E-16  4.341E-17
9.727E+00  7.225E-25  1.864E-16  1.495E-16  3.690E-17
9.638E+00  6.337E-25  1.620E-16  1.307E-16  3.128E-17
9.550E+00  5.543E-25  1.404E-16  1.141E-16  2.628E-17
9.462E+00  4.833E-25  1.213E-16  9.950E-17  2.182E-17
9.376E+00  4.200E-25  1.045E-16  8.661E-17  1.785E-17
9.290E+00  3.637E-25  8.963E-17  7.527E-17  1.436E-17
9.204E+00  3.140E-25  7.667E-17  6.532E-17  1.135E-17
9.120E+00  2.705E-25  6.543E-17  5.661E-17  8.826E-18
9.036E+00  2.325E-25  5.574E-17  4.898E-17  6.765E-18
8.954E+00  1.998E-25  4.744E-17  4.231E-17  5.132E-18
8.872E+00  1.716E-25  4.037E-17  3.650E-17  3.873E-18
8.790E+00  1.473E-25  3.435E-17  3.144E-17  2.917E-18
8.710E+00  1.265E-25  2.924E-17  2.704E-17  2.200E-18
8.630E+00  1.087E-25  2.488E-17  2.321E-17  1.663E-18
8.551E+00  9.324E-26  2.115E-17  1.989E-17  1.260E-18
8.472E+00  7.990E-26  1.796E-17  1.700E-17  9.524E-19
8.395E+00  6.838E-26  1.523E-17  1.451E-17  7.123E-19
8.318E+00  5.844E-26  1.289E-17  1.237E-17  5.235E-19
8.241E+00  4.987E-26  1.090E-17  1.053E-17  3.765E-19
8.166E+00  4.251E-26  9.207E-18  8.943E-18  2.644E-19
8.091E+00  3.620E-26  7.769E-18  7.585E-18  1.840E-19
8.017E+00  3.080E-26  6.550E-18  6.423E-18  1.269E-19
7.943E+00  2.619E-26  5.517E-18  5.430E-18  8.706E-20
7.870E+00  2.223E-26  4.641E-18  4.581E-18  5.950E-20
7.798E+00  1.883E-26  3.896E-18  3.855E-18  4.059E-20
7.727E+00  1.593E-26  3.264E-18  3.236E-18  2.778E-20
7.656E+00  1.345E-26  2.732E-18  2.712E-18  1.914E-20
7.586E+00  1.134E-26  2.281E-18  2.268E-18  1.331E-20
7.516E+00  9.531E-27  1.900E-18  1.891E-18  9.398E-21
7.447E+00  7.998E-27  1.580E-18  1.573E-18  6.767E-21
7.379E+00  6.702E-27  1.312E-18  1.307E-18  4.942E-21
7.311E+00  5.607E-27  1.087E-18  1.084E-18  3.675E-21
7.244E+00  4.683E-27  8.998E-19  8.971E-19  2.759E-21
7.178E+00  3.904E-27  7.432E-19  7.412E-19  2.082E-21
7.112E+00  3.248E-27  6.127E-19  6.111E-19  1.585E-21
7.047E+00  2.697E-27  5.041E-19  5.029E-19  1.212E-21
6.982E+00  2.235E-27  4.139E-19  4.129E-19  9.260E-22
6.918E+00  1.848E-27  3.391E-19  3.384E-19  7.077E-22
6.855E+00  1.525E-27  2.773E-19  2.768E-19  5.401E-22
6.792E+00  1.256E-27  2.263E-19  2.259E-19  4.112E-22
6.730E+00  1.032E-27  1.842E-19  1.839E-19  3.125E-22
6.668E+00  8.462E-28  1.497E-19  1.494E-19  2.368E-22
6.607E+00  6.922E-28  1.213E-19  1.211E-19  1.789E-22
6.546E+00  5.649E-28  9.809E-20  9.795E-20  1.348E-22
6.486E+00  4.599E-28  7.913E-20  7.902E-20  1.012E-22
6.427E+00  3.735E-28  6.368E-20  6.361E-20  7.577E-23
6.368E+00  3.028E-28  5.114E-20  5.108E-20  5.654E-23
6.310E+00  2.428E-28  4.063E-20  4.059E-20  4.205E-23
6.252E+00  1.988E-28  3.296E-20  3.293E-20  3.117E-23
6.194E+00  1.599E-28  2.628E-20  2.625E-20  2.303E-23
6.138E+00  1.281E-28  2.085E-20  2.083E-20  1.694E-23
6.081E+00  1.024E-28  1.652E-20  1.651E-20  1.243E-23
6.026E+00  8.175E-29  1.307E-20  1.306E-20  9.094E-24
5.970E+00  6.513E-29  1.031E-20  1.031E-20  6.635E-24
5.916E+00  5.177E-29  8.124E-21  8.119E-21  4.827E-24
5.861E+00  4.105E-29  6.383E-21  6.379E-21  3.502E-24
5.808E+00  3.247E-29  5.003E-21  5.000E-21  2.534E-24
5.754E+00  2.562E-29  3.911E-21  3.910E-21  1.829E-24
5.702E+00  2.017E-29  3.050E-21  3.049E-21  1.316E-24
5.649E+00  1.583E-29  2.372E-21  2.371E-21  9.446E-25
5.598E+00  1.239E-29  1.839E-21  1.838E-21  6.761E-25
5.546E+00  9.669E-30  1.422E-21  1.422E-21  4.825E-25
5.495E+00  7.528E-30  1.097E-21  1.097E-21  3.434E-25
5.445E+00  5.845E-30  8.443E-22  8.440E-22  2.437E-25
5.395E+00  4.527E-30  6.478E-22  6.476E-22  1.724E-25
5.346E+00  3.496E-30  4.957E-22  4.956E-22  1.216E-25
5.297E+00  2.692E-30  3.783E-22  3.782E-22  8.554E-26
5.248E+00  2.067E-30  2.878E-22  2.877E-22  5.997E-26
5.200E+00  1.583E-30  2.183E-22  2.183E-22  4.192E-26
5.152E+00  1.208E-30  1.651E-22  1.651E-22  2.921E-26
5.105E+00  9.195E-31  1.245E-22  1.245E-22  2.029E-26
5.058E+00  6.978E-31  9.362E-23  9.361E-23  1.405E-26
5.012E+00  5.279E-31  7.018E-23  7.017E-23  9.698E-27
4.966E+00  3.981E-31  5.244E-23  5.243E-23  6.673E-27
4.920E+00  2.993E-31  3.906E-23  3.905E-23  4.575E-27
4.875E+00  2.243E-31  2.901E-23  2.900E-23  3.126E-27
4.831E+00  1.676E-31  2.147E-23  2.147E-23  2.129E-27
4.786E+00  1.248E-31  1.585E-23  1.585E-23  1.444E-27
4.742E+00  9.271E-32  1.166E-23  1.166E-23  9.764E-28
4.699E+00  6.864E-32  8.556E-24  8.555E-24  6.577E-28
4.656E+00  5.066E-32  6.256E-24  6.256E-24  4.414E-28
4.613E+00  3.727E-32  4.560E-24  4.560E-24  2.952E-28
4.571E+00  2.733E-32  3.313E-24  3.313E-24  1.966E-28
4.529E+00  1.997E-32  2.399E-24  2.399E-24  1.305E-28
4.487E+00  1.455E-32  1.732E-24  1.732E-24  8.623E-29
4.446E+00  1.056E-32  1.246E-24  1.246E-24  5.678E-29
4.406E+00  7.643E-33  8.932E-25  8.932E-25  3.724E-29
4.365E+00  5.512E-33  6.382E-25  6.382E-25  2.433E-29
4.325E+00  3.961E-33  4.544E-25  4.544E-25  1.583E-29
4.285E+00  2.837E-33  3.225E-25  3.225E-25  1.026E-29
4.246E+00  2.024E-33  2.280E-25  2.280E-25  6.621E-30
4.207E+00  1.440E-33  1.607E-25  1.607E-25  4.254E-30
4.169E+00  1.020E-33  1.128E-25  1.128E-25  2.722E-30
4.130E+00  7.201E-34  7.890E-26  7.890E-26  1.734E-30
4.093E+00  5.065E-34  5.499E-26  5.499E-26  1.099E-30
4.055E+00  3.550E-34  3.818E-26  3.818E-26  6.937E-31
4.018E+00  2.478E-34  2.641E-26  2.641E-26  4.358E-31
3.981E+00  1.724E-34  1.820E-26  1.820E-26  2.725E-31
3.945E+00  1.195E-34  1.250E-26  1.250E-26  1.697E-31
3.908E+00  8.246E-35  8.549E-27  8.549E-27  1.051E-31
3.873E+00  5.671E-35  5.825E-27  5.825E-27  6.484E-32
3.837E+00  3.885E-35  3.954E-27  3.954E-27  3.981E-32
3.802E+00  2.651E-35  2.673E-27  2.673E-27  2.433E-32
3.767E+00  1.802E-35  1.800E-27  1.800E-27  1.480E-32
3.733E+00  1.220E-35  1.208E-27  1.208E-27  8.958E-33
3.698E+00  8.224E-36  8.068E-28  8.068E-28  5.396E-33
3.664E+00  5.523E-36  5.369E-28  5.369E-28  3.235E-33
3.631E+00  3.694E-36  3.558E-28  3.558E-28  1.930E-33
3.597E+00  2.461E-36  2.348E-28  2.348E-28  1.145E-33
3.565E+00  1.632E-36  1.543E-28  1.543E-28  6.763E-34
3.532E+00  1.078E-36  1.010E-28  1.010E-28  3.973E-34
3.499E+00  7.092E-37  6.583E-29  6.583E-29  2.322E-34
3.467E+00  4.645E-37  4.272E-29  4.272E-29  1.350E-34
3.436E+00  3.029E-37  2.760E-29  2.760E-29  7.810E-35
3.404E+00  1.967E-37  1.776E-29  1.776E-29  4.494E-35
3.373E+00  1.271E-37  1.138E-29  1.138E-29  2.571E-35
3.342E+00  8.183E-38  7.254E-30  7.254E-30  1.463E-35
3.311E+00  5.244E-38  4.606E-30  4.606E-30  8.281E-36
3.281E+00  3.344E-38  2.910E-30  2.910E-30  4.661E-36
3.251E+00  2.122E-38  1.830E-30  1.830E-30  2.608E-36
3.221E+00  1.341E-38  1.146E-30  1.146E-30  1.450E-36
3.192E+00  8.432E-39  7.139E-31  7.139E-31  8.021E-37
3.162E+00  5.278E-39  4.427E-31  4.427E-31  4.412E-37
3.133E+00  3.288E-39  2.733E-31  2.733E-31  2.413E-37
3.105E+00  2.039E-39  1.679E-31  1.679E-31  1.312E-37
3.076E+00  1.258E-39  1.027E-31  1.027E-31  7.096E-38
3.048E+00  7.726E-40  6.246E-32  6.246E-32  3.816E-38
3.020E+00  4.721E-40  3.782E-32  3.782E-32  2.040E-38
2.992E+00  2.871E-40  2.278E-32  2.278E-32  1.084E-38
2.965E+00  1.737E-40  1.366E-32  1.366E-32  5.725E-39
2.938E+00  1.045E-40  8.147E-33  8.147E-33  3.006E-39
2.911E+00  6.261E-41  4.834E-33  4.834E-33  1.568E-39
2.884E+00  3.731E-41  2.854E-33  2.854E-33  8.131E-40
2.858E+00  2.211E-41  1.676E-33  1.676E-33  4.189E-40
2.831E+00  1.304E-41  9.792E-34  9.792E-34  2.145E-40
2.805E+00  7.647E-42  5.690E-34  5.690E-34  1.091E-40
2.780E+00  4.461E-42  3.289E-34  3.289E-34  5.515E-41
2.754E+00  2.588E-42  1.891E-34  1.891E-34  2.770E-41
2.729E+00  1.494E-42  1.081E-34  1.081E-34  1.382E-41
2.704E+00  8.572E-43  6.148E-35  6.148E-35  6.847E-42
2.679E+00  4.892E-43  3.477E-35  3.477E-35  3.371E-42
2.655E+00  2.776E-43  1.955E-35  1.955E-35  1.648E-42
2.630E+00  1.567E-43  1.093E-35  1.093E-35  8.003E-43
2.606E+00  8.790E-44  6.077E-36  6.077E-36  3.860E-43
2.582E+00  4.904E-44  3.359E-36  3.359E-36  1.849E-43
2.559E+00  2.720E-44  1.846E-36  1.846E-36  8.793E-44
2.535E+00  1.500E-44  1.008E-36  1.008E-36  4.153E-44
2.512E+00  8.219E-45  5.476E-37  5.476E-37  1.947E-44
2.489E+00  4.478E-45  2.956E-37  2.956E-37  9.065E-45
2.466E+00  2.425E-45  1.586E-37  1.586E-37  4.190E-45
2.443E+00  1.305E-45  8.457E-38  8.457E-38  1.923E-45
2.421E+00  6.979E-46  4.482E-38  4.482E-38  8.757E-46
2.399E+00  3.710E-46  2.361E-38  2.361E-38  3.959E-46
2.377E+00  1.960E-46  1.236E-38  1.236E-38  1.776E-46
2.355E+00  1.029E-46  6.430E-39  6.430E-39  7.906E-47
2.333E+00  5.371E-47  3.324E-39  3.324E-39  3.493E-47
2.312E+00  2.784E-47  1.708E-39  1.708E-39  1.531E-47
2.291E+00  1.434E-47  8.716E-40  8.716E-40  6.658E-48
2.270E+00  7.340E-48  4.419E-40  4.419E-40  2.873E-48
2.249E+00  3.732E-48  2.226E-40  2.226E-40  1.230E-48
2.228E+00  1.885E-48  1.114E-40  1.114E-40  5.221E-49
2.208E+00  9.455E-49  5.538E-41  5.538E-41  2.199E-49
2.188E+00  4.712E-49  2.734E-41  2.734E-41  9.183E-50
2.168E+00  2.332E-49  1.341E-41  1.341E-41  3.804E-50
2.148E+00  1.146E-49  6.529E-42  6.529E-42  1.563E-50
2.128E+00  5.593E-50  3.157E-42  3.157E-42  6.366E-51
2.109E+00  2.710E-50  1.516E-42  1.516E-42  2.571E-51
2.089E+00  1.304E-50  7.228E-43  7.228E-43  1.030E-51
2.070E+00  6.230E-51  3.421E-43  3.421E-43  4.087E-52
2.051E+00  2.955E-51  1.608E-43  1.608E-43  1.608E-52
2.032E+00  1.391E-51  7.500E-44  7.500E-44  6.273E-53
2.014E+00  6.502E-52  3.473E-44  3.473E-44  2.425E-53
1.995E+00  3.017E-52  1.597E-44  1.597E-44  9.289E-54
1.977E+00  1.389E-52  7.285E-45  7.285E-45  3.526E-54
1.959E+00  6.349E-53  3.299E-45  3.299E-45  1.326E-54
1.941E+00  2.879E-53  1.482E-45  1.482E-45  4.943E-55
1.923E+00  1.296E-53  6.611E-46  6.611E-46  1.825E-55
1.905E+00  5.788E-54  2.926E-46  2.926E-46  6.673E-56
1.888E+00  2.565E-54  1.285E-46  1.285E-46  2.417E-56
1.871E+00  1.128E-54  5.596E-47  5.596E-47  8.673E-57
1.854E+00  4.919E-55  2.419E-47  2.419E-47  3.082E-57
1.837E+00  2.128E-55  1.037E-47  1.037E-47  1.084E-57
1.820E+00  9.135E-56  4.409E-48  4.409E-48  3.778E-58
1.803E+00  3.889E-56  1.860E-48  1.860E-48  1.303E-58
1.786E+00  1.642E-56  7.780E-49  7.780E-49  4.450E-59
1.770E+00  6.873E-57  3.227E-49  3.227E-49  1.504E-59
1.754E+00  2.854E-57  1.328E-49  1.328E-49  5.035E-60
1.738E+00  1.175E-57  5.415E-50  5.415E-50  1.668E-60
1.722E+00  4.794E-58  2.190E-50  2.190E-50  5.466E-61
1.706E+00  1.940E-58  8.778E-51  8.778E-51  1.773E-61
1.690E+00  7.779E-59  3.488E-51  3.488E-51  5.689E-62
1.675E+00  3.092E-59  1.374E-51  1.374E-51  1.806E-62
1.660E+00  1.218E-59  5.364E-52  5.364E-52  5.673E-63
1.644E+00  4.757E-60  2.075E-52  2.075E-52  1.762E-63
1.629E+00  1.840E-60  7.954E-53  7.954E-53  5.415E-64
1.614E+00  7.055E-61  3.021E-53  3.021E-53  1.645E-64
1.600E+00  2.680E-61  1.137E-53  1.137E-53  4.942E-65
1.585E+00  1.008E-61  4.239E-54  4.239E-54  1.468E-65
1.570E+00  3.759E-62  1.566E-54  1.566E-54  4.309E-66
1.556E+00  1.388E-62  5.728E-55  5.728E-55  1.251E-66
1.542E+00  5.076E-63  2.076E-55  2.076E-55  3.587E-67
1.528E+00  1.839E-63  7.451E-56  7.451E-56  1.017E-67
1.514E+00  6.597E-64  2.649E-56  2.649E-56  2.848E-68
1.500E+00  2.344E-64  9.323E-57  9.323E-57  7.883E-69
1.486E+00  8.244E-65  3.249E-57  3.249E-57  2.155E-69
1.472E+00  2.871E-65  1.121E-57  1.121E-57  5.822E-70
1.459E+00  9.899E-66  3.831E-58  3.831E-58  1.553E-70
1.445E+00  3.379E-66  1.296E-58  1.296E-58  4.092E-71
1.432E+00  1.142E-66  4.337E-59  4.337E-59  1.065E-71
1.419E+00  3.818E-67  1.437E-59  1.437E-59  2.736E-72
1.406E+00  1.264E-67  4.714E-60  4.714E-60  6.938E-73
1.393E+00  4.145E-68  1.532E-60  1.532E-60  1.737E-73
1.380E+00  1.350E-68  4.944E-61  4.944E-61  4.293E-74
1.368E+00  4.402E-69  1.597E-61  1.597E-61  1.047E-74
1.355E+00  1.473E-69  5.296E-62  5.296E-62  2.519E-75
1.343E+00  5.437E-70  1.937E-62  1.937E-62  5.981E-76
1.330E+00  2.548E-70  8.992E-63  8.992E-63  1.401E-76
1.318E+00  1.693E-70  5.921E-63  5.921E-63  3.237E-77
1.306E+00  1.479E-70  5.123E-63  5.123E-63  7.375E-78
1.294E+00  1.459E-70  5.008E-63  5.008E-63  1.658E-78
1.282E+00  1.486E-70  5.055E-63  5.055E-63  3.673E-79
1.271E+00  1.503E-70  5.067E-63  5.067E-63  8.026E-80
1.259E+00  1.486E-70  4.964E-63  4.964E-63  1.729E-80
1.247E+00  1.430E-70  4.733E-63  4.733E-63  3.671E-81
1.236E+00  1.346E-70  4.413E-63  4.413E-63  7.684E-82
1.225E+00  1.250E-70  4.060E-63  4.060E-63  1.585E-82
1.213E+00  1.157E-70  3.723E-63  3.723E-63  3.221E-83
1.202E+00  1.075E-70  3.429E-63  3.429E-63  6.448E-84
1.191E+00  1.008E-70  3.186E-63  3.186E-63  1.271E-84
1.180E+00  9.564E-71  2.994E-63  2.994E-63  2.469E-85
1.169E+00  9.186E-71  2.850E-63  2.850E-63  4.721E-86
1.159E+00  8.937E-71  2.747E-63  2.747E-63  8.889E-87
1.148E+00  8.813E-71  2.684E-63  2.684E-63  1.647E-87
1.138E+00  8.820E-71  2.661E-63  2.661E-63  3.005E-88
1.127E+00  8.975E-71  2.683E-63  2.683E-63  5.395E-89
1.117E+00  9.317E-71  2.760E-63  2.760E-63  9.531E-90
1.107E+00  9.910E-71  2.909E-63  2.909E-63  1.656E-90
1.096E+00  1.086E-70  3.160E-63  3.160E-63  2.832E-91
1.086E+00  1.233E-70  3.555E-63  3.555E-63  4.762E-92
1.076E+00  1.449E-70  4.137E-63  4.137E-63  7.874E-93
1.067E+00  1.723E-70  4.875E-63  4.875E-63  1.280E-93
1.057E+00  1.953E-70  5.476E-63  5.476E-63  2.046E-94
1.047E+00  1.940E-70  5.387E-63  5.387E-63  3.215E-95
1.038E+00  1.654E-70  4.552E-63  4.552E-63  4.963E-96
1.028E+00  1.304E-70  3.555E-63  3.555E-63  7.530E-97
1.019E+00  1.026E-70  2.773E-63  2.773E-63  1.122E-97
1.009E+00  8.355E-71  2.237E-63  2.237E-63  1.643E-98
1.000E+00  7.073E-71  1.876E-63  1.876E-63  2.363E-99
