Dust emission spectrum from Draine,B.T., & Li, A. (2007), ApJ, in press [astro-ph/0608003]
==========================================================
         7 = grain model
 4.000E-08 4.000E-01 4.500E-05 = a_01 (cm) , sigma_1 , b_C1
 2.000E-07 5.500E-01 1.500E-05 = a_02 (cm) , sigma_2 , b_C2
 1.000E+00 1.000E+00 1.000E+00 = Umin , Umax, beta (dN/dU propto U^{-beta})
 1.000E+00 = <U>       mmp83 = radfield
 2.000E-07 2.000E-06 = a_{min} (cm), a_{max} (cm)
 6.954E-25 4.390E-25 2.564E-25 = P(tot)  P(carb)  P(sil) (erg s-1 H-1)
 band     <nu*P_nu> <j_nu(tot)><j_nu(carb)><j_nu(sil)>
 (um)   (erg s-1 H-1)(Jy/(sr*H))(Jy/(sr*H))(Jy/(sr*H))
1.270E+00  4.768E-47  1.606E-39  1.606E-39  9.244E-53 COBE-DIRBE
2.220E+00  8.308E-39  4.892E-31  4.892E-31  1.880E-38 COBE-DIRBE
3.530E+00  1.291E-33  1.209E-25  1.209E-25  4.075E-30 COBE-DIRBE
4.880E+00  3.819E-31  4.944E-23  4.943E-23  6.903E-27 COBE-DIRBE
1.229E+01  1.184E-26  3.861E-18  3.745E-18  1.162E-19 COBE-DIRBE
2.079E+01  6.491E-26  3.579E-17  3.215E-17  3.643E-18 COBE-DIRBE
5.599E+01  3.217E-25  4.778E-16  3.759E-16  1.019E-16 COBE-DIRBE
9.770E+01  3.844E-25  9.961E-16  5.513E-16  4.448E-16 COBE-DIRBE
1.479E+02  2.919E-25  1.145E-15  4.730E-16  6.721E-16 COBE-DIRBE
2.479E+02  1.071E-25  7.044E-16  2.275E-16  4.770E-16 COBE-DIRBE
1.200E+01  7.407E-27  2.358E-18  2.308E-18  4.942E-20 IRAS
2.500E+01  8.625E-26  5.719E-17  5.079E-17  6.409E-18 IRAS
6.000E+01  3.300E-25  5.252E-16  4.006E-16  1.246E-16 IRAS
1.000E+02  3.834E-25  1.017E-15  5.519E-16  4.653E-16 IRAS
3.550E+00  1.081E-33  1.018E-25  1.018E-25  2.498E-30 SST-IRAC
4.493E+00  8.411E-32  1.002E-23  1.002E-23  1.612E-27 SST-IRAC
5.731E+00  3.609E-29  5.486E-21  5.486E-21  3.096E-25 SST-IRAC
7.872E+00  1.293E-27  2.700E-19  2.690E-19  1.043E-21 SST-IRAC
2.368E+01  8.195E-26  5.148E-17  4.550E-17  5.979E-18 SST-MIPS
7.142E+01  3.319E-25  6.288E-16  4.362E-16  1.926E-16 SST-MIPS
1.559E+02  2.596E-25  1.074E-15  4.200E-16  6.537E-16 SST-MIPS
1.600E+01  3.090E-26  1.311E-17  1.237E-17  7.425E-19 SST-IRSPU
2.200E+01  7.745E-26  4.520E-17  4.009E-17  5.108E-18 SST-IRSPU
7.500E+01  2.846E-25  5.662E-16  3.953E-16  1.708E-16 Herschel-PACS
1.100E+02  2.798E-25  8.164E-16  4.387E-16  3.776E-16 Herschel-PACS
1.700E+02  1.988E-25  8.962E-16  3.495E-16  5.467E-16 Herschel-PACS
2.500E+02  9.265E-26  6.144E-16  1.942E-16  4.202E-16 Herschel-SPIRE
3.600E+02  2.844E-26  2.716E-16  8.095E-17  1.907E-16 Herschel-SPIRE
5.200E+02  7.389E-27  1.019E-16  2.847E-17  7.344E-17 Herschel-SPIRE
2.400E+00  3.148E-33  2.004E-25  2.004E-25  2.665E-29 Akari IRC NIR N2
3.200E+00  2.830E-33  2.402E-25  2.402E-25  2.705E-29 Akari IRC NIR N3
4.100E+00  1.729E-31  1.880E-23  1.880E-23  2.504E-27 Akari IRC NIR N4
7.000E+00  1.147E-27  2.129E-19  2.110E-19  1.887E-21 Akari IRC MIR-S S7
9.000E+00  2.406E-27  5.745E-19  5.645E-19  9.954E-21 Akari IRC MIR-S S9W
1.100E+01  5.803E-27  1.693E-18  1.659E-18  3.423E-20 Akari IRC MIR-S S11
1.500E+01  3.377E-26  1.344E-17  1.261E-17  8.255E-19 Akari IRC MIR-L L15
1.800E+01  5.456E-26  2.605E-17  2.355E-17  2.496E-18 Akari IRC MIR-L L18W
2.400E+01  7.903E-26  5.031E-17  4.450E-17  5.806E-18 Akari IRC MIR-L L24
6.500E+01  3.497E-25  6.030E-16  4.387E-16  1.643E-16 Akari FIS N60
8.000E+01  3.787E-25  8.035E-16  4.877E-16  3.159E-16 Akari FIS WIDE-S
1.400E+02  2.924E-25  1.086E-15  4.461E-16  6.398E-16 Akari FIS WIDE-L
1.600E+02  2.549E-25  1.082E-15  4.123E-16  6.695E-16 Akari FIS N160






lambda    nu*dP/dnu     j_nu    j_nu(carb.) j_nu(sil)
 (um)    (erg/(s*H)) (Jy/(sr*H) (Jy/(sr*H)) (Jy/(sr*H)
1.000E+04  4.361E-32  1.157E-20  1.069E-21  1.050E-20
9.908E+03  4.519E-32  1.188E-20  1.101E-21  1.078E-20
9.817E+03  4.683E-32  1.219E-20  1.133E-21  1.106E-20
9.727E+03  4.852E-32  1.252E-20  1.167E-21  1.135E-20
9.638E+03  5.028E-32  1.285E-20  1.202E-21  1.165E-20
9.550E+03  5.210E-32  1.320E-20  1.238E-21  1.196E-20
9.462E+03  5.398E-32  1.355E-20  1.275E-21  1.227E-20
9.376E+03  5.594E-32  1.391E-20  1.313E-21  1.260E-20
9.290E+03  5.796E-32  1.428E-20  1.353E-21  1.293E-20
9.204E+03  6.006E-32  1.466E-20  1.393E-21  1.327E-20
9.120E+03  6.223E-32  1.506E-20  1.435E-21  1.362E-20
9.036E+03  6.449E-32  1.546E-20  1.478E-21  1.398E-20
8.954E+03  6.681E-32  1.587E-20  1.522E-21  1.435E-20
8.872E+03  6.921E-32  1.629E-20  1.568E-21  1.472E-20
8.790E+03  7.170E-32  1.672E-20  1.615E-21  1.510E-20
8.710E+03  7.429E-32  1.716E-20  1.664E-21  1.550E-20
8.630E+03  7.696E-32  1.762E-20  1.714E-21  1.590E-20
8.551E+03  7.974E-32  1.809E-20  1.765E-21  1.632E-20
8.472E+03  8.261E-32  1.857E-20  1.819E-21  1.675E-20
8.395E+03  8.559E-32  1.906E-20  1.873E-21  1.719E-20
8.318E+03  8.869E-32  1.957E-20  1.930E-21  1.764E-20
8.241E+03  9.189E-32  2.009E-20  1.988E-21  1.810E-20
8.166E+03  9.521E-32  2.062E-20  2.048E-21  1.858E-20
8.091E+03  9.866E-32  2.117E-20  2.110E-21  1.906E-20
8.017E+03  1.022E-31  2.174E-20  2.174E-21  1.957E-20
7.943E+03  1.059E-31  2.232E-20  2.239E-21  2.008E-20
7.870E+03  1.098E-31  2.292E-20  2.307E-21  2.061E-20
7.798E+03  1.138E-31  2.353E-20  2.377E-21  2.115E-20
7.727E+03  1.179E-31  2.416E-20  2.449E-21  2.171E-20
7.656E+03  1.222E-31  2.481E-20  2.523E-21  2.229E-20
7.586E+03  1.266E-31  2.548E-20  2.600E-21  2.288E-20
7.516E+03  1.312E-31  2.616E-20  2.679E-21  2.348E-20
7.447E+03  1.360E-31  2.686E-20  2.760E-21  2.410E-20
7.379E+03  1.409E-31  2.759E-20  2.844E-21  2.474E-20
7.311E+03  1.461E-31  2.833E-20  2.930E-21  2.540E-20
7.244E+03  1.514E-31  2.909E-20  3.019E-21  2.607E-20
7.178E+03  1.569E-31  2.988E-20  3.111E-21  2.676E-20
7.112E+03  1.626E-31  3.068E-20  3.206E-21  2.748E-20
7.047E+03  1.686E-31  3.151E-20  3.304E-21  2.821E-20
6.982E+03  1.747E-31  3.236E-20  3.404E-21  2.896E-20
6.918E+03  1.811E-31  3.323E-20  3.508E-21  2.973E-20
6.855E+03  1.877E-31  3.413E-20  3.615E-21  3.051E-20
6.792E+03  1.946E-31  3.505E-20  3.726E-21  3.133E-20
6.730E+03  2.017E-31  3.600E-20  3.840E-21  3.216E-20
6.668E+03  2.090E-31  3.697E-20  3.957E-21  3.302E-20
6.607E+03  2.167E-31  3.798E-20  4.078E-21  3.390E-20
6.546E+03  2.246E-31  3.900E-20  4.203E-21  3.480E-20
6.486E+03  2.328E-31  4.006E-20  4.332E-21  3.573E-20
6.427E+03  2.414E-31  4.115E-20  4.465E-21  3.669E-20
6.368E+03  2.502E-31  4.227E-20  4.602E-21  3.767E-20
6.310E+03  2.594E-31  4.342E-20  4.743E-21  3.868E-20
6.252E+03  2.690E-31  4.460E-20  4.889E-21  3.971E-20
6.194E+03  2.788E-31  4.582E-20  5.039E-21  4.078E-20
6.138E+03  2.891E-31  4.707E-20  5.194E-21  4.187E-20
6.081E+03  2.997E-31  4.835E-20  5.354E-21  4.300E-20
6.026E+03  3.108E-31  4.967E-20  5.519E-21  4.415E-20
5.970E+03  3.222E-31  5.103E-20  5.689E-21  4.534E-20
5.916E+03  3.341E-31  5.243E-20  5.865E-21  4.656E-20
5.861E+03  3.464E-31  5.386E-20  6.046E-21  4.782E-20
5.808E+03  3.592E-31  5.534E-20  6.233E-21  4.911E-20
5.754E+03  3.725E-31  5.686E-20  6.425E-21  5.043E-20
5.702E+03  3.863E-31  5.842E-20  6.624E-21  5.179E-20
5.649E+03  4.005E-31  6.002E-20  6.829E-21  5.319E-20
5.598E+03  4.154E-31  6.167E-20  7.041E-21  5.463E-20
5.546E+03  4.308E-31  6.337E-20  7.259E-21  5.611E-20
5.495E+03  4.467E-31  6.512E-20  7.484E-21  5.763E-20
5.445E+03  4.633E-31  6.691E-20  7.716E-21  5.920E-20
5.395E+03  4.805E-31  6.876E-20  7.956E-21  6.080E-20
5.346E+03  4.983E-31  7.066E-20  8.204E-21  6.245E-20
5.297E+03  5.168E-31  7.261E-20  8.459E-21  6.415E-20
5.248E+03  5.360E-31  7.462E-20  8.722E-21  6.589E-20
5.200E+03  5.559E-31  7.668E-20  8.994E-21  6.769E-20
5.152E+03  5.766E-31  7.881E-20  9.274E-21  6.953E-20
5.105E+03  5.981E-31  8.099E-20  9.564E-21  7.143E-20
5.058E+03  6.204E-31  8.324E-20  9.862E-21  7.337E-20
5.012E+03  6.435E-31  8.555E-20  1.017E-20  7.537E-20
4.966E+03  6.674E-31  8.792E-20  1.049E-20  7.743E-20
4.920E+03  6.923E-31  9.036E-20  1.082E-20  7.954E-20
4.875E+03  7.181E-31  9.287E-20  1.116E-20  8.171E-20
4.831E+03  7.449E-31  9.545E-20  1.150E-20  8.395E-20
4.786E+03  7.728E-31  9.811E-20  1.187E-20  8.624E-20
4.742E+03  8.016E-31  1.008E-19  1.224E-20  8.861E-20
4.699E+03  8.316E-31  1.037E-19  1.262E-20  9.103E-20
4.656E+03  8.628E-31  1.066E-19  1.302E-20  9.353E-20
4.613E+03  8.951E-31  1.095E-19  1.343E-20  9.610E-20
4.571E+03  9.286E-31  1.126E-19  1.385E-20  9.874E-20
4.529E+03  9.634E-31  1.157E-19  1.429E-20  1.015E-19
4.487E+03  9.996E-31  1.190E-19  1.474E-20  1.042E-19
4.446E+03  1.037E-30  1.223E-19  1.520E-20  1.071E-19
4.406E+03  1.076E-30  1.258E-19  1.568E-20  1.101E-19
4.365E+03  1.117E-30  1.293E-19  1.618E-20  1.131E-19
4.325E+03  1.159E-30  1.329E-19  1.669E-20  1.162E-19
4.285E+03  1.202E-30  1.367E-19  1.722E-20  1.194E-19
4.246E+03  1.248E-30  1.405E-19  1.776E-20  1.228E-19
4.207E+03  1.295E-30  1.445E-19  1.833E-20  1.261E-19
4.169E+03  1.343E-30  1.486E-19  1.891E-20  1.296E-19
4.130E+03  1.394E-30  1.527E-19  1.951E-20  1.332E-19
4.093E+03  1.447E-30  1.571E-19  2.013E-20  1.369E-19
4.055E+03  1.501E-30  1.615E-19  2.077E-20  1.407E-19
4.018E+03  1.558E-30  1.661E-19  2.143E-20  1.447E-19
3.981E+03  1.617E-30  1.708E-19  2.211E-20  1.487E-19
3.945E+03  1.678E-30  1.756E-19  2.281E-20  1.528E-19
3.908E+03  1.742E-30  1.806E-19  2.354E-20  1.570E-19
3.873E+03  1.808E-30  1.857E-19  2.429E-20  1.614E-19
3.837E+03  1.876E-30  1.910E-19  2.507E-20  1.659E-19
3.802E+03  1.947E-30  1.964E-19  2.587E-20  1.705E-19
3.767E+03  2.021E-30  2.020E-19  2.670E-20  1.753E-19
3.733E+03  2.098E-30  2.077E-19  2.755E-20  1.802E-19
3.698E+03  2.178E-30  2.136E-19  2.843E-20  1.852E-19
3.664E+03  2.260E-30  2.197E-19  2.934E-20  1.904E-19
3.631E+03  2.347E-30  2.260E-19  3.028E-20  1.957E-19
3.597E+03  2.436E-30  2.325E-19  3.126E-20  2.012E-19
3.565E+03  2.529E-30  2.391E-19  3.226E-20  2.068E-19
3.532E+03  2.625E-30  2.459E-19  3.330E-20  2.126E-19
3.499E+03  2.725E-30  2.530E-19  3.437E-20  2.186E-19
3.467E+03  2.830E-30  2.603E-19  3.548E-20  2.248E-19
3.436E+03  2.938E-30  2.677E-19  3.662E-20  2.311E-19
3.404E+03  3.050E-30  2.754E-19  3.780E-20  2.376E-19
3.373E+03  3.167E-30  2.834E-19  3.902E-20  2.443E-19
3.342E+03  3.288E-30  2.915E-19  4.028E-20  2.512E-19
3.311E+03  3.415E-30  2.999E-19  4.158E-20  2.583E-19
3.281E+03  3.546E-30  3.086E-19  4.293E-20  2.656E-19
3.251E+03  3.682E-30  3.175E-19  4.432E-20  2.732E-19
3.221E+03  3.823E-30  3.267E-19  4.575E-20  2.809E-19
3.192E+03  3.970E-30  3.361E-19  4.724E-20  2.889E-19
3.162E+03  4.123E-30  3.458E-19  4.877E-20  2.971E-19
3.133E+03  4.282E-30  3.559E-19  5.035E-20  3.055E-19
3.105E+03  4.447E-30  3.662E-19  5.199E-20  3.142E-19
3.076E+03  4.618E-30  3.768E-19  5.368E-20  3.232E-19
3.048E+03  4.796E-30  3.878E-19  5.542E-20  3.324E-19
3.020E+03  4.982E-30  3.991E-19  5.723E-20  3.418E-19
2.992E+03  5.174E-30  4.107E-19  5.909E-20  3.516E-19
2.965E+03  5.373E-30  4.226E-19  6.102E-20  3.615E-19
2.938E+03  5.580E-30  4.348E-19  6.301E-20  3.718E-19
2.911E+03  5.796E-30  4.475E-19  6.507E-20  3.824E-19
2.884E+03  6.019E-30  4.605E-19  6.720E-20  3.933E-19
2.858E+03  6.252E-30  4.739E-19  6.939E-20  4.045E-19
2.831E+03  6.493E-30  4.877E-19  7.166E-20  4.160E-19
2.805E+03  6.745E-30  5.019E-19  7.401E-20  4.279E-19
2.780E+03  7.006E-30  5.166E-19  7.644E-20  4.401E-19
2.754E+03  7.277E-30  5.317E-19  7.894E-20  4.527E-19
2.729E+03  7.560E-30  5.472E-19  8.153E-20  4.657E-19
2.704E+03  7.853E-30  5.632E-19  8.421E-20  4.790E-19
2.679E+03  8.158E-30  5.798E-19  8.698E-20  4.928E-19
2.655E+03  8.475E-30  5.968E-19  8.984E-20  5.069E-19
2.630E+03  8.804E-30  6.143E-19  9.280E-20  5.215E-19
2.606E+03  9.147E-30  6.323E-19  9.585E-20  5.365E-19
2.582E+03  9.503E-30  6.509E-19  9.901E-20  5.519E-19
2.559E+03  9.873E-30  6.701E-19  1.023E-19  5.678E-19
2.535E+03  1.026E-29  6.898E-19  1.057E-19  5.842E-19
2.512E+03  1.066E-29  7.102E-19  1.091E-19  6.010E-19
2.489E+03  1.107E-29  7.311E-19  1.127E-19  6.184E-19
2.466E+03  1.151E-29  7.527E-19  1.165E-19  6.363E-19
2.443E+03  1.196E-29  7.750E-19  1.203E-19  6.546E-19
2.421E+03  1.242E-29  7.979E-19  1.243E-19  6.736E-19
2.399E+03  1.291E-29  8.215E-19  1.284E-19  6.931E-19
2.377E+03  1.342E-29  8.459E-19  1.327E-19  7.132E-19
2.355E+03  1.394E-29  8.709E-19  1.371E-19  7.339E-19
2.333E+03  1.449E-29  8.968E-19  1.416E-19  7.551E-19
2.312E+03  1.506E-29  9.234E-19  1.463E-19  7.771E-19
2.291E+03  1.565E-29  9.508E-19  1.512E-19  7.996E-19
2.270E+03  1.626E-29  9.791E-19  1.562E-19  8.229E-19
2.249E+03  1.690E-29  1.008E-18  1.614E-19  8.468E-19
2.228E+03  1.756E-29  1.038E-18  1.668E-19  8.715E-19
2.208E+03  1.825E-29  1.069E-18  1.723E-19  8.968E-19
2.188E+03  1.897E-29  1.101E-18  1.781E-19  9.230E-19
2.168E+03  1.972E-29  1.134E-18  1.840E-19  9.499E-19
2.148E+03  2.050E-29  1.168E-18  1.902E-19  9.776E-19
2.128E+03  2.130E-29  1.203E-18  1.965E-19  1.006E-18
2.109E+03  2.214E-29  1.239E-18  2.031E-19  1.035E-18
2.089E+03  2.302E-29  1.276E-18  2.098E-19  1.066E-18
2.070E+03  2.392E-29  1.314E-18  2.168E-19  1.097E-18
2.051E+03  2.487E-29  1.353E-18  2.241E-19  1.129E-18
2.032E+03  2.585E-29  1.393E-18  2.316E-19  1.162E-18
2.014E+03  2.687E-29  1.435E-18  2.393E-19  1.196E-18
1.995E+03  2.793E-29  1.478E-18  2.474E-19  1.231E-18
1.977E+03  2.903E-29  1.522E-18  2.556E-19  1.267E-18
1.959E+03  3.018E-29  1.568E-18  2.642E-19  1.304E-18
1.941E+03  3.137E-29  1.615E-18  2.731E-19  1.342E-18
1.923E+03  3.261E-29  1.663E-18  2.822E-19  1.381E-18
1.905E+03  3.390E-29  1.713E-18  2.917E-19  1.422E-18
1.888E+03  3.524E-29  1.765E-18  3.015E-19  1.463E-18
1.871E+03  3.663E-29  1.818E-18  3.116E-19  1.506E-18
1.854E+03  3.808E-29  1.872E-18  3.221E-19  1.550E-18
1.837E+03  3.959E-29  1.929E-18  3.329E-19  1.596E-18
1.820E+03  4.116E-29  1.987E-18  3.441E-19  1.643E-18
1.803E+03  4.279E-29  2.046E-18  3.556E-19  1.691E-18
1.786E+03  4.448E-29  2.108E-18  3.676E-19  1.740E-18
1.770E+03  4.624E-29  2.171E-18  3.800E-19  1.791E-18
1.754E+03  4.808E-29  2.237E-18  3.927E-19  1.844E-18
1.738E+03  4.998E-29  2.304E-18  4.060E-19  1.898E-18
1.722E+03  5.196E-29  2.373E-18  4.196E-19  1.954E-18
1.706E+03  5.402E-29  2.445E-18  4.337E-19  2.011E-18
1.690E+03  5.617E-29  2.519E-18  4.484E-19  2.070E-18
1.675E+03  5.839E-29  2.594E-18  4.635E-19  2.131E-18
1.660E+03  6.071E-29  2.673E-18  4.791E-19  2.194E-18
1.644E+03  6.312E-29  2.753E-18  4.952E-19  2.258E-18
1.629E+03  6.562E-29  2.836E-18  5.119E-19  2.324E-18
1.614E+03  6.823E-29  2.922E-18  5.292E-19  2.392E-18
1.600E+03  7.093E-29  3.010E-18  5.470E-19  2.463E-18
1.585E+03  7.375E-29  3.100E-18  5.654E-19  2.535E-18
1.570E+03  7.667E-29  3.194E-18  5.845E-19  2.609E-18
1.556E+03  7.972E-29  3.290E-18  6.042E-19  2.686E-18
1.542E+03  8.288E-29  3.389E-18  6.246E-19  2.765E-18
1.528E+03  8.617E-29  3.491E-18  6.457E-19  2.846E-18
1.514E+03  8.958E-29  3.597E-18  6.674E-19  2.929E-18
1.500E+03  9.314E-29  3.705E-18  6.899E-19  3.015E-18
1.486E+03  9.683E-29  3.817E-18  7.132E-19  3.104E-18
1.472E+03  1.007E-28  3.932E-18  7.373E-19  3.195E-18
1.459E+03  1.047E-28  4.050E-18  7.621E-19  3.288E-18
1.445E+03  1.088E-28  4.173E-18  7.878E-19  3.385E-18
1.432E+03  1.131E-28  4.299E-18  8.144E-19  3.484E-18
1.419E+03  1.176E-28  4.428E-18  8.419E-19  3.586E-18
1.406E+03  1.223E-28  4.562E-18  8.703E-19  3.691E-18
1.393E+03  1.272E-28  4.699E-18  8.996E-19  3.800E-18
1.380E+03  1.322E-28  4.841E-18  9.299E-19  3.911E-18
1.368E+03  1.375E-28  4.987E-18  9.613E-19  4.025E-18
1.355E+03  1.429E-28  5.137E-18  9.937E-19  4.143E-18
1.343E+03  1.486E-28  5.292E-18  1.027E-18  4.265E-18
1.330E+03  1.545E-28  5.451E-18  1.062E-18  4.389E-18
1.318E+03  1.606E-28  5.615E-18  1.097E-18  4.518E-18
1.306E+03  1.669E-28  5.784E-18  1.134E-18  4.650E-18
1.294E+03  1.736E-28  5.958E-18  1.173E-18  4.786E-18
1.282E+03  1.804E-28  6.137E-18  1.212E-18  4.925E-18
1.271E+03  1.876E-28  6.322E-18  1.253E-18  5.069E-18
1.259E+03  1.950E-28  6.512E-18  1.295E-18  5.217E-18
1.247E+03  2.027E-28  6.707E-18  1.339E-18  5.369E-18
1.236E+03  2.107E-28  6.908E-18  1.383E-18  5.525E-18
1.225E+03  2.190E-28  7.116E-18  1.430E-18  5.686E-18
1.213E+03  2.277E-28  7.329E-18  1.478E-18  5.851E-18
1.202E+03  2.367E-28  7.548E-18  1.528E-18  6.021E-18
1.191E+03  2.460E-28  7.774E-18  1.579E-18  6.195E-18
1.180E+03  2.557E-28  8.007E-18  1.632E-18  6.375E-18
1.169E+03  2.658E-28  8.246E-18  1.686E-18  6.560E-18
1.159E+03  2.763E-28  8.493E-18  1.743E-18  6.750E-18
1.148E+03  2.872E-28  8.746E-18  1.801E-18  6.945E-18
1.138E+03  2.985E-28  9.007E-18  1.862E-18  7.146E-18
1.127E+03  3.102E-28  9.276E-18  1.924E-18  7.352E-18
1.117E+03  3.224E-28  9.552E-18  1.988E-18  7.564E-18
1.107E+03  3.351E-28  9.836E-18  2.055E-18  7.782E-18
1.096E+03  3.483E-28  1.013E-17  2.123E-18  8.006E-18
1.086E+03  3.619E-28  1.043E-17  2.194E-18  8.236E-18
1.076E+03  3.761E-28  1.074E-17  2.267E-18  8.473E-18
1.067E+03  3.909E-28  1.106E-17  2.343E-18  8.716E-18
1.057E+03  4.062E-28  1.139E-17  2.421E-18  8.965E-18
1.047E+03  4.221E-28  1.172E-17  2.501E-18  9.222E-18
1.038E+03  4.386E-28  1.207E-17  2.584E-18  9.485E-18
1.028E+03  4.557E-28  1.243E-17  2.670E-18  9.756E-18
1.019E+03  4.735E-28  1.279E-17  2.759E-18  1.003E-17
1.009E+03  4.919E-28  1.317E-17  2.850E-18  1.032E-17
1.000E+03  5.111E-28  1.356E-17  2.945E-18  1.061E-17
9.908E+02  5.310E-28  1.396E-17  3.042E-18  1.091E-17
9.817E+02  5.517E-28  1.437E-17  3.143E-18  1.123E-17
9.727E+02  5.732E-28  1.479E-17  3.247E-18  1.154E-17
9.638E+02  5.955E-28  1.523E-17  3.354E-18  1.187E-17
9.550E+02  6.187E-28  1.567E-17  3.464E-18  1.221E-17
9.462E+02  6.427E-28  1.613E-17  3.579E-18  1.255E-17
9.376E+02  6.676E-28  1.660E-17  3.696E-18  1.291E-17
9.290E+02  6.935E-28  1.709E-17  3.818E-18  1.327E-17
9.204E+02  7.204E-28  1.759E-17  3.943E-18  1.364E-17
9.120E+02  7.482E-28  1.810E-17  4.073E-18  1.403E-17
9.036E+02  7.771E-28  1.863E-17  4.206E-18  1.442E-17
8.954E+02  8.071E-28  1.917E-17  4.344E-18  1.483E-17
8.872E+02  8.382E-28  1.973E-17  4.486E-18  1.524E-17
8.790E+02  8.704E-28  2.030E-17  4.632E-18  1.566E-17
8.710E+02  9.039E-28  2.088E-17  4.784E-18  1.610E-17
8.630E+02  9.386E-28  2.149E-17  4.939E-18  1.655E-17
8.551E+02  9.746E-28  2.210E-17  5.100E-18  1.700E-17
8.472E+02  1.012E-27  2.274E-17  5.266E-18  1.747E-17
8.395E+02  1.051E-27  2.339E-17  5.437E-18  1.796E-17
8.318E+02  1.091E-27  2.406E-17  5.613E-18  1.845E-17
8.241E+02  1.132E-27  2.475E-17  5.795E-18  1.896E-17
8.166E+02  1.175E-27  2.546E-17  5.982E-18  1.948E-17
8.091E+02  1.220E-27  2.618E-17  6.175E-18  2.001E-17
8.017E+02  1.266E-27  2.693E-17  6.374E-18  2.055E-17
7.943E+02  1.314E-27  2.769E-17  6.580E-18  2.111E-17
7.870E+02  1.364E-27  2.848E-17  6.791E-18  2.168E-17
7.798E+02  1.416E-27  2.928E-17  7.009E-18  2.227E-17
7.727E+02  1.469E-27  3.011E-17  7.234E-18  2.287E-17
7.656E+02  1.524E-27  3.096E-17  7.466E-18  2.349E-17
7.586E+02  1.582E-27  3.183E-17  7.704E-18  2.412E-17
7.516E+02  1.641E-27  3.272E-17  7.950E-18  2.477E-17
7.447E+02  1.703E-27  3.364E-17  8.203E-18  2.544E-17
7.379E+02  1.767E-27  3.458E-17  8.464E-18  2.612E-17
7.311E+02  1.833E-27  3.556E-17  8.733E-18  2.682E-17
7.244E+02  1.902E-27  3.655E-17  9.010E-18  2.754E-17
7.178E+02  1.974E-27  3.758E-17  9.295E-18  2.828E-17
7.112E+02  2.048E-27  3.863E-17  9.589E-18  2.904E-17
7.047E+02  2.124E-27  3.971E-17  9.891E-18  2.982E-17
6.982E+02  2.204E-27  4.081E-17  1.020E-17  3.061E-17
6.918E+02  2.286E-27  4.195E-17  1.052E-17  3.143E-17
6.855E+02  2.371E-27  4.312E-17  1.085E-17  3.226E-17
6.792E+02  2.460E-27  4.431E-17  1.119E-17  3.312E-17
6.730E+02  2.551E-27  4.554E-17  1.154E-17  3.400E-17
6.668E+02  2.646E-27  4.680E-17  1.190E-17  3.489E-17
6.607E+02  2.744E-27  4.809E-17  1.227E-17  3.581E-17
6.546E+02  2.846E-27  4.941E-17  1.266E-17  3.676E-17
6.486E+02  2.952E-27  5.078E-17  1.305E-17  3.774E-17
6.427E+02  3.061E-27  5.219E-17  1.345E-17  3.874E-17
6.368E+02  3.175E-27  5.363E-17  1.387E-17  3.976E-17
6.310E+02  3.293E-27  5.511E-17  1.430E-17  4.082E-17
6.252E+02  3.415E-27  5.663E-17  1.474E-17  4.190E-17
6.194E+02  3.542E-27  5.819E-17  1.519E-17  4.300E-17
6.138E+02  3.672E-27  5.979E-17  1.565E-17  4.413E-17
6.081E+02  3.808E-27  6.143E-17  1.613E-17  4.530E-17
6.026E+02  3.949E-27  6.312E-17  1.662E-17  4.649E-17
5.970E+02  4.095E-27  6.485E-17  1.713E-17  4.772E-17
5.916E+02  4.246E-27  6.662E-17  1.765E-17  4.897E-17
5.861E+02  4.402E-27  6.844E-17  1.819E-17  5.026E-17
5.808E+02  4.564E-27  7.031E-17  1.874E-17  5.157E-17
5.754E+02  4.732E-27  7.223E-17  1.930E-17  5.293E-17
5.702E+02  4.906E-27  7.419E-17  1.988E-17  5.431E-17
5.649E+02  5.086E-27  7.621E-17  2.048E-17  5.573E-17
5.598E+02  5.272E-27  7.828E-17  2.109E-17  5.719E-17
5.546E+02  5.465E-27  8.040E-17  2.172E-17  5.868E-17
5.495E+02  5.665E-27  8.258E-17  2.237E-17  6.021E-17
5.445E+02  5.872E-27  8.482E-17  2.304E-17  6.178E-17
5.395E+02  6.087E-27  8.711E-17  2.372E-17  6.339E-17
5.346E+02  6.309E-27  8.945E-17  2.442E-17  6.503E-17
5.297E+02  6.538E-27  9.186E-17  2.514E-17  6.672E-17
5.248E+02  6.776E-27  9.433E-17  2.588E-17  6.845E-17
5.200E+02  7.023E-27  9.687E-17  2.664E-17  7.022E-17
5.152E+02  7.278E-27  9.946E-17  2.743E-17  7.204E-17
5.105E+02  7.541E-27  1.021E-16  2.823E-17  7.390E-17
5.058E+02  7.814E-27  1.048E-16  2.905E-17  7.580E-17
5.012E+02  8.097E-27  1.076E-16  2.989E-17  7.775E-17
4.966E+02  8.389E-27  1.105E-16  3.076E-17  7.975E-17
4.920E+02  8.692E-27  1.134E-16  3.165E-17  8.179E-17
4.875E+02  9.004E-27  1.164E-16  3.256E-17  8.389E-17
4.831E+02  9.328E-27  1.195E-16  3.349E-17  8.603E-17
4.786E+02  9.663E-27  1.227E-16  3.445E-17  8.823E-17
4.742E+02  1.001E-26  1.259E-16  3.544E-17  9.047E-17
4.699E+02  1.037E-26  1.292E-16  3.645E-17  9.278E-17
4.656E+02  1.074E-26  1.326E-16  3.748E-17  9.513E-17
4.613E+02  1.112E-26  1.361E-16  3.854E-17  9.754E-17
4.571E+02  1.152E-26  1.396E-16  3.963E-17  1.000E-16
4.529E+02  1.193E-26  1.433E-16  4.074E-17  1.025E-16
4.487E+02  1.235E-26  1.470E-16  4.188E-17  1.051E-16
4.446E+02  1.279E-26  1.508E-16  4.305E-17  1.077E-16
4.406E+02  1.324E-26  1.547E-16  4.425E-17  1.104E-16
4.365E+02  1.370E-26  1.587E-16  4.548E-17  1.132E-16
4.325E+02  1.419E-26  1.628E-16  4.674E-17  1.160E-16
4.285E+02  1.469E-26  1.669E-16  4.803E-17  1.189E-16
4.246E+02  1.520E-26  1.712E-16  4.935E-17  1.219E-16
4.207E+02  1.573E-26  1.756E-16  5.070E-17  1.249E-16
4.169E+02  1.628E-26  1.801E-16  5.208E-17  1.280E-16
4.130E+02  1.685E-26  1.846E-16  5.350E-17  1.311E-16
4.093E+02  1.744E-26  1.893E-16  5.495E-17  1.344E-16
4.055E+02  1.804E-26  1.941E-16  5.643E-17  1.377E-16
4.018E+02  1.867E-26  1.990E-16  5.795E-17  1.410E-16
3.981E+02  1.932E-26  2.040E-16  5.950E-17  1.445E-16
3.945E+02  1.998E-26  2.091E-16  6.109E-17  1.480E-16
3.908E+02  2.067E-26  2.143E-16  6.271E-17  1.516E-16
3.873E+02  2.138E-26  2.197E-16  6.437E-17  1.553E-16
3.837E+02  2.212E-26  2.251E-16  6.607E-17  1.590E-16
3.802E+02  2.287E-26  2.307E-16  6.781E-17  1.629E-16
3.767E+02  2.366E-26  2.364E-16  6.958E-17  1.668E-16
3.733E+02  2.446E-26  2.422E-16  7.140E-17  1.708E-16
3.698E+02  2.529E-26  2.481E-16  7.325E-17  1.749E-16
3.664E+02  2.615E-26  2.542E-16  7.514E-17  1.790E-16
3.631E+02  2.704E-26  2.604E-16  7.708E-17  1.833E-16
3.597E+02  2.795E-26  2.667E-16  7.905E-17  1.876E-16
3.565E+02  2.889E-26  2.731E-16  8.107E-17  1.921E-16
3.532E+02  2.986E-26  2.797E-16  8.313E-17  1.966E-16
3.499E+02  3.086E-26  2.864E-16  8.523E-17  2.012E-16
3.467E+02  3.188E-26  2.933E-16  8.738E-17  2.059E-16
3.436E+02  3.295E-26  3.002E-16  8.957E-17  2.107E-16
3.404E+02  3.404E-26  3.073E-16  9.180E-17  2.155E-16
3.373E+02  3.516E-26  3.146E-16  9.408E-17  2.205E-16
3.342E+02  3.632E-26  3.220E-16  9.640E-17  2.256E-16
3.311E+02  3.751E-26  3.295E-16  9.877E-17  2.307E-16
3.281E+02  3.874E-26  3.372E-16  1.012E-16  2.360E-16
3.251E+02  4.001E-26  3.450E-16  1.037E-16  2.413E-16
3.221E+02  4.131E-26  3.529E-16  1.062E-16  2.468E-16
3.192E+02  4.265E-26  3.610E-16  1.087E-16  2.523E-16
3.162E+02  4.402E-26  3.693E-16  1.113E-16  2.580E-16
3.133E+02  4.544E-26  3.777E-16  1.140E-16  2.637E-16
3.105E+02  4.690E-26  3.862E-16  1.167E-16  2.695E-16
3.076E+02  4.839E-26  3.949E-16  1.194E-16  2.755E-16
3.048E+02  4.994E-26  4.037E-16  1.222E-16  2.815E-16
3.020E+02  5.152E-26  4.127E-16  1.251E-16  2.876E-16
2.992E+02  5.314E-26  4.218E-16  1.280E-16  2.938E-16
2.965E+02  5.482E-26  4.311E-16  1.309E-16  3.002E-16
2.938E+02  5.653E-26  4.405E-16  1.339E-16  3.066E-16
2.911E+02  5.830E-26  4.501E-16  1.370E-16  3.131E-16
2.884E+02  6.011E-26  4.598E-16  1.401E-16  3.197E-16
2.858E+02  6.196E-26  4.697E-16  1.432E-16  3.265E-16
2.831E+02  6.387E-26  4.797E-16  1.464E-16  3.333E-16
2.805E+02  6.583E-26  4.899E-16  1.497E-16  3.402E-16
2.780E+02  6.784E-26  5.002E-16  1.530E-16  3.472E-16
2.754E+02  6.990E-26  5.107E-16  1.564E-16  3.543E-16
2.729E+02  7.202E-26  5.213E-16  1.598E-16  3.616E-16
2.704E+02  7.420E-26  5.322E-16  1.632E-16  3.690E-16
2.679E+02  7.643E-26  5.432E-16  1.667E-16  3.764E-16
2.655E+02  7.872E-26  5.543E-16  1.703E-16  3.840E-16
2.630E+02  8.107E-26  5.656E-16  1.739E-16  3.917E-16
2.606E+02  8.347E-26  5.771E-16  1.775E-16  3.995E-16
2.582E+02  8.594E-26  5.886E-16  1.813E-16  4.074E-16
2.559E+02  8.845E-26  6.003E-16  1.850E-16  4.153E-16
2.535E+02  9.100E-26  6.120E-16  1.888E-16  4.231E-16
2.512E+02  9.361E-26  6.237E-16  1.927E-16  4.310E-16
2.489E+02  9.622E-26  6.352E-16  1.966E-16  4.386E-16
2.466E+02  9.882E-26  6.464E-16  2.005E-16  4.459E-16
2.443E+02  1.015E-25  6.577E-16  2.045E-16  4.531E-16
2.421E+02  1.041E-25  6.688E-16  2.086E-16  4.602E-16
2.399E+02  1.069E-25  6.799E-16  2.127E-16  4.672E-16
2.377E+02  1.096E-25  6.907E-16  2.168E-16  4.739E-16
2.355E+02  1.123E-25  7.015E-16  2.210E-16  4.805E-16
2.333E+02  1.151E-25  7.124E-16  2.252E-16  4.872E-16
2.312E+02  1.179E-25  7.233E-16  2.295E-16  4.938E-16
2.291E+02  1.208E-25  7.342E-16  2.338E-16  5.004E-16
2.270E+02  1.237E-25  7.451E-16  2.382E-16  5.069E-16
2.249E+02  1.267E-25  7.560E-16  2.426E-16  5.134E-16
2.228E+02  1.297E-25  7.669E-16  2.470E-16  5.199E-16
2.208E+02  1.328E-25  7.779E-16  2.515E-16  5.264E-16
2.188E+02  1.359E-25  7.888E-16  2.560E-16  5.328E-16
2.168E+02  1.391E-25  7.997E-16  2.605E-16  5.392E-16
2.148E+02  1.423E-25  8.106E-16  2.651E-16  5.455E-16
2.128E+02  1.455E-25  8.214E-16  2.697E-16  5.517E-16
2.109E+02  1.488E-25  8.322E-16  2.744E-16  5.578E-16
2.089E+02  1.521E-25  8.429E-16  2.790E-16  5.639E-16
2.070E+02  1.555E-25  8.536E-16  2.837E-16  5.699E-16
2.051E+02  1.588E-25  8.643E-16  2.885E-16  5.758E-16
2.032E+02  1.623E-25  8.748E-16  2.932E-16  5.816E-16
2.014E+02  1.657E-25  8.853E-16  2.980E-16  5.873E-16
1.995E+02  1.692E-25  8.957E-16  3.028E-16  5.929E-16
1.977E+02  1.728E-25  9.060E-16  3.076E-16  5.984E-16
1.959E+02  1.763E-25  9.162E-16  3.124E-16  6.038E-16
1.941E+02  1.799E-25  9.263E-16  3.173E-16  6.090E-16
1.923E+02  1.835E-25  9.363E-16  3.221E-16  6.141E-16
1.905E+02  1.872E-25  9.461E-16  3.270E-16  6.191E-16
1.888E+02  1.909E-25  9.559E-16  3.319E-16  6.239E-16
1.871E+02  1.946E-25  9.655E-16  3.368E-16  6.286E-16
1.854E+02  1.983E-25  9.749E-16  3.417E-16  6.332E-16
1.837E+02  2.020E-25  9.842E-16  3.466E-16  6.376E-16
1.820E+02  2.058E-25  9.934E-16  3.515E-16  6.419E-16
1.803E+02  2.096E-25  1.002E-15  3.564E-16  6.460E-16
1.786E+02  2.134E-25  1.011E-15  3.613E-16  6.499E-16
1.770E+02  2.172E-25  1.020E-15  3.662E-16  6.536E-16
1.754E+02  2.210E-25  1.028E-15  3.711E-16  6.572E-16
1.738E+02  2.249E-25  1.037E-15  3.760E-16  6.606E-16
1.722E+02  2.287E-25  1.045E-15  3.809E-16  6.638E-16
1.706E+02  2.326E-25  1.052E-15  3.857E-16  6.668E-16
1.690E+02  2.364E-25  1.060E-15  3.905E-16  6.696E-16
1.675E+02  2.403E-25  1.068E-15  3.954E-16  6.722E-16
1.660E+02  2.441E-25  1.075E-15  4.002E-16  6.746E-16
1.644E+02  2.480E-25  1.082E-15  4.049E-16  6.768E-16
1.629E+02  2.519E-25  1.089E-15  4.097E-16  6.788E-16
1.614E+02  2.557E-25  1.095E-15  4.144E-16  6.806E-16
1.600E+02  2.596E-25  1.101E-15  4.191E-16  6.822E-16
1.585E+02  2.634E-25  1.107E-15  4.237E-16  6.836E-16
1.570E+02  2.672E-25  1.113E-15  4.283E-16  6.847E-16
1.556E+02  2.710E-25  1.119E-15  4.329E-16  6.856E-16
1.542E+02  2.748E-25  1.124E-15  4.374E-16  6.863E-16
1.528E+02  2.785E-25  1.129E-15  4.419E-16  6.868E-16
1.514E+02  2.823E-25  1.133E-15  4.463E-16  6.870E-16
1.500E+02  2.860E-25  1.138E-15  4.507E-16  6.871E-16
1.486E+02  2.897E-25  1.142E-15  4.550E-16  6.869E-16
1.472E+02  2.933E-25  1.146E-15  4.592E-16  6.864E-16
1.459E+02  2.970E-25  1.149E-15  4.634E-16  6.858E-16
1.445E+02  3.006E-25  1.152E-15  4.676E-16  6.849E-16
1.432E+02  3.041E-25  1.155E-15  4.716E-16  6.837E-16
1.419E+02  3.076E-25  1.158E-15  4.756E-16  6.824E-16
1.406E+02  3.111E-25  1.160E-15  4.796E-16  6.808E-16
1.393E+02  3.145E-25  1.162E-15  4.834E-16  6.789E-16
1.380E+02  3.179E-25  1.164E-15  4.872E-16  6.769E-16
1.368E+02  3.212E-25  1.165E-15  4.909E-16  6.746E-16
1.355E+02  3.245E-25  1.167E-15  4.945E-16  6.720E-16
1.343E+02  3.277E-25  1.167E-15  4.981E-16  6.693E-16
1.330E+02  3.309E-25  1.168E-15  5.016E-16  6.662E-16
1.318E+02  3.340E-25  1.168E-15  5.049E-16  6.630E-16
1.306E+02  3.370E-25  1.168E-15  5.082E-16  6.595E-16
1.294E+02  3.400E-25  1.167E-15  5.115E-16  6.558E-16
1.282E+02  3.429E-25  1.166E-15  5.146E-16  6.519E-16
1.271E+02  3.458E-25  1.165E-15  5.176E-16  6.477E-16
1.259E+02  3.485E-25  1.164E-15  5.205E-16  6.434E-16
1.247E+02  3.512E-25  1.162E-15  5.233E-16  6.388E-16
1.236E+02  3.539E-25  1.160E-15  5.261E-16  6.341E-16
1.225E+02  3.564E-25  1.158E-15  5.287E-16  6.291E-16
1.213E+02  3.589E-25  1.155E-15  5.312E-16  6.239E-16
1.202E+02  3.613E-25  1.152E-15  5.336E-16  6.186E-16
1.191E+02  3.636E-25  1.149E-15  5.359E-16  6.131E-16
1.180E+02  3.659E-25  1.145E-15  5.381E-16  6.073E-16
1.169E+02  3.680E-25  1.142E-15  5.402E-16  6.014E-16
1.159E+02  3.700E-25  1.137E-15  5.421E-16  5.953E-16
1.148E+02  3.720E-25  1.133E-15  5.440E-16  5.890E-16
1.138E+02  3.739E-25  1.128E-15  5.457E-16  5.826E-16
1.127E+02  3.757E-25  1.123E-15  5.473E-16  5.760E-16
1.117E+02  3.774E-25  1.118E-15  5.488E-16  5.694E-16
1.107E+02  3.791E-25  1.113E-15  5.502E-16  5.626E-16
1.096E+02  3.807E-25  1.107E-15  5.515E-16  5.556E-16
1.086E+02  3.821E-25  1.101E-15  5.526E-16  5.486E-16
1.076E+02  3.835E-25  1.095E-15  5.536E-16  5.415E-16
1.067E+02  3.848E-25  1.089E-15  5.545E-16  5.342E-16
1.057E+02  3.860E-25  1.082E-15  5.553E-16  5.269E-16
1.047E+02  3.871E-25  1.075E-15  5.559E-16  5.194E-16
1.038E+02  3.882E-25  1.068E-15  5.564E-16  5.119E-16
1.028E+02  3.891E-25  1.061E-15  5.568E-16  5.043E-16
1.019E+02  3.899E-25  1.054E-15  5.571E-16  4.965E-16
1.009E+02  3.907E-25  1.046E-15  5.572E-16  4.887E-16
1.000E+02  3.913E-25  1.038E-15  5.572E-16  4.809E-16
9.908E+01  3.919E-25  1.030E-15  5.570E-16  4.729E-16
9.817E+01  3.924E-25  1.022E-15  5.568E-16  4.650E-16
9.727E+01  3.927E-25  1.013E-15  5.564E-16  4.570E-16
9.638E+01  3.930E-25  1.005E-15  5.558E-16  4.490E-16
9.550E+01  3.932E-25  9.961E-16  5.552E-16  4.410E-16
9.462E+01  3.934E-25  9.873E-16  5.544E-16  4.329E-16
9.376E+01  3.934E-25  9.783E-16  5.534E-16  4.249E-16
9.290E+01  3.933E-25  9.692E-16  5.524E-16  4.168E-16
9.204E+01  3.932E-25  9.600E-16  5.512E-16  4.088E-16
9.120E+01  3.929E-25  9.506E-16  5.499E-16  4.008E-16
9.036E+01  3.926E-25  9.411E-16  5.484E-16  3.927E-16
8.954E+01  3.922E-25  9.316E-16  5.469E-16  3.847E-16
8.872E+01  3.918E-25  9.220E-16  5.452E-16  3.768E-16
8.790E+01  3.913E-25  9.123E-16  5.434E-16  3.689E-16
8.710E+01  3.907E-25  9.025E-16  5.415E-16  3.610E-16
8.630E+01  3.900E-25  8.927E-16  5.395E-16  3.532E-16
8.551E+01  3.893E-25  8.829E-16  5.374E-16  3.454E-16
8.472E+01  3.884E-25  8.730E-16  5.353E-16  3.377E-16
8.395E+01  3.876E-25  8.630E-16  5.330E-16  3.300E-16
8.318E+01  3.866E-25  8.530E-16  5.306E-16  3.225E-16
8.241E+01  3.857E-25  8.431E-16  5.281E-16  3.150E-16
8.166E+01  3.846E-25  8.331E-16  5.256E-16  3.076E-16
8.091E+01  3.835E-25  8.232E-16  5.229E-16  3.002E-16
8.017E+01  3.824E-25  8.132E-16  5.202E-16  2.930E-16
7.943E+01  3.812E-25  8.032E-16  5.174E-16  2.859E-16
7.870E+01  3.800E-25  7.933E-16  5.145E-16  2.788E-16
7.798E+01  3.787E-25  7.834E-16  5.116E-16  2.718E-16
7.727E+01  3.774E-25  7.735E-16  5.085E-16  2.650E-16
7.656E+01  3.761E-25  7.637E-16  5.054E-16  2.583E-16
7.586E+01  3.747E-25  7.539E-16  5.023E-16  2.517E-16
7.516E+01  3.733E-25  7.442E-16  4.990E-16  2.452E-16
7.447E+01  3.718E-25  7.345E-16  4.958E-16  2.387E-16
7.379E+01  3.703E-25  7.249E-16  4.924E-16  2.324E-16
7.311E+01  3.688E-25  7.153E-16  4.890E-16  2.263E-16
7.244E+01  3.673E-25  7.058E-16  4.856E-16  2.202E-16
7.178E+01  3.657E-25  6.963E-16  4.821E-16  2.142E-16
7.112E+01  3.641E-25  6.869E-16  4.786E-16  2.084E-16
7.047E+01  3.625E-25  6.777E-16  4.750E-16  2.027E-16
6.982E+01  3.610E-25  6.686E-16  4.714E-16  1.972E-16
6.918E+01  3.594E-25  6.595E-16  4.678E-16  1.917E-16
6.855E+01  3.577E-25  6.505E-16  4.641E-16  1.864E-16
6.792E+01  3.561E-25  6.416E-16  4.604E-16  1.812E-16
6.730E+01  3.545E-25  6.327E-16  4.567E-16  1.760E-16
6.668E+01  3.528E-25  6.240E-16  4.530E-16  1.711E-16
6.607E+01  3.512E-25  6.154E-16  4.492E-16  1.662E-16
6.546E+01  3.495E-25  6.070E-16  4.454E-16  1.615E-16
6.486E+01  3.479E-25  5.986E-16  4.417E-16  1.569E-16
6.427E+01  3.462E-25  5.903E-16  4.379E-16  1.524E-16
6.368E+01  3.446E-25  5.821E-16  4.341E-16  1.480E-16
6.310E+01  3.430E-25  5.740E-16  4.303E-16  1.438E-16
6.252E+01  3.414E-25  5.661E-16  4.264E-16  1.397E-16
6.194E+01  3.398E-25  5.583E-16  4.226E-16  1.356E-16
6.138E+01  3.382E-25  5.506E-16  4.188E-16  1.318E-16
6.081E+01  3.366E-25  5.430E-16  4.150E-16  1.280E-16
6.026E+01  3.350E-25  5.355E-16  4.112E-16  1.243E-16
5.970E+01  3.335E-25  5.281E-16  4.074E-16  1.207E-16
5.916E+01  3.319E-25  5.208E-16  4.036E-16  1.172E-16
5.861E+01  3.304E-25  5.137E-16  3.999E-16  1.138E-16
5.808E+01  3.288E-25  5.066E-16  3.961E-16  1.105E-16
5.754E+01  3.273E-25  4.996E-16  3.923E-16  1.073E-16
5.702E+01  3.258E-25  4.928E-16  3.886E-16  1.042E-16
5.649E+01  3.243E-25  4.860E-16  3.848E-16  1.012E-16
5.598E+01  3.229E-25  4.794E-16  3.811E-16  9.826E-17
5.546E+01  3.214E-25  4.729E-16  3.774E-16  9.544E-17
5.495E+01  3.200E-25  4.664E-16  3.737E-16  9.271E-17
5.445E+01  3.186E-25  4.601E-16  3.701E-16  9.007E-17
5.395E+01  3.172E-25  4.539E-16  3.664E-16  8.750E-17
5.346E+01  3.158E-25  4.478E-16  3.627E-16  8.502E-17
5.297E+01  3.144E-25  4.417E-16  3.591E-16  8.261E-17
5.248E+01  3.130E-25  4.358E-16  3.555E-16  8.027E-17
5.200E+01  3.117E-25  4.299E-16  3.519E-16  7.801E-17
5.152E+01  3.103E-25  4.241E-16  3.483E-16  7.581E-17
5.105E+01  3.090E-25  4.184E-16  3.447E-16  7.368E-17
5.058E+01  3.076E-25  4.128E-16  3.412E-16  7.161E-17
5.012E+01  3.063E-25  4.072E-16  3.376E-16  6.961E-17
4.966E+01  3.050E-25  4.017E-16  3.341E-16  6.766E-17
4.920E+01  3.036E-25  3.963E-16  3.305E-16  6.577E-17
4.875E+01  3.023E-25  3.910E-16  3.270E-16  6.395E-17
4.831E+01  3.010E-25  3.857E-16  3.235E-16  6.217E-17
4.786E+01  2.996E-25  3.804E-16  3.200E-16  6.046E-17
4.742E+01  2.983E-25  3.753E-16  3.165E-16  5.879E-17
4.699E+01  2.969E-25  3.701E-16  3.129E-16  5.718E-17
4.656E+01  2.956E-25  3.650E-16  3.094E-16  5.561E-17
4.613E+01  2.942E-25  3.600E-16  3.059E-16  5.409E-17
4.571E+01  2.928E-25  3.550E-16  3.024E-16  5.262E-17
4.529E+01  2.913E-25  3.500E-16  2.988E-16  5.119E-17
4.487E+01  2.899E-25  3.451E-16  2.952E-16  4.981E-17
4.446E+01  2.884E-25  3.401E-16  2.917E-16  4.847E-17
4.406E+01  2.869E-25  3.352E-16  2.881E-16  4.717E-17
4.365E+01  2.853E-25  3.304E-16  2.845E-16  4.590E-17
4.325E+01  2.837E-25  3.255E-16  2.808E-16  4.467E-17
4.285E+01  2.821E-25  3.206E-16  2.772E-16  4.347E-17
4.246E+01  2.803E-25  3.158E-16  2.735E-16  4.231E-17
4.207E+01  2.786E-25  3.109E-16  2.697E-16  4.118E-17
4.169E+01  2.768E-25  3.060E-16  2.660E-16  4.007E-17
4.130E+01  2.749E-25  3.012E-16  2.622E-16  3.900E-17
4.093E+01  2.729E-25  2.963E-16  2.583E-16  3.795E-17
4.055E+01  2.709E-25  2.914E-16  2.544E-16  3.692E-17
4.018E+01  2.687E-25  2.864E-16  2.505E-16  3.593E-17
3.981E+01  2.665E-25  2.815E-16  2.465E-16  3.495E-17
3.945E+01  2.643E-25  2.765E-16  2.425E-16  3.401E-17
3.908E+01  2.619E-25  2.715E-16  2.384E-16  3.308E-17
3.873E+01  2.594E-25  2.665E-16  2.343E-16  3.218E-17
3.837E+01  2.568E-25  2.614E-16  2.301E-16  3.130E-17
3.802E+01  2.542E-25  2.563E-16  2.259E-16  3.044E-17
3.767E+01  2.514E-25  2.512E-16  2.216E-16  2.960E-17
3.733E+01  2.485E-25  2.460E-16  2.173E-16  2.877E-17
3.698E+01  2.455E-25  2.409E-16  2.129E-16  2.795E-17
3.664E+01  2.424E-25  2.356E-16  2.085E-16  2.716E-17
3.631E+01  2.392E-25  2.304E-16  2.040E-16  2.639E-17
3.597E+01  2.359E-25  2.251E-16  1.995E-16  2.564E-17
3.565E+01  2.325E-25  2.199E-16  1.950E-16  2.491E-17
3.532E+01  2.291E-25  2.146E-16  1.904E-16  2.420E-17
3.499E+01  2.255E-25  2.093E-16  1.858E-16  2.351E-17
3.467E+01  2.218E-25  2.040E-16  1.812E-16  2.283E-17
3.436E+01  2.181E-25  1.987E-16  1.766E-16  2.218E-17
3.404E+01  2.143E-25  1.935E-16  1.719E-16  2.154E-17
3.373E+01  2.104E-25  1.882E-16  1.673E-16  2.092E-17
3.342E+01  2.065E-25  1.830E-16  1.627E-16  2.032E-17
3.311E+01  2.025E-25  1.778E-16  1.581E-16  1.974E-17
3.281E+01  1.985E-25  1.727E-16  1.535E-16  1.918E-17
3.251E+01  1.944E-25  1.676E-16  1.490E-16  1.863E-17
3.221E+01  1.903E-25  1.626E-16  1.445E-16  1.809E-17
3.192E+01  1.862E-25  1.577E-16  1.401E-16  1.757E-17
3.162E+01  1.821E-25  1.528E-16  1.357E-16  1.707E-17
3.133E+01  1.781E-25  1.480E-16  1.314E-16  1.657E-17
3.105E+01  1.740E-25  1.433E-16  1.272E-16  1.609E-17
3.076E+01  1.699E-25  1.387E-16  1.230E-16  1.563E-17
3.048E+01  1.659E-25  1.341E-16  1.190E-16  1.517E-17
3.020E+01  1.619E-25  1.297E-16  1.150E-16  1.472E-17
2.992E+01  1.580E-25  1.254E-16  1.111E-16  1.429E-17
2.965E+01  1.541E-25  1.212E-16  1.074E-16  1.386E-17
2.938E+01  1.503E-25  1.171E-16  1.037E-16  1.344E-17
2.911E+01  1.466E-25  1.132E-16  1.001E-16  1.303E-17
2.884E+01  1.429E-25  1.093E-16  9.669E-17  1.264E-17
2.858E+01  1.393E-25  1.056E-16  9.335E-17  1.225E-17
2.831E+01  1.358E-25  1.020E-16  9.011E-17  1.187E-17
2.805E+01  1.324E-25  9.850E-17  8.699E-17  1.150E-17
2.780E+01  1.290E-25  9.513E-17  8.398E-17  1.114E-17
2.754E+01  1.258E-25  9.187E-17  8.108E-17  1.079E-17
2.729E+01  1.226E-25  8.874E-17  7.828E-17  1.045E-17
2.704E+01  1.195E-25  8.571E-17  7.559E-17  1.012E-17
2.679E+01  1.165E-25  8.280E-17  7.300E-17  9.801E-18
2.655E+01  1.136E-25  7.999E-17  7.050E-17  9.486E-18
2.630E+01  1.108E-25  7.729E-17  6.811E-17  9.180E-18
2.606E+01  1.080E-25  7.468E-17  6.580E-17  8.882E-18
2.582E+01  1.054E-25  7.218E-17  6.359E-17  8.591E-18
2.559E+01  1.028E-25  6.977E-17  6.146E-17  8.308E-18
2.535E+01  1.003E-25  6.745E-17  5.941E-17  8.032E-18
2.512E+01  9.787E-26  6.521E-17  5.745E-17  7.764E-18
2.489E+01  9.552E-26  6.306E-17  5.556E-17  7.502E-18
2.466E+01  9.323E-26  6.099E-17  5.374E-17  7.245E-18
2.443E+01  9.101E-26  5.899E-17  5.199E-17  6.995E-18
2.421E+01  8.885E-26  5.706E-17  5.031E-17  6.749E-18
2.399E+01  8.674E-26  5.519E-17  4.869E-17  6.506E-18
2.377E+01  8.470E-26  5.340E-17  4.712E-17  6.273E-18
2.355E+01  8.272E-26  5.167E-17  4.562E-17  6.054E-18
2.333E+01  8.079E-26  5.001E-17  4.417E-17  5.836E-18
2.312E+01  7.890E-26  4.839E-17  4.277E-17  5.617E-18
2.291E+01  7.706E-26  4.683E-17  4.142E-17  5.406E-18
2.270E+01  7.529E-26  4.533E-17  4.012E-17  5.211E-18
2.249E+01  7.357E-26  4.389E-17  3.886E-17  5.027E-18
2.228E+01  7.190E-26  4.250E-17  3.765E-17  4.852E-18
2.208E+01  7.026E-26  4.115E-17  3.647E-17  4.678E-18
2.188E+01  6.864E-26  3.984E-17  3.534E-17  4.500E-18
2.168E+01  6.706E-26  3.856E-17  3.424E-17  4.324E-18
2.148E+01  6.551E-26  3.732E-17  3.317E-17  4.153E-18
2.128E+01  6.401E-26  3.613E-17  3.214E-17  3.992E-18
2.109E+01  6.254E-26  3.498E-17  3.114E-17  3.840E-18
2.089E+01  6.111E-26  3.387E-17  3.018E-17  3.690E-18
2.070E+01  5.970E-26  3.278E-17  2.924E-17  3.542E-18
2.051E+01  5.833E-26  3.173E-17  2.834E-17  3.397E-18
2.032E+01  5.699E-26  3.072E-17  2.747E-17  3.259E-18
2.014E+01  5.572E-26  2.976E-17  2.663E-17  3.137E-18
1.995E+01  5.449E-26  2.884E-17  2.582E-17  3.017E-18
1.977E+01  5.331E-26  2.796E-17  2.506E-17  2.897E-18
1.959E+01  5.222E-26  2.713E-17  2.436E-17  2.776E-18
1.941E+01  5.129E-26  2.640E-17  2.375E-17  2.653E-18
1.923E+01  5.077E-26  2.590E-17  2.337E-17  2.528E-18
1.905E+01  5.147E-26  2.602E-17  2.361E-17  2.403E-18
1.888E+01  5.171E-26  2.590E-17  2.362E-17  2.277E-18
1.871E+01  4.818E-26  2.391E-17  2.176E-17  2.150E-18
1.854E+01  4.626E-26  2.274E-17  2.072E-17  2.024E-18
1.837E+01  4.521E-26  2.203E-17  2.013E-17  1.899E-18
1.820E+01  4.470E-26  2.158E-17  1.980E-17  1.776E-18
1.803E+01  4.505E-26  2.155E-17  1.989E-17  1.656E-18
1.786E+01  4.645E-26  2.201E-17  2.047E-17  1.540E-18
1.770E+01  4.550E-26  2.136E-17  1.994E-17  1.426E-18
1.754E+01  4.671E-26  2.173E-17  2.042E-17  1.317E-18
1.738E+01  5.121E-26  2.361E-17  2.239E-17  1.212E-18
1.722E+01  4.889E-26  2.233E-17  2.122E-17  1.112E-18
1.706E+01  4.759E-26  2.154E-17  2.052E-17  1.019E-18
1.690E+01  4.491E-26  2.014E-17  1.921E-17  9.315E-19
1.675E+01  4.158E-26  1.847E-17  1.762E-17  8.497E-19
1.660E+01  4.072E-26  1.793E-17  1.715E-17  7.726E-19
1.644E+01  4.515E-26  1.970E-17  1.899E-17  7.011E-19
1.629E+01  3.383E-26  1.462E-17  1.399E-17  6.350E-19
1.614E+01  2.878E-26  1.232E-17  1.175E-17  5.746E-19
1.600E+01  2.642E-26  1.121E-17  1.069E-17  5.194E-19
1.585E+01  2.465E-26  1.036E-17  9.895E-18  4.690E-19
1.570E+01  2.285E-26  9.518E-18  9.095E-18  4.232E-19
1.556E+01  2.144E-26  8.847E-18  8.466E-18  3.815E-19
1.542E+01  2.024E-26  8.278E-18  7.935E-18  3.438E-19
1.528E+01  1.918E-26  7.773E-18  7.463E-18  3.098E-19
1.514E+01  1.822E-26  7.316E-18  7.037E-18  2.791E-19
1.500E+01  1.735E-26  6.903E-18  6.651E-18  2.517E-19
1.486E+01  1.657E-26  6.530E-18  6.304E-18  2.268E-19
1.472E+01  1.589E-26  6.204E-18  6.000E-18  2.042E-19
1.459E+01  1.535E-26  5.939E-18  5.755E-18  1.840E-19
1.445E+01  1.507E-26  5.779E-18  5.613E-18  1.665E-19
1.432E+01  1.531E-26  5.816E-18  5.664E-18  1.513E-19
1.419E+01  1.561E-26  5.876E-18  5.737E-18  1.384E-19
1.406E+01  1.439E-26  5.366E-18  5.238E-18  1.277E-19
1.393E+01  1.350E-26  4.991E-18  4.872E-18  1.189E-19
1.380E+01  1.341E-26  4.910E-18  4.798E-18  1.117E-19
1.368E+01  1.395E-26  5.061E-18  4.955E-18  1.058E-19
1.355E+01  1.471E-26  5.286E-18  5.186E-18  1.008E-19
1.343E+01  1.437E-26  5.117E-18  5.021E-18  9.626E-20
1.330E+01  1.299E-26  4.583E-18  4.491E-18  9.195E-20
1.318E+01  1.203E-26  4.206E-18  4.118E-18  8.787E-20
1.306E+01  1.193E-26  4.134E-18  4.050E-18  8.384E-20
1.294E+01  1.275E-26  4.376E-18  4.296E-18  8.002E-20
1.282E+01  1.457E-26  4.957E-18  4.881E-18  7.656E-20
1.271E+01  1.680E-26  5.663E-18  5.589E-18  7.329E-20
1.259E+01  1.687E-26  5.634E-18  5.564E-18  7.009E-20
1.247E+01  1.413E-26  4.674E-18  4.607E-18  6.693E-20
1.236E+01  1.156E-26  3.788E-18  3.725E-18  6.379E-20
1.225E+01  1.035E-26  3.362E-18  3.302E-18  6.061E-20
1.213E+01  1.021E-26  3.285E-18  3.227E-18  5.767E-20
1.202E+01  1.022E-26  3.261E-18  3.206E-18  5.499E-20
1.191E+01  9.370E-27  2.961E-18  2.908E-18  5.236E-20
1.180E+01  8.140E-27  2.549E-18  2.499E-18  4.978E-20
1.169E+01  7.550E-27  2.342E-18  2.295E-18  4.720E-20
1.159E+01  8.018E-27  2.465E-18  2.420E-18  4.453E-20
1.148E+01  9.989E-27  3.042E-18  3.000E-18  4.194E-20
1.138E+01  1.323E-26  3.993E-18  3.953E-18  3.954E-20
1.127E+01  1.638E-26  4.898E-18  4.861E-18  3.728E-20
1.117E+01  1.108E-26  3.282E-18  3.247E-18  3.517E-20
1.107E+01  5.676E-27  1.666E-18  1.633E-18  3.315E-20
1.096E+01  3.868E-27  1.125E-18  1.094E-18  3.115E-20
1.086E+01  3.010E-27  8.674E-19  8.381E-19  2.927E-20
1.076E+01  2.528E-27  7.217E-19  6.942E-19  2.757E-20
1.067E+01  2.216E-27  6.269E-19  6.008E-19  2.602E-20
1.057E+01  1.954E-27  5.478E-19  5.232E-19  2.458E-20
1.047E+01  1.763E-27  4.897E-19  4.665E-19  2.314E-20
1.038E+01  1.617E-27  4.449E-19  4.233E-19  2.161E-20
1.028E+01  1.499E-27  4.086E-19  3.886E-19  1.999E-20
1.019E+01  1.400E-27  3.783E-19  3.599E-19  1.834E-20
1.009E+01  1.317E-27  3.525E-19  3.358E-19  1.676E-20
1.000E+01  1.246E-27  3.306E-19  3.153E-19  1.529E-20
9.908E+00  1.186E-27  3.118E-19  2.978E-19  1.397E-20
9.817E+00  1.136E-27  2.957E-19  2.830E-19  1.276E-20
9.727E+00  1.093E-27  2.821E-19  2.705E-19  1.165E-20
9.638E+00  1.059E-27  2.708E-19  2.602E-19  1.061E-20
9.550E+00  1.033E-27  2.616E-19  2.521E-19  9.591E-21
9.462E+00  1.015E-27  2.546E-19  2.461E-19  8.574E-21
9.376E+00  1.005E-27  2.500E-19  2.424E-19  7.561E-21
9.290E+00  1.006E-27  2.480E-19  2.414E-19  6.561E-21
9.204E+00  1.021E-27  2.493E-19  2.437E-19  5.600E-21
9.120E+00  1.054E-27  2.550E-19  2.503E-19  4.706E-21
9.036E+00  1.114E-27  2.670E-19  2.631E-19  3.901E-21
8.954E+00  1.215E-27  2.887E-19  2.855E-19  3.204E-21
8.872E+00  1.386E-27  3.262E-19  3.236E-19  2.620E-21
8.790E+00  1.670E-27  3.893E-19  3.872E-19  2.140E-21
8.710E+00  2.085E-27  4.818E-19  4.800E-19  1.752E-21
8.630E+00  2.403E-27  5.501E-19  5.486E-19  1.440E-21
8.551E+00  2.199E-27  4.988E-19  4.977E-19  1.187E-21
8.472E+00  1.796E-27  4.036E-19  4.026E-19  9.761E-22
8.395E+00  1.564E-27  3.484E-19  3.476E-19  7.956E-22
8.318E+00  1.473E-27  3.251E-19  3.244E-19  6.378E-22
8.241E+00  1.459E-27  3.189E-19  3.184E-19  5.009E-22
8.166E+00  1.530E-27  3.313E-19  3.309E-19  3.845E-22
8.091E+00  1.709E-27  3.667E-19  3.664E-19  2.928E-22
8.017E+00  2.000E-27  4.254E-19  4.251E-19  2.211E-22
7.943E+00  2.351E-27  4.954E-19  4.953E-19  1.664E-22
7.870E+00  2.577E-27  5.380E-19  5.379E-19  1.248E-22
7.798E+00  2.514E-27  5.201E-19  5.200E-19  9.352E-23
7.727E+00  2.335E-27  4.787E-19  4.786E-19  7.041E-23
7.656E+00  2.223E-27  4.514E-19  4.513E-19  5.342E-23
7.586E+00  1.993E-27  4.009E-19  4.009E-19  4.092E-23
7.516E+00  1.537E-27  3.065E-19  3.065E-19  3.189E-23
7.447E+00  1.107E-27  2.188E-19  2.187E-19  2.537E-23
7.379E+00  8.110E-28  1.587E-19  1.587E-19  2.049E-23
7.311E+00  6.132E-28  1.189E-19  1.189E-19  1.687E-23
7.244E+00  4.745E-28  9.119E-20  9.117E-20  1.404E-23
7.178E+00  3.734E-28  7.109E-20  7.108E-20  1.176E-23
7.112E+00  2.986E-28  5.634E-20  5.633E-20  9.944E-24
7.047E+00  2.438E-28  4.558E-20  4.557E-20  8.458E-24
6.982E+00  2.045E-28  3.788E-20  3.787E-20  7.193E-24
6.918E+00  1.774E-28  3.255E-20  3.255E-20  6.129E-24
6.855E+00  1.594E-28  2.899E-20  2.898E-20  5.221E-24
6.792E+00  1.471E-28  2.650E-20  2.649E-20  4.443E-24
6.730E+00  1.357E-28  2.422E-20  2.422E-20  3.778E-24
6.668E+00  1.215E-28  2.148E-20  2.148E-20  3.207E-24
6.607E+00  1.054E-28  1.847E-20  1.846E-20  2.718E-24
6.546E+00  9.196E-29  1.597E-20  1.597E-20  2.299E-24
6.486E+00  8.516E-29  1.465E-20  1.465E-20  1.942E-24
6.427E+00  8.786E-29  1.498E-20  1.498E-20  1.637E-24
6.368E+00  1.050E-28  1.774E-20  1.774E-20  1.377E-24
6.310E+00  1.466E-28  2.454E-20  2.454E-20  1.156E-24
6.252E+00  2.080E-28  3.449E-20  3.449E-20  9.690E-25
6.194E+00  1.902E-28  3.125E-20  3.125E-20  8.103E-25
6.138E+00  1.059E-28  1.724E-20  1.724E-20  6.757E-25
6.081E+00  5.587E-29  9.012E-21  9.012E-21  5.626E-25
6.026E+00  3.279E-29  5.241E-21  5.241E-21  4.678E-25
5.970E+00  2.151E-29  3.407E-21  3.406E-21  3.884E-25
5.916E+00  1.559E-29  2.447E-21  2.446E-21  3.220E-25
5.861E+00  1.251E-29  1.946E-21  1.945E-21  2.666E-25
5.808E+00  1.134E-29  1.746E-21  1.746E-21  2.205E-25
5.754E+00  1.155E-29  1.763E-21  1.763E-21  1.821E-25
5.702E+00  1.122E-29  1.697E-21  1.697E-21  1.502E-25
5.649E+00  8.312E-30  1.246E-21  1.245E-21  1.238E-25
5.598E+00  5.452E-30  8.095E-22  8.094E-22  1.018E-25
5.546E+00  3.782E-30  5.564E-22  5.563E-22  8.364E-26
5.495E+00  2.861E-30  4.170E-22  4.169E-22  6.863E-26
5.445E+00  2.352E-30  3.398E-22  3.397E-22  5.624E-26
5.395E+00  2.124E-30  3.039E-22  3.039E-22  4.602E-26
5.346E+00  2.144E-30  3.040E-22  3.040E-22  3.760E-26
5.297E+00  2.278E-30  3.201E-22  3.200E-22  3.067E-26
5.248E+00  1.967E-30  2.738E-22  2.738E-22  2.499E-26
5.200E+00  1.318E-30  1.818E-22  1.818E-22  2.032E-26
5.152E+00  8.741E-31  1.195E-22  1.194E-22  1.651E-26
5.105E+00  6.234E-31  8.442E-23  8.441E-23  1.339E-26
5.058E+00  4.715E-31  6.327E-23  6.326E-23  1.084E-26
5.012E+00  3.703E-31  4.922E-23  4.921E-23  8.761E-27
4.966E+00  2.975E-31  3.919E-23  3.919E-23  7.072E-27
4.920E+00  2.427E-31  3.168E-23  3.167E-23  5.699E-27
4.875E+00  2.000E-31  2.586E-23  2.586E-23  4.583E-27
4.831E+00  1.659E-31  2.126E-23  2.125E-23  3.680E-27
4.786E+00  1.383E-31  1.756E-23  1.756E-23  2.949E-27
4.742E+00  1.157E-31  1.456E-23  1.456E-23  2.359E-27
4.699E+00  9.710E-32  1.210E-23  1.210E-23  1.883E-27
4.656E+00  8.164E-32  1.008E-23  1.008E-23  1.501E-27
4.613E+00  6.875E-32  8.412E-24  8.411E-24  1.194E-27
4.571E+00  5.796E-32  7.027E-24  7.026E-24  9.474E-28
4.529E+00  4.890E-32  5.875E-24  5.874E-24  7.504E-28
4.487E+00  4.129E-32  4.915E-24  4.914E-24  5.932E-28
4.446E+00  3.488E-32  4.113E-24  4.113E-24  4.680E-28
4.406E+00  2.947E-32  3.444E-24  3.443E-24  3.685E-28
4.365E+00  2.490E-32  2.883E-24  2.883E-24  2.895E-28
4.325E+00  2.104E-32  2.414E-24  2.414E-24  2.270E-28
4.285E+00  1.778E-32  2.021E-24  2.021E-24  1.776E-28
4.246E+00  1.502E-32  1.692E-24  1.692E-24  1.386E-28
4.207E+00  1.268E-32  1.416E-24  1.415E-24  1.079E-28
4.169E+00  1.071E-32  1.184E-24  1.184E-24  8.384E-29
4.130E+00  9.037E-33  9.901E-25  9.901E-25  6.498E-29
4.093E+00  7.623E-33  8.275E-25  8.274E-25  5.022E-29
4.055E+00  6.426E-33  6.912E-25  6.912E-25  3.871E-29
4.018E+00  5.415E-33  5.771E-25  5.771E-25  2.977E-29
3.981E+00  4.560E-33  4.816E-25  4.815E-25  2.283E-29
3.945E+00  3.838E-33  4.016E-25  4.016E-25  1.747E-29
3.908E+00  3.229E-33  3.347E-25  3.347E-25  1.333E-29
3.873E+00  2.715E-33  2.789E-25  2.789E-25  1.015E-29
3.837E+00  2.282E-33  2.322E-25  2.322E-25  7.709E-30
3.802E+00  1.917E-33  1.933E-25  1.933E-25  5.839E-30
3.767E+00  1.610E-33  1.609E-25  1.609E-25  4.412E-30
3.733E+00  1.352E-33  1.339E-25  1.339E-25  3.325E-30
3.698E+00  1.136E-33  1.115E-25  1.115E-25  2.499E-30
3.664E+00  9.555E-34  9.288E-26  9.288E-26  1.873E-30
3.631E+00  8.047E-34  7.750E-26  7.749E-26  1.400E-30
3.597E+00  6.793E-34  6.482E-26  6.482E-26  1.044E-30
3.565E+00  5.759E-34  5.445E-26  5.445E-26  7.760E-31
3.532E+00  4.916E-34  4.605E-26  4.605E-26  5.752E-31
3.499E+00  4.246E-34  3.941E-26  3.941E-26  4.252E-31
3.467E+00  3.741E-34  3.441E-26  3.441E-26  3.134E-31
3.436E+00  3.420E-34  3.117E-26  3.117E-26  2.304E-31
3.404E+00  3.357E-34  3.031E-26  3.031E-26  1.688E-31
3.373E+00  3.817E-34  3.415E-26  3.415E-26  1.233E-31
3.342E+00  6.008E-34  5.326E-26  5.326E-26  8.983E-32
3.311E+00  1.665E-33  1.462E-25  1.462E-25  6.523E-32
3.281E+00  9.553E-34  8.314E-26  8.314E-26  4.722E-32
3.251E+00  2.601E-34  2.243E-26  2.243E-26  3.406E-32
3.221E+00  1.233E-34  1.054E-26  1.054E-26  2.449E-32
3.192E+00  7.649E-35  6.476E-27  6.476E-27  1.755E-32
3.162E+00  5.363E-35  4.499E-27  4.499E-27  1.254E-32
3.133E+00  3.991E-35  3.317E-27  3.317E-27  8.935E-33
3.105E+00  3.063E-35  2.522E-27  2.522E-27  6.345E-33
3.076E+00  2.391E-35  1.951E-27  1.951E-27  4.494E-33
3.048E+00  1.884E-35  1.523E-27  1.523E-27  3.173E-33
3.020E+00  1.492E-35  1.195E-27  1.195E-27  2.233E-33
2.992E+00  1.186E-35  9.410E-28  9.410E-28  1.566E-33
2.965E+00  9.433E-36  7.418E-28  7.418E-28  1.095E-33
2.938E+00  7.508E-36  5.851E-28  5.851E-28  7.628E-34
2.911E+00  5.975E-36  4.613E-28  4.613E-28  5.297E-34
2.884E+00  4.751E-36  3.635E-28  3.635E-28  3.665E-34
2.858E+00  3.775E-36  2.861E-28  2.861E-28  2.527E-34
2.831E+00  2.995E-36  2.249E-28  2.249E-28  1.737E-34
2.805E+00  2.373E-36  1.766E-28  1.766E-28  1.189E-34
2.780E+00  1.877E-36  1.384E-28  1.384E-28  8.116E-35
2.754E+00  1.483E-36  1.083E-28  1.083E-28  5.518E-35
2.729E+00  1.169E-36  8.462E-29  8.462E-29  3.738E-35
2.704E+00  9.199E-37  6.598E-29  6.598E-29  2.523E-35
2.679E+00  7.225E-37  5.134E-29  5.134E-29  1.697E-35
2.655E+00  5.663E-37  3.988E-29  3.988E-29  1.137E-35
2.630E+00  4.430E-37  3.091E-29  3.091E-29  7.586E-36
2.606E+00  3.458E-37  2.391E-29  2.391E-29  5.044E-36
2.582E+00  2.694E-37  1.845E-29  1.845E-29  3.341E-36
2.559E+00  2.094E-37  1.421E-29  1.421E-29  2.205E-36
2.535E+00  1.624E-37  1.092E-29  1.092E-29  1.449E-36
2.512E+00  1.257E-37  8.375E-30  8.375E-30  9.487E-37
2.489E+00  9.704E-38  6.407E-30  6.407E-30  6.187E-37
2.466E+00  7.474E-38  4.889E-30  4.889E-30  4.019E-37
2.443E+00  5.743E-38  3.722E-30  3.722E-30  2.600E-37
2.421E+00  4.402E-38  2.827E-30  2.827E-30  1.675E-37
2.399E+00  3.366E-38  2.142E-30  2.142E-30  1.075E-37
2.377E+00  2.568E-38  1.619E-30  1.619E-30  6.868E-38
2.355E+00  1.954E-38  1.221E-30  1.221E-30  4.370E-38
2.333E+00  1.483E-38  9.178E-31  9.178E-31  2.768E-38
2.312E+00  1.122E-38  6.882E-31  6.882E-31  1.746E-38
2.291E+00  8.470E-39  5.147E-31  5.147E-31  1.097E-38
2.270E+00  6.374E-39  3.838E-31  3.838E-31  6.857E-39
2.249E+00  4.783E-39  2.853E-31  2.853E-31  4.269E-39
2.228E+00  3.577E-39  2.114E-31  2.114E-31  2.646E-39
2.208E+00  2.666E-39  1.562E-31  1.562E-31  1.632E-39
2.188E+00  1.980E-39  1.149E-31  1.149E-31  1.003E-39
2.168E+00  1.465E-39  8.422E-32  8.422E-32  6.130E-40
2.148E+00  1.079E-39  6.146E-32  6.146E-32  3.731E-40
2.128E+00  7.906E-40  4.463E-32  4.463E-32  2.260E-40
2.109E+00  5.761E-40  3.222E-32  3.222E-32  1.363E-40
2.089E+00  4.171E-40  2.311E-32  2.311E-32  8.178E-41
2.070E+00  2.995E-40  1.645E-32  1.645E-32  4.884E-41
2.051E+00  2.129E-40  1.158E-32  1.158E-32  2.903E-41
2.032E+00  1.495E-40  8.059E-33  8.059E-33  1.717E-41
2.014E+00  1.033E-40  5.516E-33  5.516E-33  1.010E-41
1.995E+00  6.987E-41  3.698E-33  3.698E-33  5.917E-42
1.977E+00  4.609E-41  2.417E-33  2.417E-33  3.448E-42
1.959E+00  2.962E-41  1.539E-33  1.539E-33  1.999E-42
1.941E+00  1.879E-41  9.672E-34  9.672E-34  1.153E-42
1.923E+00  1.225E-41  6.249E-34  6.249E-34  6.617E-43
1.905E+00  8.723E-42  4.409E-34  4.409E-34  3.778E-43
1.888E+00  6.904E-42  3.457E-34  3.457E-34  2.145E-43
1.871E+00  5.764E-42  2.860E-34  2.860E-34  1.212E-43
1.854E+00  4.788E-42  2.354E-34  2.354E-34  6.810E-44
1.837E+00  3.856E-42  1.879E-34  1.879E-34  3.806E-44
1.820E+00  3.006E-42  1.451E-34  1.451E-34  2.116E-44
1.803E+00  2.281E-42  1.091E-34  1.091E-34  1.170E-44
1.786E+00  1.696E-42  8.039E-35  8.039E-35  6.434E-45
1.770E+00  1.243E-42  5.835E-35  5.835E-35  3.519E-45
1.754E+00  9.002E-43  4.188E-35  4.188E-35  1.914E-45
1.738E+00  6.465E-43  2.980E-35  2.980E-35  1.035E-45
1.722E+00  4.611E-43  2.106E-35  2.106E-35  5.568E-46
1.706E+00  3.271E-43  1.480E-35  1.480E-35  2.978E-46
1.690E+00  2.310E-43  1.036E-35  1.036E-35  1.583E-46
1.675E+00  1.625E-43  7.221E-36  7.221E-36  8.369E-47
1.660E+00  1.140E-43  5.017E-36  5.017E-36  4.398E-47
1.644E+00  7.969E-44  3.476E-36  3.476E-36  2.298E-47
1.629E+00  5.558E-44  2.402E-36  2.402E-36  1.193E-47
1.614E+00  3.867E-44  1.656E-36  1.656E-36  6.160E-48
1.600E+00  2.686E-44  1.140E-36  1.140E-36  3.161E-48
1.585E+00  1.863E-44  7.831E-37  7.831E-37  1.612E-48
1.570E+00  1.290E-44  5.373E-37  5.373E-37  8.170E-49
1.556E+00  8.923E-45  3.683E-37  3.683E-37  4.115E-49
1.542E+00  6.167E-45  2.522E-37  2.522E-37  2.060E-49
1.528E+00  4.260E-45  1.726E-37  1.726E-37  1.025E-49
1.514E+00  2.942E-45  1.181E-37  1.181E-37  5.065E-50
1.500E+00  2.032E-45  8.085E-38  8.085E-38  2.488E-50
1.486E+00  1.404E-45  5.536E-38  5.536E-38  1.214E-50
1.472E+00  9.714E-46  3.794E-38  3.794E-38  5.888E-51
1.459E+00  6.728E-46  2.603E-38  2.603E-38  2.837E-51
1.445E+00  4.668E-46  1.790E-38  1.790E-38  1.358E-51
1.432E+00  3.247E-46  1.233E-38  1.233E-38  6.459E-52
1.419E+00  2.264E-46  8.524E-39  8.524E-39  3.052E-52
1.406E+00  1.585E-46  5.911E-39  5.911E-39  1.432E-52
1.393E+00  1.114E-46  4.116E-39  4.116E-39  6.679E-53
1.380E+00  7.863E-47  2.879E-39  2.879E-39  3.094E-53
1.368E+00  5.579E-47  2.024E-39  2.024E-39  1.423E-53
1.355E+00  3.978E-47  1.430E-39  1.430E-39  6.504E-54
1.343E+00  2.850E-47  1.015E-39  1.015E-39  2.952E-54
1.330E+00  2.049E-47  7.231E-40  7.231E-40  1.331E-54
1.318E+00  1.473E-47  5.152E-40  5.152E-40  5.959E-55
1.306E+00  1.055E-47  3.654E-40  3.654E-40  2.650E-55
1.294E+00  7.452E-48  2.558E-40  2.558E-40  1.171E-55
1.282E+00  5.144E-48  1.750E-40  1.750E-40  5.136E-56
1.271E+00  3.430E-48  1.156E-40  1.156E-40  2.238E-56
1.259E+00  2.189E-48  7.309E-41  7.309E-41  9.686E-57
1.247E+00  1.335E-48  4.417E-41  4.417E-41  4.164E-57
1.236E+00  7.831E-49  2.567E-41  2.567E-41  1.778E-57
1.225E+00  4.477E-49  1.454E-41  1.454E-41  7.539E-58
1.213E+00  2.530E-49  8.144E-42  8.144E-42  3.175E-58
1.202E+00  1.432E-49  4.566E-42  4.566E-42  1.328E-58
1.191E+00  8.188E-50  2.587E-42  2.587E-42  5.513E-59
1.180E+00  4.762E-50  1.491E-42  1.491E-42  2.273E-59
1.169E+00  2.828E-50  8.773E-43  8.773E-43  9.308E-60
1.159E+00  1.718E-50  5.282E-43  5.282E-43  3.784E-60
1.148E+00  1.070E-50  3.258E-43  3.258E-43  1.528E-60
1.138E+00  6.831E-51  2.061E-43  2.061E-43  6.123E-61
1.127E+00  4.480E-51  1.340E-43  1.340E-43  2.437E-61
1.117E+00  3.024E-51  8.959E-44  8.959E-44  9.628E-62
1.107E+00  2.107E-51  6.185E-44  6.185E-44  3.777E-62
1.096E+00  1.520E-51  4.420E-44  4.420E-44  1.471E-62
1.086E+00  1.135E-51  3.272E-44  3.272E-44  5.685E-63
1.076E+00  8.717E-52  2.489E-44  2.489E-44  2.181E-63
1.067E+00  6.669E-52  1.887E-44  1.887E-44  8.308E-64
1.057E+00  4.734E-52  1.327E-44  1.327E-44  3.141E-64
1.047E+00  2.844E-52  7.899E-45  7.899E-45  1.178E-64
1.038E+00  1.414E-52  3.890E-45  3.890E-45  4.386E-65
1.028E+00  6.291E-53  1.716E-45  1.716E-45  1.620E-65
1.019E+00  2.740E-53  7.403E-46  7.403E-46  5.938E-66
1.009E+00  1.224E-53  3.277E-46  3.277E-46  2.159E-66
1.000E+00  5.703E-54  1.513E-46  1.513E-46  7.788E-67
