Dust emission spectrum from Draine,B.T., & Li, A. (2007), ApJ, in press [astro-ph/0608003]
==========================================================
         7 = grain model
 4.000E-08 4.000E-01 4.500E-05 = a_01 (cm) , sigma_1 , b_C1
 2.000E-07 5.500E-01 1.500E-05 = a_02 (cm) , sigma_2 , b_C2
 1.000E+04 1.000E+04 1.000E+00 = Umin , Umax, beta (dN/dU propto U^{-beta})
 1.000E+04 = <U>       mmp83 = radfield
 0.000E+00 2.000E-07 = a_{min} (cm), a_{max} (cm)
 1.046E-20 1.015E-20 3.186E-22 = P(tot)  P(carb)  P(sil) (erg s-1 H-1)
 band     <nu*P_nu> <j_nu(tot)><j_nu(carb)><j_nu(sil)>
 (um)   (erg s-1 H-1)(Jy/(sr*H))(Jy/(sr*H))(Jy/(sr*H))
1.270E+00  1.867E-22  6.289E-15  6.087E-15  2.020E-16 COBE-DIRBE
2.220E+00  2.404E-22  1.416E-14  1.353E-14  6.313E-16 COBE-DIRBE
3.530E+00  1.577E-21  1.477E-13  1.466E-13  1.160E-15 COBE-DIRBE
4.880E+00  7.285E-22  9.430E-14  9.271E-14  1.591E-15 COBE-DIRBE
1.229E+01  6.027E-21  1.965E-12  1.916E-12  4.885E-14 COBE-DIRBE
2.079E+01  2.308E-21  1.273E-12  1.158E-12  1.147E-13 COBE-DIRBE
5.599E+01  1.329E-22  1.973E-13  1.305E-13  6.686E-14 COBE-DIRBE
9.770E+01  1.669E-23  4.325E-14  2.278E-14  2.046E-14 COBE-DIRBE
1.479E+02  3.188E-24  1.251E-14  5.659E-15  6.848E-15 COBE-DIRBE
2.479E+02  3.602E-25  2.368E-15  9.341E-16  1.434E-15 COBE-DIRBE
1.200E+01  6.873E-21  2.188E-12  2.140E-12  4.745E-14 IRAS
2.500E+01  1.637E-21  1.086E-12  9.559E-13  1.299E-13 IRAS
6.000E+01  1.200E-22  1.909E-13  1.264E-13  6.453E-14 IRAS
1.000E+02  1.475E-23  3.914E-14  2.030E-14  1.883E-14 IRAS
3.550E+00  1.834E-21  1.727E-13  1.715E-13  1.169E-15 SST-IRAC
4.493E+00  5.263E-22  6.272E-14  6.125E-14  1.468E-15 SST-IRAC
5.731E+00  4.312E-21  6.556E-13  6.536E-13  1.982E-15 SST-IRAC
7.872E+00  1.066E-20  2.226E-12  2.209E-12  1.716E-14 SST-IRAC
2.368E+01  1.327E-21  8.335E-13  7.152E-13  1.183E-13 SST-MIPS
7.142E+01  4.772E-23  9.041E-14  5.321E-14  3.720E-14 SST-MIPS
1.559E+02  2.140E-24  8.850E-15  3.853E-15  4.997E-15 SST-MIPS
1.600E+01  3.830E-21  1.625E-12  1.562E-12  6.330E-14 SST-IRSPU
2.200E+01  1.632E-21  9.524E-13  8.323E-13  1.201E-13 SST-IRSPU
7.500E+01  4.116E-23  8.188E-14  4.807E-14  3.381E-14 Herschel-PACS
1.100E+02  9.887E-24  2.885E-14  1.477E-14  1.408E-14 Herschel-PACS
1.700E+02  1.660E-24  7.486E-15  3.277E-15  4.208E-15 Herschel-PACS
2.500E+02  2.772E-25  1.838E-15  7.135E-16  1.125E-15 Herschel-SPIRE
3.600E+02  4.893E-26  4.672E-16  1.780E-16  2.892E-16 Herschel-SPIRE
5.200E+02  8.932E-27  1.232E-16  4.521E-17  7.799E-17 Herschel-SPIRE
2.400E+00  2.668E-22  1.698E-14  1.628E-14  7.007E-16 Akari IRC NIR N2
3.200E+00  1.204E-21  1.022E-13  1.012E-13  1.035E-15 Akari IRC NIR N3
4.100E+00  6.032E-22  6.560E-14  6.426E-14  1.345E-15 Akari IRC NIR N4
7.000E+00  1.209E-20  2.246E-12  2.240E-12  6.106E-15 Akari IRC MIR-S S7
9.000E+00  8.476E-21  2.024E-12  1.990E-12  3.336E-14 Akari IRC MIR-S S9W
1.100E+01  6.251E-21  1.824E-12  1.771E-12  5.249E-14 Akari IRC MIR-S S11
1.500E+01  4.041E-21  1.608E-12  1.547E-12  6.097E-14 Akari IRC MIR-L L15
1.800E+01  2.689E-21  1.284E-12  1.195E-12  8.914E-14 Akari IRC MIR-L L18W
2.400E+01  1.471E-21  9.363E-13  8.089E-13  1.274E-13 Akari IRC MIR-L L24
6.500E+01  6.925E-23  1.194E-13  7.267E-14  4.673E-14 Akari FIS N60
8.000E+01  3.116E-23  6.612E-14  3.788E-14  2.824E-14 Akari FIS WIDE-S
1.400E+02  3.071E-24  1.140E-14  5.124E-15  6.280E-15 Akari FIS WIDE-L
1.600E+02  1.857E-24  7.880E-15  3.378E-15  4.501E-15 Akari FIS N160
 
 
 
 


lambda    nu*dP/dnu     j_nu    j_nu(carb.) j_nu(sil)
 (um)    (erg/(s*H)) (Jy/(sr*H) (Jy/(sr*H)) (Jy/(sr*H)
1.000E+04  2.533E-32  6.720E-21  1.558E-21  5.162E-21
9.908E+03  2.626E-32  6.902E-21  1.602E-21  5.300E-21
9.817E+03  2.722E-32  7.088E-21  1.647E-21  5.442E-21
9.727E+03  2.821E-32  7.280E-21  1.693E-21  5.587E-21
9.638E+03  2.924E-32  7.476E-21  1.740E-21  5.736E-21
9.550E+03  3.031E-32  7.678E-21  1.788E-21  5.890E-21
9.462E+03  3.142E-32  7.885E-21  1.838E-21  6.047E-21
9.376E+03  3.256E-32  8.098E-21  1.890E-21  6.209E-21
9.290E+03  3.375E-32  8.317E-21  1.943E-21  6.375E-21
9.204E+03  3.498E-32  8.542E-21  1.997E-21  6.545E-21
9.120E+03  3.626E-32  8.773E-21  2.053E-21  6.720E-21
9.036E+03  3.759E-32  9.009E-21  2.110E-21  6.900E-21
8.954E+03  3.895E-32  9.252E-21  2.169E-21  7.083E-21
8.872E+03  4.037E-32  9.500E-21  2.229E-21  7.270E-21
8.790E+03  4.184E-32  9.755E-21  2.292E-21  7.463E-21
8.710E+03  4.336E-32  1.002E-20  2.356E-21  7.661E-21
8.630E+03  4.493E-32  1.029E-20  2.421E-21  7.864E-21
8.551E+03  4.657E-32  1.056E-20  2.489E-21  8.073E-21
8.472E+03  4.826E-32  1.085E-20  2.559E-21  8.288E-21
8.395E+03  5.002E-32  1.114E-20  2.630E-21  8.508E-21
8.318E+03  5.184E-32  1.144E-20  2.703E-21  8.735E-21
8.241E+03  5.374E-32  1.175E-20  2.779E-21  8.968E-21
8.166E+03  5.570E-32  1.206E-20  2.857E-21  9.208E-21
8.091E+03  5.773E-32  1.239E-20  2.936E-21  9.454E-21
8.017E+03  5.984E-32  1.272E-20  3.018E-21  9.706E-21
7.943E+03  6.203E-32  1.307E-20  3.103E-21  9.966E-21
7.870E+03  6.429E-32  1.342E-20  3.189E-21  1.023E-20
7.798E+03  6.665E-32  1.379E-20  3.278E-21  1.051E-20
7.727E+03  6.909E-32  1.416E-20  3.370E-21  1.079E-20
7.656E+03  7.162E-32  1.454E-20  3.464E-21  1.108E-20
7.586E+03  7.424E-32  1.494E-20  3.561E-21  1.138E-20
7.516E+03  7.696E-32  1.534E-20  3.660E-21  1.168E-20
7.447E+03  7.979E-32  1.576E-20  3.763E-21  1.200E-20
7.379E+03  8.272E-32  1.619E-20  3.868E-21  1.232E-20
7.311E+03  8.575E-32  1.663E-20  3.976E-21  1.265E-20
7.244E+03  8.890E-32  1.708E-20  4.087E-21  1.300E-20
7.178E+03  9.217E-32  1.755E-20  4.202E-21  1.335E-20
7.112E+03  9.556E-32  1.803E-20  4.319E-21  1.371E-20
7.047E+03  9.908E-32  1.852E-20  4.440E-21  1.408E-20
6.982E+03  1.027E-31  1.903E-20  4.564E-21  1.446E-20
6.918E+03  1.065E-31  1.955E-20  4.692E-21  1.485E-20
6.855E+03  1.104E-31  2.008E-20  4.824E-21  1.526E-20
6.792E+03  1.145E-31  2.063E-20  4.959E-21  1.567E-20
6.730E+03  1.187E-31  2.119E-20  5.098E-21  1.609E-20
6.668E+03  1.231E-31  2.177E-20  5.240E-21  1.653E-20
6.607E+03  1.276E-31  2.237E-20  5.387E-21  1.698E-20
6.546E+03  1.323E-31  2.298E-20  5.538E-21  1.744E-20
6.486E+03  1.372E-31  2.361E-20  5.694E-21  1.792E-20
6.427E+03  1.423E-31  2.426E-20  5.854E-21  1.841E-20
6.368E+03  1.476E-31  2.493E-20  6.018E-21  1.891E-20
6.310E+03  1.530E-31  2.561E-20  6.187E-21  1.942E-20
6.252E+03  1.587E-31  2.632E-20  6.361E-21  1.996E-20
6.194E+03  1.646E-31  2.704E-20  6.540E-21  2.050E-20
6.138E+03  1.707E-31  2.779E-20  6.723E-21  2.106E-20
6.081E+03  1.770E-31  2.855E-20  6.913E-21  2.164E-20
6.026E+03  1.836E-31  2.934E-20  7.107E-21  2.224E-20
5.970E+03  1.904E-31  3.015E-20  7.307E-21  2.285E-20
5.916E+03  1.975E-31  3.099E-20  7.513E-21  2.348E-20
5.861E+03  2.048E-31  3.185E-20  7.725E-21  2.412E-20
5.808E+03  2.125E-31  3.273E-20  7.943E-21  2.479E-20
5.754E+03  2.204E-31  3.364E-20  8.167E-21  2.547E-20
5.702E+03  2.286E-31  3.457E-20  8.397E-21  2.617E-20
5.649E+03  2.371E-31  3.553E-20  8.635E-21  2.690E-20
5.598E+03  2.460E-31  3.652E-20  8.879E-21  2.764E-20
5.546E+03  2.551E-31  3.754E-20  9.130E-21  2.841E-20
5.495E+03  2.647E-31  3.858E-20  9.388E-21  2.920E-20
5.445E+03  2.746E-31  3.966E-20  9.654E-21  3.001E-20
5.395E+03  2.849E-31  4.077E-20  9.928E-21  3.084E-20
5.346E+03  2.955E-31  4.190E-20  1.021E-20  3.170E-20
5.297E+03  3.066E-31  4.308E-20  1.050E-20  3.258E-20
5.248E+03  3.181E-31  4.428E-20  1.080E-20  3.348E-20
5.200E+03  3.300E-31  4.552E-20  1.110E-20  3.442E-20
5.152E+03  3.424E-31  4.680E-20  1.142E-20  3.538E-20
5.105E+03  3.553E-31  4.811E-20  1.174E-20  3.637E-20
5.058E+03  3.686E-31  4.946E-20  1.208E-20  3.738E-20
5.012E+03  3.825E-31  5.085E-20  1.242E-20  3.843E-20
4.966E+03  3.969E-31  5.228E-20  1.278E-20  3.950E-20
4.920E+03  4.118E-31  5.375E-20  1.314E-20  4.061E-20
4.875E+03  4.273E-31  5.526E-20  1.352E-20  4.175E-20
4.831E+03  4.435E-31  5.682E-20  1.391E-20  4.292E-20
4.786E+03  4.602E-31  5.843E-20  1.430E-20  4.412E-20
4.742E+03  4.776E-31  6.008E-20  1.471E-20  4.536E-20
4.699E+03  4.956E-31  6.177E-20  1.513E-20  4.664E-20
4.656E+03  5.144E-31  6.352E-20  1.557E-20  4.795E-20
4.613E+03  5.338E-31  6.532E-20  1.602E-20  4.931E-20
4.571E+03  5.540E-31  6.718E-20  1.648E-20  5.070E-20
4.529E+03  5.751E-31  6.908E-20  1.695E-20  5.213E-20
4.487E+03  5.969E-31  7.105E-20  1.744E-20  5.361E-20
4.446E+03  6.195E-31  7.307E-20  1.794E-20  5.513E-20
4.406E+03  6.431E-31  7.515E-20  1.846E-20  5.669E-20
4.365E+03  6.675E-31  7.729E-20  1.900E-20  5.830E-20
4.325E+03  6.930E-31  7.950E-20  1.955E-20  5.995E-20
4.285E+03  7.194E-31  8.177E-20  2.011E-20  6.166E-20
4.246E+03  7.468E-31  8.411E-20  2.070E-20  6.342E-20
4.207E+03  7.753E-31  8.652E-20  2.130E-20  6.522E-20
4.169E+03  8.049E-31  8.900E-20  2.192E-20  6.709E-20
4.130E+03  8.356E-31  9.156E-20  2.255E-20  6.900E-20
4.093E+03  8.676E-31  9.419E-20  2.321E-20  7.098E-20
4.055E+03  9.008E-31  9.690E-20  2.389E-20  7.301E-20
4.018E+03  9.353E-31  9.969E-20  2.459E-20  7.510E-20
3.981E+03  9.712E-31  1.026E-19  2.531E-20  7.725E-20
3.945E+03  1.008E-30  1.055E-19  2.605E-20  7.946E-20
3.908E+03  1.047E-30  1.086E-19  2.681E-20  8.174E-20
3.873E+03  1.087E-30  1.117E-19  2.760E-20  8.408E-20
3.837E+03  1.129E-30  1.149E-19  2.841E-20  8.650E-20
3.802E+03  1.172E-30  1.182E-19  2.925E-20  8.899E-20
3.767E+03  1.218E-30  1.217E-19  3.011E-20  9.155E-20
3.733E+03  1.264E-30  1.252E-19  3.100E-20  9.420E-20
3.698E+03  1.313E-30  1.288E-19  3.191E-20  9.692E-20
3.664E+03  1.364E-30  1.326E-19  3.286E-20  9.972E-20
3.631E+03  1.417E-30  1.364E-19  3.383E-20  1.026E-19
3.597E+03  1.472E-30  1.404E-19  3.484E-20  1.056E-19
3.565E+03  1.529E-30  1.445E-19  3.587E-20  1.086E-19
3.532E+03  1.588E-30  1.487E-19  3.694E-20  1.118E-19
3.499E+03  1.649E-30  1.531E-19  3.804E-20  1.151E-19
3.467E+03  1.713E-30  1.576E-19  3.918E-20  1.184E-19
3.436E+03  1.780E-30  1.622E-19  4.035E-20  1.219E-19
3.404E+03  1.849E-30  1.670E-19  4.156E-20  1.254E-19
3.373E+03  1.921E-30  1.719E-19  4.280E-20  1.291E-19
3.342E+03  1.996E-30  1.770E-19  4.409E-20  1.329E-19
3.311E+03  2.074E-30  1.822E-19  4.541E-20  1.368E-19
3.281E+03  2.155E-30  1.876E-19  4.678E-20  1.408E-19
3.251E+03  2.240E-30  1.931E-19  4.819E-20  1.449E-19
3.221E+03  2.327E-30  1.989E-19  4.965E-20  1.492E-19
3.192E+03  2.419E-30  2.048E-19  5.115E-20  1.536E-19
3.162E+03  2.513E-30  2.108E-19  5.270E-20  1.581E-19
3.133E+03  2.612E-30  2.171E-19  5.430E-20  1.628E-19
3.105E+03  2.715E-30  2.236E-19  5.595E-20  1.676E-19
3.076E+03  2.822E-30  2.302E-19  5.766E-20  1.726E-19
3.048E+03  2.933E-30  2.371E-19  5.942E-20  1.777E-19
3.020E+03  3.048E-30  2.442E-19  6.123E-20  1.830E-19
2.992E+03  3.169E-30  2.515E-19  6.311E-20  1.884E-19
2.965E+03  3.293E-30  2.590E-19  6.504E-20  1.940E-19
2.938E+03  3.423E-30  2.667E-19  6.704E-20  1.997E-19
2.911E+03  3.558E-30  2.747E-19  6.910E-20  2.056E-19
2.884E+03  3.699E-30  2.830E-19  7.123E-20  2.117E-19
2.858E+03  3.845E-30  2.914E-19  7.343E-20  2.180E-19
2.831E+03  3.997E-30  3.002E-19  7.570E-20  2.245E-19
2.805E+03  4.155E-30  3.092E-19  7.804E-20  2.312E-19
2.780E+03  4.320E-30  3.186E-19  8.046E-20  2.381E-19
2.754E+03  4.492E-30  3.282E-19  8.296E-20  2.452E-19
2.729E+03  4.670E-30  3.381E-19  8.554E-20  2.525E-19
2.704E+03  4.856E-30  3.483E-19  8.820E-20  2.601E-19
2.679E+03  5.050E-30  3.589E-19  9.096E-20  2.679E-19
2.655E+03  5.251E-30  3.698E-19  9.380E-20  2.760E-19
2.630E+03  5.461E-30  3.810E-19  9.674E-20  2.843E-19
2.606E+03  5.679E-30  3.926E-19  9.977E-20  2.928E-19
2.582E+03  5.906E-30  4.046E-19  1.029E-19  3.016E-19
2.559E+03  6.143E-30  4.169E-19  1.061E-19  3.107E-19
2.535E+03  6.389E-30  4.296E-19  1.095E-19  3.201E-19
2.512E+03  6.645E-30  4.428E-19  1.130E-19  3.298E-19
2.489E+03  6.912E-30  4.563E-19  1.165E-19  3.398E-19
2.466E+03  7.190E-30  4.703E-19  1.202E-19  3.501E-19
2.443E+03  7.480E-30  4.848E-19  1.240E-19  3.607E-19
2.421E+03  7.781E-30  4.997E-19  1.280E-19  3.717E-19
2.399E+03  8.095E-30  5.151E-19  1.321E-19  3.830E-19
2.377E+03  8.422E-30  5.310E-19  1.363E-19  3.947E-19
2.355E+03  8.762E-30  5.474E-19  1.406E-19  4.067E-19
2.333E+03  9.116E-30  5.643E-19  1.451E-19  4.191E-19
2.312E+03  9.486E-30  5.817E-19  1.498E-19  4.320E-19
2.291E+03  9.870E-30  5.998E-19  1.546E-19  4.452E-19
2.270E+03  1.027E-29  6.184E-19  1.596E-19  4.588E-19
2.249E+03  1.069E-29  6.376E-19  1.647E-19  4.729E-19
2.228E+03  1.112E-29  6.574E-19  1.700E-19  4.874E-19
2.208E+03  1.157E-29  6.779E-19  1.755E-19  5.024E-19
2.188E+03  1.205E-29  6.990E-19  1.812E-19  5.178E-19
2.168E+03  1.254E-29  7.208E-19  1.871E-19  5.337E-19
2.148E+03  1.305E-29  7.434E-19  1.932E-19  5.502E-19
2.128E+03  1.358E-29  7.666E-19  1.995E-19  5.672E-19
2.109E+03  1.414E-29  7.906E-19  2.060E-19  5.847E-19
2.089E+03  1.471E-29  8.154E-19  2.127E-19  6.027E-19
2.070E+03  1.532E-29  8.410E-19  2.197E-19  6.214E-19
2.051E+03  1.594E-29  8.675E-19  2.269E-19  6.406E-19
2.032E+03  1.660E-29  8.948E-19  2.343E-19  6.605E-19
2.014E+03  1.728E-29  9.229E-19  2.420E-19  6.809E-19
1.995E+03  1.799E-29  9.520E-19  2.500E-19  7.021E-19
1.977E+03  1.873E-29  9.821E-19  2.582E-19  7.239E-19
1.959E+03  1.950E-29  1.013E-18  2.667E-19  7.463E-19
1.941E+03  2.030E-29  1.045E-18  2.756E-19  7.695E-19
1.923E+03  2.114E-29  1.078E-18  2.847E-19  7.935E-19
1.905E+03  2.201E-29  1.112E-18  2.942E-19  8.182E-19
1.888E+03  2.292E-29  1.148E-18  3.039E-19  8.437E-19
1.871E+03  2.386E-29  1.184E-18  3.140E-19  8.700E-19
1.854E+03  2.485E-29  1.222E-18  3.245E-19  8.972E-19
1.837E+03  2.588E-29  1.261E-18  3.354E-19  9.252E-19
1.820E+03  2.695E-29  1.301E-18  3.466E-19  9.542E-19
1.803E+03  2.806E-29  1.342E-18  3.582E-19  9.841E-19
1.786E+03  2.923E-29  1.385E-18  3.702E-19  1.015E-18
1.770E+03  3.044E-29  1.429E-18  3.826E-19  1.047E-18
1.754E+03  3.171E-29  1.475E-18  3.955E-19  1.080E-18
1.738E+03  3.302E-29  1.522E-18  4.088E-19  1.113E-18
1.722E+03  3.440E-29  1.571E-18  4.226E-19  1.148E-18
1.706E+03  3.583E-29  1.622E-18  4.369E-19  1.185E-18
1.690E+03  3.732E-29  1.674E-18  4.517E-19  1.222E-18
1.675E+03  3.888E-29  1.727E-18  4.670E-19  1.260E-18
1.660E+03  4.050E-29  1.783E-18  4.828E-19  1.300E-18
1.644E+03  4.219E-29  1.840E-18  4.992E-19  1.341E-18
1.629E+03  4.396E-29  1.900E-18  5.162E-19  1.383E-18
1.614E+03  4.579E-29  1.961E-18  5.338E-19  1.427E-18
1.600E+03  4.771E-29  2.024E-18  5.520E-19  1.472E-18
1.585E+03  4.971E-29  2.090E-18  5.709E-19  1.519E-18
1.570E+03  5.179E-29  2.157E-18  5.904E-19  1.567E-18
1.556E+03  5.396E-29  2.227E-18  6.106E-19  1.616E-18
1.542E+03  5.622E-29  2.299E-18  6.316E-19  1.668E-18
1.528E+03  5.858E-29  2.374E-18  6.533E-19  1.720E-18
1.514E+03  6.104E-29  2.451E-18  6.757E-19  1.775E-18
1.500E+03  6.361E-29  2.530E-18  6.990E-19  1.831E-18
1.486E+03  6.628E-29  2.613E-18  7.231E-19  1.889E-18
1.472E+03  6.907E-29  2.698E-18  7.480E-19  1.950E-18
1.459E+03  7.198E-29  2.785E-18  7.739E-19  2.012E-18
1.445E+03  7.502E-29  2.876E-18  8.006E-19  2.076E-18
1.432E+03  7.818E-29  2.970E-18  8.284E-19  2.142E-18
1.419E+03  8.148E-29  3.067E-18  8.571E-19  2.210E-18
1.406E+03  8.492E-29  3.167E-18  8.868E-19  2.280E-18
1.393E+03  8.851E-29  3.271E-18  9.176E-19  2.353E-18
1.380E+03  9.225E-29  3.378E-18  9.496E-19  2.428E-18
1.368E+03  9.615E-29  3.488E-18  9.826E-19  2.506E-18
1.355E+03  1.002E-28  3.603E-18  1.017E-18  2.586E-18
1.343E+03  1.045E-28  3.721E-18  1.052E-18  2.669E-18
1.330E+03  1.089E-28  3.843E-18  1.089E-18  2.754E-18
1.318E+03  1.135E-28  3.969E-18  1.127E-18  2.842E-18
1.306E+03  1.183E-28  4.100E-18  1.167E-18  2.933E-18
1.294E+03  1.233E-28  4.234E-18  1.208E-18  3.027E-18
1.282E+03  1.286E-28  4.374E-18  1.250E-18  3.124E-18
1.271E+03  1.340E-28  4.518E-18  1.294E-18  3.224E-18
1.259E+03  1.397E-28  4.666E-18  1.339E-18  3.327E-18
1.247E+03  1.457E-28  4.820E-18  1.386E-18  3.434E-18
1.236E+03  1.519E-28  4.979E-18  1.435E-18  3.544E-18
1.225E+03  1.583E-28  5.143E-18  1.486E-18  3.657E-18
1.213E+03  1.651E-28  5.313E-18  1.538E-18  3.774E-18
1.202E+03  1.721E-28  5.488E-18  1.593E-18  3.895E-18
1.191E+03  1.794E-28  5.669E-18  1.649E-18  4.020E-18
1.180E+03  1.871E-28  5.857E-18  1.707E-18  4.149E-18
1.169E+03  1.950E-28  6.050E-18  1.768E-18  4.283E-18
1.159E+03  2.033E-28  6.250E-18  1.830E-18  4.420E-18
1.148E+03  2.120E-28  6.457E-18  1.895E-18  4.562E-18
1.138E+03  2.211E-28  6.671E-18  1.962E-18  4.708E-18
1.127E+03  2.305E-28  6.891E-18  2.032E-18  4.860E-18
1.117E+03  2.403E-28  7.120E-18  2.104E-18  5.016E-18
1.107E+03  2.506E-28  7.356E-18  2.179E-18  5.177E-18
1.096E+03  2.613E-28  7.599E-18  2.257E-18  5.343E-18
1.086E+03  2.724E-28  7.851E-18  2.337E-18  5.514E-18
1.076E+03  2.841E-28  8.112E-18  2.420E-18  5.692E-18
1.067E+03  2.962E-28  8.381E-18  2.506E-18  5.874E-18
1.057E+03  3.089E-28  8.659E-18  2.596E-18  6.063E-18
1.047E+03  3.221E-28  8.946E-18  2.689E-18  6.258E-18
1.038E+03  3.359E-28  9.243E-18  2.785E-18  6.459E-18
1.028E+03  3.502E-28  9.550E-18  2.884E-18  6.666E-18
1.019E+03  3.652E-28  9.867E-18  2.987E-18  6.880E-18
1.009E+03  3.808E-28  1.019E-17  3.094E-18  7.101E-18
1.000E+03  3.971E-28  1.053E-17  3.205E-18  7.328E-18
9.908E+02  4.141E-28  1.088E-17  3.320E-18  7.564E-18
9.817E+02  4.319E-28  1.125E-17  3.439E-18  7.808E-18
9.727E+02  4.504E-28  1.162E-17  3.562E-18  8.059E-18
9.638E+02  4.697E-28  1.201E-17  3.690E-18  8.318E-18
9.550E+02  4.898E-28  1.241E-17  3.822E-18  8.586E-18
9.462E+02  5.108E-28  1.282E-17  3.960E-18  8.862E-18
9.376E+02  5.327E-28  1.325E-17  4.102E-18  9.147E-18
9.290E+02  5.556E-28  1.369E-17  4.249E-18  9.442E-18
9.204E+02  5.794E-28  1.415E-17  4.402E-18  9.745E-18
9.120E+02  6.043E-28  1.462E-17  4.561E-18  1.006E-17
9.036E+02  6.302E-28  1.511E-17  4.725E-18  1.038E-17
8.954E+02  6.573E-28  1.561E-17  4.895E-18  1.072E-17
8.872E+02  6.854E-28  1.613E-17  5.071E-18  1.106E-17
8.790E+02  7.148E-28  1.667E-17  5.254E-18  1.141E-17
8.710E+02  7.455E-28  1.722E-17  5.443E-18  1.178E-17
8.630E+02  7.774E-28  1.780E-17  5.639E-18  1.216E-17
8.551E+02  8.108E-28  1.839E-17  5.843E-18  1.255E-17
8.472E+02  8.455E-28  1.900E-17  6.054E-18  1.295E-17
8.395E+02  8.817E-28  1.963E-17  6.272E-18  1.336E-17
8.318E+02  9.195E-28  2.029E-17  6.498E-18  1.379E-17
8.241E+02  9.589E-28  2.096E-17  6.733E-18  1.423E-17
8.166E+02  1.000E-27  2.166E-17  6.976E-18  1.468E-17
8.091E+02  1.043E-27  2.238E-17  7.228E-18  1.515E-17
8.017E+02  1.087E-27  2.313E-17  7.489E-18  1.564E-17
7.943E+02  1.134E-27  2.389E-17  7.760E-18  1.613E-17
7.870E+02  1.183E-27  2.469E-17  8.041E-18  1.665E-17
7.798E+02  1.233E-27  2.551E-17  8.331E-18  1.718E-17
7.727E+02  1.286E-27  2.636E-17  8.633E-18  1.773E-17
7.656E+02  1.341E-27  2.724E-17  8.945E-18  1.829E-17
7.586E+02  1.399E-27  2.814E-17  9.269E-18  1.887E-17
7.516E+02  1.458E-27  2.908E-17  9.604E-18  1.947E-17
7.447E+02  1.521E-27  3.005E-17  9.951E-18  2.010E-17
7.379E+02  1.586E-27  3.105E-17  1.031E-17  2.074E-17
7.311E+02  1.654E-27  3.209E-17  1.068E-17  2.140E-17
7.244E+02  1.726E-27  3.316E-17  1.107E-17  2.209E-17
7.178E+02  1.800E-27  3.427E-17  1.147E-17  2.279E-17
7.112E+02  1.877E-27  3.541E-17  1.189E-17  2.352E-17
7.047E+02  1.958E-27  3.660E-17  1.232E-17  2.428E-17
6.982E+02  2.042E-27  3.782E-17  1.276E-17  2.506E-17
6.918E+02  2.130E-27  3.909E-17  1.323E-17  2.586E-17
6.855E+02  2.222E-27  4.040E-17  1.371E-17  2.669E-17
6.792E+02  2.318E-27  4.175E-17  1.420E-17  2.755E-17
6.730E+02  2.417E-27  4.315E-17  1.472E-17  2.843E-17
6.668E+02  2.521E-27  4.459E-17  1.525E-17  2.934E-17
6.607E+02  2.630E-27  4.609E-17  1.580E-17  3.029E-17
6.546E+02  2.743E-27  4.764E-17  1.637E-17  3.126E-17
6.486E+02  2.862E-27  4.924E-17  1.697E-17  3.227E-17
6.427E+02  2.986E-27  5.090E-17  1.758E-17  3.332E-17
6.368E+02  3.115E-27  5.262E-17  1.822E-17  3.440E-17
6.310E+02  3.250E-27  5.440E-17  1.888E-17  3.552E-17
6.252E+02  3.391E-27  5.623E-17  1.956E-17  3.667E-17
6.194E+02  3.538E-27  5.814E-17  2.027E-17  3.786E-17
6.138E+02  3.692E-27  6.010E-17  2.101E-17  3.910E-17
6.081E+02  3.852E-27  6.214E-17  2.177E-17  4.037E-17
6.026E+02  4.020E-27  6.425E-17  2.256E-17  4.169E-17
5.970E+02  4.194E-27  6.643E-17  2.337E-17  4.305E-17
5.916E+02  4.377E-27  6.868E-17  2.422E-17  4.446E-17
5.861E+02  4.567E-27  7.101E-17  2.510E-17  4.592E-17
5.808E+02  4.766E-27  7.343E-17  2.601E-17  4.742E-17
5.754E+02  4.974E-27  7.593E-17  2.695E-17  4.898E-17
5.702E+02  5.191E-27  7.851E-17  2.792E-17  5.059E-17
5.649E+02  5.418E-27  8.119E-17  2.893E-17  5.225E-17
5.598E+02  5.654E-27  8.396E-17  2.998E-17  5.397E-17
5.546E+02  5.901E-27  8.682E-17  3.107E-17  5.575E-17
5.495E+02  6.159E-27  8.979E-17  3.219E-17  5.760E-17
5.445E+02  6.429E-27  9.286E-17  3.336E-17  5.950E-17
5.395E+02  6.710E-27  9.603E-17  3.456E-17  6.147E-17
5.346E+02  7.004E-27  9.932E-17  3.581E-17  6.351E-17
5.297E+02  7.312E-27  1.027E-16  3.711E-17  6.562E-17
5.248E+02  7.632E-27  1.062E-16  3.845E-17  6.780E-17
5.200E+02  7.967E-27  1.099E-16  3.984E-17  7.005E-17
5.152E+02  8.317E-27  1.137E-16  4.128E-17  7.239E-17
5.105E+02  8.682E-27  1.176E-16  4.277E-17  7.480E-17
5.058E+02  9.064E-27  1.216E-16  4.432E-17  7.730E-17
5.012E+02  9.463E-27  1.258E-16  4.592E-17  7.988E-17
4.966E+02  9.879E-27  1.301E-16  4.758E-17  8.255E-17
4.920E+02  1.031E-26  1.346E-16  4.930E-17  8.532E-17
4.875E+02  1.077E-26  1.393E-16  5.108E-17  8.818E-17
4.831E+02  1.124E-26  1.441E-16  5.292E-17  9.114E-17
4.786E+02  1.174E-26  1.490E-16  5.483E-17  9.420E-17
4.742E+02  1.226E-26  1.542E-16  5.681E-17  9.737E-17
4.699E+02  1.280E-26  1.595E-16  5.886E-17  1.006E-16
4.656E+02  1.336E-26  1.650E-16  6.099E-17  1.040E-16
4.613E+02  1.395E-26  1.707E-16  6.319E-17  1.076E-16
4.571E+02  1.457E-26  1.766E-16  6.546E-17  1.112E-16
4.529E+02  1.521E-26  1.828E-16  6.782E-17  1.149E-16
4.487E+02  1.589E-26  1.891E-16  7.027E-17  1.188E-16
4.446E+02  1.659E-26  1.957E-16  7.280E-17  1.229E-16
4.406E+02  1.732E-26  2.024E-16  7.542E-17  1.270E-16
4.365E+02  1.809E-26  2.095E-16  7.814E-17  1.313E-16
4.325E+02  1.889E-26  2.167E-16  8.095E-17  1.358E-16
4.285E+02  1.973E-26  2.243E-16  8.387E-17  1.404E-16
4.246E+02  2.060E-26  2.321E-16  8.689E-17  1.452E-16
4.207E+02  2.152E-26  2.402E-16  9.001E-17  1.501E-16
4.169E+02  2.247E-26  2.485E-16  9.325E-17  1.553E-16
4.130E+02  2.347E-26  2.572E-16  9.660E-17  1.606E-16
4.093E+02  2.452E-26  2.661E-16  1.001E-16  1.661E-16
4.055E+02  2.561E-26  2.754E-16  1.037E-16  1.718E-16
4.018E+02  2.674E-26  2.850E-16  1.074E-16  1.776E-16
3.981E+02  2.793E-26  2.950E-16  1.113E-16  1.837E-16
3.945E+02  2.918E-26  3.053E-16  1.152E-16  1.901E-16
3.908E+02  3.048E-26  3.160E-16  1.194E-16  1.966E-16
3.873E+02  3.184E-26  3.271E-16  1.237E-16  2.034E-16
3.837E+02  3.326E-26  3.385E-16  1.281E-16  2.104E-16
3.802E+02  3.474E-26  3.504E-16  1.327E-16  2.177E-16
3.767E+02  3.629E-26  3.627E-16  1.375E-16  2.252E-16
3.733E+02  3.791E-26  3.754E-16  1.424E-16  2.330E-16
3.698E+02  3.961E-26  3.885E-16  1.475E-16  2.411E-16
3.664E+02  4.138E-26  4.022E-16  1.528E-16  2.494E-16
3.631E+02  4.323E-26  4.163E-16  1.582E-16  2.581E-16
3.597E+02  4.516E-26  4.309E-16  1.639E-16  2.671E-16
3.565E+02  4.718E-26  4.461E-16  1.698E-16  2.763E-16
3.532E+02  4.929E-26  4.618E-16  1.758E-16  2.860E-16
3.499E+02  5.150E-26  4.780E-16  1.821E-16  2.959E-16
3.467E+02  5.380E-26  4.949E-16  1.886E-16  3.062E-16
3.436E+02  5.621E-26  5.123E-16  1.953E-16  3.169E-16
3.404E+02  5.873E-26  5.303E-16  2.023E-16  3.280E-16
3.373E+02  6.136E-26  5.490E-16  2.095E-16  3.395E-16
3.342E+02  6.411E-26  5.684E-16  2.170E-16  3.513E-16
3.311E+02  6.699E-26  5.884E-16  2.247E-16  3.636E-16
3.281E+02  6.999E-26  6.091E-16  2.328E-16  3.764E-16
3.251E+02  7.313E-26  6.306E-16  2.411E-16  3.896E-16
3.221E+02  7.641E-26  6.529E-16  2.496E-16  4.033E-16
3.192E+02  7.984E-26  6.759E-16  2.585E-16  4.174E-16
3.162E+02  8.343E-26  6.998E-16  2.677E-16  4.321E-16
3.133E+02  8.717E-26  7.245E-16  2.772E-16  4.473E-16
3.105E+02  9.108E-26  7.501E-16  2.871E-16  4.630E-16
3.076E+02  9.517E-26  7.766E-16  2.973E-16  4.793E-16
3.048E+02  9.945E-26  8.040E-16  3.078E-16  4.962E-16
3.020E+02  1.039E-25  8.324E-16  3.188E-16  5.136E-16
2.992E+02  1.086E-25  8.618E-16  3.301E-16  5.318E-16
2.965E+02  1.135E-25  8.923E-16  3.418E-16  5.505E-16
2.938E+02  1.186E-25  9.238E-16  3.539E-16  5.699E-16
2.911E+02  1.239E-25  9.565E-16  3.664E-16  5.900E-16
2.884E+02  1.294E-25  9.903E-16  3.794E-16  6.109E-16
2.858E+02  1.353E-25  1.025E-15  3.928E-16  6.324E-16
2.831E+02  1.413E-25  1.062E-15  4.067E-16  6.548E-16
2.805E+02  1.477E-25  1.099E-15  4.211E-16  6.780E-16
2.780E+02  1.543E-25  1.138E-15  4.360E-16  7.019E-16
2.754E+02  1.613E-25  1.178E-15  4.514E-16  7.267E-16
2.729E+02  1.685E-25  1.220E-15  4.673E-16  7.526E-16
2.704E+02  1.761E-25  1.263E-15  4.838E-16  7.794E-16
2.679E+02  1.841E-25  1.308E-15  5.009E-16  8.072E-16
2.655E+02  1.924E-25  1.355E-15  5.185E-16  8.360E-16
2.630E+02  2.010E-25  1.403E-15  5.368E-16  8.659E-16
2.606E+02  2.101E-25  1.453E-15  5.557E-16  8.968E-16
2.582E+02  2.196E-25  1.504E-15  5.752E-16  9.289E-16
2.559E+02  2.294E-25  1.557E-15  5.954E-16  9.618E-16
2.535E+02  2.397E-25  1.612E-15  6.163E-16  9.957E-16
2.512E+02  2.504E-25  1.669E-15  6.380E-16  1.031E-15
2.489E+02  2.615E-25  1.726E-15  6.604E-16  1.066E-15
2.466E+02  2.729E-25  1.785E-15  6.835E-16  1.101E-15
2.443E+02  2.847E-25  1.845E-15  7.075E-16  1.138E-15
2.421E+02  2.970E-25  1.908E-15  7.323E-16  1.175E-15
2.399E+02  3.098E-25  1.971E-15  7.579E-16  1.214E-15
2.377E+02  3.230E-25  2.037E-15  7.844E-16  1.252E-15
2.355E+02  3.367E-25  2.104E-15  8.118E-16  1.292E-15
2.333E+02  3.510E-25  2.173E-15  8.402E-16  1.333E-15
2.312E+02  3.659E-25  2.244E-15  8.695E-16  1.375E-15
2.291E+02  3.814E-25  2.318E-15  8.998E-16  1.418E-15
2.270E+02  3.976E-25  2.394E-15  9.312E-16  1.463E-15
2.249E+02  4.144E-25  2.472E-15  9.636E-16  1.509E-15
2.228E+02  4.319E-25  2.553E-15  9.972E-16  1.556E-15
2.208E+02  4.501E-25  2.636E-15  1.032E-15  1.604E-15
2.188E+02  4.690E-25  2.721E-15  1.068E-15  1.654E-15
2.168E+02  4.887E-25  2.810E-15  1.105E-15  1.705E-15
2.148E+02  5.093E-25  2.902E-15  1.143E-15  1.759E-15
2.128E+02  5.308E-25  2.996E-15  1.183E-15  1.814E-15
2.109E+02  5.531E-25  3.094E-15  1.224E-15  1.870E-15
2.089E+02  5.763E-25  3.194E-15  1.266E-15  1.928E-15
2.070E+02  6.005E-25  3.298E-15  1.310E-15  1.988E-15
2.051E+02  6.256E-25  3.404E-15  1.355E-15  2.048E-15
2.032E+02  6.518E-25  3.514E-15  1.402E-15  2.112E-15
2.014E+02  6.790E-25  3.627E-15  1.451E-15  2.176E-15
1.995E+02  7.074E-25  3.744E-15  1.501E-15  2.243E-15
1.977E+02  7.369E-25  3.864E-15  1.552E-15  2.312E-15
1.959E+02  7.672E-25  3.986E-15  1.606E-15  2.381E-15
1.941E+02  7.991E-25  4.114E-15  1.661E-15  2.453E-15
1.923E+02  8.317E-25  4.243E-15  1.718E-15  2.525E-15
1.905E+02  8.663E-25  4.378E-15  1.777E-15  2.601E-15
1.888E+02  9.022E-25  4.518E-15  1.838E-15  2.680E-15
1.871E+02  9.396E-25  4.662E-15  1.901E-15  2.761E-15
1.854E+02  9.784E-25  4.811E-15  1.966E-15  2.844E-15
1.837E+02  1.019E-24  4.964E-15  2.034E-15  2.930E-15
1.820E+02  1.061E-24  5.121E-15  2.103E-15  3.018E-15
1.803E+02  1.105E-24  5.282E-15  2.175E-15  3.108E-15
1.786E+02  1.150E-24  5.450E-15  2.249E-15  3.200E-15
1.770E+02  1.197E-24  5.619E-15  2.326E-15  3.293E-15
1.754E+02  1.246E-24  5.796E-15  2.405E-15  3.391E-15
1.738E+02  1.297E-24  5.979E-15  2.487E-15  3.492E-15
1.722E+02  1.349E-24  6.161E-15  2.572E-15  3.590E-15
1.706E+02  1.402E-24  6.347E-15  2.659E-15  3.688E-15
1.690E+02  1.460E-24  6.546E-15  2.749E-15  3.796E-15
1.675E+02  1.519E-24  6.751E-15  2.843E-15  3.908E-15
1.660E+02  1.581E-24  6.961E-15  2.939E-15  4.023E-15
1.644E+02  1.646E-24  7.178E-15  3.038E-15  4.140E-15
1.629E+02  1.713E-24  7.401E-15  3.141E-15  4.260E-15
1.614E+02  1.782E-24  7.631E-15  3.247E-15  4.384E-15
1.600E+02  1.854E-24  7.867E-15  3.356E-15  4.511E-15
1.585E+02  1.929E-24  8.111E-15  3.469E-15  4.642E-15
1.570E+02  2.007E-24  8.362E-15  3.586E-15  4.776E-15
1.556E+02  2.088E-24  8.617E-15  3.706E-15  4.911E-15
1.542E+02  2.172E-24  8.883E-15  3.831E-15  5.052E-15
1.528E+02  2.258E-24  9.148E-15  3.960E-15  5.189E-15
1.514E+02  2.344E-24  9.413E-15  4.092E-15  5.320E-15
1.500E+02  2.435E-24  9.688E-15  4.229E-15  5.458E-15
1.486E+02  2.532E-24  9.980E-15  4.366E-15  5.614E-15
1.472E+02  2.634E-24  1.029E-14  4.512E-15  5.774E-15
1.459E+02  2.739E-24  1.060E-14  4.663E-15  5.937E-15
1.445E+02  2.849E-24  1.092E-14  4.818E-15  6.105E-15
1.432E+02  2.963E-24  1.126E-14  4.979E-15  6.277E-15
1.419E+02  3.078E-24  1.159E-14  5.134E-15  6.454E-15
1.406E+02  3.201E-24  1.194E-14  5.305E-15  6.634E-15
1.393E+02  3.328E-24  1.230E-14  5.481E-15  6.816E-15
1.380E+02  3.460E-24  1.267E-14  5.663E-15  7.006E-15
1.368E+02  3.597E-24  1.305E-14  5.850E-15  7.201E-15
1.355E+02  3.740E-24  1.344E-14  6.044E-15  7.400E-15
1.343E+02  3.888E-24  1.385E-14  6.244E-15  7.605E-15
1.330E+02  4.040E-24  1.426E-14  6.450E-15  7.806E-15
1.318E+02  4.182E-24  1.462E-14  6.663E-15  7.960E-15
1.306E+02  4.341E-24  1.504E-14  6.883E-15  8.156E-15
1.294E+02  4.511E-24  1.549E-14  7.109E-15  8.379E-15
1.282E+02  4.688E-24  1.595E-14  7.343E-15  8.603E-15
1.271E+02  4.871E-24  1.642E-14  7.580E-15  8.836E-15
1.259E+02  5.062E-24  1.690E-14  7.829E-15  9.075E-15
1.247E+02  5.260E-24  1.740E-14  8.085E-15  9.318E-15
1.236E+02  5.465E-24  1.792E-14  8.350E-15  9.569E-15
1.225E+02  5.670E-24  1.842E-14  8.593E-15  9.824E-15
1.213E+02  5.891E-24  1.896E-14  8.874E-15  1.009E-14
1.202E+02  6.120E-24  1.952E-14  9.163E-15  1.035E-14
1.191E+02  6.354E-24  2.008E-14  9.461E-15  1.062E-14
1.180E+02  6.600E-24  2.067E-14  9.769E-15  1.090E-14
1.169E+02  6.848E-24  2.124E-14  1.009E-14  1.116E-14
1.159E+02  7.112E-24  2.186E-14  1.041E-14  1.145E-14
1.148E+02  7.386E-24  2.250E-14  1.075E-14  1.175E-14
1.138E+02  7.649E-24  2.308E-14  1.110E-14  1.199E-14
1.127E+02  7.921E-24  2.369E-14  1.144E-14  1.225E-14
1.117E+02  8.225E-24  2.437E-14  1.181E-14  1.256E-14
1.107E+02  8.541E-24  2.507E-14  1.219E-14  1.288E-14
1.096E+02  8.866E-24  2.579E-14  1.258E-14  1.321E-14
1.086E+02  9.206E-24  2.653E-14  1.298E-14  1.355E-14
1.076E+02  9.558E-24  2.729E-14  1.340E-14  1.389E-14
1.067E+02  9.923E-24  2.807E-14  1.383E-14  1.424E-14
1.057E+02  1.030E-23  2.887E-14  1.427E-14  1.460E-14
1.047E+02  1.069E-23  2.970E-14  1.473E-14  1.497E-14
1.038E+02  1.110E-23  3.054E-14  1.519E-14  1.535E-14
1.028E+02  1.149E-23  3.134E-14  1.560E-14  1.573E-14
1.019E+02  1.190E-23  3.216E-14  1.606E-14  1.610E-14
1.009E+02  1.235E-23  3.307E-14  1.657E-14  1.650E-14
1.000E+02  1.282E-23  3.400E-14  1.710E-14  1.690E-14
9.908E+01  1.328E-23  3.492E-14  1.763E-14  1.729E-14
9.817E+01  1.378E-23  3.590E-14  1.819E-14  1.771E-14
9.727E+01  1.425E-23  3.677E-14  1.876E-14  1.801E-14
9.638E+01  1.478E-23  3.780E-14  1.935E-14  1.845E-14
9.550E+01  1.533E-23  3.884E-14  1.996E-14  1.889E-14
9.462E+01  1.591E-23  3.992E-14  2.058E-14  1.934E-14
9.376E+01  1.650E-23  4.103E-14  2.122E-14  1.981E-14
9.290E+01  1.711E-23  4.215E-14  2.189E-14  2.026E-14
9.204E+01  1.774E-23  4.331E-14  2.257E-14  2.075E-14
9.120E+01  1.840E-23  4.450E-14  2.327E-14  2.123E-14
9.036E+01  1.908E-23  4.572E-14  2.399E-14  2.174E-14
8.954E+01  1.978E-23  4.697E-14  2.473E-14  2.224E-14
8.872E+01  2.050E-23  4.825E-14  2.549E-14  2.276E-14
8.790E+01  2.126E-23  4.956E-14  2.628E-14  2.329E-14
8.710E+01  2.198E-23  5.078E-14  2.698E-14  2.379E-14
8.630E+01  2.278E-23  5.216E-14  2.781E-14  2.434E-14
8.551E+01  2.361E-23  5.354E-14  2.866E-14  2.488E-14
8.472E+01  2.442E-23  5.488E-14  2.943E-14  2.545E-14
8.395E+01  2.531E-23  5.635E-14  3.033E-14  2.602E-14
8.318E+01  2.620E-23  5.781E-14  3.126E-14  2.655E-14
8.241E+01  2.708E-23  5.920E-14  3.220E-14  2.700E-14
8.166E+01  2.806E-23  6.078E-14  3.318E-14  2.761E-14
8.091E+01  2.907E-23  6.239E-14  3.418E-14  2.821E-14
8.017E+01  3.012E-23  6.404E-14  3.521E-14  2.883E-14
7.943E+01  3.119E-23  6.571E-14  3.628E-14  2.943E-14
7.870E+01  3.230E-23  6.744E-14  3.737E-14  3.008E-14
7.798E+01  3.346E-23  6.922E-14  3.849E-14  3.073E-14
7.727E+01  3.465E-23  7.102E-14  3.964E-14  3.139E-14
7.656E+01  3.589E-23  7.289E-14  4.082E-14  3.206E-14
7.586E+01  3.716E-23  7.477E-14  4.203E-14  3.274E-14
7.516E+01  3.848E-23  7.672E-14  4.328E-14  3.344E-14
7.447E+01  3.984E-23  7.871E-14  4.456E-14  3.415E-14
7.379E+01  4.117E-23  8.058E-14  4.576E-14  3.482E-14
7.311E+01  4.261E-23  8.263E-14  4.711E-14  3.552E-14
7.244E+01  4.391E-23  8.438E-14  4.813E-14  3.625E-14
7.178E+01  4.543E-23  8.650E-14  4.952E-14  3.698E-14
7.112E+01  4.702E-23  8.870E-14  5.097E-14  3.773E-14
7.047E+01  4.862E-23  9.088E-14  5.246E-14  3.841E-14
6.982E+01  5.028E-23  9.312E-14  5.399E-14  3.913E-14
6.918E+01  5.203E-23  9.548E-14  5.556E-14  3.992E-14
6.855E+01  5.382E-23  9.786E-14  5.717E-14  4.069E-14
6.792E+01  5.568E-23  1.003E-13  5.883E-14  4.149E-14
6.730E+01  5.758E-23  1.028E-13  6.052E-14  4.226E-14
6.668E+01  5.956E-23  1.054E-13  6.226E-14  4.309E-14
6.607E+01  6.161E-23  1.080E-13  6.405E-14  4.393E-14
6.546E+01  6.366E-23  1.105E-13  6.579E-14  4.476E-14
6.486E+01  6.584E-23  1.133E-13  6.766E-14  4.561E-14
6.427E+01  6.807E-23  1.160E-13  6.959E-14  4.646E-14
6.368E+01  7.038E-23  1.189E-13  7.156E-14  4.732E-14
6.310E+01  7.260E-23  1.215E-13  7.330E-14  4.820E-14
6.252E+01  7.505E-23  1.245E-13  7.537E-14  4.909E-14
6.194E+01  7.754E-23  1.274E-13  7.749E-14  4.993E-14
6.138E+01  8.015E-23  1.305E-13  7.966E-14  5.084E-14
6.081E+01  8.284E-23  1.336E-13  8.188E-14  5.174E-14
6.026E+01  8.559E-23  1.368E-13  8.413E-14  5.267E-14
5.970E+01  8.830E-23  1.398E-13  8.627E-14  5.357E-14
5.916E+01  9.123E-23  1.432E-13  8.865E-14  5.450E-14
5.861E+01  9.412E-23  1.463E-13  9.090E-14  5.544E-14
5.808E+01  9.715E-23  1.497E-13  9.331E-14  5.636E-14
5.754E+01  1.003E-22  1.532E-13  9.586E-14  5.731E-14
5.702E+01  1.036E-22  1.567E-13  9.847E-14  5.827E-14
5.649E+01  1.070E-22  1.604E-13  1.011E-13  5.923E-14
5.598E+01  1.105E-22  1.641E-13  1.039E-13  6.017E-14
5.546E+01  1.141E-22  1.678E-13  1.067E-13  6.115E-14
5.495E+01  1.178E-22  1.716E-13  1.095E-13  6.213E-14
5.445E+01  1.216E-22  1.756E-13  1.124E-13  6.312E-14
5.395E+01  1.255E-22  1.796E-13  1.154E-13  6.412E-14
5.346E+01  1.295E-22  1.836E-13  1.185E-13  6.513E-14
5.297E+01  1.333E-22  1.872E-13  1.211E-13  6.610E-14
5.248E+01  1.375E-22  1.914E-13  1.243E-13  6.712E-14
5.200E+01  1.418E-22  1.956E-13  1.274E-13  6.813E-14
5.152E+01  1.463E-22  1.999E-13  1.308E-13  6.911E-14
5.105E+01  1.507E-22  2.040E-13  1.339E-13  7.012E-14
5.058E+01  1.554E-22  2.085E-13  1.374E-13  7.113E-14
5.012E+01  1.600E-22  2.127E-13  1.405E-13  7.215E-14
4.966E+01  1.650E-22  2.173E-13  1.441E-13  7.316E-14
4.920E+01  1.701E-22  2.220E-13  1.478E-13  7.416E-14
4.875E+01  1.753E-22  2.267E-13  1.516E-13  7.518E-14
4.831E+01  1.807E-22  2.316E-13  1.554E-13  7.617E-14
4.786E+01  1.863E-22  2.365E-13  1.593E-13  7.717E-14
4.742E+01  1.920E-22  2.415E-13  1.633E-13  7.818E-14
4.699E+01  1.978E-22  2.465E-13  1.674E-13  7.919E-14
4.656E+01  2.037E-22  2.515E-13  1.713E-13  8.019E-14
4.613E+01  2.098E-22  2.568E-13  1.756E-13  8.119E-14
4.571E+01  2.161E-22  2.621E-13  1.799E-13  8.220E-14
4.529E+01  2.226E-22  2.674E-13  1.842E-13  8.319E-14
4.487E+01  2.292E-22  2.728E-13  1.886E-13  8.419E-14
4.446E+01  2.360E-22  2.783E-13  1.931E-13  8.519E-14
4.406E+01  2.427E-22  2.836E-13  1.974E-13  8.618E-14
4.365E+01  2.495E-22  2.889E-13  2.018E-13  8.718E-14
4.325E+01  2.569E-22  2.947E-13  2.065E-13  8.816E-14
4.285E+01  2.640E-22  3.001E-13  2.110E-13  8.912E-14
4.246E+01  2.716E-22  3.059E-13  2.158E-13  9.010E-14
4.207E+01  2.789E-22  3.113E-13  2.202E-13  9.106E-14
4.169E+01  2.869E-22  3.173E-13  2.253E-13  9.201E-14
4.130E+01  2.950E-22  3.232E-13  2.303E-13  9.296E-14
4.093E+01  3.032E-22  3.292E-13  2.353E-13  9.386E-14
4.055E+01  3.118E-22  3.354E-13  2.406E-13  9.476E-14
4.018E+01  3.205E-22  3.416E-13  2.460E-13  9.566E-14
3.981E+01  3.295E-22  3.480E-13  2.514E-13  9.654E-14
3.945E+01  3.387E-22  3.544E-13  2.570E-13  9.740E-14
3.908E+01  3.480E-22  3.608E-13  2.626E-13  9.826E-14
3.873E+01  3.576E-22  3.674E-13  2.683E-13  9.908E-14
3.837E+01  3.673E-22  3.738E-13  2.739E-13  9.990E-14
3.802E+01  3.772E-22  3.804E-13  2.797E-13  1.007E-13
3.767E+01  3.871E-22  3.868E-13  2.854E-13  1.015E-13
3.733E+01  3.971E-22  3.931E-13  2.909E-13  1.022E-13
3.698E+01  4.076E-22  3.999E-13  2.970E-13  1.029E-13
3.664E+01  4.184E-22  4.067E-13  3.032E-13  1.035E-13
3.631E+01  4.295E-22  4.136E-13  3.094E-13  1.042E-13
3.597E+01  4.399E-22  4.198E-13  3.149E-13  1.049E-13
3.565E+01  4.514E-22  4.268E-13  3.213E-13  1.055E-13
3.532E+01  4.632E-22  4.339E-13  3.278E-13  1.061E-13
3.499E+01  4.749E-22  4.409E-13  3.341E-13  1.067E-13
3.467E+01  4.866E-22  4.475E-13  3.402E-13  1.073E-13
3.436E+01  4.991E-22  4.548E-13  3.469E-13  1.079E-13
3.404E+01  5.118E-22  4.621E-13  3.536E-13  1.085E-13
3.373E+01  5.247E-22  4.694E-13  3.603E-13  1.091E-13
3.342E+01  5.380E-22  4.770E-13  3.673E-13  1.097E-13
3.311E+01  5.517E-22  4.846E-13  3.743E-13  1.103E-13
3.281E+01  5.658E-22  4.924E-13  3.815E-13  1.109E-13
3.251E+01  5.797E-22  4.999E-13  3.884E-13  1.115E-13
3.221E+01  5.943E-22  5.078E-13  3.958E-13  1.121E-13
3.192E+01  6.091E-22  5.156E-13  4.030E-13  1.126E-13
3.162E+01  6.239E-22  5.233E-13  4.101E-13  1.132E-13
3.133E+01  6.395E-22  5.315E-13  4.178E-13  1.137E-13
3.105E+01  6.547E-22  5.391E-13  4.249E-13  1.143E-13
3.076E+01  6.707E-22  5.473E-13  4.325E-13  1.148E-13
3.048E+01  6.874E-22  5.558E-13  4.404E-13  1.153E-13
3.020E+01  7.043E-22  5.642E-13  4.483E-13  1.159E-13
2.992E+01  7.217E-22  5.729E-13  4.565E-13  1.164E-13
2.965E+01  7.391E-22  5.813E-13  4.645E-13  1.168E-13
2.938E+01  7.570E-22  5.899E-13  4.727E-13  1.172E-13
2.911E+01  7.752E-22  5.985E-13  4.809E-13  1.176E-13
2.884E+01  7.940E-22  6.074E-13  4.894E-13  1.180E-13
2.858E+01  8.133E-22  6.165E-13  4.981E-13  1.184E-13
2.831E+01  8.332E-22  6.258E-13  5.070E-13  1.188E-13
2.805E+01  8.537E-22  6.353E-13  5.161E-13  1.191E-13
2.780E+01  8.747E-22  6.450E-13  5.255E-13  1.195E-13
2.754E+01  8.959E-22  6.545E-13  5.347E-13  1.198E-13
2.729E+01  9.173E-22  6.640E-13  5.439E-13  1.201E-13
2.704E+01  9.400E-22  6.742E-13  5.537E-13  1.204E-13
2.679E+01  9.632E-22  6.845E-13  5.638E-13  1.207E-13
2.655E+01  9.864E-22  6.946E-13  5.736E-13  1.210E-13
2.630E+01  1.011E-21  7.052E-13  5.839E-13  1.213E-13
2.606E+01  1.035E-21  7.154E-13  5.939E-13  1.215E-13
2.582E+01  1.061E-21  7.264E-13  6.047E-13  1.218E-13
2.559E+01  1.087E-21  7.375E-13  6.155E-13  1.220E-13
2.535E+01  1.114E-21  7.488E-13  6.267E-13  1.222E-13
2.512E+01  1.141E-21  7.605E-13  6.381E-13  1.224E-13
2.489E+01  1.169E-21  7.720E-13  6.494E-13  1.225E-13
2.466E+01  1.198E-21  7.837E-13  6.611E-13  1.227E-13
2.443E+01  1.227E-21  7.955E-13  6.728E-13  1.228E-13
2.421E+01  1.258E-21  8.078E-13  6.850E-13  1.228E-13
2.399E+01  1.289E-21  8.204E-13  6.976E-13  1.227E-13
2.377E+01  1.321E-21  8.328E-13  7.101E-13  1.227E-13
2.355E+01  1.354E-21  8.457E-13  7.229E-13  1.228E-13
2.333E+01  1.388E-21  8.591E-13  7.362E-13  1.229E-13
2.312E+01  1.423E-21  8.725E-13  7.498E-13  1.227E-13
2.291E+01  1.458E-21  8.858E-13  7.632E-13  1.225E-13
2.270E+01  1.494E-21  8.997E-13  7.771E-13  1.226E-13
2.249E+01  1.533E-21  9.143E-13  7.915E-13  1.228E-13
2.228E+01  1.572E-21  9.290E-13  8.059E-13  1.231E-13
2.208E+01  1.612E-21  9.440E-13  8.208E-13  1.232E-13
2.188E+01  1.652E-21  9.588E-13  8.356E-13  1.232E-13
2.168E+01  1.693E-21  9.736E-13  8.507E-13  1.229E-13
2.148E+01  1.736E-21  9.892E-13  8.665E-13  1.227E-13
2.128E+01  1.780E-21  1.005E-12  8.822E-13  1.226E-13
2.109E+01  1.826E-21  1.021E-12  8.985E-13  1.227E-13
2.089E+01  1.872E-21  1.038E-12  9.150E-13  1.226E-13
2.070E+01  1.920E-21  1.054E-12  9.318E-13  1.224E-13
2.051E+01  1.969E-21  1.071E-12  9.491E-13  1.222E-13
2.032E+01  2.020E-21  1.089E-12  9.670E-13  1.220E-13
2.014E+01  2.074E-21  1.108E-12  9.855E-13  1.223E-13
1.995E+01  2.130E-21  1.127E-12  1.005E-12  1.225E-13
1.977E+01  2.189E-21  1.148E-12  1.026E-12  1.225E-13
1.959E+01  2.252E-21  1.170E-12  1.048E-12  1.224E-13
1.941E+01  2.324E-21  1.197E-12  1.075E-12  1.219E-13
1.923E+01  2.419E-21  1.234E-12  1.113E-12  1.212E-13
1.905E+01  2.581E-21  1.305E-12  1.185E-12  1.201E-13
1.888E+01  2.729E-21  1.367E-12  1.248E-12  1.188E-13
1.871E+01  2.668E-21  1.324E-12  1.207E-12  1.171E-13
1.854E+01  2.691E-21  1.323E-12  1.208E-12  1.151E-13
1.837E+01  2.767E-21  1.348E-12  1.235E-12  1.128E-13
1.820E+01  2.879E-21  1.390E-12  1.280E-12  1.102E-13
1.803E+01  3.057E-21  1.462E-12  1.355E-12  1.074E-13
1.786E+01  3.323E-21  1.575E-12  1.470E-12  1.045E-13
1.770E+01  3.428E-21  1.609E-12  1.508E-12  1.013E-13
1.754E+01  3.711E-21  1.727E-12  1.629E-12  9.783E-14
1.738E+01  4.301E-21  1.982E-12  1.888E-12  9.428E-14
1.722E+01  4.323E-21  1.974E-12  1.884E-12  9.063E-14
1.706E+01  4.432E-21  2.006E-12  1.919E-12  8.704E-14
1.690E+01  4.403E-21  1.974E-12  1.891E-12  8.344E-14
1.675E+01  4.289E-21  1.906E-12  1.826E-12  7.984E-14
1.660E+01  4.431E-21  1.950E-12  1.874E-12  7.619E-14
1.644E+01  5.200E-21  2.268E-12  2.196E-12  7.260E-14
1.629E+01  4.075E-21  1.761E-12  1.692E-12  6.908E-14
1.614E+01  3.638E-21  1.558E-12  1.492E-12  6.570E-14
1.600E+01  3.518E-21  1.493E-12  1.430E-12  6.246E-14
1.585E+01  3.457E-21  1.453E-12  1.394E-12  5.934E-14
1.570E+01  3.376E-21  1.406E-12  1.350E-12  5.636E-14
1.556E+01  3.340E-21  1.378E-12  1.325E-12  5.352E-14
1.542E+01  3.327E-21  1.361E-12  1.310E-12  5.083E-14
1.528E+01  3.327E-21  1.348E-12  1.300E-12  4.829E-14
1.514E+01  3.337E-21  1.340E-12  1.294E-12  4.591E-14
1.500E+01  3.356E-21  1.335E-12  1.291E-12  4.371E-14
1.486E+01  3.386E-21  1.334E-12  1.293E-12  4.160E-14
1.472E+01  3.433E-21  1.341E-12  1.301E-12  3.961E-14
1.459E+01  3.509E-21  1.358E-12  1.320E-12  3.775E-14
1.445E+01  3.651E-21  1.400E-12  1.364E-12  3.614E-14
1.432E+01  3.937E-21  1.496E-12  1.461E-12  3.479E-14
1.419E+01  4.264E-21  1.605E-12  1.571E-12  3.373E-14
1.406E+01  4.161E-21  1.552E-12  1.519E-12  3.299E-14
1.393E+01  4.145E-21  1.532E-12  1.499E-12  3.262E-14
1.380E+01  4.388E-21  1.607E-12  1.574E-12  3.253E-14
1.368E+01  4.884E-21  1.772E-12  1.739E-12  3.276E-14
1.355E+01  5.512E-21  1.981E-12  1.948E-12  3.318E-14
1.343E+01  5.728E-21  2.040E-12  2.007E-12  3.373E-14
1.330E+01  5.479E-21  1.934E-12  1.899E-12  3.432E-14
1.318E+01  5.388E-21  1.884E-12  1.849E-12  3.496E-14
1.306E+01  5.719E-21  1.981E-12  1.946E-12  3.558E-14
1.294E+01  6.587E-21  2.261E-12  2.225E-12  3.626E-14
1.282E+01  8.154E-21  2.774E-12  2.737E-12  3.706E-14
1.271E+01  1.015E-20  3.421E-12  3.383E-12  3.794E-14
1.259E+01  1.088E-20  3.633E-12  3.594E-12  3.883E-14
1.247E+01  9.595E-21  3.175E-12  3.135E-12  3.971E-14
1.236E+01  8.243E-21  2.702E-12  2.662E-12  4.058E-14
1.225E+01  7.819E-21  2.540E-12  2.499E-12  4.137E-14
1.213E+01  8.249E-21  2.655E-12  2.613E-12  4.227E-14
1.202E+01  8.848E-21  2.822E-12  2.778E-12  4.332E-14
1.191E+01  8.587E-21  2.713E-12  2.669E-12  4.438E-14
1.180E+01  7.834E-21  2.453E-12  2.407E-12  4.543E-14
1.169E+01  7.672E-21  2.380E-12  2.333E-12  4.643E-14
1.159E+01  8.732E-21  2.684E-12  2.637E-12  4.725E-14
1.148E+01  1.182E-20  3.601E-12  3.553E-12  4.804E-14
1.138E+01  1.702E-20  5.135E-12  5.087E-12  4.896E-14
1.127E+01  2.273E-20  6.797E-12  6.748E-12  4.994E-14
1.117E+01  1.614E-20  4.780E-12  4.729E-12  5.102E-14
1.107E+01  8.371E-21  2.457E-12  2.405E-12  5.212E-14
1.096E+01  5.794E-21  1.685E-12  1.632E-12  5.315E-14
1.086E+01  4.611E-21  1.329E-12  1.275E-12  5.425E-14
1.076E+01  3.991E-21  1.140E-12  1.084E-12  5.556E-14
1.067E+01  3.629E-21  1.027E-12  9.696E-13  5.706E-14
1.057E+01  3.314E-21  9.291E-13  8.704E-13  5.874E-14
1.047E+01  3.108E-21  8.634E-13  8.031E-13  6.031E-14
1.038E+01  2.974E-21  8.184E-13  7.569E-13  6.148E-14
1.028E+01  2.881E-21  7.855E-13  7.233E-13  6.216E-14
1.019E+01  2.816E-21  7.607E-13  6.983E-13  6.242E-14
1.009E+01  2.773E-21  7.424E-13  6.799E-13  6.247E-14
1.000E+01  2.749E-21  7.293E-13  6.668E-13  6.250E-14
9.908E+00  2.743E-21  7.210E-13  6.583E-13  6.267E-14
9.817E+00  2.754E-21  7.171E-13  6.542E-13  6.292E-14
9.727E+00  2.780E-21  7.174E-13  6.542E-13  6.320E-14
9.638E+00  2.824E-21  7.221E-13  6.587E-13  6.343E-14
9.550E+00  2.887E-21  7.313E-13  6.681E-13  6.322E-14
9.462E+00  2.970E-21  7.456E-13  6.832E-13  6.241E-14
9.376E+00  3.081E-21  7.661E-13  7.053E-13  6.083E-14
9.290E+00  3.226E-21  7.949E-13  7.365E-13  5.842E-14
9.204E+00  3.421E-21  8.353E-13  7.801E-13  5.524E-14
9.120E+00  3.691E-21  8.930E-13  8.415E-13  5.149E-14
9.036E+00  4.079E-21  9.777E-13  9.302E-13  4.741E-14
8.954E+00  4.660E-21  1.107E-12  1.064E-12  4.330E-14
8.872E+00  5.579E-21  1.313E-12  1.273E-12  3.943E-14
8.790E+00  7.083E-21  1.652E-12  1.616E-12  3.590E-14
8.710E+00  9.382E-21  2.167E-12  2.135E-12  3.280E-14
8.630E+00  1.154E-20  2.642E-12  2.612E-12  3.012E-14
8.551E+00  1.131E-20  2.564E-12  2.536E-12  2.777E-14
8.472E+00  9.847E-21  2.213E-12  2.187E-12  2.559E-14
8.395E+00  9.110E-21  2.029E-12  2.005E-12  2.340E-14
8.318E+00  9.085E-21  2.004E-12  1.983E-12  2.107E-14
8.241E+00  9.501E-21  2.077E-12  2.058E-12  1.861E-14
8.166E+00  1.052E-20  2.278E-12  2.262E-12  1.609E-14
8.091E+00  1.244E-20  2.670E-12  2.656E-12  1.381E-14
8.017E+00  1.550E-20  3.295E-12  3.284E-12  1.178E-14
7.943E+00  1.950E-20  4.108E-12  4.098E-12  1.002E-14
7.870E+00  2.300E-20  4.802E-12  4.794E-12  8.505E-15
7.798E+00  2.427E-20  5.021E-12  5.014E-12  7.225E-15
7.727E+00  2.445E-20  5.010E-12  5.004E-12  6.174E-15
7.656E+00  2.523E-20  5.124E-12  5.118E-12  5.324E-15
7.586E+00  2.458E-20  4.946E-12  4.941E-12  4.642E-15
7.516E+00  2.069E-20  4.125E-12  4.121E-12  4.124E-15
7.447E+00  1.631E-20  3.223E-12  3.219E-12  3.744E-15
7.379E+00  1.310E-20  2.564E-12  2.560E-12  3.455E-15
7.311E+00  1.087E-20  2.108E-12  2.105E-12  3.256E-15
7.244E+00  9.239E-21  1.775E-12  1.772E-12  3.105E-15
7.178E+00  7.995E-21  1.522E-12  1.519E-12  2.984E-15
7.112E+00  7.039E-21  1.328E-12  1.325E-12  2.902E-15
7.047E+00  6.330E-21  1.183E-12  1.180E-12  2.841E-15
6.982E+00  5.849E-21  1.083E-12  1.081E-12  2.785E-15
6.918E+00  5.585E-21  1.025E-12  1.022E-12  2.739E-15
6.855E+00  5.519E-21  1.003E-12  1.001E-12  2.698E-15
6.792E+00  5.592E-21  1.008E-12  1.005E-12  2.658E-15
6.730E+00  5.668E-21  1.012E-12  1.009E-12  2.620E-15
6.668E+00  5.587E-21  9.882E-13  9.856E-13  2.583E-15
6.607E+00  5.347E-21  9.371E-13  9.346E-13  2.546E-15
6.546E+00  5.151E-21  8.945E-13  8.920E-13  2.509E-15
6.486E+00  5.252E-21  9.037E-13  9.012E-13  2.472E-15
6.427E+00  5.938E-21  1.012E-12  1.010E-12  2.435E-15
6.368E+00  7.744E-21  1.308E-12  1.306E-12  2.397E-15
6.310E+00  1.179E-20  1.973E-12  1.971E-12  2.359E-15
6.252E+00  1.834E-20  3.041E-12  3.039E-12  2.320E-15
6.194E+00  1.856E-20  3.049E-12  3.047E-12  2.281E-15
6.138E+00  1.155E-20  1.881E-12  1.879E-12  2.240E-15
6.081E+00  6.875E-21  1.109E-12  1.107E-12  2.200E-15
6.026E+00  4.575E-21  7.312E-13  7.291E-13  2.161E-15
5.970E+00  3.408E-21  5.398E-13  5.376E-13  2.124E-15
5.916E+00  2.799E-21  4.392E-13  4.372E-13  2.087E-15
5.861E+00  2.529E-21  3.931E-13  3.911E-13  2.052E-15
5.808E+00  2.548E-21  3.926E-13  3.906E-13  2.018E-15
5.754E+00  2.858E-21  4.363E-13  4.343E-13  1.986E-15
5.702E+00  3.076E-21  4.653E-13  4.633E-13  1.955E-15
5.649E+00  2.591E-21  3.882E-13  3.863E-13  1.925E-15
5.598E+00  1.970E-21  2.925E-13  2.906E-13  1.896E-15
5.546E+00  1.588E-21  2.336E-13  2.317E-13  1.869E-15
5.495E+00  1.385E-21  2.018E-13  2.000E-13  1.843E-15
5.445E+00  1.296E-21  1.872E-13  1.854E-13  1.818E-15
5.395E+00  1.310E-21  1.874E-13  1.857E-13  1.794E-15
5.346E+00  1.451E-21  2.057E-13  2.040E-13  1.771E-15
5.297E+00  1.684E-21  2.366E-13  2.349E-13  1.749E-15
5.248E+00  1.645E-21  2.290E-13  2.272E-13  1.728E-15
5.200E+00  1.304E-21  1.798E-13  1.781E-13  1.707E-15
5.152E+00  1.038E-21  1.419E-13  1.402E-13  1.688E-15
5.105E+00  8.843E-22  1.197E-13  1.181E-13  1.669E-15
5.058E+00  7.916E-22  1.062E-13  1.046E-13  1.651E-15
5.012E+00  7.304E-22  9.710E-14  9.547E-14  1.634E-15
4.966E+00  6.864E-22  9.042E-14  8.880E-14  1.617E-15
4.920E+00  6.527E-22  8.519E-14  8.359E-14  1.602E-15
4.875E+00  6.257E-22  8.092E-14  7.933E-14  1.586E-15
4.831E+00  6.033E-22  7.731E-14  7.574E-14  1.571E-15
4.786E+00  5.842E-22  7.417E-14  7.262E-14  1.556E-15
4.742E+00  5.677E-22  7.142E-14  6.987E-14  1.542E-15
4.699E+00  5.532E-22  6.895E-14  6.742E-14  1.528E-15
4.656E+00  5.403E-22  6.672E-14  6.521E-14  1.515E-15
4.613E+00  5.286E-22  6.469E-14  6.319E-14  1.502E-15
4.571E+00  5.182E-22  6.282E-14  6.134E-14  1.489E-15
4.529E+00  5.086E-22  6.110E-14  5.963E-14  1.476E-15
4.487E+00  4.999E-22  5.951E-14  5.804E-14  1.464E-15
4.446E+00  4.920E-22  5.802E-14  5.657E-14  1.452E-15
4.406E+00  4.847E-22  5.664E-14  5.520E-14  1.440E-15
4.365E+00  4.780E-22  5.534E-14  5.391E-14  1.428E-15
4.325E+00  4.718E-22  5.413E-14  5.271E-14  1.417E-15
4.285E+00  4.661E-22  5.299E-14  5.158E-14  1.406E-15
4.246E+00  4.609E-22  5.192E-14  5.052E-14  1.395E-15
4.207E+00  4.562E-22  5.091E-14  4.953E-14  1.384E-15
4.169E+00  4.518E-22  4.996E-14  4.859E-14  1.373E-15
4.130E+00  4.479E-22  4.908E-14  4.772E-14  1.362E-15
4.093E+00  4.444E-22  4.824E-14  4.689E-14  1.350E-15
4.055E+00  4.413E-22  4.747E-14  4.613E-14  1.338E-15
4.018E+00  4.386E-22  4.674E-14  4.542E-14  1.326E-15
3.981E+00  4.364E-22  4.608E-14  4.477E-14  1.314E-15
3.945E+00  4.347E-22  4.548E-14  4.418E-14  1.303E-15
3.908E+00  4.335E-22  4.494E-14  4.365E-14  1.291E-15
3.873E+00  4.330E-22  4.448E-14  4.320E-14  1.279E-15
3.837E+00  4.333E-22  4.410E-14  4.283E-14  1.267E-15
3.802E+00  4.344E-22  4.381E-14  4.255E-14  1.256E-15
3.767E+00  4.367E-22  4.364E-14  4.239E-14  1.245E-15
3.733E+00  4.404E-22  4.360E-14  4.237E-14  1.233E-15
3.698E+00  4.459E-22  4.374E-14  4.252E-14  1.222E-15
3.664E+00  4.538E-22  4.411E-14  4.290E-14  1.211E-15
3.631E+00  4.650E-22  4.479E-14  4.359E-14  1.199E-15
3.597E+00  4.811E-22  4.591E-14  4.472E-14  1.188E-15
3.565E+00  5.041E-22  4.767E-14  4.649E-14  1.177E-15
3.532E+00  5.382E-22  5.042E-14  4.925E-14  1.165E-15
3.499E+00  5.903E-22  5.480E-14  5.364E-14  1.154E-15
3.467E+00  6.747E-22  6.206E-14  6.091E-14  1.143E-15
3.436E+00  8.227E-22  7.498E-14  7.384E-14  1.132E-15
3.404E+00  1.115E-21  1.007E-13  9.957E-14  1.120E-15
3.373E+00  1.813E-21  1.622E-13  1.611E-13  1.109E-15
3.342E+00  4.127E-21  3.659E-13  3.648E-13  1.097E-15
3.311E+00  1.560E-20  1.370E-12  1.369E-12  1.086E-15
3.281E+00  1.065E-20  9.269E-13  9.258E-13  1.074E-15
3.251E+00  3.043E-21  2.624E-13  2.613E-13  1.062E-15
3.221E+00  1.454E-21  1.242E-13  1.231E-13  1.050E-15
3.192E+00  9.278E-22  7.854E-14  7.751E-14  1.038E-15
3.162E+00  6.955E-22  5.834E-14  5.731E-14  1.026E-15
3.133E+00  5.732E-22  4.764E-14  4.662E-14  1.014E-15
3.105E+00  5.008E-22  4.124E-14  4.024E-14  1.002E-15
3.076E+00  4.542E-22  3.706E-14  3.607E-14  9.909E-16
3.048E+00  4.223E-22  3.414E-14  3.316E-14  9.799E-16
3.020E+00  3.992E-22  3.198E-14  3.101E-14  9.689E-16
2.992E+00  3.818E-22  3.030E-14  2.934E-14  9.579E-16
2.965E+00  3.682E-22  2.895E-14  2.801E-14  9.470E-16
2.938E+00  3.572E-22  2.783E-14  2.690E-14  9.362E-16
2.911E+00  3.481E-22  2.688E-14  2.595E-14  9.254E-16
2.884E+00  3.404E-22  2.604E-14  2.513E-14  9.146E-16
2.858E+00  3.338E-22  2.530E-14  2.440E-14  9.039E-16
2.831E+00  3.279E-22  2.463E-14  2.374E-14  8.932E-16
2.805E+00  3.227E-22  2.401E-14  2.313E-14  8.827E-16
2.780E+00  3.179E-22  2.344E-14  2.257E-14  8.721E-16
2.754E+00  3.135E-22  2.290E-14  2.204E-14  8.616E-16
2.729E+00  3.094E-22  2.240E-14  2.155E-14  8.512E-16
2.704E+00  3.056E-22  2.192E-14  2.108E-14  8.408E-16
2.679E+00  3.019E-22  2.146E-14  2.063E-14  8.304E-16
2.655E+00  2.984E-22  2.102E-14  2.020E-14  8.201E-16
2.630E+00  2.951E-22  2.059E-14  1.978E-14  8.099E-16
2.606E+00  2.919E-22  2.018E-14  1.938E-14  7.997E-16
2.582E+00  2.887E-22  1.978E-14  1.899E-14  7.896E-16
2.559E+00  2.857E-22  1.939E-14  1.861E-14  7.796E-16
2.535E+00  2.826E-22  1.901E-14  1.824E-14  7.696E-16
2.512E+00  2.797E-22  1.864E-14  1.788E-14  7.597E-16
2.489E+00  2.768E-22  1.827E-14  1.752E-14  7.499E-16
2.466E+00  2.739E-22  1.791E-14  1.717E-14  7.402E-16
2.443E+00  2.709E-22  1.756E-14  1.683E-14  7.305E-16
2.421E+00  2.681E-22  1.722E-14  1.649E-14  7.210E-16
2.399E+00  2.652E-22  1.688E-14  1.617E-14  7.115E-16
2.377E+00  2.625E-22  1.655E-14  1.585E-14  7.019E-16
2.355E+00  2.597E-22  1.622E-14  1.553E-14  6.925E-16
2.333E+00  2.569E-22  1.590E-14  1.522E-14  6.830E-16
2.312E+00  2.542E-22  1.559E-14  1.491E-14  6.736E-16
2.291E+00  2.514E-22  1.528E-14  1.461E-14  6.642E-16
2.270E+00  2.486E-22  1.497E-14  1.432E-14  6.549E-16
2.249E+00  2.459E-22  1.467E-14  1.402E-14  6.456E-16
2.228E+00  2.430E-22  1.437E-14  1.373E-14  6.364E-16
2.208E+00  2.402E-22  1.407E-14  1.344E-14  6.272E-16
2.188E+00  2.373E-22  1.377E-14  1.315E-14  6.181E-16
2.168E+00  2.343E-22  1.347E-14  1.286E-14  6.091E-16
2.148E+00  2.313E-22  1.318E-14  1.257E-14  6.002E-16
2.128E+00  2.281E-22  1.287E-14  1.228E-14  5.913E-16
2.109E+00  2.247E-22  1.257E-14  1.199E-14  5.825E-16
2.089E+00  2.211E-22  1.225E-14  1.168E-14  5.737E-16
2.070E+00  2.173E-22  1.193E-14  1.137E-14  5.650E-16
2.051E+00  2.131E-22  1.160E-14  1.104E-14  5.564E-16
2.032E+00  2.085E-22  1.124E-14  1.069E-14  5.478E-16
2.014E+00  2.034E-22  1.086E-14  1.033E-14  5.393E-16
1.995E+00  1.977E-22  1.046E-14  9.931E-15  5.308E-16
1.977E+00  1.913E-22  1.003E-14  9.510E-15  5.224E-16
1.959E+00  1.845E-22  9.588E-15  9.074E-15  5.141E-16
1.941E+00  1.780E-22  9.162E-15  8.657E-15  5.058E-16
1.923E+00  1.728E-22  8.814E-15  8.317E-15  4.976E-16
1.905E+00  1.703E-22  8.605E-15  8.116E-15  4.894E-16
1.888E+00  1.708E-22  8.553E-15  8.072E-15  4.813E-16
1.871E+00  1.735E-22  8.608E-15  8.135E-15  4.733E-16
1.854E+00  1.769E-22  8.695E-15  8.230E-15  4.653E-16
1.837E+00  1.798E-22  8.761E-15  8.304E-15  4.575E-16
1.820E+00  1.820E-22  8.785E-15  8.335E-15  4.497E-16
1.803E+00  1.833E-22  8.766E-15  8.324E-15  4.420E-16
1.786E+00  1.838E-22  8.711E-15  8.276E-15  4.343E-16
1.770E+00  1.838E-22  8.629E-15  8.203E-15  4.268E-16
1.754E+00  1.833E-22  8.529E-15  8.110E-15  4.194E-16
1.738E+00  1.826E-22  8.416E-15  8.004E-15  4.121E-16
1.722E+00  1.816E-22  8.294E-15  7.889E-15  4.048E-16
1.706E+00  1.805E-22  8.167E-15  7.769E-15  3.976E-16
1.690E+00  1.792E-22  8.037E-15  7.646E-15  3.905E-16
1.675E+00  1.779E-22  7.906E-15  7.522E-15  3.835E-16
1.660E+00  1.766E-22  7.775E-15  7.398E-15  3.766E-16
1.644E+00  1.753E-22  7.645E-15  7.275E-15  3.697E-16
1.629E+00  1.739E-22  7.517E-15  7.154E-15  3.628E-16
1.614E+00  1.726E-22  7.392E-15  7.036E-15  3.561E-16
1.600E+00  1.714E-22  7.272E-15  6.922E-15  3.493E-16
1.585E+00  1.702E-22  7.155E-15  6.813E-15  3.427E-16
1.570E+00  1.691E-22  7.044E-15  6.708E-15  3.361E-16
1.556E+00  1.681E-22  6.939E-15  6.609E-15  3.296E-16
1.542E+00  1.673E-22  6.841E-15  6.517E-15  3.231E-16
1.528E+00  1.666E-22  6.750E-15  6.433E-15  3.167E-16
1.514E+00  1.661E-22  6.668E-15  6.357E-15  3.104E-16
1.500E+00  1.658E-22  6.595E-15  6.291E-15  3.041E-16
1.486E+00  1.658E-22  6.533E-15  6.235E-15  2.979E-16
1.472E+00  1.660E-22  6.483E-15  6.192E-15  2.918E-16
1.459E+00  1.666E-22  6.448E-15  6.162E-15  2.858E-16
1.445E+00  1.677E-22  6.428E-15  6.149E-15  2.798E-16
1.432E+00  1.692E-22  6.428E-15  6.154E-15  2.739E-16
1.419E+00  1.713E-22  6.449E-15  6.181E-15  2.681E-16
1.406E+00  1.742E-22  6.495E-15  6.233E-15  2.623E-16
1.393E+00  1.779E-22  6.572E-15  6.316E-15  2.567E-16
1.380E+00  1.826E-22  6.685E-15  6.434E-15  2.511E-16
1.368E+00  1.885E-22  6.839E-15  6.594E-15  2.455E-16
1.355E+00  1.959E-22  7.042E-15  6.802E-15  2.400E-16
1.343E+00  2.049E-22  7.297E-15  7.062E-15  2.346E-16
1.330E+00  2.155E-22  7.606E-15  7.377E-15  2.293E-16
1.318E+00  2.277E-22  7.961E-15  7.737E-15  2.240E-16
1.306E+00  2.406E-22  8.337E-15  8.118E-15  2.188E-16
1.294E+00  2.528E-22  8.678E-15  8.464E-15  2.137E-16
1.282E+00  2.617E-22  8.901E-15  8.692E-15  2.087E-16
1.271E+00  2.643E-22  8.907E-15  8.703E-15  2.038E-16
1.259E+00  2.584E-22  8.629E-15  8.430E-15  1.989E-16
1.247E+00  2.442E-22  8.081E-15  7.887E-15  1.942E-16
1.236E+00  2.245E-22  7.359E-15  7.170E-15  1.895E-16
1.225E+00  2.029E-22  6.590E-15  6.405E-15  1.850E-16
1.213E+00  1.824E-22  5.871E-15  5.691E-15  1.805E-16
1.202E+00  1.648E-22  5.254E-15  5.078E-15  1.761E-16
1.191E+00  1.504E-22  4.753E-15  4.581E-15  1.717E-16
1.180E+00  1.393E-22  4.361E-15  4.194E-15  1.674E-16
1.169E+00  1.311E-22  4.067E-15  3.903E-15  1.632E-16
1.159E+00  1.255E-22  3.857E-15  3.698E-15  1.591E-16
1.148E+00  1.223E-22  3.724E-15  3.569E-15  1.550E-16
1.138E+00  1.215E-22  3.665E-15  3.514E-15  1.510E-16
1.127E+00  1.232E-22  3.685E-15  3.538E-15  1.470E-16
1.117E+00  1.282E-22  3.798E-15  3.655E-15  1.432E-16
1.107E+00  1.373E-22  4.030E-15  3.890E-15  1.394E-16
1.096E+00  1.521E-22  4.425E-15  4.289E-15  1.356E-16
1.086E+00  1.751E-22  5.046E-15  4.914E-15  1.320E-16
1.076E+00  2.085E-22  5.953E-15  5.824E-15  1.284E-16
1.067E+00  2.503E-22  7.082E-15  6.958E-15  1.248E-16
1.057E+00  2.838E-22  7.956E-15  7.835E-15  1.213E-16
1.047E+00  2.781E-22  7.725E-15  7.607E-15  1.179E-16
1.038E+00  2.306E-22  6.348E-15  6.233E-15  1.146E-16
1.028E+00  1.747E-22  4.764E-15  4.652E-15  1.113E-16
1.019E+00  1.313E-22  3.548E-15  3.440E-15  1.081E-16
1.009E+00  1.019E-22  2.729E-15  2.624E-15  1.050E-16
1.000E+00  8.245E-23  2.187E-15  2.085E-15  1.019E-16
