Dust emission spectrum from Draine,B.T., & Li, A. (2007), ApJ, in press [astro-ph/0608003]
==========================================================
         7 = grain model
 4.000E-08 4.000E-01 4.500E-05 = a_01 (cm) , sigma_1 , b_C1
 2.000E-07 5.500E-01 1.500E-05 = a_02 (cm) , sigma_2 , b_C2
 3.000E+02 3.000E+02 1.000E+00 = Umin , Umax, beta (dN/dU propto U^{-beta})
 3.000E+02 = <U>       mmp83 = radfield
 0.000E+00 2.000E-07 = a_{min} (cm), a_{max} (cm)
 3.144E-22 3.048E-22 9.572E-24 = P(tot)  P(carb)  P(sil) (erg s-1 H-1)
 band     <nu*P_nu> <j_nu(tot)><j_nu(carb)><j_nu(sil)>
 (um)   (erg s-1 H-1)(Jy/(sr*H))(Jy/(sr*H))(Jy/(sr*H))
1.270E+00  5.529E-24  1.863E-16  1.802E-16  6.021E-18 COBE-DIRBE
2.220E+00  7.062E-24  4.158E-16  3.970E-16  1.888E-17 COBE-DIRBE
3.530E+00  4.592E-23  4.300E-15  4.265E-15  3.469E-17 COBE-DIRBE
4.880E+00  2.064E-23  2.672E-15  2.624E-15  4.751E-17 COBE-DIRBE
1.229E+01  1.755E-22  5.720E-14  5.582E-14  1.380E-15 COBE-DIRBE
2.079E+01  8.387E-23  4.625E-14  4.309E-14  3.159E-15 COBE-DIRBE
5.599E+01  9.325E-24  1.385E-14  1.126E-14  2.587E-15 COBE-DIRBE
9.770E+01  1.857E-24  4.811E-15  3.565E-15  1.247E-15 COBE-DIRBE
1.479E+02  4.893E-25  1.919E-15  1.291E-15  6.286E-16 COBE-DIRBE
2.479E+02  7.538E-26  4.956E-16  2.767E-16  2.190E-16 COBE-DIRBE
1.200E+01  1.956E-22  6.225E-14  6.089E-14  1.352E-15 IRAS
2.500E+01  6.364E-23  4.220E-14  3.858E-14  3.624E-15 IRAS
6.000E+01  8.472E-24  1.348E-14  1.094E-14  2.540E-15 IRAS
1.000E+02  1.695E-24  4.495E-15  3.311E-15  1.184E-15 IRAS
3.550E+00  5.339E-23  5.028E-15  4.993E-15  3.498E-17 SST-IRAC
4.493E+00  1.501E-23  1.789E-15  1.745E-15  4.388E-17 SST-IRAC
5.731E+00  1.198E-22  1.821E-14  1.815E-14  5.906E-17 SST-IRAC
7.872E+00  2.910E-22  6.076E-14  6.026E-14  5.013E-16 SST-IRAC
2.368E+01  5.392E-23  3.387E-14  3.057E-14  3.301E-15 SST-MIPS
7.142E+01  4.143E-24  7.848E-15  6.092E-15  1.757E-15 SST-MIPS
1.559E+02  3.554E-25  1.470E-15  9.581E-16  5.117E-16 SST-MIPS
1.600E+01  1.233E-22  5.233E-14  5.060E-14  1.733E-15 SST-IRSPU
2.200E+01  6.354E-23  3.708E-14  3.375E-14  3.331E-15 SST-IRSPU
7.500E+01  3.584E-24  7.130E-15  5.532E-15  1.598E-15 Herschel-PACS
1.100E+02  1.165E-24  3.400E-15  2.492E-15  9.077E-16 Herschel-PACS
1.700E+02  2.729E-25  1.231E-15  8.027E-16  4.281E-16 Herschel-PACS
2.500E+02  6.011E-26  3.986E-16  2.163E-16  1.823E-16 Herschel-SPIRE
3.600E+02  1.258E-26  1.201E-16  5.877E-17  6.132E-17 Herschel-SPIRE
5.200E+02  2.557E-27  3.526E-17  1.573E-17  1.954E-17 Herschel-SPIRE
2.400E+00  7.811E-24  4.973E-16  4.763E-16  2.096E-17 Akari IRC NIR N2
3.200E+00  3.508E-23  2.978E-15  2.947E-15  3.097E-17 Akari IRC NIR N3
4.100E+00  1.719E-23  1.869E-15  1.829E-15  4.020E-17 Akari IRC NIR N4
7.000E+00  3.304E-22  6.135E-14  6.117E-14  1.795E-16 Akari IRC MIR-S S7
9.000E+00  2.337E-22  5.580E-14  5.483E-14  9.629E-16 Akari IRC MIR-S S9W
1.100E+01  1.775E-22  5.178E-14  5.028E-14  1.503E-15 Akari IRC MIR-S S11
1.500E+01  1.292E-22  5.139E-14  4.973E-14  1.669E-15 Akari IRC MIR-L L15
1.800E+01  9.308E-23  4.444E-14  4.199E-14  2.451E-15 Akari IRC MIR-L L18W
2.400E+01  5.879E-23  3.743E-14  3.388E-14  3.545E-15 Akari IRC MIR-L L24
6.500E+01  5.627E-24  9.701E-15  7.627E-15  2.074E-15 Akari FIS N60
8.000E+01  2.935E-24  6.229E-15  4.760E-15  1.469E-15 Akari FIS WIDE-S
1.400E+02  4.772E-25  1.772E-15  1.187E-15  5.853E-16 Akari FIS WIDE-L
1.600E+02  3.192E-25  1.355E-15  8.701E-16  4.847E-16 Akari FIS N160
 
 
 
 


lambda    nu*dP/dnu     j_nu    j_nu(carb.) j_nu(sil)
 (um)    (erg/(s*H)) (Jy/(sr*H) (Jy/(sr*H)) (Jy/(sr*H)
1.000E+04  9.358E-33  2.482E-21  6.075E-22  1.875E-21
9.908E+03  9.699E-33  2.549E-21  6.245E-22  1.925E-21
9.817E+03  1.005E-32  2.618E-21  6.420E-22  1.976E-21
9.727E+03  1.042E-32  2.688E-21  6.599E-22  2.028E-21
9.638E+03  1.080E-32  2.761E-21  6.784E-22  2.082E-21
9.550E+03  1.119E-32  2.835E-21  6.974E-22  2.137E-21
9.462E+03  1.160E-32  2.911E-21  7.169E-22  2.194E-21
9.376E+03  1.202E-32  2.989E-21  7.369E-22  2.252E-21
9.290E+03  1.246E-32  3.070E-21  7.575E-22  2.312E-21
9.204E+03  1.291E-32  3.152E-21  7.787E-22  2.374E-21
9.120E+03  1.338E-32  3.237E-21  8.004E-22  2.437E-21
9.036E+03  1.387E-32  3.324E-21  8.228E-22  2.501E-21
8.954E+03  1.437E-32  3.413E-21  8.458E-22  2.567E-21
8.872E+03  1.489E-32  3.504E-21  8.694E-22  2.635E-21
8.790E+03  1.543E-32  3.598E-21  8.937E-22  2.704E-21
8.710E+03  1.599E-32  3.694E-21  9.187E-22  2.775E-21
8.630E+03  1.657E-32  3.793E-21  9.443E-22  2.848E-21
8.551E+03  1.717E-32  3.894E-21  9.707E-22  2.923E-21
8.472E+03  1.779E-32  3.998E-21  9.978E-22  3.001E-21
8.395E+03  1.844E-32  4.106E-21  1.026E-21  3.080E-21
8.318E+03  1.911E-32  4.216E-21  1.054E-21  3.161E-21
8.241E+03  1.980E-32  4.329E-21  1.084E-21  3.245E-21
8.166E+03  2.052E-32  4.445E-21  1.114E-21  3.331E-21
8.091E+03  2.127E-32  4.564E-21  1.145E-21  3.419E-21
8.017E+03  2.204E-32  4.687E-21  1.177E-21  3.510E-21
7.943E+03  2.284E-32  4.813E-21  1.210E-21  3.603E-21
7.870E+03  2.368E-32  4.943E-21  1.244E-21  3.699E-21
7.798E+03  2.454E-32  5.076E-21  1.279E-21  3.797E-21
7.727E+03  2.543E-32  5.213E-21  1.314E-21  3.899E-21
7.656E+03  2.636E-32  5.353E-21  1.351E-21  4.002E-21
7.586E+03  2.732E-32  5.498E-21  1.389E-21  4.109E-21
7.516E+03  2.832E-32  5.646E-21  1.427E-21  4.219E-21
7.447E+03  2.936E-32  5.799E-21  1.467E-21  4.332E-21
7.379E+03  3.043E-32  5.956E-21  1.508E-21  4.447E-21
7.311E+03  3.154E-32  6.117E-21  1.551E-21  4.566E-21
7.244E+03  3.269E-32  6.283E-21  1.594E-21  4.689E-21
7.178E+03  3.389E-32  6.453E-21  1.638E-21  4.814E-21
7.112E+03  3.513E-32  6.628E-21  1.684E-21  4.944E-21
7.047E+03  3.642E-32  6.808E-21  1.731E-21  5.076E-21
6.982E+03  3.775E-32  6.992E-21  1.780E-21  5.213E-21
6.918E+03  3.914E-32  7.182E-21  1.830E-21  5.352E-21
6.855E+03  4.057E-32  7.377E-21  1.881E-21  5.496E-21
6.792E+03  4.206E-32  7.577E-21  1.933E-21  5.643E-21
6.730E+03  4.360E-32  7.783E-21  1.987E-21  5.795E-21
6.668E+03  4.520E-32  7.994E-21  2.043E-21  5.951E-21
6.607E+03  4.686E-32  8.212E-21  2.100E-21  6.111E-21
6.546E+03  4.858E-32  8.435E-21  2.159E-21  6.276E-21
6.486E+03  5.036E-32  8.665E-21  2.220E-21  6.445E-21
6.427E+03  5.221E-32  8.901E-21  2.282E-21  6.619E-21
6.368E+03  5.414E-32  9.144E-21  2.346E-21  6.798E-21
6.310E+03  5.613E-32  9.394E-21  2.412E-21  6.982E-21
6.252E+03  5.820E-32  9.651E-21  2.479E-21  7.171E-21
6.194E+03  6.034E-32  9.915E-21  2.549E-21  7.366E-21
6.138E+03  6.257E-32  1.019E-20  2.620E-21  7.566E-21
6.081E+03  6.487E-32  1.047E-20  2.694E-21  7.771E-21
6.026E+03  6.727E-32  1.075E-20  2.770E-21  7.982E-21
5.970E+03  6.976E-32  1.105E-20  2.848E-21  8.199E-21
5.916E+03  7.233E-32  1.135E-20  2.928E-21  8.423E-21
5.861E+03  7.501E-32  1.166E-20  3.010E-21  8.652E-21
5.808E+03  7.779E-32  1.198E-20  3.095E-21  8.888E-21
5.754E+03  8.067E-32  1.231E-20  3.182E-21  9.131E-21
5.702E+03  8.365E-32  1.265E-20  3.272E-21  9.380E-21
5.649E+03  8.676E-32  1.300E-20  3.364E-21  9.637E-21
5.598E+03  8.997E-32  1.336E-20  3.459E-21  9.901E-21
5.546E+03  9.331E-32  1.373E-20  3.556E-21  1.017E-20
5.495E+03  9.678E-32  1.411E-20  3.657E-21  1.045E-20
5.445E+03  1.004E-31  1.450E-20  3.760E-21  1.074E-20
5.395E+03  1.041E-31  1.490E-20  3.867E-21  1.103E-20
5.346E+03  1.080E-31  1.531E-20  3.976E-21  1.134E-20
5.297E+03  1.120E-31  1.574E-20  4.089E-21  1.165E-20
5.248E+03  1.162E-31  1.617E-20  4.204E-21  1.197E-20
5.200E+03  1.205E-31  1.662E-20  4.324E-21  1.230E-20
5.152E+03  1.250E-31  1.708E-20  4.446E-21  1.264E-20
5.105E+03  1.297E-31  1.756E-20  4.572E-21  1.299E-20
5.058E+03  1.345E-31  1.805E-20  4.702E-21  1.334E-20
5.012E+03  1.395E-31  1.855E-20  4.836E-21  1.371E-20
4.966E+03  1.447E-31  1.907E-20  4.974E-21  1.409E-20
4.920E+03  1.501E-31  1.960E-20  5.115E-21  1.448E-20
4.875E+03  1.558E-31  2.014E-20  5.261E-21  1.488E-20
4.831E+03  1.616E-31  2.071E-20  5.411E-21  1.529E-20
4.786E+03  1.676E-31  2.128E-20  5.565E-21  1.572E-20
4.742E+03  1.739E-31  2.188E-20  5.724E-21  1.615E-20
4.699E+03  1.804E-31  2.249E-20  5.888E-21  1.660E-20
4.656E+03  1.872E-31  2.312E-20  6.057E-21  1.707E-20
4.613E+03  1.943E-31  2.377E-20  6.230E-21  1.754E-20
4.571E+03  2.016E-31  2.444E-20  6.409E-21  1.803E-20
4.529E+03  2.091E-31  2.512E-20  6.593E-21  1.853E-20
4.487E+03  2.170E-31  2.583E-20  6.782E-21  1.905E-20
4.446E+03  2.252E-31  2.656E-20  6.977E-21  1.958E-20
4.406E+03  2.337E-31  2.731E-20  7.178E-21  2.013E-20
4.365E+03  2.425E-31  2.808E-20  7.385E-21  2.069E-20
4.325E+03  2.517E-31  2.887E-20  7.598E-21  2.127E-20
4.285E+03  2.612E-31  2.969E-20  7.817E-21  2.187E-20
4.246E+03  2.710E-31  3.053E-20  8.043E-21  2.248E-20
4.207E+03  2.813E-31  3.139E-20  8.276E-21  2.312E-20
4.169E+03  2.919E-31  3.228E-20  8.515E-21  2.377E-20
4.130E+03  3.030E-31  3.320E-20  8.762E-21  2.444E-20
4.093E+03  3.145E-31  3.414E-20  9.017E-21  2.513E-20
4.055E+03  3.264E-31  3.511E-20  9.279E-21  2.583E-20
4.018E+03  3.388E-31  3.611E-20  9.549E-21  2.656E-20
3.981E+03  3.517E-31  3.714E-20  9.827E-21  2.731E-20
3.945E+03  3.650E-31  3.820E-20  1.011E-20  2.808E-20
3.908E+03  3.789E-31  3.928E-20  1.041E-20  2.888E-20
3.873E+03  3.933E-31  4.040E-20  1.071E-20  2.969E-20
3.837E+03  4.083E-31  4.156E-20  1.103E-20  3.053E-20
3.802E+03  4.239E-31  4.275E-20  1.135E-20  3.140E-20
3.767E+03  4.400E-31  4.397E-20  1.168E-20  3.229E-20
3.733E+03  4.568E-31  4.523E-20  1.203E-20  3.320E-20
3.698E+03  4.743E-31  4.653E-20  1.238E-20  3.415E-20
3.664E+03  4.924E-31  4.787E-20  1.274E-20  3.512E-20
3.631E+03  5.113E-31  4.924E-20  1.312E-20  3.612E-20
3.597E+03  5.309E-31  5.066E-20  1.351E-20  3.715E-20
3.565E+03  5.512E-31  5.212E-20  1.391E-20  3.821E-20
3.532E+03  5.724E-31  5.363E-20  1.432E-20  3.931E-20
3.499E+03  5.944E-31  5.517E-20  1.474E-20  4.043E-20
3.467E+03  6.173E-31  5.677E-20  1.518E-20  4.159E-20
3.436E+03  6.410E-31  5.842E-20  1.563E-20  4.278E-20
3.404E+03  6.657E-31  6.011E-20  1.610E-20  4.401E-20
3.373E+03  6.914E-31  6.186E-20  1.658E-20  4.528E-20
3.342E+03  7.181E-31  6.365E-20  1.708E-20  4.658E-20
3.311E+03  7.458E-31  6.551E-20  1.759E-20  4.792E-20
3.281E+03  7.746E-31  6.742E-20  1.811E-20  4.930E-20
3.251E+03  8.046E-31  6.938E-20  1.866E-20  5.073E-20
3.221E+03  8.358E-31  7.141E-20  1.922E-20  5.219E-20
3.192E+03  8.682E-31  7.350E-20  1.980E-20  5.370E-20
3.162E+03  9.019E-31  7.565E-20  2.039E-20  5.526E-20
3.133E+03  9.369E-31  7.787E-20  2.101E-20  5.686E-20
3.105E+03  9.733E-31  8.015E-20  2.164E-20  5.851E-20
3.076E+03  1.011E-30  8.251E-20  2.230E-20  6.021E-20
3.048E+03  1.051E-30  8.494E-20  2.297E-20  6.196E-20
3.020E+03  1.091E-30  8.744E-20  2.367E-20  6.376E-20
2.992E+03  1.134E-30  9.001E-20  2.439E-20  6.562E-20
2.965E+03  1.178E-30  9.266E-20  2.514E-20  6.752E-20
2.938E+03  1.224E-30  9.538E-20  2.590E-20  6.948E-20
2.911E+03  1.272E-30  9.819E-20  2.669E-20  7.150E-20
2.884E+03  1.321E-30  1.011E-19  2.751E-20  7.358E-20
2.858E+03  1.373E-30  1.041E-19  2.835E-20  7.572E-20
2.831E+03  1.427E-30  1.072E-19  2.923E-20  7.793E-20
2.805E+03  1.483E-30  1.103E-19  3.012E-20  8.021E-20
2.780E+03  1.541E-30  1.136E-19  3.105E-20  8.255E-20
2.754E+03  1.601E-30  1.170E-19  3.201E-20  8.497E-20
2.729E+03  1.664E-30  1.205E-19  3.300E-20  8.746E-20
2.704E+03  1.729E-30  1.240E-19  3.402E-20  9.002E-20
2.679E+03  1.797E-30  1.277E-19  3.508E-20  9.266E-20
2.655E+03  1.868E-30  1.316E-19  3.616E-20  9.539E-20
2.630E+03  1.942E-30  1.355E-19  3.729E-20  9.819E-20
2.606E+03  2.018E-30  1.395E-19  3.845E-20  1.011E-19
2.582E+03  2.098E-30  1.437E-19  3.965E-20  1.041E-19
2.559E+03  2.181E-30  1.480E-19  4.089E-20  1.071E-19
2.535E+03  2.267E-30  1.525E-19  4.217E-20  1.103E-19
2.512E+03  2.357E-30  1.571E-19  4.349E-20  1.136E-19
2.489E+03  2.451E-30  1.618E-19  4.486E-20  1.169E-19
2.466E+03  2.548E-30  1.667E-19  4.627E-20  1.204E-19
2.443E+03  2.649E-30  1.717E-19  4.773E-20  1.240E-19
2.421E+03  2.754E-30  1.769E-19  4.924E-20  1.276E-19
2.399E+03  2.864E-30  1.822E-19  5.079E-20  1.314E-19
2.377E+03  2.978E-30  1.877E-19  5.240E-20  1.353E-19
2.355E+03  3.096E-30  1.934E-19  5.406E-20  1.394E-19
2.333E+03  3.220E-30  1.993E-19  5.578E-20  1.435E-19
2.312E+03  3.348E-30  2.054E-19  5.756E-20  1.478E-19
2.291E+03  3.482E-30  2.116E-19  5.939E-20  1.522E-19
2.270E+03  3.621E-30  2.180E-19  6.129E-20  1.568E-19
2.249E+03  3.766E-30  2.247E-19  6.325E-20  1.614E-19
2.228E+03  3.917E-30  2.315E-19  6.527E-20  1.663E-19
2.208E+03  4.074E-30  2.386E-19  6.737E-20  1.713E-19
2.188E+03  4.238E-30  2.459E-19  6.953E-20  1.764E-19
2.168E+03  4.408E-30  2.534E-19  7.177E-20  1.817E-19
2.148E+03  4.585E-30  2.612E-19  7.408E-20  1.871E-19
2.128E+03  4.769E-30  2.692E-19  7.647E-20  1.927E-19
2.109E+03  4.961E-30  2.775E-19  7.895E-20  1.985E-19
2.089E+03  5.161E-30  2.860E-19  8.150E-20  2.045E-19
2.070E+03  5.369E-30  2.948E-19  8.415E-20  2.107E-19
2.051E+03  5.585E-30  3.039E-19  8.688E-20  2.170E-19
2.032E+03  5.811E-30  3.133E-19  8.971E-20  2.235E-19
2.014E+03  6.045E-30  3.229E-19  9.263E-20  2.303E-19
1.995E+03  6.290E-30  3.329E-19  9.565E-20  2.372E-19
1.977E+03  6.544E-30  3.432E-19  9.878E-20  2.444E-19
1.959E+03  6.809E-30  3.538E-19  1.020E-19  2.518E-19
1.941E+03  7.084E-30  3.647E-19  1.054E-19  2.594E-19
1.923E+03  7.371E-30  3.760E-19  1.088E-19  2.672E-19
1.905E+03  7.670E-30  3.877E-19  1.124E-19  2.753E-19
1.888E+03  7.981E-30  3.997E-19  1.161E-19  2.836E-19
1.871E+03  8.305E-30  4.121E-19  1.199E-19  2.922E-19
1.854E+03  8.643E-30  4.249E-19  1.239E-19  3.010E-19
1.837E+03  8.994E-30  4.382E-19  1.280E-19  3.102E-19
1.820E+03  9.360E-30  4.518E-19  1.322E-19  3.196E-19
1.803E+03  9.741E-30  4.659E-19  1.366E-19  3.293E-19
1.786E+03  1.014E-29  4.804E-19  1.412E-19  3.393E-19
1.770E+03  1.055E-29  4.954E-19  1.458E-19  3.496E-19
1.754E+03  1.098E-29  5.109E-19  1.507E-19  3.602E-19
1.738E+03  1.143E-29  5.269E-19  1.557E-19  3.712E-19
1.722E+03  1.190E-29  5.434E-19  1.609E-19  3.825E-19
1.706E+03  1.238E-29  5.604E-19  1.663E-19  3.941E-19
1.690E+03  1.289E-29  5.780E-19  1.719E-19  4.061E-19
1.675E+03  1.342E-29  5.961E-19  1.777E-19  4.185E-19
1.660E+03  1.397E-29  6.148E-19  1.836E-19  4.312E-19
1.644E+03  1.454E-29  6.342E-19  1.898E-19  4.444E-19
1.629E+03  1.513E-29  6.541E-19  1.962E-19  4.579E-19
1.614E+03  1.576E-29  6.747E-19  2.028E-19  4.719E-19
1.600E+03  1.640E-29  6.959E-19  2.096E-19  4.863E-19
1.585E+03  1.708E-29  7.179E-19  2.167E-19  5.011E-19
1.570E+03  1.778E-29  7.405E-19  2.241E-19  5.164E-19
1.556E+03  1.851E-29  7.638E-19  2.317E-19  5.322E-19
1.542E+03  1.927E-29  7.879E-19  2.395E-19  5.484E-19
1.528E+03  2.006E-29  8.128E-19  2.477E-19  5.652E-19
1.514E+03  2.089E-29  8.385E-19  2.561E-19  5.824E-19
1.500E+03  2.174E-29  8.650E-19  2.648E-19  6.002E-19
1.486E+03  2.264E-29  8.924E-19  2.738E-19  6.186E-19
1.472E+03  2.357E-29  9.207E-19  2.832E-19  6.375E-19
1.459E+03  2.455E-29  9.499E-19  2.928E-19  6.570E-19
1.445E+03  2.556E-29  9.800E-19  3.028E-19  6.772E-19
1.432E+03  2.662E-29  1.011E-18  3.132E-19  6.979E-19
1.419E+03  2.771E-29  1.043E-18  3.239E-19  7.193E-19
1.406E+03  2.886E-29  1.076E-18  3.351E-19  7.413E-19
1.393E+03  3.005E-29  1.111E-18  3.466E-19  7.640E-19
1.380E+03  3.130E-29  1.146E-18  3.585E-19  7.874E-19
1.368E+03  3.259E-29  1.182E-18  3.708E-19  8.116E-19
1.355E+03  3.394E-29  1.220E-18  3.836E-19  8.365E-19
1.343E+03  3.534E-29  1.259E-18  3.968E-19  8.621E-19
1.330E+03  3.681E-29  1.299E-18  4.105E-19  8.885E-19
1.318E+03  3.833E-29  1.340E-18  4.247E-19  9.158E-19
1.306E+03  3.992E-29  1.383E-18  4.393E-19  9.438E-19
1.294E+03  4.158E-29  1.427E-18  4.546E-19  9.728E-19
1.282E+03  4.330E-29  1.473E-18  4.703E-19  1.003E-18
1.271E+03  4.510E-29  1.520E-18  4.866E-19  1.033E-18
1.259E+03  4.697E-29  1.568E-18  5.035E-19  1.065E-18
1.247E+03  4.892E-29  1.619E-18  5.210E-19  1.098E-18
1.236E+03  5.095E-29  1.670E-18  5.391E-19  1.131E-18
1.225E+03  5.306E-29  1.724E-18  5.578E-19  1.166E-18
1.213E+03  5.526E-29  1.779E-18  5.772E-19  1.201E-18
1.202E+03  5.756E-29  1.836E-18  5.973E-19  1.238E-18
1.191E+03  5.995E-29  1.894E-18  6.181E-19  1.276E-18
1.180E+03  6.244E-29  1.955E-18  6.397E-19  1.315E-18
1.169E+03  6.503E-29  2.017E-18  6.620E-19  1.355E-18
1.159E+03  6.773E-29  2.082E-18  6.852E-19  1.397E-18
1.148E+03  7.055E-29  2.149E-18  7.091E-19  1.439E-18
1.138E+03  7.348E-29  2.217E-18  7.339E-19  1.483E-18
1.127E+03  7.653E-29  2.288E-18  7.596E-19  1.529E-18
1.117E+03  7.972E-29  2.362E-18  7.862E-19  1.575E-18
1.107E+03  8.303E-29  2.437E-18  8.138E-19  1.623E-18
1.096E+03  8.648E-29  2.515E-18  8.423E-19  1.673E-18
1.086E+03  9.008E-29  2.596E-18  8.719E-19  1.724E-18
1.076E+03  9.382E-29  2.679E-18  9.025E-19  1.776E-18
1.067E+03  9.772E-29  2.765E-18  9.342E-19  1.831E-18
1.057E+03  1.018E-28  2.853E-18  9.670E-19  1.886E-18
1.047E+03  1.060E-28  2.945E-18  1.001E-18  1.944E-18
1.038E+03  1.104E-28  3.039E-18  1.036E-18  2.003E-18
1.028E+03  1.150E-28  3.136E-18  1.073E-18  2.064E-18
1.019E+03  1.198E-28  3.237E-18  1.110E-18  2.126E-18
1.009E+03  1.248E-28  3.340E-18  1.150E-18  2.191E-18
1.000E+03  1.300E-28  3.447E-18  1.190E-18  2.257E-18
9.908E+02  1.354E-28  3.558E-18  1.232E-18  2.326E-18
9.817E+02  1.410E-28  3.672E-18  1.275E-18  2.396E-18
9.727E+02  1.469E-28  3.789E-18  1.320E-18  2.469E-18
9.638E+02  1.530E-28  3.911E-18  1.367E-18  2.544E-18
9.550E+02  1.593E-28  4.036E-18  1.415E-18  2.621E-18
9.462E+02  1.660E-28  4.166E-18  1.465E-18  2.700E-18
9.376E+02  1.729E-28  4.299E-18  1.517E-18  2.782E-18
9.290E+02  1.801E-28  4.437E-18  1.571E-18  2.866E-18
9.204E+02  1.875E-28  4.579E-18  1.626E-18  2.953E-18
9.120E+02  1.953E-28  4.726E-18  1.684E-18  3.042E-18
9.036E+02  2.035E-28  4.877E-18  1.743E-18  3.134E-18
8.954E+02  2.119E-28  5.033E-18  1.805E-18  3.228E-18
8.872E+02  2.207E-28  5.194E-18  1.869E-18  3.325E-18
8.790E+02  2.299E-28  5.360E-18  1.935E-18  3.425E-18
8.710E+02  2.394E-28  5.531E-18  2.003E-18  3.528E-18
8.630E+02  2.493E-28  5.708E-18  2.074E-18  3.633E-18
8.551E+02  2.597E-28  5.890E-18  2.148E-18  3.742E-18
8.472E+02  2.704E-28  6.078E-18  2.224E-18  3.854E-18
8.395E+02  2.817E-28  6.272E-18  2.303E-18  3.969E-18
8.318E+02  2.933E-28  6.472E-18  2.384E-18  4.087E-18
8.241E+02  3.055E-28  6.678E-18  2.469E-18  4.209E-18
8.166E+02  3.181E-28  6.890E-18  2.556E-18  4.334E-18
8.091E+02  3.313E-28  7.110E-18  2.647E-18  4.463E-18
8.017E+02  3.450E-28  7.336E-18  2.740E-18  4.595E-18
7.943E+02  3.592E-28  7.569E-18  2.837E-18  4.731E-18
7.870E+02  3.741E-28  7.809E-18  2.938E-18  4.871E-18
7.798E+02  3.895E-28  8.057E-18  3.042E-18  5.015E-18
7.727E+02  4.056E-28  8.313E-18  3.150E-18  5.163E-18
7.656E+02  4.224E-28  8.577E-18  3.261E-18  5.316E-18
7.586E+02  4.398E-28  8.849E-18  3.377E-18  5.472E-18
7.516E+02  4.579E-28  9.130E-18  3.497E-18  5.633E-18
7.447E+02  4.769E-28  9.420E-18  3.621E-18  5.800E-18
7.379E+02  4.966E-28  9.720E-18  3.749E-18  5.971E-18
7.311E+02  5.171E-28  1.003E-17  3.882E-18  6.147E-18
7.244E+02  5.385E-28  1.035E-17  4.019E-18  6.329E-18
7.178E+02  5.608E-28  1.068E-17  4.161E-18  6.515E-18
7.112E+02  5.839E-28  1.102E-17  4.309E-18  6.708E-18
7.047E+02  6.081E-28  1.137E-17  4.461E-18  6.906E-18
6.982E+02  6.333E-28  1.173E-17  4.619E-18  7.109E-18
6.918E+02  6.595E-28  1.210E-17  4.783E-18  7.319E-18
6.855E+02  6.867E-28  1.249E-17  4.952E-18  7.535E-18
6.792E+02  7.151E-28  1.288E-17  5.127E-18  7.757E-18
6.730E+02  7.447E-28  1.329E-17  5.309E-18  7.984E-18
6.668E+02  7.754E-28  1.372E-17  5.497E-18  8.218E-18
6.607E+02  8.074E-28  1.415E-17  5.691E-18  8.459E-18
6.546E+02  8.408E-28  1.460E-17  5.892E-18  8.709E-18
6.486E+02  8.757E-28  1.507E-17  6.100E-18  8.966E-18
6.427E+02  9.120E-28  1.555E-17  6.316E-18  9.232E-18
6.368E+02  9.498E-28  1.604E-17  6.539E-18  9.505E-18
6.310E+02  9.892E-28  1.656E-17  6.770E-18  9.786E-18
6.252E+02  1.030E-27  1.709E-17  7.009E-18  1.008E-17
6.194E+02  1.073E-27  1.763E-17  7.257E-18  1.037E-17
6.138E+02  1.118E-27  1.819E-17  7.513E-18  1.068E-17
6.081E+02  1.164E-27  1.878E-17  7.778E-18  1.100E-17
6.026E+02  1.212E-27  1.938E-17  8.053E-18  1.132E-17
5.970E+02  1.263E-27  2.000E-17  8.336E-18  1.166E-17
5.916E+02  1.315E-27  2.064E-17  8.630E-18  1.200E-17
5.861E+02  1.370E-27  2.130E-17  8.935E-18  1.236E-17
5.808E+02  1.427E-27  2.198E-17  9.249E-18  1.273E-17
5.754E+02  1.486E-27  2.268E-17  9.575E-18  1.310E-17
5.702E+02  1.548E-27  2.341E-17  9.912E-18  1.349E-17
5.649E+02  1.612E-27  2.416E-17  1.026E-17  1.389E-17
5.598E+02  1.679E-27  2.493E-17  1.062E-17  1.431E-17
5.546E+02  1.749E-27  2.573E-17  1.100E-17  1.473E-17
5.495E+02  1.821E-27  2.655E-17  1.138E-17  1.517E-17
5.445E+02  1.897E-27  2.740E-17  1.178E-17  1.562E-17
5.395E+02  1.976E-27  2.828E-17  1.220E-17  1.609E-17
5.346E+02  2.058E-27  2.919E-17  1.262E-17  1.656E-17
5.297E+02  2.144E-27  3.012E-17  1.307E-17  1.706E-17
5.248E+02  2.233E-27  3.109E-17  1.352E-17  1.756E-17
5.200E+02  2.326E-27  3.209E-17  1.400E-17  1.809E-17
5.152E+02  2.423E-27  3.312E-17  1.449E-17  1.863E-17
5.105E+02  2.524E-27  3.418E-17  1.500E-17  1.918E-17
5.058E+02  2.629E-27  3.527E-17  1.552E-17  1.975E-17
5.012E+02  2.738E-27  3.641E-17  1.607E-17  2.034E-17
4.966E+02  2.852E-27  3.757E-17  1.663E-17  2.095E-17
4.920E+02  2.971E-27  3.878E-17  1.721E-17  2.157E-17
4.875E+02  3.095E-27  4.002E-17  1.781E-17  2.221E-17
4.831E+02  3.224E-27  4.131E-17  1.843E-17  2.288E-17
4.786E+02  3.358E-27  4.263E-17  1.907E-17  2.356E-17
4.742E+02  3.498E-27  4.400E-17  1.974E-17  2.426E-17
4.699E+02  3.643E-27  4.541E-17  2.043E-17  2.498E-17
4.656E+02  3.795E-27  4.686E-17  2.114E-17  2.572E-17
4.613E+02  3.953E-27  4.837E-17  2.188E-17  2.649E-17
4.571E+02  4.117E-27  4.992E-17  2.264E-17  2.728E-17
4.529E+02  4.288E-27  5.152E-17  2.342E-17  2.809E-17
4.487E+02  4.466E-27  5.317E-17  2.424E-17  2.893E-17
4.446E+02  4.652E-27  5.487E-17  2.508E-17  2.979E-17
4.406E+02  4.846E-27  5.663E-17  2.595E-17  3.068E-17
4.365E+02  5.047E-27  5.844E-17  2.685E-17  3.159E-17
4.325E+02  5.257E-27  6.031E-17  2.778E-17  3.253E-17
4.285E+02  5.475E-27  6.224E-17  2.874E-17  3.350E-17
4.246E+02  5.703E-27  6.423E-17  2.974E-17  3.450E-17
4.207E+02  5.939E-27  6.628E-17  3.077E-17  3.552E-17
4.169E+02  6.186E-27  6.841E-17  3.183E-17  3.657E-17
4.130E+02  6.443E-27  7.059E-17  3.293E-17  3.766E-17
4.093E+02  6.710E-27  7.285E-17  3.407E-17  3.878E-17
4.055E+02  6.989E-27  7.518E-17  3.524E-17  3.993E-17
4.018E+02  7.280E-27  7.758E-17  3.646E-17  4.112E-17
3.981E+02  7.580E-27  8.005E-17  3.772E-17  4.233E-17
3.945E+02  7.895E-27  8.261E-17  3.901E-17  4.359E-17
3.908E+02  8.223E-27  8.525E-17  4.036E-17  4.490E-17
3.873E+02  8.565E-27  8.798E-17  4.174E-17  4.623E-17
3.837E+02  8.920E-27  9.079E-17  4.318E-17  4.761E-17
3.802E+02  9.290E-27  9.369E-17  4.466E-17  4.903E-17
3.767E+02  9.675E-27  9.668E-17  4.619E-17  5.049E-17
3.733E+02  1.007E-26  9.973E-17  4.777E-17  5.196E-17
3.698E+02  1.049E-26  1.029E-16  4.941E-17  5.351E-17
3.664E+02  1.093E-26  1.062E-16  5.110E-17  5.511E-17
3.631E+02  1.138E-26  1.096E-16  5.285E-17  5.675E-17
3.597E+02  1.185E-26  1.131E-16  5.465E-17  5.840E-17
3.565E+02  1.234E-26  1.167E-16  5.651E-17  6.014E-17
3.532E+02  1.284E-26  1.203E-16  5.844E-17  6.187E-17
3.499E+02  1.337E-26  1.241E-16  6.043E-17  6.371E-17
3.467E+02  1.393E-26  1.281E-16  6.249E-17  6.560E-17
3.436E+02  1.450E-26  1.322E-16  6.461E-17  6.755E-17
3.404E+02  1.510E-26  1.364E-16  6.681E-17  6.956E-17
3.373E+02  1.573E-26  1.407E-16  6.907E-17  7.163E-17
3.342E+02  1.638E-26  1.452E-16  7.142E-17  7.375E-17
3.311E+02  1.705E-26  1.498E-16  7.383E-17  7.594E-17
3.281E+02  1.774E-26  1.544E-16  7.633E-17  7.809E-17
3.251E+02  1.847E-26  1.593E-16  7.891E-17  8.036E-17
3.221E+02  1.923E-26  1.643E-16  8.158E-17  8.275E-17
3.192E+02  2.002E-26  1.695E-16  8.433E-17  8.520E-17
3.162E+02  2.085E-26  1.749E-16  8.717E-17  8.772E-17
3.133E+02  2.167E-26  1.801E-16  9.011E-17  9.000E-17
3.105E+02  2.256E-26  1.858E-16  9.314E-17  9.266E-17
3.076E+02  2.349E-26  1.917E-16  9.627E-17  9.540E-17
3.048E+02  2.445E-26  1.977E-16  9.950E-17  9.821E-17
3.020E+02  2.546E-26  2.039E-16  1.028E-16  1.011E-16
2.992E+02  2.650E-26  2.103E-16  1.063E-16  1.041E-16
2.965E+02  2.759E-26  2.169E-16  1.098E-16  1.071E-16
2.938E+02  2.872E-26  2.238E-16  1.135E-16  1.103E-16
2.911E+02  2.989E-26  2.308E-16  1.173E-16  1.135E-16
2.884E+02  3.107E-26  2.377E-16  1.212E-16  1.165E-16
2.858E+02  3.234E-26  2.452E-16  1.252E-16  1.199E-16
2.831E+02  3.367E-26  2.529E-16  1.294E-16  1.235E-16
2.805E+02  3.502E-26  2.606E-16  1.337E-16  1.270E-16
2.780E+02  3.639E-26  2.683E-16  1.381E-16  1.302E-16
2.754E+02  3.787E-26  2.767E-16  1.427E-16  1.340E-16
2.729E+02  3.936E-26  2.849E-16  1.474E-16  1.375E-16
2.704E+02  4.096E-26  2.938E-16  1.523E-16  1.415E-16
2.679E+02  4.264E-26  3.030E-16  1.573E-16  1.457E-16
2.655E+02  4.438E-26  3.125E-16  1.625E-16  1.500E-16
2.630E+02  4.617E-26  3.222E-16  1.678E-16  1.543E-16
2.606E+02  4.806E-26  3.322E-16  1.733E-16  1.589E-16
2.582E+02  4.999E-26  3.424E-16  1.790E-16  1.634E-16
2.559E+02  5.190E-26  3.523E-16  1.849E-16  1.674E-16
2.535E+02  5.400E-26  3.631E-16  1.909E-16  1.722E-16
2.512E+02  5.618E-26  3.743E-16  1.972E-16  1.771E-16
2.489E+02  5.841E-26  3.856E-16  2.036E-16  1.820E-16
2.466E+02  6.056E-26  3.961E-16  2.103E-16  1.859E-16
2.443E+02  6.293E-26  4.079E-16  2.171E-16  1.908E-16
2.421E+02  6.533E-26  4.196E-16  2.242E-16  1.954E-16
2.399E+02  6.785E-26  4.317E-16  2.314E-16  2.003E-16
2.377E+02  7.046E-26  4.443E-16  2.389E-16  2.053E-16
2.355E+02  7.297E-26  4.558E-16  2.467E-16  2.091E-16
2.333E+02  7.577E-26  4.690E-16  2.547E-16  2.143E-16
2.312E+02  7.864E-26  4.823E-16  2.626E-16  2.197E-16
2.291E+02  8.165E-26  4.962E-16  2.711E-16  2.251E-16
2.270E+02  8.478E-26  5.104E-16  2.798E-16  2.307E-16
2.249E+02  8.798E-26  5.249E-16  2.888E-16  2.361E-16
2.228E+02  9.097E-26  5.378E-16  2.979E-16  2.398E-16
2.208E+02  9.445E-26  5.532E-16  3.075E-16  2.457E-16
2.188E+02  9.773E-26  5.672E-16  3.173E-16  2.499E-16
2.168E+02  1.014E-25  5.833E-16  3.274E-16  2.559E-16
2.148E+02  1.053E-25  5.999E-16  3.379E-16  2.620E-16
2.128E+02  1.093E-25  6.168E-16  3.486E-16  2.682E-16
2.109E+02  1.134E-25  6.343E-16  3.597E-16  2.746E-16
2.089E+02  1.175E-25  6.512E-16  3.711E-16  2.801E-16
2.070E+02  1.219E-25  6.696E-16  3.828E-16  2.867E-16
2.051E+02  1.257E-25  6.841E-16  3.937E-16  2.903E-16
2.032E+02  1.305E-25  7.034E-16  4.062E-16  2.972E-16
2.014E+02  1.354E-25  7.230E-16  4.190E-16  3.040E-16
1.995E+02  1.404E-25  7.432E-16  4.321E-16  3.111E-16
1.977E+02  1.457E-25  7.640E-16  4.457E-16  3.184E-16
1.959E+02  1.506E-25  7.826E-16  4.596E-16  3.230E-16
1.941E+02  1.561E-25  8.038E-16  4.734E-16  3.305E-16
1.923E+02  1.613E-25  8.229E-16  4.881E-16  3.348E-16
1.905E+02  1.671E-25  8.448E-16  5.033E-16  3.415E-16
1.888E+02  1.734E-25  8.682E-16  5.190E-16  3.493E-16
1.871E+02  1.798E-25  8.923E-16  5.351E-16  3.572E-16
1.854E+02  1.865E-25  9.168E-16  5.515E-16  3.653E-16
1.837E+02  1.934E-25  9.419E-16  5.686E-16  3.734E-16
1.820E+02  2.004E-25  9.674E-16  5.861E-16  3.814E-16
1.803E+02  2.065E-25  9.878E-16  6.000E-16  3.878E-16
1.786E+02  2.142E-25  1.015E-15  6.184E-16  3.964E-16
1.770E+02  2.209E-25  1.037E-15  6.374E-16  3.997E-16
1.754E+02  2.288E-25  1.065E-15  6.569E-16  4.077E-16
1.738E+02  2.372E-25  1.094E-15  6.770E-16  4.167E-16
1.722E+02  2.450E-25  1.119E-15  6.976E-16  4.217E-16
1.706E+02  2.533E-25  1.146E-15  7.188E-16  4.277E-16
1.690E+02  2.619E-25  1.175E-15  7.378E-16  4.368E-16
1.675E+02  2.715E-25  1.206E-15  7.601E-16  4.462E-16
1.660E+02  2.814E-25  1.239E-15  7.831E-16  4.558E-16
1.644E+02  2.914E-25  1.271E-15  8.067E-16  4.645E-16
1.629E+02  3.016E-25  1.303E-15  8.309E-16  4.725E-16
1.614E+02  3.125E-25  1.338E-15  8.558E-16  4.825E-16
1.600E+02  3.212E-25  1.363E-15  8.701E-16  4.927E-16
1.585E+02  3.327E-25  1.399E-15  8.954E-16  5.031E-16
1.570E+02  3.445E-25  1.435E-15  9.220E-16  5.132E-16
1.556E+02  3.562E-25  1.470E-15  9.495E-16  5.206E-16
1.542E+02  3.688E-25  1.508E-15  9.776E-16  5.307E-16
1.528E+02  3.801E-25  1.540E-15  1.007E-15  5.336E-16
1.514E+02  3.929E-25  1.578E-15  1.036E-15  5.412E-16
1.500E+02  4.055E-25  1.613E-15  1.067E-15  5.463E-16
1.486E+02  4.145E-25  1.634E-15  1.076E-15  5.575E-16
1.472E+02  4.293E-25  1.677E-15  1.108E-15  5.689E-16
1.459E+02  4.419E-25  1.710E-15  1.130E-15  5.797E-16
1.445E+02  4.577E-25  1.755E-15  1.164E-15  5.914E-16
1.432E+02  4.739E-25  1.801E-15  1.198E-15  6.030E-16
1.419E+02  4.827E-25  1.817E-15  1.202E-15  6.151E-16
1.406E+02  4.995E-25  1.863E-15  1.237E-15  6.261E-16
1.393E+02  5.163E-25  1.908E-15  1.273E-15  6.354E-16
1.380E+02  5.345E-25  1.957E-15  1.309E-15  6.478E-16
1.368E+02  5.534E-25  2.008E-15  1.347E-15  6.604E-16
1.355E+02  5.716E-25  2.055E-15  1.382E-15  6.733E-16
1.343E+02  5.915E-25  2.107E-15  1.420E-15  6.864E-16
1.330E+02  6.109E-25  2.156E-15  1.461E-15  6.948E-16
1.318E+02  6.299E-25  2.203E-15  1.503E-15  6.997E-16
1.306E+02  6.491E-25  2.249E-15  1.546E-15  7.031E-16
1.294E+02  6.718E-25  2.306E-15  1.590E-15  7.165E-16
1.282E+02  6.946E-25  2.363E-15  1.635E-15  7.279E-16
1.271E+02  7.107E-25  2.395E-15  1.654E-15  7.413E-16
1.259E+02  7.354E-25  2.456E-15  1.701E-15  7.552E-16
1.247E+02  7.606E-25  2.517E-15  1.748E-15  7.684E-16
1.236E+02  7.869E-25  2.580E-15  1.797E-15  7.825E-16
1.225E+02  7.989E-25  2.595E-15  1.799E-15  7.965E-16
1.213E+02  8.264E-25  2.660E-15  1.849E-15  8.111E-16
1.202E+02  8.548E-25  2.726E-15  1.900E-15  8.259E-16
1.191E+02  8.825E-25  2.789E-15  1.952E-15  8.366E-16
1.180E+02  9.125E-25  2.857E-15  2.006E-15  8.511E-16
1.169E+02  9.431E-25  2.926E-15  2.061E-15  8.645E-16
1.159E+02  9.691E-25  2.979E-15  2.099E-15  8.797E-16
1.148E+02  1.001E-24  3.047E-15  2.152E-15  8.952E-16
1.138E+02  1.032E-24  3.114E-15  2.211E-15  9.028E-16
1.127E+02  1.046E-24  3.126E-15  2.219E-15  9.076E-16
1.117E+02  1.081E-24  3.202E-15  2.279E-15  9.222E-16
1.107E+02  1.117E-24  3.280E-15  2.342E-15  9.383E-16
1.096E+02  1.154E-24  3.358E-15  2.405E-15  9.528E-16
1.086E+02  1.193E-24  3.439E-15  2.470E-15  9.687E-16
1.076E+02  1.233E-24  3.520E-15  2.535E-15  9.849E-16
1.067E+02  1.274E-24  3.605E-15  2.603E-15  1.002E-15
1.057E+02  1.317E-24  3.691E-15  2.673E-15  1.018E-15
1.047E+02  1.360E-24  3.779E-15  2.744E-15  1.035E-15
1.038E+02  1.406E-24  3.869E-15  2.817E-15  1.052E-15
1.028E+02  1.429E-24  3.898E-15  2.828E-15  1.069E-15
1.019E+02  1.449E-24  3.916E-15  2.833E-15  1.083E-15
1.009E+02  1.495E-24  4.002E-15  2.902E-15  1.100E-15
1.000E+02  1.544E-24  4.097E-15  2.979E-15  1.118E-15
9.908E+01  1.572E-24  4.131E-15  2.997E-15  1.134E-15
9.817E+01  1.623E-24  4.228E-15  3.076E-15  1.152E-15
9.727E+01  1.665E-24  4.295E-15  3.138E-15  1.157E-15
9.638E+01  1.719E-24  4.395E-15  3.220E-15  1.176E-15
9.550E+01  1.775E-24  4.496E-15  3.304E-15  1.192E-15
9.462E+01  1.833E-24  4.600E-15  3.389E-15  1.211E-15
9.376E+01  1.891E-24  4.703E-15  3.473E-15  1.230E-15
9.290E+01  1.952E-24  4.809E-15  3.562E-15  1.247E-15
9.204E+01  2.014E-24  4.918E-15  3.652E-15  1.266E-15
9.120E+01  2.079E-24  5.030E-15  3.744E-15  1.285E-15
9.036E+01  2.146E-24  5.144E-15  3.839E-15  1.305E-15
8.954E+01  2.215E-24  5.260E-15  3.936E-15  1.324E-15
8.872E+01  2.285E-24  5.378E-15  4.034E-15  1.343E-15
8.790E+01  2.356E-24  5.494E-15  4.131E-15  1.363E-15
8.710E+01  2.386E-24  5.511E-15  4.130E-15  1.381E-15
8.630E+01  2.461E-24  5.633E-15  4.231E-15  1.402E-15
8.551E+01  2.538E-24  5.757E-15  4.336E-15  1.420E-15
8.472E+01  2.544E-24  5.718E-15  4.277E-15  1.441E-15
8.395E+01  2.623E-24  5.841E-15  4.380E-15  1.461E-15
8.318E+01  2.705E-24  5.967E-15  4.488E-15  1.479E-15
8.241E+01  2.765E-24  6.044E-15  4.552E-15  1.492E-15
8.166E+01  2.851E-24  6.176E-15  4.663E-15  1.513E-15
8.091E+01  2.935E-24  6.299E-15  4.766E-15  1.534E-15
8.017E+01  3.027E-24  6.436E-15  4.882E-15  1.554E-15
7.943E+01  3.120E-24  6.574E-15  5.000E-15  1.574E-15
7.870E+01  3.217E-24  6.717E-15  5.121E-15  1.596E-15
7.798E+01  3.314E-24  6.856E-15  5.238E-15  1.618E-15
7.727E+01  3.415E-24  7.000E-15  5.361E-15  1.639E-15
7.656E+01  3.516E-24  7.139E-15  5.478E-15  1.661E-15
7.586E+01  3.611E-24  7.266E-15  5.583E-15  1.683E-15
7.516E+01  3.722E-24  7.420E-15  5.715E-15  1.705E-15
7.447E+01  3.833E-24  7.572E-15  5.845E-15  1.727E-15
7.379E+01  3.846E-24  7.527E-15  5.779E-15  1.748E-15
7.311E+01  3.962E-24  7.683E-15  5.914E-15  1.770E-15
7.244E+01  3.969E-24  7.627E-15  5.835E-15  1.792E-15
7.178E+01  4.051E-24  7.713E-15  5.899E-15  1.814E-15
7.112E+01  4.164E-24  7.855E-15  6.018E-15  1.836E-15
7.047E+01  4.288E-24  8.015E-15  6.159E-15  1.856E-15
6.982E+01  4.399E-24  8.147E-15  6.270E-15  1.877E-15
6.918E+01  4.532E-24  8.316E-15  6.416E-15  1.900E-15
6.855E+01  4.667E-24  8.486E-15  6.563E-15  1.922E-15
6.792E+01  4.804E-24  8.655E-15  6.709E-15  1.945E-15
6.730E+01  4.946E-24  8.830E-15  6.862E-15  1.967E-15
6.668E+01  5.092E-24  9.007E-15  7.016E-15  1.991E-15
6.607E+01  5.235E-24  9.174E-15  7.160E-15  2.014E-15
6.546E+01  5.313E-24  9.226E-15  7.189E-15  2.038E-15
6.486E+01  5.470E-24  9.411E-15  7.350E-15  2.061E-15
6.427E+01  5.631E-24  9.599E-15  7.515E-15  2.084E-15
6.368E+01  5.790E-24  9.780E-15  7.672E-15  2.108E-15
6.310E+01  5.889E-24  9.857E-15  7.726E-15  2.131E-15
6.252E+01  6.061E-24  1.005E-14  7.896E-15  2.155E-15
6.194E+01  6.236E-24  1.025E-14  8.070E-15  2.177E-15
6.138E+01  6.411E-24  1.044E-14  8.237E-15  2.201E-15
6.081E+01  6.595E-24  1.064E-14  8.414E-15  2.224E-15
6.026E+01  6.758E-24  1.080E-14  8.553E-15  2.248E-15
5.970E+01  6.906E-24  1.094E-14  8.666E-15  2.271E-15
5.916E+01  7.103E-24  1.115E-14  8.852E-15  2.295E-15
5.861E+01  7.246E-24  1.127E-14  8.947E-15  2.318E-15
5.808E+01  7.412E-24  1.142E-14  9.077E-15  2.341E-15
5.754E+01  7.616E-24  1.163E-14  9.261E-15  2.364E-15
5.702E+01  7.818E-24  1.182E-14  9.437E-15  2.388E-15
5.649E+01  8.035E-24  1.204E-14  9.630E-15  2.411E-15
5.598E+01  8.253E-24  1.225E-14  9.820E-15  2.433E-15
5.546E+01  8.452E-24  1.243E-14  9.978E-15  2.457E-15
5.495E+01  8.687E-24  1.266E-14  1.018E-14  2.480E-15
5.445E+01  8.924E-24  1.289E-14  1.039E-14  2.503E-15
5.395E+01  9.149E-24  1.309E-14  1.057E-14  2.527E-15
5.346E+01  9.400E-24  1.333E-14  1.078E-14  2.550E-15
5.297E+01  9.594E-24  1.348E-14  1.091E-14  2.572E-15
5.248E+01  9.847E-24  1.371E-14  1.111E-14  2.595E-15
5.200E+01  1.007E-23  1.389E-14  1.128E-14  2.618E-15
5.152E+01  1.034E-23  1.414E-14  1.150E-14  2.640E-15
5.105E+01  1.053E-23  1.426E-14  1.160E-14  2.662E-15
5.058E+01  1.081E-23  1.451E-14  1.182E-14  2.684E-15
5.012E+01  1.104E-23  1.468E-14  1.197E-14  2.706E-15
4.966E+01  1.132E-23  1.492E-14  1.219E-14  2.728E-15
4.920E+01  1.162E-23  1.517E-14  1.242E-14  2.749E-15
4.875E+01  1.189E-23  1.538E-14  1.261E-14  2.771E-15
4.831E+01  1.220E-23  1.563E-14  1.284E-14  2.791E-15
4.786E+01  1.251E-23  1.589E-14  1.307E-14  2.812E-15
4.742E+01  1.283E-23  1.615E-14  1.331E-14  2.833E-15
4.699E+01  1.316E-23  1.640E-14  1.355E-14  2.853E-15
4.656E+01  1.345E-23  1.661E-14  1.373E-14  2.873E-15
4.613E+01  1.377E-23  1.685E-14  1.396E-14  2.893E-15
4.571E+01  1.411E-23  1.711E-14  1.420E-14  2.913E-15
4.529E+01  1.444E-23  1.735E-14  1.441E-14  2.933E-15
4.487E+01  1.480E-23  1.761E-14  1.466E-14  2.952E-15
4.446E+01  1.514E-23  1.786E-14  1.489E-14  2.972E-15
4.406E+01  1.545E-23  1.805E-14  1.506E-14  2.991E-15
4.365E+01  1.580E-23  1.830E-14  1.529E-14  3.010E-15
4.325E+01  1.618E-23  1.857E-14  1.554E-14  3.029E-15
4.285E+01  1.652E-23  1.878E-14  1.574E-14  3.046E-15
4.246E+01  1.688E-23  1.901E-14  1.594E-14  3.064E-15
4.207E+01  1.723E-23  1.923E-14  1.615E-14  3.082E-15
4.169E+01  1.763E-23  1.950E-14  1.640E-14  3.099E-15
4.130E+01  1.802E-23  1.974E-14  1.662E-14  3.116E-15
4.093E+01  1.840E-23  1.997E-14  1.684E-14  3.132E-15
4.055E+01  1.880E-23  2.022E-14  1.708E-14  3.147E-15
4.018E+01  1.921E-23  2.047E-14  1.731E-14  3.162E-15
3.981E+01  1.964E-23  2.074E-14  1.756E-14  3.177E-15
3.945E+01  2.007E-23  2.100E-14  1.781E-14  3.191E-15
3.908E+01  2.051E-23  2.126E-14  1.806E-14  3.205E-15
3.873E+01  2.095E-23  2.152E-14  1.830E-14  3.218E-15
3.837E+01  2.138E-23  2.176E-14  1.853E-14  3.230E-15
3.802E+01  2.181E-23  2.200E-14  1.876E-14  3.243E-15
3.767E+01  2.224E-23  2.222E-14  1.897E-14  3.254E-15
3.733E+01  2.267E-23  2.244E-14  1.918E-14  3.264E-15
3.698E+01  2.314E-23  2.270E-14  1.943E-14  3.272E-15
3.664E+01  2.362E-23  2.296E-14  1.968E-14  3.280E-15
3.631E+01  2.410E-23  2.321E-14  1.992E-14  3.288E-15
3.597E+01  2.450E-23  2.338E-14  2.008E-14  3.295E-15
3.565E+01  2.499E-23  2.363E-14  2.032E-14  3.303E-15
3.532E+01  2.549E-23  2.388E-14  2.057E-14  3.310E-15
3.499E+01  2.596E-23  2.410E-14  2.078E-14  3.317E-15
3.467E+01  2.643E-23  2.431E-14  2.098E-14  3.323E-15
3.436E+01  2.695E-23  2.456E-14  2.123E-14  3.330E-15
3.404E+01  2.744E-23  2.478E-14  2.144E-14  3.336E-15
3.373E+01  2.794E-23  2.500E-14  2.165E-14  3.342E-15
3.342E+01  2.847E-23  2.524E-14  2.189E-14  3.348E-15
3.311E+01  2.901E-23  2.548E-14  2.213E-14  3.355E-15
3.281E+01  2.956E-23  2.573E-14  2.236E-14  3.362E-15
3.251E+01  3.006E-23  2.592E-14  2.256E-14  3.369E-15
3.221E+01  3.062E-23  2.617E-14  2.279E-14  3.376E-15
3.192E+01  3.117E-23  2.639E-14  2.300E-14  3.383E-15
3.162E+01  3.170E-23  2.659E-14  2.320E-14  3.389E-15
3.133E+01  3.229E-23  2.683E-14  2.344E-14  3.395E-15
3.105E+01  3.283E-23  2.703E-14  2.363E-14  3.401E-15
3.076E+01  3.340E-23  2.725E-14  2.385E-14  3.407E-15
3.048E+01  3.400E-23  2.749E-14  2.407E-14  3.413E-15
3.020E+01  3.459E-23  2.771E-14  2.429E-14  3.418E-15
2.992E+01  3.521E-23  2.795E-14  2.453E-14  3.424E-15
2.965E+01  3.580E-23  2.816E-14  2.473E-14  3.427E-15
2.938E+01  3.643E-23  2.839E-14  2.496E-14  3.431E-15
2.911E+01  3.705E-23  2.861E-14  2.518E-14  3.434E-15
2.884E+01  3.769E-23  2.883E-14  2.540E-14  3.437E-15
2.858E+01  3.834E-23  2.906E-14  2.562E-14  3.439E-15
2.831E+01  3.901E-23  2.930E-14  2.586E-14  3.442E-15
2.805E+01  3.969E-23  2.954E-14  2.609E-14  3.443E-15
2.780E+01  4.040E-23  2.979E-14  2.634E-14  3.445E-15
2.754E+01  4.111E-23  3.003E-14  2.658E-14  3.447E-15
2.729E+01  4.178E-23  3.024E-14  2.679E-14  3.448E-15
2.704E+01  4.253E-23  3.050E-14  2.705E-14  3.449E-15
2.679E+01  4.329E-23  3.077E-14  2.731E-14  3.450E-15
2.655E+01  4.404E-23  3.101E-14  2.756E-14  3.451E-15
2.630E+01  4.482E-23  3.127E-14  2.782E-14  3.451E-15
2.606E+01  4.557E-23  3.151E-14  2.805E-14  3.452E-15
2.582E+01  4.639E-23  3.178E-14  2.833E-14  3.452E-15
2.559E+01  4.723E-23  3.205E-14  2.860E-14  3.451E-15
2.535E+01  4.808E-23  3.233E-14  2.888E-14  3.451E-15
2.512E+01  4.895E-23  3.262E-14  2.917E-14  3.450E-15
2.489E+01  4.982E-23  3.289E-14  2.944E-14  3.449E-15
2.466E+01  5.072E-23  3.318E-14  2.973E-14  3.446E-15
2.443E+01  5.161E-23  3.345E-14  3.001E-14  3.443E-15
2.421E+01  5.256E-23  3.376E-14  3.032E-14  3.439E-15
2.399E+01  5.353E-23  3.406E-14  3.063E-14  3.432E-15
2.377E+01  5.449E-23  3.435E-14  3.093E-14  3.426E-15
2.355E+01  5.548E-23  3.466E-14  3.123E-14  3.424E-15
2.333E+01  5.651E-23  3.498E-14  3.156E-14  3.420E-15
2.312E+01  5.757E-23  3.531E-14  3.190E-14  3.411E-15
2.291E+01  5.862E-23  3.562E-14  3.222E-14  3.402E-15
2.270E+01  5.970E-23  3.595E-14  3.255E-14  3.400E-15
2.249E+01  6.085E-23  3.630E-14  3.290E-14  3.401E-15
2.228E+01  6.200E-23  3.665E-14  3.325E-14  3.404E-15
2.208E+01  6.319E-23  3.701E-14  3.361E-14  3.405E-15
2.188E+01  6.437E-23  3.736E-14  3.396E-14  3.399E-15
2.168E+01  6.557E-23  3.770E-14  3.431E-14  3.390E-15
2.148E+01  6.683E-23  3.808E-14  3.470E-14  3.380E-15
2.128E+01  6.810E-23  3.844E-14  3.507E-14  3.374E-15
2.109E+01  6.942E-23  3.883E-14  3.546E-14  3.372E-15
2.089E+01  7.076E-23  3.921E-14  3.585E-14  3.368E-15
2.070E+01  7.213E-23  3.961E-14  3.625E-14  3.360E-15
2.051E+01  7.353E-23  4.001E-14  3.666E-14  3.350E-15
2.032E+01  7.499E-23  4.043E-14  3.709E-14  3.343E-15
2.014E+01  7.653E-23  4.088E-14  3.753E-14  3.349E-15
1.995E+01  7.813E-23  4.135E-14  3.800E-14  3.352E-15
1.977E+01  7.985E-23  4.187E-14  3.852E-14  3.351E-15
1.959E+01  8.166E-23  4.243E-14  3.909E-14  3.344E-15
1.941E+01  8.382E-23  4.315E-14  3.982E-14  3.331E-15
1.923E+01  8.677E-23  4.426E-14  4.095E-14  3.308E-15
1.905E+01  9.217E-23  4.658E-14  4.331E-14  3.278E-15
1.888E+01  9.694E-23  4.855E-14  4.531E-14  3.240E-15
1.871E+01  9.418E-23  4.673E-14  4.354E-14  3.193E-15
1.854E+01  9.448E-23  4.645E-14  4.331E-14  3.138E-15
1.837E+01  9.663E-23  4.707E-14  4.400E-14  3.075E-15
1.820E+01  1.001E-22  4.830E-14  4.529E-14  3.004E-15
1.803E+01  1.057E-22  5.058E-14  4.765E-14  2.928E-15
1.786E+01  1.145E-22  5.424E-14  5.139E-14  2.847E-15
1.770E+01  1.174E-22  5.515E-14  5.239E-14  2.759E-15
1.754E+01  1.266E-22  5.890E-14  5.623E-14  2.666E-15
1.738E+01  1.461E-22  6.735E-14  6.478E-14  2.569E-15
1.722E+01  1.461E-22  6.671E-14  6.425E-14  2.470E-15
1.706E+01  1.490E-22  6.743E-14  6.506E-14  2.372E-15
1.690E+01  1.473E-22  6.603E-14  6.376E-14  2.274E-15
1.675E+01  1.427E-22  6.339E-14  6.122E-14  2.177E-15
1.660E+01  1.467E-22  6.456E-14  6.249E-14  2.078E-15
1.644E+01  1.714E-22  7.476E-14  7.278E-14  1.980E-15
1.629E+01  1.335E-22  5.769E-14  5.580E-14  1.885E-15
1.614E+01  1.185E-22  5.076E-14  4.896E-14  1.793E-15
1.600E+01  1.140E-22  4.838E-14  4.668E-14  1.705E-15
1.585E+01  1.115E-22  4.688E-14  4.526E-14  1.621E-15
1.570E+01  1.084E-22  4.515E-14  4.361E-14  1.540E-15
1.556E+01  1.067E-22  4.405E-14  4.259E-14  1.463E-15
1.542E+01  1.058E-22  4.328E-14  4.189E-14  1.391E-15
1.528E+01  1.054E-22  4.269E-14  4.137E-14  1.322E-15
1.514E+01  1.052E-22  4.223E-14  4.098E-14  1.258E-15
1.500E+01  1.053E-22  4.190E-14  4.070E-14  1.198E-15
1.486E+01  1.058E-22  4.170E-14  4.056E-14  1.141E-15
1.472E+01  1.068E-22  4.171E-14  4.063E-14  1.087E-15
1.459E+01  1.087E-22  4.208E-14  4.104E-14  1.037E-15
1.445E+01  1.127E-22  4.320E-14  4.220E-14  9.938E-16
1.432E+01  1.210E-22  4.596E-14  4.500E-14  9.572E-16
1.419E+01  1.305E-22  4.912E-14  4.819E-14  9.291E-16
1.406E+01  1.268E-22  4.731E-14  4.640E-14  9.095E-16
1.393E+01  1.259E-22  4.651E-14  4.561E-14  9.000E-16
1.380E+01  1.327E-22  4.859E-14  4.769E-14  8.985E-16
1.368E+01  1.471E-22  5.338E-14  5.248E-14  9.057E-16
1.355E+01  1.654E-22  5.947E-14  5.856E-14  9.182E-16
1.343E+01  1.713E-22  6.102E-14  6.009E-14  9.344E-16
1.330E+01  1.633E-22  5.762E-14  5.667E-14  9.517E-16
1.318E+01  1.600E-22  5.595E-14  5.498E-14  9.705E-16
1.306E+01  1.693E-22  5.864E-14  5.765E-14  9.888E-16
1.294E+01  1.943E-22  6.671E-14  6.570E-14  1.009E-15
1.282E+01  2.398E-22  8.157E-14  8.054E-14  1.032E-15
1.271E+01  2.977E-22  1.003E-13  9.926E-14  1.058E-15
1.259E+01  3.181E-22  1.062E-13  1.051E-13  1.084E-15
1.247E+01  2.797E-22  9.255E-14  9.144E-14  1.110E-15
1.236E+01  2.396E-22  7.856E-14  7.742E-14  1.136E-15
1.225E+01  2.267E-22  7.364E-14  7.248E-14  1.159E-15
1.213E+01  2.385E-22  7.678E-14  7.559E-14  1.186E-15
1.202E+01  2.552E-22  8.139E-14  8.018E-14  1.217E-15
1.191E+01  2.471E-22  7.808E-14  7.683E-14  1.248E-15
1.180E+01  2.249E-22  7.041E-14  6.913E-14  1.279E-15
1.169E+01  2.197E-22  6.817E-14  6.686E-14  1.309E-15
1.159E+01  2.496E-22  7.672E-14  7.539E-14  1.334E-15
1.148E+01  3.374E-22  1.027E-13  1.014E-13  1.358E-15
1.138E+01  4.847E-22  1.463E-13  1.449E-13  1.385E-15
1.127E+01  6.463E-22  1.933E-13  1.918E-13  1.415E-15
1.117E+01  4.578E-22  1.356E-13  1.342E-13  1.447E-15
1.107E+01  2.370E-22  6.956E-14  6.808E-14  1.481E-15
1.096E+01  1.637E-22  4.761E-14  4.609E-14  1.512E-15
1.086E+01  1.300E-22  3.746E-14  3.591E-14  1.545E-15
1.076E+01  1.123E-22  3.207E-14  3.048E-14  1.584E-15
1.067E+01  1.019E-22  2.884E-14  2.721E-14  1.629E-15
1.057E+01  9.294E-23  2.605E-14  2.438E-14  1.679E-15
1.047E+01  8.703E-23  2.417E-14  2.245E-14  1.726E-15
1.038E+01  8.314E-23  2.288E-14  2.112E-14  1.761E-15
1.028E+01  8.042E-23  2.193E-14  2.015E-14  1.783E-15
1.019E+01  7.851E-23  2.121E-14  1.942E-14  1.792E-15
1.009E+01  7.722E-23  2.067E-14  1.888E-14  1.796E-15
1.000E+01  7.647E-23  2.028E-14  1.849E-14  1.799E-15
9.908E+00  7.621E-23  2.003E-14  1.822E-14  1.806E-15
9.817E+00  7.641E-23  1.990E-14  1.808E-14  1.815E-15
9.727E+00  7.707E-23  1.989E-14  1.806E-14  1.825E-15
9.638E+00  7.821E-23  2.000E-14  1.816E-14  1.834E-15
9.550E+00  7.986E-23  2.023E-14  1.840E-14  1.830E-15
9.462E+00  8.209E-23  2.060E-14  1.880E-14  1.808E-15
9.376E+00  8.504E-23  2.115E-14  1.938E-14  1.764E-15
9.290E+00  8.895E-23  2.192E-14  2.022E-14  1.696E-15
9.204E+00  9.424E-23  2.301E-14  2.140E-14  1.605E-15
9.120E+00  1.016E-22  2.457E-14  2.307E-14  1.498E-15
9.036E+00  1.121E-22  2.687E-14  2.549E-14  1.380E-15
8.954E+00  1.280E-22  3.039E-14  2.913E-14  1.262E-15
8.872E+00  1.531E-22  3.602E-14  3.487E-14  1.150E-15
8.790E+00  1.943E-22  4.530E-14  4.425E-14  1.048E-15
8.710E+00  2.573E-22  5.943E-14  5.847E-14  9.582E-16
8.630E+00  3.164E-22  7.242E-14  7.154E-14  8.805E-16
8.551E+00  3.097E-22  7.025E-14  6.944E-14  8.126E-16
8.472E+00  2.695E-22  6.056E-14  5.981E-14  7.495E-16
8.395E+00  2.490E-22  5.545E-14  5.476E-14  6.858E-16
8.318E+00  2.480E-22  5.473E-14  5.411E-14  6.180E-16
8.241E+00  2.591E-22  5.664E-14  5.609E-14  5.462E-16
8.166E+00  2.865E-22  6.205E-14  6.158E-14  4.725E-16
8.091E+00  3.385E-22  7.266E-14  7.225E-14  4.059E-16
8.017E+00  4.215E-22  8.963E-14  8.928E-14  3.463E-16
7.943E+00  5.301E-22  1.117E-13  1.114E-13  2.947E-16
7.870E+00  6.254E-22  1.306E-13  1.303E-13  2.504E-16
7.798E+00  6.601E-22  1.366E-13  1.363E-13  2.129E-16
7.727E+00  6.650E-22  1.363E-13  1.361E-13  1.820E-16
7.656E+00  6.865E-22  1.394E-13  1.393E-13  1.570E-16
7.586E+00  6.691E-22  1.346E-13  1.345E-13  1.370E-16
7.516E+00  5.636E-22  1.124E-13  1.122E-13  1.218E-16
7.447E+00  4.446E-22  8.783E-14  8.772E-14  1.106E-16
7.379E+00  3.572E-22  6.992E-14  6.982E-14  1.021E-16
7.311E+00  2.966E-22  5.753E-14  5.743E-14  9.627E-17
7.244E+00  2.523E-22  4.849E-14  4.840E-14  9.185E-17
7.178E+00  2.185E-22  4.161E-14  4.152E-14  8.833E-17
7.112E+00  1.925E-22  3.632E-14  3.624E-14  8.591E-17
7.047E+00  1.733E-22  3.239E-14  3.231E-14  8.415E-17
6.982E+00  1.603E-22  2.968E-14  2.960E-14  8.252E-17
6.918E+00  1.531E-22  2.810E-14  2.802E-14  8.120E-17
6.855E+00  1.514E-22  2.754E-14  2.746E-14  8.000E-17
6.792E+00  1.536E-22  2.767E-14  2.759E-14  7.885E-17
6.730E+00  1.558E-22  2.781E-14  2.773E-14  7.776E-17
6.668E+00  1.537E-22  2.718E-14  2.711E-14  7.669E-17
6.607E+00  1.472E-22  2.580E-14  2.573E-14  7.560E-17
6.546E+00  1.420E-22  2.465E-14  2.458E-14  7.453E-17
6.486E+00  1.449E-22  2.492E-14  2.485E-14  7.345E-17
6.427E+00  1.639E-22  2.794E-14  2.787E-14  7.236E-17
6.368E+00  2.139E-22  3.613E-14  3.606E-14  7.126E-17
6.310E+00  3.259E-22  5.455E-14  5.448E-14  7.014E-17
6.252E+00  5.073E-22  8.413E-14  8.406E-14  6.901E-17
6.194E+00  5.139E-22  8.444E-14  8.437E-14  6.787E-17
6.138E+00  3.202E-22  5.213E-14  5.207E-14  6.666E-17
6.081E+00  1.908E-22  3.078E-14  3.071E-14  6.548E-17
6.026E+00  1.271E-22  2.031E-14  2.025E-14  6.434E-17
5.970E+00  9.479E-23  1.501E-14  1.495E-14  6.323E-17
5.916E+00  7.794E-23  1.223E-14  1.217E-14  6.215E-17
5.861E+00  7.048E-23  1.096E-14  1.090E-14  6.112E-17
5.808E+00  7.109E-23  1.095E-14  1.089E-14  6.013E-17
5.754E+00  7.980E-23  1.218E-14  1.212E-14  5.918E-17
5.702E+00  8.596E-23  1.300E-14  1.294E-14  5.826E-17
5.649E+00  7.246E-23  1.086E-14  1.080E-14  5.738E-17
5.598E+00  5.517E-23  8.191E-15  8.135E-15  5.654E-17
5.546E+00  4.451E-23  6.548E-15  6.493E-15  5.573E-17
5.495E+00  3.885E-23  5.664E-15  5.609E-15  5.496E-17
5.445E+00  3.641E-23  5.259E-15  5.205E-15  5.422E-17
5.395E+00  3.682E-23  5.269E-15  5.216E-15  5.352E-17
5.346E+00  4.081E-23  5.787E-15  5.735E-15  5.284E-17
5.297E+00  4.741E-23  6.661E-15  6.609E-15  5.218E-17
5.248E+00  4.634E-23  6.451E-15  6.399E-15  5.155E-17
5.200E+00  3.677E-23  5.071E-15  5.020E-15  5.095E-17
5.152E+00  2.931E-23  4.006E-15  3.955E-15  5.037E-17
5.105E+00  2.499E-23  3.384E-15  3.334E-15  4.982E-17
5.058E+00  2.239E-23  3.004E-15  2.955E-15  4.928E-17
5.012E+00  2.068E-23  2.749E-15  2.700E-15  4.878E-17
4.966E+00  1.945E-23  2.561E-15  2.513E-15  4.829E-17
4.920E+00  1.851E-23  2.415E-15  2.367E-15  4.783E-17
4.875E+00  1.775E-23  2.296E-15  2.249E-15  4.737E-17
4.831E+00  1.713E-23  2.195E-15  2.148E-15  4.692E-17
4.786E+00  1.660E-23  2.108E-15  2.061E-15  4.649E-17
4.742E+00  1.614E-23  2.031E-15  1.985E-15  4.607E-17
4.699E+00  1.574E-23  1.962E-15  1.916E-15  4.566E-17
4.656E+00  1.538E-23  1.900E-15  1.854E-15  4.526E-17
4.613E+00  1.506E-23  1.843E-15  1.798E-15  4.487E-17
4.571E+00  1.477E-23  1.791E-15  1.747E-15  4.449E-17
4.529E+00  1.451E-23  1.743E-15  1.699E-15  4.411E-17
4.487E+00  1.427E-23  1.699E-15  1.655E-15  4.374E-17
4.446E+00  1.405E-23  1.657E-15  1.614E-15  4.338E-17
4.406E+00  1.385E-23  1.619E-15  1.576E-15  4.303E-17
4.365E+00  1.367E-23  1.583E-15  1.540E-15  4.270E-17
4.325E+00  1.350E-23  1.549E-15  1.507E-15  4.236E-17
4.285E+00  1.335E-23  1.517E-15  1.475E-15  4.203E-17
4.246E+00  1.321E-23  1.488E-15  1.446E-15  4.169E-17
4.207E+00  1.308E-23  1.460E-15  1.418E-15  4.136E-17
4.169E+00  1.296E-23  1.433E-15  1.392E-15  4.104E-17
4.130E+00  1.286E-23  1.409E-15  1.368E-15  4.071E-17
4.093E+00  1.276E-23  1.385E-15  1.345E-15  4.036E-17
4.055E+00  1.268E-23  1.364E-15  1.324E-15  4.001E-17
4.018E+00  1.261E-23  1.344E-15  1.304E-15  3.966E-17
3.981E+00  1.255E-23  1.326E-15  1.286E-15  3.931E-17
3.945E+00  1.251E-23  1.309E-15  1.270E-15  3.895E-17
3.908E+00  1.248E-23  1.294E-15  1.256E-15  3.860E-17
3.873E+00  1.248E-23  1.282E-15  1.243E-15  3.825E-17
3.837E+00  1.249E-23  1.271E-15  1.233E-15  3.791E-17
3.802E+00  1.253E-23  1.264E-15  1.226E-15  3.757E-17
3.767E+00  1.260E-23  1.259E-15  1.222E-15  3.723E-17
3.733E+00  1.272E-23  1.259E-15  1.222E-15  3.689E-17
3.698E+00  1.288E-23  1.264E-15  1.227E-15  3.655E-17
3.664E+00  1.312E-23  1.275E-15  1.239E-15  3.621E-17
3.631E+00  1.345E-23  1.296E-15  1.260E-15  3.587E-17
3.597E+00  1.392E-23  1.329E-15  1.293E-15  3.554E-17
3.565E+00  1.460E-23  1.381E-15  1.345E-15  3.520E-17
3.532E+00  1.560E-23  1.461E-15  1.427E-15  3.486E-17
3.499E+00  1.712E-23  1.590E-15  1.555E-15  3.453E-17
3.467E+00  1.959E-23  1.802E-15  1.768E-15  3.419E-17
3.436E+00  2.391E-23  2.179E-15  2.145E-15  3.385E-17
3.404E+00  3.244E-23  2.929E-15  2.895E-15  3.352E-17
3.373E+00  5.281E-23  4.724E-15  4.691E-15  3.318E-17
3.342E+00  1.203E-22  1.066E-14  1.063E-14  3.283E-17
3.311E+00  4.550E-22  3.996E-14  3.993E-14  3.249E-17
3.281E+00  3.107E-22  2.704E-14  2.701E-14  3.214E-17
3.251E+00  8.876E-23  7.654E-15  7.622E-15  3.179E-17
3.221E+00  4.239E-23  3.622E-15  3.590E-15  3.142E-17
3.192E+00  2.705E-23  2.290E-15  2.259E-15  3.105E-17
3.162E+00  2.027E-23  1.700E-15  1.669E-15  3.069E-17
3.133E+00  1.670E-23  1.388E-15  1.358E-15  3.034E-17
3.105E+00  1.459E-23  1.202E-15  1.172E-15  2.998E-17
3.076E+00  1.324E-23  1.080E-15  1.050E-15  2.965E-17
3.048E+00  1.231E-23  9.948E-16  9.655E-16  2.932E-17
3.020E+00  1.163E-23  9.319E-16  9.030E-16  2.899E-17
2.992E+00  1.113E-23  8.833E-16  8.546E-16  2.866E-17
2.965E+00  1.073E-23  8.442E-16  8.158E-16  2.834E-17
2.938E+00  1.042E-23  8.117E-16  7.837E-16  2.801E-17
2.911E+00  1.015E-23  7.840E-16  7.563E-16  2.769E-17
2.884E+00  9.933E-24  7.599E-16  7.325E-16  2.737E-17
2.858E+00  9.741E-24  7.384E-16  7.113E-16  2.705E-17
2.831E+00  9.572E-24  7.189E-16  6.922E-16  2.673E-17
2.805E+00  9.421E-24  7.011E-16  6.747E-16  2.641E-17
2.780E+00  9.284E-24  6.846E-16  6.585E-16  2.609E-17
2.754E+00  9.159E-24  6.691E-16  6.433E-16  2.578E-17
2.729E+00  9.041E-24  6.545E-16  6.290E-16  2.547E-17
2.704E+00  8.931E-24  6.406E-16  6.155E-16  2.516E-17
2.679E+00  8.827E-24  6.273E-16  6.025E-16  2.485E-17
2.655E+00  8.728E-24  6.146E-16  5.900E-16  2.454E-17
2.630E+00  8.632E-24  6.023E-16  5.780E-16  2.423E-17
2.606E+00  8.540E-24  5.904E-16  5.664E-16  2.393E-17
2.582E+00  8.450E-24  5.788E-16  5.552E-16  2.362E-17
2.559E+00  8.362E-24  5.675E-16  5.442E-16  2.332E-17
2.535E+00  8.276E-24  5.565E-16  5.335E-16  2.303E-17
2.512E+00  8.191E-24  5.458E-16  5.231E-16  2.273E-17
2.489E+00  8.108E-24  5.353E-16  5.128E-16  2.243E-17
2.466E+00  8.024E-24  5.249E-16  5.028E-16  2.214E-17
2.443E+00  7.941E-24  5.147E-16  4.928E-16  2.186E-17
2.421E+00  7.858E-24  5.047E-16  4.831E-16  2.157E-17
2.399E+00  7.777E-24  4.949E-16  4.736E-16  2.128E-17
2.377E+00  7.697E-24  4.853E-16  4.643E-16  2.100E-17
2.355E+00  7.617E-24  4.759E-16  4.551E-16  2.072E-17
2.333E+00  7.538E-24  4.666E-16  4.462E-16  2.043E-17
2.312E+00  7.459E-24  4.574E-16  4.373E-16  2.015E-17
2.291E+00  7.379E-24  4.484E-16  4.286E-16  1.987E-17
2.270E+00  7.300E-24  4.395E-16  4.199E-16  1.959E-17
2.249E+00  7.220E-24  4.307E-16  4.114E-16  1.931E-17
2.228E+00  7.139E-24  4.220E-16  4.029E-16  1.904E-17
2.208E+00  7.056E-24  4.133E-16  3.945E-16  1.876E-17
2.188E+00  6.972E-24  4.046E-16  3.861E-16  1.849E-17
2.168E+00  6.886E-24  3.960E-16  3.777E-16  1.822E-17
2.148E+00  6.797E-24  3.873E-16  3.693E-16  1.795E-17
2.128E+00  6.704E-24  3.785E-16  3.608E-16  1.768E-17
2.109E+00  6.607E-24  3.695E-16  3.521E-16  1.742E-17
2.089E+00  6.503E-24  3.604E-16  3.432E-16  1.716E-17
2.070E+00  6.391E-24  3.510E-16  3.341E-16  1.690E-17
2.051E+00  6.269E-24  3.411E-16  3.245E-16  1.664E-17
2.032E+00  6.135E-24  3.307E-16  3.144E-16  1.638E-17
2.014E+00  5.985E-24  3.197E-16  3.036E-16  1.613E-17
1.995E+00  5.817E-24  3.079E-16  2.920E-16  1.587E-17
1.977E+00  5.630E-24  2.952E-16  2.796E-16  1.562E-17
1.959E+00  5.431E-24  2.822E-16  2.668E-16  1.537E-17
1.941E+00  5.238E-24  2.697E-16  2.546E-16  1.512E-17
1.923E+00  5.087E-24  2.595E-16  2.446E-16  1.488E-17
1.905E+00  5.013E-24  2.534E-16  2.387E-16  1.463E-17
1.888E+00  5.029E-24  2.519E-16  2.375E-16  1.439E-17
1.871E+00  5.110E-24  2.536E-16  2.394E-16  1.415E-17
1.854E+00  5.211E-24  2.562E-16  2.423E-16  1.391E-17
1.837E+00  5.300E-24  2.582E-16  2.445E-16  1.367E-17
1.820E+00  5.365E-24  2.590E-16  2.455E-16  1.344E-17
1.803E+00  5.404E-24  2.584E-16  2.452E-16  1.321E-17
1.786E+00  5.421E-24  2.569E-16  2.439E-16  1.298E-17
1.770E+00  5.421E-24  2.545E-16  2.418E-16  1.276E-17
1.754E+00  5.408E-24  2.516E-16  2.391E-16  1.253E-17
1.738E+00  5.387E-24  2.483E-16  2.360E-16  1.231E-17
1.722E+00  5.358E-24  2.447E-16  2.326E-16  1.210E-17
1.706E+00  5.326E-24  2.410E-16  2.291E-16  1.188E-17
1.690E+00  5.290E-24  2.372E-16  2.255E-16  1.167E-17
1.675E+00  5.253E-24  2.334E-16  2.219E-16  1.146E-17
1.660E+00  5.214E-24  2.295E-16  2.183E-16  1.125E-17
1.644E+00  5.175E-24  2.257E-16  2.147E-16  1.104E-17
1.629E+00  5.137E-24  2.220E-16  2.112E-16  1.084E-17
1.614E+00  5.099E-24  2.183E-16  2.077E-16  1.063E-17
1.600E+00  5.062E-24  2.148E-16  2.044E-16  1.043E-17
1.585E+00  5.028E-24  2.114E-16  2.012E-16  1.023E-17
1.570E+00  4.997E-24  2.081E-16  1.981E-16  1.004E-17
1.556E+00  4.968E-24  2.051E-16  1.952E-16  9.842E-18
1.542E+00  4.944E-24  2.022E-16  1.925E-16  9.648E-18
1.528E+00  4.924E-24  1.995E-16  1.901E-16  9.456E-18
1.514E+00  4.909E-24  1.971E-16  1.878E-16  9.267E-18
1.500E+00  4.901E-24  1.950E-16  1.859E-16  9.079E-18
1.486E+00  4.901E-24  1.932E-16  1.843E-16  8.893E-18
1.472E+00  4.909E-24  1.917E-16  1.830E-16  8.710E-18
1.459E+00  4.928E-24  1.907E-16  1.822E-16  8.528E-18
1.445E+00  4.959E-24  1.901E-16  1.818E-16  8.350E-18
1.432E+00  5.005E-24  1.901E-16  1.820E-16  8.173E-18
1.419E+00  5.069E-24  1.908E-16  1.828E-16  7.999E-18
1.406E+00  5.153E-24  1.922E-16  1.844E-16  7.827E-18
1.393E+00  5.263E-24  1.945E-16  1.868E-16  7.657E-18
1.380E+00  5.404E-24  1.979E-16  1.904E-16  7.489E-18
1.368E+00  5.580E-24  2.025E-16  1.951E-16  7.322E-18
1.355E+00  5.799E-24  2.085E-16  2.013E-16  7.158E-18
1.343E+00  6.066E-24  2.160E-16  2.091E-16  6.996E-18
1.330E+00  6.382E-24  2.252E-16  2.184E-16  6.836E-18
1.318E+00  6.743E-24  2.358E-16  2.291E-16  6.678E-18
1.306E+00  7.127E-24  2.469E-16  2.404E-16  6.523E-18
1.294E+00  7.488E-24  2.571E-16  2.507E-16  6.370E-18
1.282E+00  7.753E-24  2.637E-16  2.575E-16  6.220E-18
1.271E+00  7.830E-24  2.639E-16  2.578E-16  6.072E-18
1.259E+00  7.656E-24  2.557E-16  2.497E-16  5.927E-18
1.247E+00  7.236E-24  2.394E-16  2.337E-16  5.785E-18
1.236E+00  6.651E-24  2.181E-16  2.124E-16  5.646E-18
1.225E+00  6.011E-24  1.953E-16  1.898E-16  5.510E-18
1.213E+00  5.405E-24  1.740E-16  1.686E-16  5.375E-18
1.202E+00  4.882E-24  1.557E-16  1.504E-16  5.243E-18
1.191E+00  4.457E-24  1.408E-16  1.357E-16  5.113E-18
1.180E+00  4.127E-24  1.292E-16  1.242E-16  4.984E-18
1.169E+00  3.884E-24  1.205E-16  1.156E-16  4.858E-18
1.159E+00  3.718E-24  1.143E-16  1.095E-16  4.734E-18
1.148E+00  3.623E-24  1.103E-16  1.057E-16  4.612E-18
1.138E+00  3.599E-24  1.086E-16  1.041E-16  4.492E-18
1.127E+00  3.652E-24  1.092E-16  1.048E-16  4.374E-18
1.117E+00  3.799E-24  1.126E-16  1.083E-16  4.258E-18
1.107E+00  4.069E-24  1.194E-16  1.153E-16  4.144E-18
1.096E+00  4.510E-24  1.312E-16  1.271E-16  4.032E-18
1.086E+00  5.191E-24  1.496E-16  1.457E-16  3.923E-18
1.076E+00  6.181E-24  1.765E-16  1.727E-16  3.815E-18
1.067E+00  7.423E-24  2.100E-16  2.063E-16  3.709E-18
1.057E+00  8.417E-24  2.360E-16  2.323E-16  3.605E-18
1.047E+00  8.248E-24  2.291E-16  2.256E-16  3.504E-18
1.038E+00  6.840E-24  1.883E-16  1.848E-16  3.404E-18
1.028E+00  5.181E-24  1.413E-16  1.380E-16  3.306E-18
1.019E+00  3.893E-24  1.052E-16  1.020E-16  3.210E-18
1.009E+00  3.022E-24  8.090E-17  7.778E-17  3.116E-18
1.000E+00  2.444E-24  6.483E-17  6.181E-17  3.024E-18
