Dust emission spectrum from Draine,B.T., & Li, A. (2007), ApJ, in press [astro-ph/0608003]
==========================================================
         7 = grain model
 4.000E-08 4.000E-01 4.500E-05 = a_01 (cm) , sigma_1 , b_C1
 2.000E-07 5.500E-01 1.500E-05 = a_02 (cm) , sigma_2 , b_C2
 5.000E-01 5.000E-01 1.000E+00 = Umin , Umax, beta (dN/dU propto U^{-beta})
 5.000E-01 = <U>       mmp83 = radfield
 2.000E-07 2.000E-06 = a_{min} (cm), a_{max} (cm)
 3.477E-25 2.195E-25 1.282E-25 = P(tot)  P(carb)  P(sil) (erg s-1 H-1)
 band     <nu*P_nu> <j_nu(tot)><j_nu(carb)><j_nu(sil)>
 (um)   (erg s-1 H-1)(Jy/(sr*H))(Jy/(sr*H))(Jy/(sr*H))
1.270E+00  1.734E-47  5.841E-40  5.841E-40  4.330E-53 COBE-DIRBE
2.220E+00  4.005E-39  2.359E-31  2.359E-31  9.365E-39 COBE-DIRBE
3.530E+00  6.353E-34  5.949E-26  5.948E-26  2.035E-30 COBE-DIRBE
4.880E+00  1.882E-31  2.436E-23  2.436E-23  3.448E-27 COBE-DIRBE
1.229E+01  5.716E-27  1.863E-18  1.805E-18  5.797E-20 COBE-DIRBE
2.079E+01  3.095E-26  1.707E-17  1.525E-17  1.815E-18 COBE-DIRBE
5.599E+01  1.490E-25  2.212E-16  1.761E-16  4.513E-17 COBE-DIRBE
9.770E+01  1.844E-25  4.779E-16  2.790E-16  1.990E-16 COBE-DIRBE
1.479E+02  1.564E-25  6.136E-16  2.699E-16  3.437E-16 COBE-DIRBE
2.479E+02  6.659E-26  4.378E-16  1.497E-16  2.881E-16 COBE-DIRBE
1.200E+01  3.589E-27  1.142E-18  1.118E-18  2.467E-20 IRAS
2.500E+01  4.102E-26  2.720E-17  2.401E-17  3.187E-18 IRAS
6.000E+01  1.526E-25  2.428E-16  1.883E-16  5.449E-17 IRAS
1.000E+02  1.849E-25  4.905E-16  2.811E-16  2.094E-16 IRAS
3.550E+00  5.318E-34  5.008E-26  5.008E-26  1.248E-30 SST-IRAC
4.493E+00  4.146E-32  4.941E-24  4.940E-24  8.051E-28 SST-IRAC
5.731E+00  1.776E-29  2.701E-21  2.700E-21  1.547E-25 SST-IRAC
7.872E+00  6.339E-28  1.324E-19  1.318E-19  5.207E-22 SST-IRAC
2.368E+01  3.899E-26  2.449E-17  2.151E-17  2.976E-18 SST-MIPS
7.142E+01  1.530E-25  2.899E-16  2.074E-16  8.254E-17 SST-MIPS
1.559E+02  1.425E-25  5.892E-16  2.461E-16  3.431E-16 SST-MIPS
1.600E+01  1.482E-26  6.289E-18  5.919E-18  3.702E-19 SST-IRSPU
2.200E+01  3.687E-26  2.152E-17  1.897E-17  2.543E-18 SST-IRSPU
7.500E+01  1.310E-25  2.606E-16  1.876E-16  7.304E-17 Herschel-PACS
1.100E+02  1.351E-25  3.941E-16  2.242E-16  1.699E-16 Herschel-PACS
1.700E+02  1.096E-25  4.943E-16  2.053E-16  2.890E-16 Herschel-PACS
2.500E+02  5.832E-26  3.868E-16  1.295E-16  2.573E-16 Herschel-SPIRE
3.600E+02  1.960E-26  1.872E-16  5.846E-17  1.287E-16 Herschel-SPIRE
5.200E+02  5.419E-27  7.475E-17  2.169E-17  5.305E-17 Herschel-SPIRE
2.400E+00  1.552E-33  9.878E-26  9.877E-26  1.331E-29 Akari IRC NIR N2
3.200E+00  1.394E-33  1.183E-25  1.183E-25  1.351E-29 Akari IRC NIR N3
4.100E+00  8.518E-32  9.264E-24  9.263E-24  1.251E-27 Akari IRC NIR N4
7.000E+00  5.612E-28  1.042E-19  1.033E-19  9.414E-22 Akari IRC MIR-S S7
9.000E+00  1.174E-27  2.803E-19  2.753E-19  4.970E-21 Akari IRC MIR-S S9W
1.100E+01  2.818E-27  8.221E-19  8.050E-19  1.709E-20 Akari IRC MIR-S S11
1.500E+01  1.619E-26  6.442E-18  6.031E-18  4.118E-19 Akari IRC MIR-L L15
1.800E+01  2.604E-26  1.243E-17  1.119E-17  1.243E-18 Akari IRC MIR-L L18W
2.400E+01  3.762E-26  2.395E-17  2.106E-17  2.891E-18 Akari IRC MIR-L L24
6.500E+01  1.610E-25  2.775E-16  2.068E-16  7.068E-17 Akari FIS N60
8.000E+01  1.785E-25  3.788E-16  2.402E-16  1.387E-16 Akari FIS WIDE-S
1.400E+02  1.569E-25  5.827E-16  2.552E-16  3.276E-16 Akari FIS WIDE-L
1.600E+02  1.418E-25  6.017E-16  2.449E-16  3.568E-16 Akari FIS N160






lambda    nu*dP/dnu     j_nu    j_nu(carb.) j_nu(sil)
 (um)    (erg/(s*H)) (Jy/(sr*H) (Jy/(sr*H)) (Jy/(sr*H)
1.000E+04  3.712E-32  9.847E-21  9.162E-22  8.931E-21
9.908E+03  3.847E-32  1.011E-20  9.435E-22  9.166E-21
9.817E+03  3.985E-32  1.038E-20  9.717E-22  9.407E-21
9.727E+03  4.129E-32  1.066E-20  1.001E-21  9.654E-21
9.638E+03  4.279E-32  1.094E-20  1.030E-21  9.908E-21
9.550E+03  4.433E-32  1.123E-20  1.061E-21  1.017E-20
9.462E+03  4.593E-32  1.153E-20  1.093E-21  1.044E-20
9.376E+03  4.759E-32  1.184E-20  1.126E-21  1.071E-20
9.290E+03  4.931E-32  1.215E-20  1.159E-21  1.099E-20
9.204E+03  5.109E-32  1.247E-20  1.194E-21  1.128E-20
9.120E+03  5.294E-32  1.281E-20  1.230E-21  1.158E-20
9.036E+03  5.485E-32  1.315E-20  1.266E-21  1.188E-20
8.954E+03  5.682E-32  1.350E-20  1.304E-21  1.219E-20
8.872E+03  5.886E-32  1.385E-20  1.344E-21  1.251E-20
8.790E+03  6.097E-32  1.422E-20  1.384E-21  1.283E-20
8.710E+03  6.316E-32  1.459E-20  1.425E-21  1.317E-20
8.630E+03  6.543E-32  1.498E-20  1.468E-21  1.351E-20
8.551E+03  6.779E-32  1.537E-20  1.512E-21  1.386E-20
8.472E+03  7.022E-32  1.578E-20  1.558E-21  1.422E-20
8.395E+03  7.275E-32  1.620E-20  1.605E-21  1.460E-20
8.318E+03  7.537E-32  1.663E-20  1.653E-21  1.498E-20
8.241E+03  7.809E-32  1.707E-20  1.703E-21  1.537E-20
8.166E+03  8.091E-32  1.753E-20  1.754E-21  1.577E-20
8.091E+03  8.383E-32  1.799E-20  1.807E-21  1.618E-20
8.017E+03  8.686E-32  1.847E-20  1.861E-21  1.661E-20
7.943E+03  8.999E-32  1.896E-20  1.917E-21  1.704E-20
7.870E+03  9.325E-32  1.947E-20  1.975E-21  1.749E-20
7.798E+03  9.662E-32  1.999E-20  2.035E-21  1.795E-20
7.727E+03  1.001E-31  2.052E-20  2.096E-21  1.842E-20
7.656E+03  1.037E-31  2.107E-20  2.160E-21  1.891E-20
7.586E+03  1.075E-31  2.163E-20  2.225E-21  1.941E-20
7.516E+03  1.114E-31  2.221E-20  2.292E-21  1.992E-20
7.447E+03  1.154E-31  2.281E-20  2.362E-21  2.044E-20
7.379E+03  1.196E-31  2.342E-20  2.433E-21  2.098E-20
7.311E+03  1.240E-31  2.405E-20  2.507E-21  2.154E-20
7.244E+03  1.285E-31  2.469E-20  2.583E-21  2.211E-20
7.178E+03  1.332E-31  2.535E-20  2.662E-21  2.269E-20
7.112E+03  1.380E-31  2.604E-20  2.743E-21  2.329E-20
7.047E+03  1.430E-31  2.674E-20  2.826E-21  2.391E-20
6.982E+03  1.482E-31  2.745E-20  2.912E-21  2.454E-20
6.918E+03  1.536E-31  2.819E-20  3.001E-21  2.519E-20
6.855E+03  1.592E-31  2.895E-20  3.092E-21  2.586E-20
6.792E+03  1.650E-31  2.973E-20  3.186E-21  2.654E-20
6.730E+03  1.710E-31  3.053E-20  3.283E-21  2.725E-20
6.668E+03  1.773E-31  3.135E-20  3.383E-21  2.797E-20
6.607E+03  1.837E-31  3.220E-20  3.487E-21  2.871E-20
6.546E+03  1.904E-31  3.307E-20  3.593E-21  2.947E-20
6.486E+03  1.974E-31  3.396E-20  3.703E-21  3.026E-20
6.427E+03  2.046E-31  3.488E-20  3.816E-21  3.106E-20
6.368E+03  2.121E-31  3.582E-20  3.933E-21  3.189E-20
6.310E+03  2.198E-31  3.679E-20  4.054E-21  3.274E-20
6.252E+03  2.279E-31  3.779E-20  4.178E-21  3.361E-20
6.194E+03  2.362E-31  3.882E-20  4.306E-21  3.451E-20
6.138E+03  2.449E-31  3.987E-20  4.438E-21  3.543E-20
6.081E+03  2.539E-31  4.095E-20  4.574E-21  3.638E-20
6.026E+03  2.632E-31  4.207E-20  4.715E-21  3.735E-20
5.970E+03  2.729E-31  4.321E-20  4.860E-21  3.835E-20
5.916E+03  2.829E-31  4.439E-20  5.009E-21  3.938E-20
5.861E+03  2.933E-31  4.560E-20  5.164E-21  4.044E-20
5.808E+03  3.041E-31  4.684E-20  5.323E-21  4.152E-20
5.754E+03  3.153E-31  4.812E-20  5.487E-21  4.264E-20
5.702E+03  3.269E-31  4.944E-20  5.656E-21  4.378E-20
5.649E+03  3.389E-31  5.079E-20  5.830E-21  4.496E-20
5.598E+03  3.514E-31  5.218E-20  6.011E-21  4.617E-20
5.546E+03  3.644E-31  5.361E-20  6.196E-21  4.741E-20
5.495E+03  3.778E-31  5.508E-20  6.388E-21  4.869E-20
5.445E+03  3.918E-31  5.659E-20  6.586E-21  5.000E-20
5.395E+03  4.063E-31  5.814E-20  6.790E-21  5.135E-20
5.346E+03  4.213E-31  5.974E-20  7.000E-21  5.274E-20
5.297E+03  4.369E-31  6.138E-20  7.217E-21  5.417E-20
5.248E+03  4.531E-31  6.307E-20  7.441E-21  5.563E-20
5.200E+03  4.698E-31  6.481E-20  7.672E-21  5.714E-20
5.152E+03  4.873E-31  6.659E-20  7.910E-21  5.868E-20
5.105E+03  5.053E-31  6.843E-20  8.156E-21  6.027E-20
5.058E+03  5.241E-31  7.032E-20  8.410E-21  6.191E-20
5.012E+03  5.435E-31  7.226E-20  8.672E-21  6.359E-20
4.966E+03  5.637E-31  7.425E-20  8.942E-21  6.531E-20
4.920E+03  5.846E-31  7.630E-20  9.221E-21  6.708E-20
4.875E+03  6.063E-31  7.841E-20  9.509E-21  6.890E-20
4.831E+03  6.289E-31  8.058E-20  9.806E-21  7.077E-20
4.786E+03  6.522E-31  8.281E-20  1.011E-20  7.270E-20
4.742E+03  6.765E-31  8.510E-20  1.043E-20  7.468E-20
4.699E+03  7.017E-31  8.747E-20  1.075E-20  7.671E-20
4.656E+03  7.279E-31  8.989E-20  1.109E-20  7.880E-20
4.613E+03  7.550E-31  9.239E-20  1.144E-20  8.095E-20
4.571E+03  7.832E-31  9.496E-20  1.180E-20  8.316E-20
4.529E+03  8.124E-31  9.760E-20  1.217E-20  8.543E-20
4.487E+03  8.428E-31  1.003E-19  1.255E-20  8.777E-20
4.446E+03  8.743E-31  1.031E-19  1.294E-20  9.017E-20
4.406E+03  9.070E-31  1.060E-19  1.335E-20  9.264E-20
4.365E+03  9.410E-31  1.090E-19  1.377E-20  9.518E-20
4.325E+03  9.762E-31  1.120E-19  1.421E-20  9.779E-20
4.285E+03  1.013E-30  1.151E-19  1.465E-20  1.005E-19
4.246E+03  1.051E-30  1.184E-19  1.512E-20  1.032E-19
4.207E+03  1.090E-30  1.217E-19  1.559E-20  1.061E-19
4.169E+03  1.131E-30  1.251E-19  1.609E-20  1.090E-19
4.130E+03  1.174E-30  1.286E-19  1.659E-20  1.120E-19
4.093E+03  1.218E-30  1.322E-19  1.712E-20  1.151E-19
4.055E+03  1.264E-30  1.359E-19  1.766E-20  1.183E-19
4.018E+03  1.311E-30  1.397E-19  1.822E-20  1.215E-19
3.981E+03  1.360E-30  1.437E-19  1.880E-20  1.249E-19
3.945E+03  1.412E-30  1.477E-19  1.939E-20  1.283E-19
3.908E+03  1.465E-30  1.519E-19  2.001E-20  1.318E-19
3.873E+03  1.520E-30  1.561E-19  2.065E-20  1.355E-19
3.837E+03  1.577E-30  1.605E-19  2.130E-20  1.392E-19
3.802E+03  1.637E-30  1.651E-19  2.198E-20  1.431E-19
3.767E+03  1.698E-30  1.697E-19  2.268E-20  1.470E-19
3.733E+03  1.763E-30  1.745E-19  2.340E-20  1.511E-19
3.698E+03  1.829E-30  1.795E-19  2.415E-20  1.553E-19
3.664E+03  1.898E-30  1.845E-19  2.492E-20  1.596E-19
3.631E+03  1.970E-30  1.898E-19  2.571E-20  1.640E-19
3.597E+03  2.045E-30  1.951E-19  2.654E-20  1.686E-19
3.565E+03  2.123E-30  2.007E-19  2.738E-20  1.733E-19
3.532E+03  2.203E-30  2.064E-19  2.826E-20  1.781E-19
3.499E+03  2.287E-30  2.123E-19  2.917E-20  1.831E-19
3.467E+03  2.374E-30  2.183E-19  3.010E-20  1.882E-19
3.436E+03  2.464E-30  2.245E-19  3.107E-20  1.935E-19
3.404E+03  2.558E-30  2.309E-19  3.206E-20  1.989E-19
3.373E+03  2.655E-30  2.375E-19  3.309E-20  2.044E-19
3.342E+03  2.756E-30  2.443E-19  3.416E-20  2.102E-19
3.311E+03  2.861E-30  2.513E-19  3.525E-20  2.161E-19
3.281E+03  2.970E-30  2.585E-19  3.639E-20  2.221E-19
3.251E+03  3.084E-30  2.659E-19  3.756E-20  2.284E-19
3.221E+03  3.202E-30  2.735E-19  3.877E-20  2.348E-19
3.192E+03  3.324E-30  2.814E-19  4.002E-20  2.414E-19
3.162E+03  3.451E-30  2.895E-19  4.131E-20  2.482E-19
3.133E+03  3.583E-30  2.978E-19  4.265E-20  2.552E-19
3.105E+03  3.720E-30  3.064E-19  4.403E-20  2.623E-19
3.076E+03  3.863E-30  3.152E-19  4.545E-20  2.697E-19
3.048E+03  4.011E-30  3.243E-19  4.692E-20  2.774E-19
3.020E+03  4.165E-30  3.336E-19  4.844E-20  2.852E-19
2.992E+03  4.325E-30  3.432E-19  5.001E-20  2.932E-19
2.965E+03  4.490E-30  3.531E-19  5.163E-20  3.015E-19
2.938E+03  4.662E-30  3.633E-19  5.331E-20  3.100E-19
2.911E+03  4.841E-30  3.737E-19  5.504E-20  3.187E-19
2.884E+03  5.026E-30  3.845E-19  5.683E-20  3.277E-19
2.858E+03  5.219E-30  3.956E-19  5.867E-20  3.369E-19
2.831E+03  5.419E-30  4.070E-19  6.058E-20  3.464E-19
2.805E+03  5.628E-30  4.188E-19  6.256E-20  3.562E-19
2.780E+03  5.844E-30  4.309E-19  6.459E-20  3.663E-19
2.754E+03  6.069E-30  4.434E-19  6.670E-20  3.767E-19
2.729E+03  6.303E-30  4.562E-19  6.888E-20  3.874E-19
2.704E+03  6.546E-30  4.695E-19  7.112E-20  3.984E-19
2.679E+03  6.798E-30  4.831E-19  7.345E-20  4.097E-19
2.655E+03  7.060E-30  4.971E-19  7.585E-20  4.213E-19
2.630E+03  7.333E-30  5.116E-19  7.833E-20  4.333E-19
2.606E+03  7.616E-30  5.265E-19  8.089E-20  4.456E-19
2.582E+03  7.910E-30  5.418E-19  8.354E-20  4.583E-19
2.559E+03  8.216E-30  5.576E-19  8.628E-20  4.713E-19
2.535E+03  8.534E-30  5.739E-19  8.911E-20  4.848E-19
2.512E+03  8.865E-30  5.906E-19  9.203E-20  4.986E-19
2.489E+03  9.208E-30  6.079E-19  9.505E-20  5.128E-19
2.466E+03  9.565E-30  6.257E-19  9.817E-20  5.275E-19
2.443E+03  9.936E-30  6.440E-19  1.014E-19  5.426E-19
2.421E+03  1.032E-29  6.628E-19  1.047E-19  5.581E-19
2.399E+03  1.072E-29  6.823E-19  1.082E-19  5.741E-19
2.377E+03  1.114E-29  7.023E-19  1.117E-19  5.905E-19
2.355E+03  1.157E-29  7.229E-19  1.154E-19  6.074E-19
2.333E+03  1.202E-29  7.441E-19  1.192E-19  6.249E-19
2.312E+03  1.249E-29  7.659E-19  1.231E-19  6.428E-19
2.291E+03  1.297E-29  7.884E-19  1.272E-19  6.612E-19
2.270E+03  1.348E-29  8.116E-19  1.314E-19  6.802E-19
2.249E+03  1.400E-29  8.355E-19  1.357E-19  6.998E-19
2.228E+03  1.455E-29  8.601E-19  1.402E-19  7.199E-19
2.208E+03  1.512E-29  8.854E-19  1.449E-19  7.406E-19
2.188E+03  1.571E-29  9.115E-19  1.497E-19  7.619E-19
2.168E+03  1.632E-29  9.384E-19  1.546E-19  7.838E-19
2.148E+03  1.696E-29  9.661E-19  1.597E-19  8.064E-19
2.128E+03  1.762E-29  9.946E-19  1.650E-19  8.296E-19
2.109E+03  1.831E-29  1.024E-18  1.705E-19  8.535E-19
2.089E+03  1.902E-29  1.054E-18  1.761E-19  8.781E-19
2.070E+03  1.977E-29  1.085E-18  1.820E-19  9.034E-19
2.051E+03  2.054E-29  1.117E-18  1.880E-19  9.294E-19
2.032E+03  2.134E-29  1.150E-18  1.942E-19  9.562E-19
2.014E+03  2.218E-29  1.185E-18  2.007E-19  9.838E-19
1.995E+03  2.304E-29  1.220E-18  2.074E-19  1.012E-18
1.977E+03  2.394E-29  1.256E-18  2.142E-19  1.041E-18
1.959E+03  2.488E-29  1.293E-18  2.214E-19  1.071E-18
1.941E+03  2.585E-29  1.331E-18  2.287E-19  1.102E-18
1.923E+03  2.686E-29  1.370E-18  2.363E-19  1.134E-18
1.905E+03  2.792E-29  1.411E-18  2.442E-19  1.167E-18
1.888E+03  2.901E-29  1.453E-18  2.523E-19  1.201E-18
1.871E+03  3.015E-29  1.496E-18  2.607E-19  1.235E-18
1.854E+03  3.133E-29  1.540E-18  2.694E-19  1.271E-18
1.837E+03  3.255E-29  1.586E-18  2.783E-19  1.308E-18
1.820E+03  3.383E-29  1.633E-18  2.876E-19  1.345E-18
1.803E+03  3.516E-29  1.681E-18  2.972E-19  1.384E-18
1.786E+03  3.653E-29  1.731E-18  3.071E-19  1.424E-18
1.770E+03  3.797E-29  1.783E-18  3.173E-19  1.465E-18
1.754E+03  3.945E-29  1.836E-18  3.279E-19  1.508E-18
1.738E+03  4.100E-29  1.890E-18  3.388E-19  1.551E-18
1.722E+03  4.261E-29  1.946E-18  3.501E-19  1.596E-18
1.706E+03  4.428E-29  2.004E-18  3.618E-19  1.642E-18
1.690E+03  4.602E-29  2.063E-18  3.739E-19  1.690E-18
1.675E+03  4.782E-29  2.125E-18  3.864E-19  1.738E-18
1.660E+03  4.970E-29  2.188E-18  3.992E-19  1.789E-18
1.644E+03  5.165E-29  2.253E-18  4.126E-19  1.840E-18
1.629E+03  5.367E-29  2.320E-18  4.263E-19  1.893E-18
1.614E+03  5.578E-29  2.389E-18  4.406E-19  1.948E-18
1.600E+03  5.797E-29  2.459E-18  4.553E-19  2.004E-18
1.585E+03  6.024E-29  2.532E-18  4.704E-19  2.062E-18
1.570E+03  6.260E-29  2.608E-18  4.861E-19  2.121E-18
1.556E+03  6.505E-29  2.685E-18  5.024E-19  2.183E-18
1.542E+03  6.760E-29  2.765E-18  5.191E-19  2.245E-18
1.528E+03  7.025E-29  2.847E-18  5.365E-19  2.310E-18
1.514E+03  7.301E-29  2.931E-18  5.544E-19  2.377E-18
1.500E+03  7.586E-29  3.018E-18  5.728E-19  2.445E-18
1.486E+03  7.884E-29  3.107E-18  5.920E-19  2.516E-18
1.472E+03  8.193E-29  3.200E-18  6.117E-19  2.588E-18
1.459E+03  8.514E-29  3.295E-18  6.321E-19  2.663E-18
1.445E+03  8.848E-29  3.392E-18  6.532E-19  2.739E-18
1.432E+03  9.194E-29  3.493E-18  6.749E-19  2.818E-18
1.419E+03  9.555E-29  3.597E-18  6.974E-19  2.899E-18
1.406E+03  9.929E-29  3.703E-18  7.207E-19  2.982E-18
1.393E+03  1.032E-28  3.813E-18  7.447E-19  3.068E-18
1.380E+03  1.072E-28  3.926E-18  7.695E-19  3.156E-18
1.368E+03  1.114E-28  4.042E-18  7.951E-19  3.247E-18
1.355E+03  1.158E-28  4.162E-18  8.216E-19  3.340E-18
1.343E+03  1.203E-28  4.285E-18  8.489E-19  3.436E-18
1.330E+03  1.250E-28  4.411E-18  8.772E-19  3.534E-18
1.318E+03  1.299E-28  4.542E-18  9.063E-19  3.635E-18
1.306E+03  1.350E-28  4.676E-18  9.364E-19  3.739E-18
1.294E+03  1.402E-28  4.814E-18  9.676E-19  3.846E-18
1.282E+03  1.457E-28  4.956E-18  9.997E-19  3.956E-18
1.271E+03  1.514E-28  5.102E-18  1.033E-18  4.069E-18
1.259E+03  1.573E-28  5.252E-18  1.067E-18  4.185E-18
1.247E+03  1.634E-28  5.407E-18  1.103E-18  4.305E-18
1.236E+03  1.698E-28  5.566E-18  1.139E-18  4.427E-18
1.225E+03  1.764E-28  5.730E-18  1.177E-18  4.553E-18
1.213E+03  1.833E-28  5.898E-18  1.216E-18  4.682E-18
1.202E+03  1.904E-28  6.071E-18  1.256E-18  4.815E-18
1.191E+03  1.978E-28  6.249E-18  1.298E-18  4.952E-18
1.180E+03  2.055E-28  6.433E-18  1.341E-18  5.092E-18
1.169E+03  2.134E-28  6.621E-18  1.385E-18  5.236E-18
1.159E+03  2.217E-28  6.815E-18  1.431E-18  5.384E-18
1.148E+03  2.303E-28  7.014E-18  1.478E-18  5.536E-18
1.138E+03  2.392E-28  7.219E-18  1.526E-18  5.692E-18
1.127E+03  2.485E-28  7.429E-18  1.577E-18  5.853E-18
1.117E+03  2.581E-28  7.646E-18  1.629E-18  6.017E-18
1.107E+03  2.681E-28  7.869E-18  1.682E-18  6.186E-18
1.096E+03  2.784E-28  8.097E-18  1.737E-18  6.360E-18
1.086E+03  2.891E-28  8.333E-18  1.795E-18  6.538E-18
1.076E+03  3.003E-28  8.575E-18  1.853E-18  6.721E-18
1.067E+03  3.119E-28  8.823E-18  1.914E-18  6.909E-18
1.057E+03  3.239E-28  9.079E-18  1.977E-18  7.102E-18
1.047E+03  3.363E-28  9.341E-18  2.042E-18  7.300E-18
1.038E+03  3.492E-28  9.611E-18  2.108E-18  7.503E-18
1.028E+03  3.626E-28  9.888E-18  2.177E-18  7.711E-18
1.019E+03  3.765E-28  1.017E-17  2.248E-18  7.925E-18
1.009E+03  3.909E-28  1.047E-17  2.322E-18  8.144E-18
1.000E+03  4.059E-28  1.077E-17  2.397E-18  8.369E-18
9.908E+02  4.214E-28  1.108E-17  2.475E-18  8.600E-18
9.817E+02  4.375E-28  1.139E-17  2.556E-18  8.838E-18
9.727E+02  4.542E-28  1.172E-17  2.639E-18  9.082E-18
9.638E+02  4.716E-28  1.206E-17  2.724E-18  9.332E-18
9.550E+02  4.895E-28  1.240E-17  2.812E-18  9.589E-18
9.462E+02  5.082E-28  1.276E-17  2.903E-18  9.852E-18
9.376E+02  5.275E-28  1.312E-17  2.997E-18  1.012E-17
9.290E+02  5.476E-28  1.349E-17  3.094E-18  1.040E-17
9.204E+02  5.683E-28  1.388E-17  3.193E-18  1.068E-17
9.120E+02  5.899E-28  1.427E-17  3.296E-18  1.097E-17
9.036E+02  6.122E-28  1.467E-17  3.402E-18  1.127E-17
8.954E+02  6.353E-28  1.509E-17  3.511E-18  1.158E-17
8.872E+02  6.593E-28  1.551E-17  3.624E-18  1.189E-17
8.790E+02  6.841E-28  1.595E-17  3.740E-18  1.221E-17
8.710E+02  7.098E-28  1.640E-17  3.859E-18  1.254E-17
8.630E+02  7.365E-28  1.686E-17  3.983E-18  1.288E-17
8.551E+02  7.641E-28  1.733E-17  4.110E-18  1.322E-17
8.472E+02  7.927E-28  1.781E-17  4.240E-18  1.357E-17
8.395E+02  8.223E-28  1.831E-17  4.375E-18  1.394E-17
8.318E+02  8.530E-28  1.882E-17  4.514E-18  1.431E-17
8.241E+02  8.848E-28  1.934E-17  4.657E-18  1.468E-17
8.166E+02  9.177E-28  1.988E-17  4.804E-18  1.507E-17
8.091E+02  9.517E-28  2.043E-17  4.956E-18  1.547E-17
8.017E+02  9.870E-28  2.099E-17  5.112E-18  1.588E-17
7.943E+02  1.023E-27  2.156E-17  5.273E-18  1.629E-17
7.870E+02  1.061E-27  2.216E-17  5.439E-18  1.672E-17
7.798E+02  1.100E-27  2.276E-17  5.609E-18  1.715E-17
7.727E+02  1.141E-27  2.338E-17  5.785E-18  1.760E-17
7.656E+02  1.183E-27  2.402E-17  5.966E-18  1.806E-17
7.586E+02  1.226E-27  2.468E-17  6.152E-18  1.852E-17
7.516E+02  1.271E-27  2.534E-17  6.343E-18  1.900E-17
7.447E+02  1.318E-27  2.603E-17  6.541E-18  1.949E-17
7.379E+02  1.366E-27  2.674E-17  6.744E-18  2.000E-17
7.311E+02  1.416E-27  2.746E-17  6.952E-18  2.051E-17
7.244E+02  1.468E-27  2.821E-17  7.167E-18  2.104E-17
7.178E+02  1.522E-27  2.897E-17  7.388E-18  2.158E-17
7.112E+02  1.577E-27  2.975E-17  7.616E-18  2.214E-17
7.047E+02  1.635E-27  3.055E-17  7.850E-18  2.270E-17
6.982E+02  1.694E-27  3.137E-17  8.090E-18  2.328E-17
6.918E+02  1.755E-27  3.221E-17  8.338E-18  2.388E-17
6.855E+02  1.819E-27  3.308E-17  8.592E-18  2.448E-17
6.792E+02  1.885E-27  3.396E-17  8.854E-18  2.511E-17
6.730E+02  1.953E-27  3.487E-17  9.123E-18  2.574E-17
6.668E+02  2.024E-27  3.579E-17  9.400E-18  2.639E-17
6.607E+02  2.096E-27  3.674E-17  9.684E-18  2.706E-17
6.546E+02  2.172E-27  3.772E-17  9.977E-18  2.774E-17
6.486E+02  2.250E-27  3.872E-17  1.028E-17  2.844E-17
6.427E+02  2.332E-27  3.975E-17  1.059E-17  2.916E-17
6.368E+02  2.416E-27  4.081E-17  1.090E-17  2.990E-17
6.310E+02  2.503E-27  4.189E-17  1.123E-17  3.066E-17
6.252E+02  2.593E-27  4.300E-17  1.156E-17  3.143E-17
6.194E+02  2.686E-27  4.413E-17  1.191E-17  3.222E-17
6.138E+02  2.782E-27  4.529E-17  1.226E-17  3.303E-17
6.081E+02  2.881E-27  4.648E-17  1.263E-17  3.386E-17
6.026E+02  2.985E-27  4.770E-17  1.300E-17  3.471E-17
5.970E+02  3.091E-27  4.896E-17  1.338E-17  3.557E-17
5.916E+02  3.202E-27  5.024E-17  1.377E-17  3.646E-17
5.861E+02  3.316E-27  5.155E-17  1.418E-17  3.737E-17
5.808E+02  3.434E-27  5.290E-17  1.459E-17  3.830E-17
5.754E+02  3.556E-27  5.428E-17  1.502E-17  3.926E-17
5.702E+02  3.682E-27  5.568E-17  1.545E-17  4.023E-17
5.649E+02  3.812E-27  5.713E-17  1.590E-17  4.123E-17
5.598E+02  3.947E-27  5.861E-17  1.636E-17  4.225E-17
5.546E+02  4.087E-27  6.013E-17  1.683E-17  4.329E-17
5.495E+02  4.231E-27  6.168E-17  1.732E-17  4.436E-17
5.445E+02  4.381E-27  6.327E-17  1.781E-17  4.546E-17
5.395E+02  4.535E-27  6.490E-17  1.832E-17  4.657E-17
5.346E+02  4.694E-27  6.656E-17  1.885E-17  4.772E-17
5.297E+02  4.859E-27  6.827E-17  1.938E-17  4.888E-17
5.248E+02  5.029E-27  7.001E-17  1.993E-17  5.008E-17
5.200E+02  5.205E-27  7.180E-17  2.049E-17  5.131E-17
5.152E+02  5.387E-27  7.363E-17  2.107E-17  5.256E-17
5.105E+02  5.575E-27  7.549E-17  2.166E-17  5.383E-17
5.058E+02  5.769E-27  7.741E-17  2.227E-17  5.514E-17
5.012E+02  5.970E-27  7.936E-17  2.289E-17  5.648E-17
4.966E+02  6.177E-27  8.136E-17  2.352E-17  5.784E-17
4.920E+02  6.391E-27  8.341E-17  2.417E-17  5.924E-17
4.875E+02  6.611E-27  8.550E-17  2.484E-17  6.066E-17
4.831E+02  6.840E-27  8.764E-17  2.552E-17  6.212E-17
4.786E+02  7.075E-27  8.982E-17  2.622E-17  6.360E-17
4.742E+02  7.318E-27  9.206E-17  2.694E-17  6.512E-17
4.699E+02  7.569E-27  9.434E-17  2.767E-17  6.667E-17
4.656E+02  7.828E-27  9.668E-17  2.842E-17  6.826E-17
4.613E+02  8.095E-27  9.906E-17  2.919E-17  6.987E-17
4.571E+02  8.371E-27  1.015E-16  2.997E-17  7.152E-17
4.529E+02  8.656E-27  1.040E-16  3.078E-17  7.321E-17
4.487E+02  8.949E-27  1.065E-16  3.160E-17  7.493E-17
4.446E+02  9.252E-27  1.091E-16  3.244E-17  7.668E-17
4.406E+02  9.564E-27  1.118E-16  3.330E-17  7.847E-17
4.365E+02  9.886E-27  1.145E-16  3.418E-17  8.030E-17
4.325E+02  1.022E-26  1.172E-16  3.508E-17  8.216E-17
4.285E+02  1.056E-26  1.201E-16  3.599E-17  8.406E-17
4.246E+02  1.091E-26  1.229E-16  3.693E-17  8.600E-17
4.207E+02  1.128E-26  1.259E-16  3.789E-17  8.798E-17
4.169E+02  1.165E-26  1.289E-16  3.887E-17  8.999E-17
4.130E+02  1.204E-26  1.319E-16  3.987E-17  9.205E-17
4.093E+02  1.244E-26  1.350E-16  4.089E-17  9.415E-17
4.055E+02  1.285E-26  1.382E-16  4.194E-17  9.629E-17
4.018E+02  1.327E-26  1.415E-16  4.300E-17  9.846E-17
3.981E+02  1.371E-26  1.448E-16  4.409E-17  1.007E-16
3.945E+02  1.416E-26  1.482E-16  4.520E-17  1.030E-16
3.908E+02  1.462E-26  1.516E-16  4.633E-17  1.053E-16
3.873E+02  1.510E-26  1.551E-16  4.749E-17  1.076E-16
3.837E+02  1.559E-26  1.587E-16  4.867E-17  1.100E-16
3.802E+02  1.610E-26  1.623E-16  4.987E-17  1.124E-16
3.767E+02  1.662E-26  1.660E-16  5.110E-17  1.149E-16
3.733E+02  1.715E-26  1.698E-16  5.235E-17  1.175E-16
3.698E+02  1.770E-26  1.737E-16  5.362E-17  1.200E-16
3.664E+02  1.827E-26  1.776E-16  5.492E-17  1.226E-16
3.631E+02  1.885E-26  1.816E-16  5.625E-17  1.253E-16
3.597E+02  1.945E-26  1.856E-16  5.759E-17  1.280E-16
3.565E+02  2.007E-26  1.897E-16  5.897E-17  1.308E-16
3.532E+02  2.070E-26  1.939E-16  6.037E-17  1.336E-16
3.499E+02  2.135E-26  1.982E-16  6.179E-17  1.364E-16
3.467E+02  2.202E-26  2.026E-16  6.324E-17  1.393E-16
3.436E+02  2.271E-26  2.070E-16  6.471E-17  1.423E-16
3.404E+02  2.342E-26  2.114E-16  6.621E-17  1.452E-16
3.373E+02  2.414E-26  2.160E-16  6.774E-17  1.483E-16
3.342E+02  2.489E-26  2.206E-16  6.930E-17  1.513E-16
3.311E+02  2.566E-26  2.253E-16  7.087E-17  1.545E-16
3.281E+02  2.644E-26  2.301E-16  7.248E-17  1.576E-16
3.251E+02  2.725E-26  2.350E-16  7.411E-17  1.609E-16
3.221E+02  2.808E-26  2.399E-16  7.577E-17  1.641E-16
3.192E+02  2.893E-26  2.449E-16  7.746E-17  1.674E-16
3.162E+02  2.980E-26  2.499E-16  7.917E-17  1.708E-16
3.133E+02  3.069E-26  2.551E-16  8.091E-17  1.742E-16
3.105E+02  3.161E-26  2.603E-16  8.267E-17  1.776E-16
3.076E+02  3.255E-26  2.656E-16  8.446E-17  1.811E-16
3.048E+02  3.351E-26  2.709E-16  8.628E-17  1.846E-16
3.020E+02  3.450E-26  2.763E-16  8.812E-17  1.882E-16
2.992E+02  3.551E-26  2.818E-16  8.999E-17  1.918E-16
2.965E+02  3.654E-26  2.874E-16  9.189E-17  1.955E-16
2.938E+02  3.760E-26  2.930E-16  9.381E-17  1.992E-16
2.911E+02  3.869E-26  2.987E-16  9.576E-17  2.030E-16
2.884E+02  3.980E-26  3.045E-16  9.773E-17  2.067E-16
2.858E+02  4.094E-26  3.103E-16  9.973E-17  2.106E-16
2.831E+02  4.210E-26  3.162E-16  1.018E-16  2.144E-16
2.805E+02  4.329E-26  3.221E-16  1.038E-16  2.183E-16
2.780E+02  4.450E-26  3.282E-16  1.059E-16  2.223E-16
2.754E+02  4.575E-26  3.342E-16  1.080E-16  2.263E-16
2.729E+02  4.702E-26  3.404E-16  1.101E-16  2.303E-16
2.704E+02  4.833E-26  3.466E-16  1.122E-16  2.344E-16
2.679E+02  4.966E-26  3.529E-16  1.144E-16  2.385E-16
2.655E+02  5.103E-26  3.593E-16  1.166E-16  2.427E-16
2.630E+02  5.242E-26  3.657E-16  1.188E-16  2.469E-16
2.606E+02  5.384E-26  3.722E-16  1.211E-16  2.512E-16
2.582E+02  5.529E-26  3.787E-16  1.233E-16  2.554E-16
2.559E+02  5.677E-26  3.853E-16  1.256E-16  2.597E-16
2.535E+02  5.826E-26  3.918E-16  1.279E-16  2.639E-16
2.512E+02  5.977E-26  3.983E-16  1.302E-16  2.680E-16
2.489E+02  6.128E-26  4.046E-16  1.326E-16  2.720E-16
2.466E+02  6.278E-26  4.107E-16  1.349E-16  2.758E-16
2.443E+02  6.430E-26  4.167E-16  1.373E-16  2.794E-16
2.421E+02  6.583E-26  4.227E-16  1.397E-16  2.830E-16
2.399E+02  6.736E-26  4.286E-16  1.421E-16  2.865E-16
2.377E+02  6.889E-26  4.343E-16  1.445E-16  2.898E-16
2.355E+02  7.043E-26  4.400E-16  1.470E-16  2.930E-16
2.333E+02  7.200E-26  4.456E-16  1.494E-16  2.962E-16
2.312E+02  7.358E-26  4.513E-16  1.519E-16  2.993E-16
2.291E+02  7.518E-26  4.568E-16  1.544E-16  3.025E-16
2.270E+02  7.680E-26  4.624E-16  1.569E-16  3.055E-16
2.249E+02  7.843E-26  4.679E-16  1.594E-16  3.085E-16
2.228E+02  8.009E-26  4.734E-16  1.619E-16  3.115E-16
2.208E+02  8.176E-26  4.789E-16  1.644E-16  3.144E-16
2.188E+02  8.345E-26  4.843E-16  1.670E-16  3.173E-16
2.168E+02  8.515E-26  4.896E-16  1.695E-16  3.201E-16
2.148E+02  8.687E-26  4.949E-16  1.721E-16  3.229E-16
2.128E+02  8.860E-26  5.002E-16  1.746E-16  3.256E-16
2.109E+02  9.034E-26  5.053E-16  1.772E-16  3.282E-16
2.089E+02  9.210E-26  5.104E-16  1.797E-16  3.307E-16
2.070E+02  9.387E-26  5.154E-16  1.823E-16  3.332E-16
2.051E+02  9.565E-26  5.204E-16  1.848E-16  3.356E-16
2.032E+02  9.743E-26  5.253E-16  1.874E-16  3.379E-16
2.014E+02  9.923E-26  5.301E-16  1.899E-16  3.401E-16
1.995E+02  1.010E-25  5.347E-16  1.925E-16  3.423E-16
1.977E+02  1.028E-25  5.393E-16  1.950E-16  3.443E-16
1.959E+02  1.047E-25  5.438E-16  1.976E-16  3.463E-16
1.941E+02  1.065E-25  5.482E-16  2.001E-16  3.482E-16
1.923E+02  1.083E-25  5.525E-16  2.026E-16  3.499E-16
1.905E+02  1.101E-25  5.567E-16  2.051E-16  3.516E-16
1.888E+02  1.120E-25  5.608E-16  2.076E-16  3.532E-16
1.871E+02  1.138E-25  5.648E-16  2.101E-16  3.547E-16
1.854E+02  1.157E-25  5.686E-16  2.126E-16  3.561E-16
1.837E+02  1.175E-25  5.724E-16  2.150E-16  3.574E-16
1.820E+02  1.193E-25  5.760E-16  2.175E-16  3.585E-16
1.803E+02  1.212E-25  5.795E-16  2.199E-16  3.596E-16
1.786E+02  1.230E-25  5.828E-16  2.223E-16  3.606E-16
1.770E+02  1.248E-25  5.861E-16  2.247E-16  3.614E-16
1.754E+02  1.266E-25  5.892E-16  2.270E-16  3.621E-16
1.738E+02  1.284E-25  5.921E-16  2.293E-16  3.628E-16
1.722E+02  1.303E-25  5.949E-16  2.316E-16  3.633E-16
1.706E+02  1.320E-25  5.976E-16  2.339E-16  3.637E-16
1.690E+02  1.338E-25  6.001E-16  2.362E-16  3.639E-16
1.675E+02  1.356E-25  6.025E-16  2.384E-16  3.641E-16
1.660E+02  1.374E-25  6.047E-16  2.406E-16  3.641E-16
1.644E+02  1.391E-25  6.068E-16  2.427E-16  3.640E-16
1.629E+02  1.408E-25  6.087E-16  2.449E-16  3.638E-16
1.614E+02  1.426E-25  6.105E-16  2.470E-16  3.635E-16
1.600E+02  1.443E-25  6.121E-16  2.490E-16  3.631E-16
1.585E+02  1.459E-25  6.135E-16  2.510E-16  3.625E-16
1.570E+02  1.476E-25  6.148E-16  2.530E-16  3.618E-16
1.556E+02  1.492E-25  6.159E-16  2.549E-16  3.610E-16
1.542E+02  1.509E-25  6.169E-16  2.568E-16  3.601E-16
1.528E+02  1.524E-25  6.177E-16  2.587E-16  3.590E-16
1.514E+02  1.540E-25  6.184E-16  2.605E-16  3.579E-16
1.500E+02  1.556E-25  6.189E-16  2.623E-16  3.566E-16
1.486E+02  1.571E-25  6.192E-16  2.640E-16  3.552E-16
1.472E+02  1.586E-25  6.194E-16  2.656E-16  3.537E-16
1.459E+02  1.601E-25  6.194E-16  2.673E-16  3.521E-16
1.445E+02  1.615E-25  6.192E-16  2.688E-16  3.504E-16
1.432E+02  1.629E-25  6.189E-16  2.703E-16  3.485E-16
1.419E+02  1.643E-25  6.184E-16  2.718E-16  3.466E-16
1.406E+02  1.656E-25  6.177E-16  2.732E-16  3.445E-16
1.393E+02  1.669E-25  6.169E-16  2.746E-16  3.423E-16
1.380E+02  1.682E-25  6.160E-16  2.759E-16  3.401E-16
1.368E+02  1.695E-25  6.148E-16  2.772E-16  3.377E-16
1.355E+02  1.707E-25  6.136E-16  2.783E-16  3.352E-16
1.343E+02  1.719E-25  6.121E-16  2.795E-16  3.326E-16
1.330E+02  1.730E-25  6.105E-16  2.806E-16  3.299E-16
1.318E+02  1.741E-25  6.088E-16  2.816E-16  3.271E-16
1.306E+02  1.752E-25  6.069E-16  2.826E-16  3.243E-16
1.294E+02  1.762E-25  6.048E-16  2.835E-16  3.213E-16
1.282E+02  1.772E-25  6.026E-16  2.844E-16  3.182E-16
1.271E+02  1.781E-25  6.002E-16  2.852E-16  3.151E-16
1.259E+02  1.790E-25  5.977E-16  2.859E-16  3.118E-16
1.247E+02  1.799E-25  5.951E-16  2.866E-16  3.085E-16
1.236E+02  1.807E-25  5.923E-16  2.872E-16  3.051E-16
1.225E+02  1.815E-25  5.894E-16  2.878E-16  3.017E-16
1.213E+02  1.822E-25  5.864E-16  2.883E-16  2.981E-16
1.202E+02  1.829E-25  5.833E-16  2.887E-16  2.946E-16
1.191E+02  1.836E-25  5.800E-16  2.891E-16  2.909E-16
1.180E+02  1.842E-25  5.766E-16  2.894E-16  2.872E-16
1.169E+02  1.847E-25  5.731E-16  2.897E-16  2.834E-16
1.159E+02  1.852E-25  5.694E-16  2.898E-16  2.796E-16
1.148E+02  1.857E-25  5.656E-16  2.900E-16  2.757E-16
1.138E+02  1.862E-25  5.618E-16  2.900E-16  2.718E-16
1.127E+02  1.866E-25  5.578E-16  2.900E-16  2.678E-16
1.117E+02  1.869E-25  5.538E-16  2.900E-16  2.638E-16
1.107E+02  1.873E-25  5.497E-16  2.899E-16  2.598E-16
1.096E+02  1.875E-25  5.455E-16  2.897E-16  2.558E-16
1.086E+02  1.878E-25  5.412E-16  2.894E-16  2.517E-16
1.076E+02  1.880E-25  5.368E-16  2.891E-16  2.477E-16
1.067E+02  1.882E-25  5.323E-16  2.888E-16  2.436E-16
1.057E+02  1.883E-25  5.278E-16  2.883E-16  2.395E-16
1.047E+02  1.884E-25  5.232E-16  2.879E-16  2.354E-16
1.038E+02  1.884E-25  5.186E-16  2.873E-16  2.312E-16
1.028E+02  1.884E-25  5.138E-16  2.867E-16  2.271E-16
1.019E+02  1.884E-25  5.090E-16  2.861E-16  2.230E-16
1.009E+02  1.883E-25  5.042E-16  2.853E-16  2.188E-16
1.000E+02  1.882E-25  4.993E-16  2.846E-16  2.147E-16
9.908E+01  1.881E-25  4.943E-16  2.837E-16  2.106E-16
9.817E+01  1.879E-25  4.893E-16  2.828E-16  2.065E-16
9.727E+01  1.877E-25  4.843E-16  2.819E-16  2.024E-16
9.638E+01  1.874E-25  4.792E-16  2.809E-16  1.983E-16
9.550E+01  1.872E-25  4.741E-16  2.798E-16  1.943E-16
9.462E+01  1.868E-25  4.690E-16  2.787E-16  1.902E-16
9.376E+01  1.865E-25  4.638E-16  2.776E-16  1.863E-16
9.290E+01  1.861E-25  4.586E-16  2.763E-16  1.823E-16
9.204E+01  1.857E-25  4.534E-16  2.751E-16  1.784E-16
9.120E+01  1.853E-25  4.482E-16  2.737E-16  1.745E-16
9.036E+01  1.848E-25  4.430E-16  2.724E-16  1.706E-16
8.954E+01  1.843E-25  4.378E-16  2.710E-16  1.668E-16
8.872E+01  1.838E-25  4.325E-16  2.695E-16  1.630E-16
8.790E+01  1.833E-25  4.273E-16  2.680E-16  1.593E-16
8.710E+01  1.827E-25  4.221E-16  2.665E-16  1.556E-16
8.630E+01  1.821E-25  4.169E-16  2.649E-16  1.520E-16
8.551E+01  1.815E-25  4.117E-16  2.633E-16  1.484E-16
8.472E+01  1.809E-25  4.066E-16  2.617E-16  1.448E-16
8.395E+01  1.803E-25  4.014E-16  2.601E-16  1.414E-16
8.318E+01  1.796E-25  3.963E-16  2.584E-16  1.379E-16
8.241E+01  1.790E-25  3.912E-16  2.567E-16  1.345E-16
8.166E+01  1.783E-25  3.862E-16  2.549E-16  1.312E-16
8.091E+01  1.776E-25  3.811E-16  2.532E-16  1.280E-16
8.017E+01  1.769E-25  3.761E-16  2.514E-16  1.248E-16
7.943E+01  1.762E-25  3.712E-16  2.496E-16  1.216E-16
7.870E+01  1.754E-25  3.663E-16  2.478E-16  1.185E-16
7.798E+01  1.747E-25  3.614E-16  2.459E-16  1.155E-16
7.727E+01  1.740E-25  3.566E-16  2.441E-16  1.125E-16
7.656E+01  1.732E-25  3.518E-16  2.422E-16  1.096E-16
7.586E+01  1.725E-25  3.471E-16  2.403E-16  1.068E-16
7.516E+01  1.717E-25  3.424E-16  2.384E-16  1.040E-16
7.447E+01  1.710E-25  3.377E-16  2.365E-16  1.013E-16
7.379E+01  1.702E-25  3.332E-16  2.345E-16  9.861E-17
7.311E+01  1.694E-25  3.286E-16  2.326E-16  9.600E-17
7.244E+01  1.687E-25  3.241E-16  2.307E-16  9.344E-17
7.178E+01  1.679E-25  3.197E-16  2.287E-16  9.095E-17
7.112E+01  1.671E-25  3.153E-16  2.268E-16  8.851E-17
7.047E+01  1.664E-25  3.110E-16  2.248E-16  8.615E-17
6.982E+01  1.656E-25  3.068E-16  2.229E-16  8.387E-17
6.918E+01  1.649E-25  3.026E-16  2.209E-16  8.163E-17
6.855E+01  1.641E-25  2.984E-16  2.190E-16  7.943E-17
6.792E+01  1.634E-25  2.943E-16  2.170E-16  7.728E-17
6.730E+01  1.626E-25  2.903E-16  2.151E-16  7.519E-17
6.668E+01  1.619E-25  2.863E-16  2.131E-16  7.317E-17
6.607E+01  1.611E-25  2.824E-16  2.112E-16  7.120E-17
6.546E+01  1.604E-25  2.786E-16  2.093E-16  6.928E-17
6.486E+01  1.597E-25  2.748E-16  2.074E-16  6.742E-17
6.427E+01  1.590E-25  2.710E-16  2.054E-16  6.559E-17
6.368E+01  1.583E-25  2.674E-16  2.035E-16  6.382E-17
6.310E+01  1.576E-25  2.637E-16  2.016E-16  6.211E-17
6.252E+01  1.569E-25  2.602E-16  1.997E-16  6.045E-17
6.194E+01  1.562E-25  2.567E-16  1.979E-16  5.883E-17
6.138E+01  1.556E-25  2.533E-16  1.960E-16  5.727E-17
6.081E+01  1.549E-25  2.499E-16  1.941E-16  5.574E-17
6.026E+01  1.542E-25  2.465E-16  1.923E-16  5.426E-17
5.970E+01  1.536E-25  2.433E-16  1.904E-16  5.282E-17
5.916E+01  1.530E-25  2.400E-16  1.886E-16  5.142E-17
5.861E+01  1.523E-25  2.369E-16  1.868E-16  5.005E-17
5.808E+01  1.517E-25  2.337E-16  1.850E-16  4.872E-17
5.754E+01  1.511E-25  2.306E-16  1.832E-16  4.743E-17
5.702E+01  1.505E-25  2.276E-16  1.814E-16  4.618E-17
5.649E+01  1.499E-25  2.246E-16  1.797E-16  4.497E-17
5.598E+01  1.493E-25  2.217E-16  1.779E-16  4.379E-17
5.546E+01  1.487E-25  2.188E-16  1.762E-16  4.265E-17
5.495E+01  1.482E-25  2.160E-16  1.744E-16  4.154E-17
5.445E+01  1.476E-25  2.132E-16  1.727E-16  4.047E-17
5.395E+01  1.470E-25  2.104E-16  1.710E-16  3.942E-17
5.346E+01  1.465E-25  2.077E-16  1.693E-16  3.841E-17
5.297E+01  1.459E-25  2.051E-16  1.676E-16  3.743E-17
5.248E+01  1.454E-25  2.024E-16  1.659E-16  3.647E-17
5.200E+01  1.449E-25  1.998E-16  1.643E-16  3.554E-17
5.152E+01  1.443E-25  1.972E-16  1.626E-16  3.463E-17
5.105E+01  1.438E-25  1.947E-16  1.610E-16  3.375E-17
5.058E+01  1.433E-25  1.922E-16  1.593E-16  3.289E-17
5.012E+01  1.427E-25  1.897E-16  1.577E-16  3.205E-17
4.966E+01  1.422E-25  1.873E-16  1.561E-16  3.124E-17
4.920E+01  1.416E-25  1.849E-16  1.544E-16  3.045E-17
4.875E+01  1.411E-25  1.825E-16  1.528E-16  2.968E-17
4.831E+01  1.406E-25  1.801E-16  1.512E-16  2.893E-17
4.786E+01  1.400E-25  1.778E-16  1.496E-16  2.820E-17
4.742E+01  1.395E-25  1.754E-16  1.480E-16  2.749E-17
4.699E+01  1.389E-25  1.731E-16  1.463E-16  2.680E-17
4.656E+01  1.383E-25  1.708E-16  1.447E-16  2.612E-17
4.613E+01  1.377E-25  1.686E-16  1.431E-16  2.547E-17
4.571E+01  1.372E-25  1.663E-16  1.415E-16  2.483E-17
4.529E+01  1.365E-25  1.640E-16  1.398E-16  2.421E-17
4.487E+01  1.359E-25  1.618E-16  1.382E-16  2.360E-17
4.446E+01  1.353E-25  1.596E-16  1.365E-16  2.302E-17
4.406E+01  1.346E-25  1.573E-16  1.349E-16  2.244E-17
4.365E+01  1.339E-25  1.551E-16  1.332E-16  2.188E-17
4.325E+01  1.332E-25  1.529E-16  1.315E-16  2.133E-17
4.285E+01  1.325E-25  1.506E-16  1.298E-16  2.080E-17
4.246E+01  1.318E-25  1.484E-16  1.281E-16  2.028E-17
4.207E+01  1.310E-25  1.462E-16  1.264E-16  1.977E-17
4.169E+01  1.301E-25  1.439E-16  1.246E-16  1.927E-17
4.130E+01  1.293E-25  1.417E-16  1.229E-16  1.878E-17
4.093E+01  1.284E-25  1.394E-16  1.211E-16  1.830E-17
4.055E+01  1.275E-25  1.371E-16  1.193E-16  1.784E-17
4.018E+01  1.265E-25  1.348E-16  1.175E-16  1.738E-17
3.981E+01  1.255E-25  1.325E-16  1.156E-16  1.693E-17
3.945E+01  1.245E-25  1.302E-16  1.137E-16  1.649E-17
3.908E+01  1.234E-25  1.279E-16  1.118E-16  1.607E-17
3.873E+01  1.222E-25  1.256E-16  1.099E-16  1.565E-17
3.837E+01  1.210E-25  1.232E-16  1.080E-16  1.524E-17
3.802E+01  1.198E-25  1.208E-16  1.060E-16  1.484E-17
3.767E+01  1.185E-25  1.184E-16  1.040E-16  1.444E-17
3.733E+01  1.172E-25  1.160E-16  1.020E-16  1.405E-17
3.698E+01  1.158E-25  1.136E-16  9.993E-17  1.366E-17
3.664E+01  1.144E-25  1.112E-16  9.787E-17  1.329E-17
3.631E+01  1.129E-25  1.087E-16  9.578E-17  1.292E-17
3.597E+01  1.113E-25  1.062E-16  9.368E-17  1.256E-17
3.565E+01  1.098E-25  1.038E-16  9.155E-17  1.222E-17
3.532E+01  1.081E-25  1.013E-16  8.942E-17  1.188E-17
3.499E+01  1.065E-25  9.882E-17  8.727E-17  1.155E-17
3.467E+01  1.047E-25  9.634E-17  8.511E-17  1.122E-17
3.436E+01  1.030E-25  9.386E-17  8.295E-17  1.091E-17
3.404E+01  1.012E-25  9.139E-17  8.079E-17  1.060E-17
3.373E+01  9.939E-26  8.892E-17  7.862E-17  1.030E-17
3.342E+01  9.755E-26  8.648E-17  7.646E-17  1.001E-17
3.311E+01  9.569E-26  8.405E-17  7.431E-17  9.733E-18
3.281E+01  9.380E-26  8.164E-17  7.218E-17  9.461E-18
3.251E+01  9.190E-26  7.925E-17  7.006E-17  9.195E-18
3.221E+01  8.999E-26  7.689E-17  6.796E-17  8.936E-18
3.192E+01  8.808E-26  7.456E-17  6.588E-17  8.683E-18
3.162E+01  8.615E-26  7.227E-17  6.383E-17  8.437E-18
3.133E+01  8.424E-26  7.001E-17  6.182E-17  8.196E-18
3.105E+01  8.233E-26  6.780E-17  5.983E-17  7.962E-18
3.076E+01  8.043E-26  6.562E-17  5.789E-17  7.733E-18
3.048E+01  7.854E-26  6.350E-17  5.599E-17  7.510E-18
3.020E+01  7.667E-26  6.142E-17  5.413E-17  7.292E-18
2.992E+01  7.483E-26  5.939E-17  5.232E-17  7.079E-18
2.965E+01  7.301E-26  5.742E-17  5.055E-17  6.869E-18
2.938E+01  7.122E-26  5.549E-17  4.883E-17  6.664E-18
2.911E+01  6.946E-26  5.363E-17  4.716E-17  6.463E-18
2.884E+01  6.773E-26  5.181E-17  4.554E-17  6.268E-18
2.858E+01  6.604E-26  5.006E-17  4.398E-17  6.078E-18
2.831E+01  6.438E-26  4.835E-17  4.246E-17  5.892E-18
2.805E+01  6.277E-26  4.671E-17  4.100E-17  5.710E-18
2.780E+01  6.119E-26  4.512E-17  3.959E-17  5.534E-18
2.754E+01  5.966E-26  4.359E-17  3.822E-17  5.361E-18
2.729E+01  5.817E-26  4.211E-17  3.691E-17  5.193E-18
2.704E+01  5.671E-26  4.068E-17  3.565E-17  5.030E-18
2.679E+01  5.530E-26  3.930E-17  3.443E-17  4.870E-18
2.655E+01  5.393E-26  3.798E-17  3.326E-17  4.715E-18
2.630E+01  5.260E-26  3.670E-17  3.214E-17  4.564E-18
2.606E+01  5.131E-26  3.547E-17  3.105E-17  4.416E-18
2.582E+01  5.006E-26  3.429E-17  3.002E-17  4.272E-18
2.559E+01  4.884E-26  3.315E-17  2.902E-17  4.132E-18
2.535E+01  4.766E-26  3.205E-17  2.806E-17  3.996E-18
2.512E+01  4.652E-26  3.100E-17  2.713E-17  3.863E-18
2.489E+01  4.541E-26  2.998E-17  2.624E-17  3.733E-18
2.466E+01  4.433E-26  2.900E-17  2.539E-17  3.606E-18
2.443E+01  4.328E-26  2.805E-17  2.457E-17  3.482E-18
2.421E+01  4.226E-26  2.714E-17  2.378E-17  3.360E-18
2.399E+01  4.126E-26  2.626E-17  2.302E-17  3.239E-18
2.377E+01  4.030E-26  2.541E-17  2.228E-17  3.124E-18
2.355E+01  3.936E-26  2.459E-17  2.158E-17  3.014E-18
2.333E+01  3.845E-26  2.380E-17  2.090E-17  2.906E-18
2.312E+01  3.756E-26  2.304E-17  2.024E-17  2.797E-18
2.291E+01  3.669E-26  2.230E-17  1.960E-17  2.693E-18
2.270E+01  3.586E-26  2.159E-17  1.899E-17  2.596E-18
2.249E+01  3.504E-26  2.091E-17  1.840E-17  2.505E-18
2.228E+01  3.425E-26  2.025E-17  1.783E-17  2.417E-18
2.208E+01  3.348E-26  1.961E-17  1.728E-17  2.331E-18
2.188E+01  3.272E-26  1.899E-17  1.674E-17  2.243E-18
2.168E+01  3.197E-26  1.838E-17  1.623E-17  2.155E-18
2.148E+01  3.124E-26  1.780E-17  1.573E-17  2.070E-18
2.128E+01  3.052E-26  1.723E-17  1.524E-17  1.990E-18
2.109E+01  2.983E-26  1.669E-17  1.477E-17  1.914E-18
2.089E+01  2.915E-26  1.616E-17  1.432E-17  1.840E-18
2.070E+01  2.849E-26  1.564E-17  1.388E-17  1.766E-18
2.051E+01  2.784E-26  1.515E-17  1.345E-17  1.693E-18
2.032E+01  2.721E-26  1.467E-17  1.304E-17  1.625E-18
2.014E+01  2.661E-26  1.421E-17  1.265E-17  1.564E-18
1.995E+01  2.603E-26  1.377E-17  1.227E-17  1.504E-18
1.977E+01  2.547E-26  1.336E-17  1.191E-17  1.445E-18
1.959E+01  2.495E-26  1.297E-17  1.158E-17  1.384E-18
1.941E+01  2.451E-26  1.262E-17  1.130E-17  1.323E-18
1.923E+01  2.427E-26  1.238E-17  1.112E-17  1.261E-18
1.905E+01  2.461E-26  1.244E-17  1.124E-17  1.198E-18
1.888E+01  2.473E-26  1.238E-17  1.125E-17  1.136E-18
1.871E+01  2.305E-26  1.144E-17  1.036E-17  1.073E-18
1.854E+01  2.213E-26  1.088E-17  9.872E-18  1.010E-18
1.837E+01  2.164E-26  1.054E-17  9.594E-18  9.473E-19
1.820E+01  2.140E-26  1.033E-17  9.442E-18  8.859E-19
1.803E+01  2.157E-26  1.031E-17  9.488E-18  8.262E-19
1.786E+01  2.224E-26  1.054E-17  9.769E-18  7.681E-19
1.770E+01  2.179E-26  1.023E-17  9.518E-18  7.117E-19
1.754E+01  2.237E-26  1.041E-17  9.750E-18  6.569E-19
1.738E+01  2.452E-26  1.130E-17  1.070E-17  6.046E-19
1.722E+01  2.342E-26  1.070E-17  1.014E-17  5.548E-19
1.706E+01  2.280E-26  1.032E-17  9.810E-18  5.084E-19
1.690E+01  2.153E-26  9.652E-18  9.187E-18  4.648E-19
1.675E+01  1.993E-26  8.856E-18  8.432E-18  4.240E-19
1.660E+01  1.953E-26  8.598E-18  8.212E-18  3.856E-19
1.644E+01  2.166E-26  9.447E-18  9.097E-18  3.499E-19
1.629E+01  1.624E-26  7.017E-18  6.700E-18  3.169E-19
1.614E+01  1.382E-26  5.917E-18  5.630E-18  2.868E-19
1.600E+01  1.269E-26  5.385E-18  5.126E-18  2.592E-19
1.585E+01  1.185E-26  4.980E-18  4.746E-18  2.341E-19
1.570E+01  1.098E-26  4.575E-18  4.364E-18  2.112E-19
1.556E+01  1.031E-26  4.254E-18  4.064E-18  1.904E-19
1.542E+01  9.737E-27  3.982E-18  3.810E-18  1.716E-19
1.528E+01  9.230E-27  3.740E-18  3.585E-18  1.546E-19
1.514E+01  8.771E-27  3.521E-18  3.382E-18  1.393E-19
1.500E+01  8.354E-27  3.323E-18  3.198E-18  1.256E-19
1.486E+01  7.979E-27  3.145E-18  3.032E-18  1.132E-19
1.472E+01  7.653E-27  2.989E-18  2.887E-18  1.019E-19
1.459E+01  7.397E-27  2.862E-18  2.771E-18  9.185E-20
1.445E+01  7.267E-27  2.786E-18  2.703E-18  8.310E-20
1.432E+01  7.382E-27  2.805E-18  2.729E-18  7.551E-20
1.419E+01  7.530E-27  2.835E-18  2.765E-18  6.910E-20
1.406E+01  6.943E-27  2.590E-18  2.526E-18  6.373E-20
1.393E+01  6.520E-27  2.409E-18  2.350E-18  5.937E-20
1.380E+01  6.476E-27  2.371E-18  2.316E-18  5.575E-20
1.368E+01  6.740E-27  2.445E-18  2.392E-18  5.283E-20
1.355E+01  7.108E-27  2.555E-18  2.505E-18  5.031E-20
1.343E+01  6.947E-27  2.474E-18  2.426E-18  4.806E-20
1.330E+01  6.281E-27  2.217E-18  2.171E-18  4.590E-20
1.318E+01  5.821E-27  2.035E-18  1.992E-18  4.387E-20
1.306E+01  5.776E-27  2.001E-18  1.959E-18  4.185E-20
1.294E+01  6.173E-27  2.119E-18  2.079E-18  3.995E-20
1.282E+01  7.060E-27  2.402E-18  2.363E-18  3.822E-20
1.271E+01  8.143E-27  2.744E-18  2.708E-18  3.659E-20
1.259E+01  8.179E-27  2.731E-18  2.696E-18  3.499E-20
1.247E+01  6.851E-27  2.267E-18  2.234E-18  3.341E-20
1.236E+01  5.607E-27  1.838E-18  1.806E-18  3.185E-20
1.225E+01  5.024E-27  1.632E-18  1.602E-18  3.026E-20
1.213E+01  4.955E-27  1.595E-18  1.566E-18  2.879E-20
1.202E+01  4.966E-27  1.584E-18  1.556E-18  2.746E-20
1.191E+01  4.553E-27  1.439E-18  1.412E-18  2.614E-20
1.180E+01  3.957E-27  1.239E-18  1.214E-18  2.485E-20
1.169E+01  3.671E-27  1.139E-18  1.115E-18  2.357E-20
1.159E+01  3.900E-27  1.199E-18  1.176E-18  2.223E-20
1.148E+01  4.860E-27  1.480E-18  1.459E-18  2.094E-20
1.138E+01  6.439E-27  1.943E-18  1.923E-18  1.974E-20
1.127E+01  7.974E-27  2.384E-18  2.365E-18  1.861E-20
1.117E+01  5.395E-27  1.598E-18  1.581E-18  1.756E-20
1.107E+01  2.765E-27  8.116E-19  7.951E-19  1.655E-20
1.096E+01  1.885E-27  5.482E-19  5.326E-19  1.555E-20
1.086E+01  1.467E-27  4.228E-19  4.082E-19  1.462E-20
1.076E+01  1.232E-27  3.519E-19  3.381E-19  1.377E-20
1.067E+01  1.081E-27  3.057E-19  2.928E-19  1.299E-20
1.057E+01  9.534E-28  2.673E-19  2.550E-19  1.228E-20
1.047E+01  8.603E-28  2.390E-19  2.274E-19  1.156E-20
1.038E+01  7.892E-28  2.172E-19  2.064E-19  1.079E-20
1.028E+01  7.316E-28  1.995E-19  1.895E-19  9.981E-21
1.019E+01  6.837E-28  1.847E-19  1.756E-19  9.159E-21
1.009E+01  6.432E-28  1.722E-19  1.638E-19  8.368E-21
1.000E+01  6.088E-28  1.615E-19  1.539E-19  7.635E-21
9.908E+00  5.796E-28  1.523E-19  1.454E-19  6.974E-21
9.817E+00  5.550E-28  1.445E-19  1.382E-19  6.371E-21
9.727E+00  5.345E-28  1.379E-19  1.321E-19  5.816E-21
9.638E+00  5.179E-28  1.324E-19  1.271E-19  5.299E-21
9.550E+00  5.050E-28  1.279E-19  1.231E-19  4.790E-21
9.462E+00  4.961E-28  1.245E-19  1.202E-19  4.282E-21
9.376E+00  4.916E-28  1.223E-19  1.185E-19  3.776E-21
9.290E+00  4.922E-28  1.213E-19  1.180E-19  3.277E-21
9.204E+00  4.995E-28  1.219E-19  1.192E-19  2.797E-21
9.120E+00  5.157E-28  1.248E-19  1.224E-19  2.350E-21
9.036E+00  5.450E-28  1.306E-19  1.287E-19  1.948E-21
8.954E+00  5.948E-28  1.413E-19  1.397E-19  1.600E-21
8.872E+00  6.785E-28  1.597E-19  1.584E-19  1.309E-21
8.790E+00  8.174E-28  1.906E-19  1.895E-19  1.069E-21
8.710E+00  1.021E-27  2.359E-19  2.350E-19  8.751E-22
8.630E+00  1.177E-27  2.694E-19  2.687E-19  7.190E-22
8.551E+00  1.077E-27  2.443E-19  2.438E-19  5.926E-22
8.472E+00  8.798E-28  1.977E-19  1.972E-19  4.875E-22
8.395E+00  7.666E-28  1.707E-19  1.703E-19  3.974E-22
8.318E+00  7.221E-28  1.593E-19  1.590E-19  3.186E-22
8.241E+00  7.151E-28  1.563E-19  1.561E-19  2.502E-22
8.166E+00  7.499E-28  1.624E-19  1.622E-19  1.921E-22
8.091E+00  8.378E-28  1.798E-19  1.797E-19  1.462E-22
8.017E+00  9.810E-28  2.086E-19  2.085E-19  1.104E-22
7.943E+00  1.153E-27  2.430E-19  2.429E-19  8.309E-23
7.870E+00  1.264E-27  2.640E-19  2.639E-19  6.233E-23
7.798E+00  1.234E-27  2.552E-19  2.552E-19  4.671E-23
7.727E+00  1.146E-27  2.349E-19  2.349E-19  3.517E-23
7.656E+00  1.091E-27  2.216E-19  2.215E-19  2.668E-23
7.586E+00  9.782E-28  1.968E-19  1.968E-19  2.044E-23
7.516E+00  7.549E-28  1.505E-19  1.505E-19  1.593E-23
7.447E+00  5.438E-28  1.074E-19  1.074E-19  1.267E-23
7.379E+00  3.983E-28  7.797E-20  7.796E-20  1.023E-23
7.311E+00  3.012E-28  5.842E-20  5.841E-20  8.426E-24
7.244E+00  2.332E-28  4.480E-20  4.480E-20  7.011E-24
7.178E+00  1.835E-28  3.494E-20  3.493E-20  5.872E-24
7.112E+00  1.468E-28  2.769E-20  2.768E-20  4.967E-24
7.047E+00  1.198E-28  2.240E-20  2.240E-20  4.225E-24
6.982E+00  1.005E-28  1.862E-20  1.862E-20  3.593E-24
6.918E+00  8.721E-29  1.601E-20  1.600E-20  3.062E-24
6.855E+00  7.840E-29  1.425E-20  1.425E-20  2.608E-24
6.792E+00  7.233E-29  1.303E-20  1.303E-20  2.219E-24
6.730E+00  6.673E-29  1.191E-20  1.191E-20  1.887E-24
6.668E+00  5.975E-29  1.057E-20  1.057E-20  1.602E-24
6.607E+00  5.184E-29  9.084E-21  9.083E-21  1.358E-24
6.546E+00  4.525E-29  7.857E-21  7.856E-21  1.149E-24
6.486E+00  4.190E-29  7.210E-21  7.209E-21  9.701E-25
6.427E+00  4.324E-29  7.371E-21  7.370E-21  8.177E-25
6.368E+00  5.168E-29  8.729E-21  8.728E-21  6.880E-25
6.310E+00  7.217E-29  1.208E-20  1.208E-20  5.776E-25
6.252E+00  1.024E-28  1.698E-20  1.698E-20  4.840E-25
6.194E+00  9.363E-29  1.538E-20  1.538E-20  4.048E-25
6.138E+00  5.213E-29  8.486E-21  8.486E-21  3.375E-25
6.081E+00  2.751E-29  4.437E-21  4.437E-21  2.810E-25
6.026E+00  1.615E-29  2.581E-21  2.580E-21  2.337E-25
5.970E+00  1.059E-29  1.678E-21  1.677E-21  1.940E-25
5.916E+00  7.678E-30  1.205E-21  1.205E-21  1.609E-25
5.861E+00  6.163E-30  9.582E-22  9.581E-22  1.332E-25
5.808E+00  5.583E-30  8.601E-22  8.600E-22  1.102E-25
5.754E+00  5.690E-30  8.686E-22  8.685E-22  9.098E-26
5.702E+00  5.528E-30  8.361E-22  8.361E-22  7.505E-26
5.649E+00  4.095E-30  6.136E-22  6.135E-22  6.182E-26
5.598E+00  2.686E-30  3.988E-22  3.987E-22  5.086E-26
5.546E+00  1.863E-30  2.741E-22  2.741E-22  4.178E-26
5.495E+00  1.409E-30  2.055E-22  2.054E-22  3.428E-26
5.445E+00  1.159E-30  1.674E-22  1.674E-22  2.809E-26
5.395E+00  1.047E-30  1.498E-22  1.497E-22  2.299E-26
5.346E+00  1.057E-30  1.498E-22  1.498E-22  1.878E-26
5.297E+00  1.123E-30  1.577E-22  1.577E-22  1.532E-26
5.248E+00  9.694E-31  1.350E-22  1.349E-22  1.248E-26
5.200E+00  6.496E-31  8.960E-23  8.959E-23  1.015E-26
5.152E+00  4.308E-31  5.888E-23  5.887E-23  8.246E-27
5.105E+00  3.072E-31  4.161E-23  4.160E-23  6.687E-27
5.058E+00  2.324E-31  3.118E-23  3.118E-23  5.414E-27
5.012E+00  1.825E-31  2.426E-23  2.426E-23  4.377E-27
4.966E+00  1.467E-31  1.932E-23  1.931E-23  3.533E-27
4.920E+00  1.196E-31  1.561E-23  1.561E-23  2.847E-27
4.875E+00  9.856E-32  1.275E-23  1.274E-23  2.290E-27
4.831E+00  8.177E-32  1.048E-23  1.048E-23  1.838E-27
4.786E+00  6.817E-32  8.655E-24  8.653E-24  1.473E-27
4.742E+00  5.704E-32  7.176E-24  7.174E-24  1.178E-27
4.699E+00  4.786E-32  5.965E-24  5.964E-24  9.408E-28
4.656E+00  4.024E-32  4.969E-24  4.969E-24  7.497E-28
4.613E+00  3.388E-32  4.146E-24  4.145E-24  5.962E-28
4.571E+00  2.856E-32  3.463E-24  3.463E-24  4.732E-28
4.529E+00  2.410E-32  2.895E-24  2.895E-24  3.748E-28
4.487E+00  2.035E-32  2.422E-24  2.422E-24  2.963E-28
4.446E+00  1.719E-32  2.027E-24  2.027E-24  2.338E-28
4.406E+00  1.452E-32  1.697E-24  1.697E-24  1.841E-28
4.365E+00  1.227E-32  1.421E-24  1.421E-24  1.446E-28
4.325E+00  1.037E-32  1.190E-24  1.189E-24  1.134E-28
4.285E+00  8.760E-33  9.958E-25  9.958E-25  8.869E-29
4.246E+00  7.400E-33  8.335E-25  8.334E-25  6.922E-29
4.207E+00  6.249E-33  6.974E-25  6.974E-25  5.390E-29
4.169E+00  5.276E-33  5.834E-25  5.833E-25  4.188E-29
4.130E+00  4.452E-33  4.878E-25  4.877E-25  3.246E-29
4.093E+00  3.755E-33  4.076E-25  4.076E-25  2.508E-29
4.055E+00  3.165E-33  3.405E-25  3.404E-25  1.934E-29
4.018E+00  2.667E-33  2.842E-25  2.842E-25  1.487E-29
3.981E+00  2.246E-33  2.372E-25  2.371E-25  1.141E-29
3.945E+00  1.890E-33  1.978E-25  1.978E-25  8.726E-30
3.908E+00  1.590E-33  1.648E-25  1.648E-25  6.660E-30
3.873E+00  1.337E-33  1.373E-25  1.373E-25  5.070E-30
3.837E+00  1.123E-33  1.143E-25  1.143E-25  3.850E-30
3.802E+00  9.436E-34  9.516E-26  9.515E-26  2.917E-30
3.767E+00  7.925E-34  7.919E-26  7.919E-26  2.204E-30
3.733E+00  6.656E-34  6.590E-26  6.590E-26  1.661E-30
3.698E+00  5.592E-34  5.485E-26  5.485E-26  1.248E-30
3.664E+00  4.701E-34  4.570E-26  4.570E-26  9.355E-31
3.631E+00  3.958E-34  3.812E-26  3.812E-26  6.993E-31
3.597E+00  3.341E-34  3.188E-26  3.188E-26  5.213E-31
3.565E+00  2.832E-34  2.678E-26  2.678E-26  3.875E-31
3.532E+00  2.417E-34  2.264E-26  2.264E-26  2.873E-31
3.499E+00  2.087E-34  1.937E-26  1.937E-26  2.124E-31
3.467E+00  1.839E-34  1.691E-26  1.691E-26  1.565E-31
3.436E+00  1.681E-34  1.532E-26  1.532E-26  1.150E-31
3.404E+00  1.649E-34  1.489E-26  1.489E-26  8.431E-32
3.373E+00  1.874E-34  1.677E-26  1.677E-26  6.159E-32
3.342E+00  2.949E-34  2.614E-26  2.614E-26  4.486E-32
3.311E+00  8.167E-34  7.173E-26  7.173E-26  3.257E-32
3.281E+00  4.686E-34  4.078E-26  4.078E-26  2.358E-32
3.251E+00  1.276E-34  1.100E-26  1.100E-26  1.701E-32
3.221E+00  6.048E-35  5.168E-27  5.168E-27  1.223E-32
3.192E+00  3.752E-35  3.176E-27  3.176E-27  8.764E-33
3.162E+00  2.630E-35  2.206E-27  2.206E-27  6.262E-33
3.133E+00  1.957E-35  1.626E-27  1.626E-27  4.461E-33
3.105E+00  1.502E-35  1.237E-27  1.237E-27  3.168E-33
3.076E+00  1.172E-35  9.561E-28  9.561E-28  2.244E-33
3.048E+00  9.230E-36  7.462E-28  7.462E-28  1.584E-33
3.020E+00  7.310E-36  5.856E-28  5.856E-28  1.115E-33
2.992E+00  5.806E-36  4.608E-28  4.608E-28  7.818E-34
2.965E+00  4.618E-36  3.632E-28  3.632E-28  5.465E-34
2.938E+00  3.674E-36  2.863E-28  2.863E-28  3.808E-34
2.911E+00  2.923E-36  2.257E-28  2.257E-28  2.644E-34
2.884E+00  2.324E-36  1.778E-28  1.778E-28  1.829E-34
2.858E+00  1.845E-36  1.399E-28  1.399E-28  1.261E-34
2.831E+00  1.464E-36  1.099E-28  1.099E-28  8.668E-35
2.805E+00  1.159E-36  8.626E-29  8.626E-29  5.935E-35
2.780E+00  9.167E-37  6.759E-29  6.759E-29  4.050E-35
2.754E+00  7.236E-37  5.287E-29  5.287E-29  2.753E-35
2.729E+00  5.702E-37  4.128E-29  4.128E-29  1.865E-35
2.704E+00  4.485E-37  3.217E-29  3.217E-29  1.259E-35
2.679E+00  3.521E-37  2.502E-29  2.502E-29  8.464E-36
2.655E+00  2.758E-37  1.942E-29  1.942E-29  5.670E-36
2.630E+00  2.157E-37  1.505E-29  1.505E-29  3.784E-36
2.606E+00  1.683E-37  1.163E-29  1.163E-29  2.516E-36
2.582E+00  1.310E-37  8.973E-30  8.973E-30  1.666E-36
2.559E+00  1.018E-37  6.906E-30  6.906E-30  1.099E-36
2.535E+00  7.887E-38  5.304E-30  5.304E-30  7.225E-37
2.512E+00  6.099E-38  4.064E-30  4.064E-30  4.730E-37
2.489E+00  4.706E-38  3.107E-30  3.107E-30  3.084E-37
2.466E+00  3.622E-38  2.369E-30  2.369E-30  2.003E-37
2.443E+00  2.781E-38  1.802E-30  1.802E-30  1.296E-37
2.421E+00  2.130E-38  1.368E-30  1.368E-30  8.348E-38
2.399E+00  1.627E-38  1.035E-30  1.035E-30  5.356E-38
2.377E+00  1.240E-38  7.818E-31  7.818E-31  3.421E-38
2.355E+00  9.426E-39  5.888E-31  5.888E-31  2.176E-38
2.333E+00  7.146E-39  4.423E-31  4.423E-31  1.379E-38
2.312E+00  5.403E-39  3.314E-31  3.314E-31  8.694E-39
2.291E+00  4.073E-39  2.475E-31  2.475E-31  5.459E-39
2.270E+00  3.062E-39  1.844E-31  1.844E-31  3.413E-39
2.249E+00  2.295E-39  1.369E-31  1.369E-31  2.124E-39
2.228E+00  1.714E-39  1.013E-31  1.013E-31  1.316E-39
2.208E+00  1.276E-39  7.472E-32  7.472E-32  8.119E-40
2.188E+00  9.461E-40  5.491E-32  5.491E-32  4.986E-40
2.168E+00  6.988E-40  4.018E-32  4.018E-32  3.047E-40
2.148E+00  5.139E-40  2.928E-32  2.928E-32  1.854E-40
2.128E+00  3.760E-40  2.122E-32  2.122E-32  1.123E-40
2.109E+00  2.735E-40  1.530E-32  1.530E-32  6.768E-41
2.089E+00  1.976E-40  1.095E-32  1.095E-32  4.061E-41
2.070E+00  1.416E-40  7.776E-33  7.776E-33  2.424E-41
2.051E+00  1.005E-40  5.465E-33  5.465E-33  1.440E-41
2.032E+00  7.035E-41  3.793E-33  3.793E-33  8.515E-42
2.014E+00  4.847E-41  2.589E-33  2.589E-33  5.009E-42
1.995E+00  3.270E-41  1.731E-33  1.731E-33  2.932E-42
1.977E+00  2.150E-41  1.127E-33  1.127E-33  1.708E-42
1.959E+00  1.376E-41  7.151E-34  7.151E-34  9.896E-43
1.941E+00  8.689E-42  4.473E-34  4.473E-34  5.705E-43
1.923E+00  5.640E-42  2.877E-34  2.877E-34  3.272E-43
1.905E+00  4.002E-42  2.023E-34  2.023E-34  1.867E-43
1.888E+00  3.160E-42  1.583E-34  1.583E-34  1.059E-43
1.871E+00  2.634E-42  1.307E-34  1.307E-34  5.981E-44
1.854E+00  2.183E-42  1.074E-34  1.074E-34  3.358E-44
1.837E+00  1.754E-42  8.544E-35  8.544E-35  1.876E-44
1.820E+00  1.363E-42  6.578E-35  6.578E-35  1.042E-44
1.803E+00  1.030E-42  4.928E-35  4.928E-35  5.756E-45
1.786E+00  7.631E-43  3.616E-35  3.616E-35  3.162E-45
1.770E+00  5.565E-43  2.613E-35  2.613E-35  1.728E-45
1.754E+00  4.012E-43  1.867E-35  1.867E-35  9.387E-46
1.738E+00  2.867E-43  1.321E-35  1.321E-35  5.072E-46
1.722E+00  2.034E-43  9.288E-36  9.288E-36  2.724E-46
1.706E+00  1.434E-43  6.491E-36  6.491E-36  1.455E-46
1.690E+00  1.007E-43  4.515E-36  4.515E-36  7.726E-47
1.675E+00  7.038E-44  3.127E-36  3.127E-36  4.078E-47
1.660E+00  4.901E-44  2.158E-36  2.158E-36  2.140E-47
1.644E+00  3.403E-44  1.484E-36  1.484E-36  1.116E-47
1.629E+00  2.355E-44  1.018E-36  1.018E-36  5.787E-48
1.614E+00  1.626E-44  6.964E-37  6.964E-37  2.982E-48
1.600E+00  1.120E-44  4.753E-37  4.753E-37  1.527E-48
1.585E+00  7.702E-45  3.238E-37  3.238E-37  7.770E-49
1.570E+00  5.286E-45  2.202E-37  2.202E-37  3.930E-49
1.556E+00  3.623E-45  1.495E-37  1.495E-37  1.975E-49
1.542E+00  2.480E-45  1.014E-37  1.014E-37  9.859E-50
1.528E+00  1.696E-45  6.872E-38  6.872E-38  4.891E-50
1.514E+00  1.159E-45  4.655E-38  4.655E-38  2.411E-50
1.500E+00  7.923E-46  3.152E-38  3.152E-38  1.180E-50
1.486E+00  5.416E-46  2.135E-38  2.135E-38  5.742E-51
1.472E+00  3.705E-46  1.447E-38  1.447E-38  2.775E-51
1.459E+00  2.537E-46  9.817E-39  9.817E-39  1.332E-51
1.445E+00  1.740E-46  6.672E-39  6.672E-39  6.351E-52
1.432E+00  1.196E-46  4.544E-39  4.544E-39  3.008E-52
1.419E+00  8.245E-47  3.104E-39  3.104E-39  1.415E-52
1.406E+00  5.703E-47  2.127E-39  2.127E-39  6.610E-53
1.393E+00  3.961E-47  1.464E-39  1.464E-39  3.067E-53
1.380E+00  2.764E-47  1.012E-39  1.012E-39  1.413E-53
1.368E+00  1.939E-47  7.033E-40  7.033E-40  6.463E-54
1.355E+00  1.367E-47  4.913E-40  4.913E-40  2.935E-54
1.343E+00  9.684E-48  3.449E-40  3.449E-40  1.324E-54
1.330E+00  6.885E-48  2.430E-40  2.430E-40  5.928E-55
1.318E+00  4.899E-48  1.713E-40  1.713E-40  2.635E-55
1.306E+00  3.470E-48  1.202E-40  1.202E-40  1.163E-55
1.294E+00  2.427E-48  8.333E-41  8.333E-41  5.097E-56
1.282E+00  1.659E-48  5.645E-41  5.645E-41  2.218E-56
1.271E+00  1.096E-48  3.694E-41  3.694E-41  9.577E-57
1.259E+00  6.931E-49  2.314E-41  2.314E-41  4.106E-57
1.247E+00  4.189E-49  1.386E-41  1.386E-41  1.748E-57
1.236E+00  2.437E-49  7.989E-42  7.989E-42  7.385E-58
1.225E+00  1.382E-49  4.488E-42  4.488E-42  3.097E-58
1.213E+00  7.748E-50  2.494E-42  2.494E-42  1.289E-58
1.202E+00  4.353E-50  1.388E-42  1.388E-42  5.328E-59
1.191E+00  2.473E-50  7.814E-43  7.814E-43  2.185E-59
1.180E+00  1.430E-50  4.476E-43  4.476E-43  8.892E-60
1.169E+00  8.447E-51  2.620E-43  2.620E-43  3.591E-60
1.159E+00  5.111E-51  1.571E-43  1.571E-43  1.440E-60
1.148E+00  3.172E-51  9.660E-44  9.660E-44  5.727E-61
1.138E+00  2.021E-51  6.098E-44  6.098E-44  2.261E-61
1.127E+00  1.324E-51  3.957E-44  3.957E-44  8.857E-62
1.117E+00  8.930E-52  2.646E-44  2.646E-44  3.443E-62
1.107E+00  6.224E-52  1.827E-44  1.827E-44  1.328E-62
1.096E+00  4.494E-52  1.307E-44  1.307E-44  5.086E-63
1.086E+00  3.364E-52  9.694E-45  9.694E-45  1.932E-63
1.076E+00  2.588E-52  7.389E-45  7.389E-45  7.283E-64
1.067E+00  1.984E-52  5.612E-45  5.612E-45  2.724E-64
1.057E+00  1.411E-52  3.955E-45  3.955E-45  1.011E-64
1.047E+00  8.483E-53  2.356E-45  2.356E-45  3.724E-65
1.038E+00  4.218E-53  1.161E-45  1.161E-45  1.361E-65
1.028E+00  1.876E-53  5.115E-46  5.115E-46  4.935E-66
1.019E+00  8.150E-54  2.202E-46  2.202E-46  1.775E-66
1.009E+00  3.627E-54  9.711E-47  9.711E-47  6.336E-67
1.000E+00  1.681E-54  4.458E-47  4.458E-47  2.243E-67
