Dust emission spectrum from Draine,B.T., & Li, A. (2007), ApJ, in press [astro-ph/0608003]
==========================================================
         7 = grain model
 4.000E-08 4.000E-01 4.500E-05 = a_01 (cm) , sigma_1 , b_C1
 2.000E-07 5.500E-01 1.500E-05 = a_02 (cm) , sigma_2 , b_C2
 3.000E+04 3.000E+04 1.000E+00 = Umin , Umax, beta (dN/dU propto U^{-beta})
 3.000E+04 = <U>       mmp83 = radfield
 2.000E-06 1.000E+00 = a_{min} (cm), a_{max} (cm)
 8.420E-20 5.048E-20 3.372E-20 = P(tot)  P(carb)  P(sil) (erg s-1 H-1)
 band     <nu*P_nu> <j_nu(tot)><j_nu(carb)><j_nu(sil)>
 (um)   (erg s-1 H-1)(Jy/(sr*H))(Jy/(sr*H))(Jy/(sr*H))
1.270E+00  5.399E-46  1.819E-38  1.819E-38  3.056E-51 COBE-DIRBE
2.220E+00  5.952E-34  3.505E-26  3.505E-26  3.204E-34 COBE-DIRBE
3.530E+00  2.486E-27  2.328E-19  2.328E-19  2.305E-24 COBE-DIRBE
4.880E+00  6.806E-25  8.810E-17  8.809E-17  1.146E-20 COBE-DIRBE
1.229E+01  6.134E-21  2.000E-12  1.299E-12  7.013E-13 COBE-DIRBE
2.079E+01  4.843E-20  2.671E-11  1.334E-11  1.337E-11 COBE-DIRBE
5.599E+01  2.464E-20  3.659E-11  1.966E-11  1.694E-11 COBE-DIRBE
9.770E+01  2.607E-21  6.756E-12  2.415E-12  4.341E-12 COBE-DIRBE
1.479E+02  4.585E-22  1.799E-12  5.839E-13  1.215E-12 COBE-DIRBE
2.479E+02  4.565E-23  3.001E-13  8.459E-14  2.155E-13 COBE-DIRBE
1.200E+01  3.681E-21  1.172E-12  8.529E-13  3.189E-13 IRAS
2.500E+01  6.493E-20  4.306E-11  2.414E-11  1.892E-11 IRAS
6.000E+01  2.216E-20  3.527E-11  1.910E-11  1.617E-11 IRAS
1.000E+02  2.278E-21  6.044E-12  2.112E-12  3.931E-12 IRAS
3.550E+00  1.796E-27  1.691E-19  1.691E-19  1.218E-24 SST-IRAC
4.493E+00  2.282E-25  2.720E-17  2.719E-17  2.261E-21 SST-IRAC
5.731E+00  8.242E-24  1.253E-15  1.252E-15  9.208E-19 SST-IRAC
7.872E+00  3.235E-22  6.755E-14  6.151E-14  6.047E-15 SST-IRAC
2.368E+01  6.416E-20  4.030E-11  2.183E-11  1.847E-11 SST-MIPS
7.142E+01  8.114E-21  1.537E-11  6.514E-12  8.859E-12 SST-MIPS
1.559E+02  3.022E-22  1.250E-12  4.026E-13  8.470E-13 SST-MIPS
1.600E+01  1.853E-20  7.864E-12  4.202E-12  3.662E-12 SST-IRSPU
2.200E+01  6.042E-20  3.526E-11  1.849E-11  1.677E-11 SST-IRSPU
7.500E+01  6.986E-21  1.390E-11  5.852E-12  8.046E-12 Herschel-PACS
1.100E+02  1.511E-21  4.408E-12  1.509E-12  2.899E-12 Herschel-PACS
1.700E+02  2.350E-22  1.060E-12  3.420E-13  7.180E-13 Herschel-PACS
2.500E+02  3.467E-23  2.299E-13  6.401E-14  1.659E-13 Herschel-SPIRE
3.600E+02  5.820E-24  5.558E-14  1.606E-14  3.952E-14 Herschel-SPIRE
5.200E+02  1.042E-24  1.437E-14  4.233E-15  1.014E-14 Herschel-SPIRE
2.400E+00  7.722E-27  4.916E-19  4.915E-19  1.044E-22 Akari IRC NIR N2
3.200E+00  5.776E-27  4.903E-19  4.902E-19  8.216E-23 Akari IRC NIR N3
4.100E+00  3.935E-25  4.279E-17  4.278E-17  7.646E-21 Akari IRC NIR N4
7.000E+00  2.501E-22  4.644E-14  3.427E-14  1.217E-14 Akari IRC MIR-S S7
9.000E+00  1.076E-21  2.569E-13  1.995E-13  5.745E-14 Akari IRC MIR-S S9W
1.100E+01  2.796E-21  8.157E-13  5.989E-13  2.168E-13 Akari IRC MIR-S S11
1.500E+01  1.833E-20  7.294E-12  3.725E-12  3.570E-12 Akari IRC MIR-L L15
1.800E+01  3.828E-20  1.828E-11  9.187E-12  9.090E-12 Akari IRC MIR-L L18W
2.400E+01  6.365E-20  4.052E-11  2.140E-11  1.913E-11 Akari IRC MIR-L L24
6.500E+01  1.207E-20  2.081E-11  9.407E-12  1.140E-11 Akari FIS N60
8.000E+01  5.184E-21  1.100E-11  4.538E-12  6.463E-12 Akari FIS WIDE-S
1.400E+02  4.412E-22  1.638E-12  5.331E-13  1.105E-12 Akari FIS WIDE-L
1.600E+02  2.574E-22  1.093E-12  3.434E-13  7.491E-13 Akari FIS N160
 
 
 
 


lambda    nu*dP/dnu     j_nu    j_nu(carb.) j_nu(sil)
 (um)    (erg/(s*H)) (Jy/(sr*H) (Jy/(sr*H)) (Jy/(sr*H)
1.000E+04  2.746E-30  7.283E-19  1.291E-19  5.992E-19
9.908E+03  2.847E-30  7.482E-19  1.329E-19  6.153E-19
9.817E+03  2.952E-30  7.687E-19  1.369E-19  6.318E-19
9.727E+03  3.060E-30  7.897E-19  1.410E-19  6.487E-19
9.638E+03  3.173E-30  8.113E-19  1.452E-19  6.660E-19
9.550E+03  3.290E-30  8.335E-19  1.496E-19  6.839E-19
9.462E+03  3.412E-30  8.563E-19  1.541E-19  7.022E-19
9.376E+03  3.537E-30  8.797E-19  1.587E-19  7.210E-19
9.290E+03  3.668E-30  9.038E-19  1.635E-19  7.403E-19
9.204E+03  3.803E-30  9.285E-19  1.684E-19  7.601E-19
9.120E+03  3.943E-30  9.540E-19  1.735E-19  7.805E-19
9.036E+03  4.089E-30  9.801E-19  1.787E-19  8.014E-19
8.954E+03  4.239E-30  1.007E-18  1.841E-19  8.228E-19
8.872E+03  4.395E-30  1.034E-18  1.896E-19  8.446E-19
8.790E+03  4.556E-30  1.062E-18  1.953E-19  8.670E-19
8.710E+03  4.723E-30  1.091E-18  2.012E-19  8.900E-19
8.630E+03  4.897E-30  1.121E-18  2.073E-19  9.137E-19
8.551E+03  5.077E-30  1.152E-18  2.135E-19  9.381E-19
8.472E+03  5.264E-30  1.183E-18  2.200E-19  9.631E-19
8.395E+03  5.458E-30  1.215E-18  2.266E-19  9.888E-19
8.318E+03  5.659E-30  1.249E-18  2.335E-19  1.015E-18
8.241E+03  5.868E-30  1.283E-18  2.406E-19  1.042E-18
8.166E+03  6.085E-30  1.318E-18  2.478E-19  1.070E-18
8.091E+03  6.310E-30  1.354E-18  2.553E-19  1.099E-18
8.017E+03  6.543E-30  1.391E-18  2.631E-19  1.128E-18
7.943E+03  6.785E-30  1.430E-18  2.710E-19  1.159E-18
7.870E+03  7.036E-30  1.469E-18  2.793E-19  1.190E-18
7.798E+03  7.297E-30  1.509E-18  2.877E-19  1.222E-18
7.727E+03  7.568E-30  1.551E-18  2.965E-19  1.255E-18
7.656E+03  7.848E-30  1.594E-18  3.055E-19  1.288E-18
7.586E+03  8.140E-30  1.638E-18  3.148E-19  1.323E-18
7.516E+03  8.442E-30  1.683E-18  3.243E-19  1.359E-18
7.447E+03  8.756E-30  1.730E-18  3.342E-19  1.396E-18
7.379E+03  9.082E-30  1.778E-18  3.444E-19  1.433E-18
7.311E+03  9.420E-30  1.827E-18  3.549E-19  1.472E-18
7.244E+03  9.771E-30  1.878E-18  3.657E-19  1.512E-18
7.178E+03  1.014E-29  1.930E-18  3.768E-19  1.553E-18
7.112E+03  1.051E-29  1.983E-18  3.883E-19  1.595E-18
7.047E+03  1.091E-29  2.039E-18  4.002E-19  1.638E-18
6.982E+03  1.131E-29  2.095E-18  4.124E-19  1.683E-18
6.918E+03  1.173E-29  2.154E-18  4.250E-19  1.729E-18
6.855E+03  1.217E-29  2.213E-18  4.380E-19  1.775E-18
6.792E+03  1.263E-29  2.275E-18  4.514E-19  1.824E-18
6.730E+03  1.310E-29  2.339E-18  4.652E-19  1.873E-18
6.668E+03  1.359E-29  2.404E-18  4.795E-19  1.924E-18
6.607E+03  1.410E-29  2.471E-18  4.942E-19  1.977E-18
6.546E+03  1.463E-29  2.540E-18  5.093E-19  2.031E-18
6.486E+03  1.518E-29  2.611E-18  5.250E-19  2.086E-18
6.427E+03  1.575E-29  2.684E-18  5.411E-19  2.143E-18
6.368E+03  1.634E-29  2.760E-18  5.577E-19  2.202E-18
6.310E+03  1.695E-29  2.837E-18  5.749E-19  2.262E-18
6.252E+03  1.759E-29  2.917E-18  5.925E-19  2.324E-18
6.194E+03  1.825E-29  2.999E-18  6.108E-19  2.388E-18
6.138E+03  1.894E-29  3.083E-18  6.296E-19  2.454E-18
6.081E+03  1.965E-29  3.170E-18  6.490E-19  2.521E-18
6.026E+03  2.039E-29  3.260E-18  6.690E-19  2.591E-18
5.970E+03  2.116E-29  3.352E-18  6.896E-19  2.662E-18
5.916E+03  2.196E-29  3.447E-18  7.109E-19  2.736E-18
5.861E+03  2.279E-29  3.544E-18  7.329E-19  2.811E-18
5.808E+03  2.366E-29  3.644E-18  7.555E-19  2.889E-18
5.754E+03  2.455E-29  3.748E-18  7.789E-19  2.969E-18
5.702E+03  2.548E-29  3.854E-18  8.030E-19  3.051E-18
5.649E+03  2.645E-29  3.964E-18  8.278E-19  3.136E-18
5.598E+03  2.745E-29  4.076E-18  8.535E-19  3.223E-18
5.546E+03  2.850E-29  4.192E-18  8.799E-19  3.313E-18
5.495E+03  2.958E-29  4.312E-18  9.072E-19  3.405E-18
5.445E+03  3.070E-29  4.435E-18  9.353E-19  3.499E-18
5.395E+03  3.187E-29  4.561E-18  9.644E-19  3.597E-18
5.346E+03  3.309E-29  4.692E-18  9.943E-19  3.697E-18
5.297E+03  3.435E-29  4.826E-18  1.025E-18  3.801E-18
5.248E+03  3.566E-29  4.964E-18  1.057E-18  3.907E-18
5.200E+03  3.702E-29  5.106E-18  1.090E-18  4.016E-18
5.152E+03  3.843E-29  5.253E-18  1.124E-18  4.129E-18
5.105E+03  3.990E-29  5.403E-18  1.159E-18  4.244E-18
5.058E+03  4.143E-29  5.559E-18  1.195E-18  4.363E-18
5.012E+03  4.301E-29  5.718E-18  1.232E-18  4.486E-18
4.966E+03  4.466E-29  5.883E-18  1.271E-18  4.612E-18
4.920E+03  4.637E-29  6.052E-18  1.311E-18  4.741E-18
4.875E+03  4.815E-29  6.226E-18  1.352E-18  4.875E-18
4.831E+03  4.999E-29  6.406E-18  1.394E-18  5.012E-18
4.786E+03  5.191E-29  6.591E-18  1.437E-18  5.153E-18
4.742E+03  5.391E-29  6.781E-18  1.482E-18  5.299E-18
4.699E+03  5.598E-29  6.977E-18  1.529E-18  5.448E-18
4.656E+03  5.813E-29  7.179E-18  1.577E-18  5.603E-18
4.613E+03  6.037E-29  7.388E-18  1.626E-18  5.761E-18
4.571E+03  6.270E-29  7.602E-18  1.677E-18  5.925E-18
4.529E+03  6.512E-29  7.823E-18  1.730E-18  6.093E-18
4.487E+03  6.763E-29  8.050E-18  1.784E-18  6.266E-18
4.446E+03  7.024E-29  8.285E-18  1.841E-18  6.444E-18
4.406E+03  7.296E-29  8.526E-18  1.898E-18  6.628E-18
4.365E+03  7.578E-29  8.775E-18  1.958E-18  6.817E-18
4.325E+03  7.872E-29  9.031E-18  2.020E-18  7.011E-18
4.285E+03  8.177E-29  9.295E-18  2.084E-18  7.211E-18
4.246E+03  8.494E-29  9.567E-18  2.149E-18  7.418E-18
4.207E+03  8.824E-29  9.847E-18  2.217E-18  7.630E-18
4.169E+03  9.166E-29  1.014E-17  2.287E-18  7.849E-18
4.130E+03  9.523E-29  1.043E-17  2.359E-18  8.074E-18
4.093E+03  9.893E-29  1.074E-17  2.434E-18  8.306E-18
4.055E+03  1.028E-28  1.106E-17  2.511E-18  8.545E-18
4.018E+03  1.068E-28  1.138E-17  2.590E-18  8.791E-18
3.981E+03  1.109E-28  1.172E-17  2.672E-18  9.044E-18
3.945E+03  1.153E-28  1.206E-17  2.757E-18  9.304E-18
3.908E+03  1.198E-28  1.242E-17  2.845E-18  9.572E-18
3.873E+03  1.244E-28  1.278E-17  2.935E-18  9.848E-18
3.837E+03  1.293E-28  1.316E-17  3.028E-18  1.013E-17
3.802E+03  1.344E-28  1.355E-17  3.124E-18  1.043E-17
3.767E+03  1.396E-28  1.395E-17  3.223E-18  1.073E-17
3.733E+03  1.451E-28  1.436E-17  3.326E-18  1.104E-17
3.698E+03  1.508E-28  1.479E-17  3.432E-18  1.136E-17
3.664E+03  1.567E-28  1.523E-17  3.541E-18  1.169E-17
3.631E+03  1.628E-28  1.568E-17  3.654E-18  1.203E-17
3.597E+03  1.692E-28  1.615E-17  3.770E-18  1.238E-17
3.565E+03  1.759E-28  1.663E-17  3.891E-18  1.274E-17
3.532E+03  1.828E-28  1.713E-17  4.015E-18  1.311E-17
3.499E+03  1.900E-28  1.764E-17  4.143E-18  1.350E-17
3.467E+03  1.975E-28  1.817E-17  4.275E-18  1.389E-17
3.436E+03  2.053E-28  1.871E-17  4.412E-18  1.430E-17
3.404E+03  2.134E-28  1.927E-17  4.553E-18  1.472E-17
3.373E+03  2.219E-28  1.985E-17  4.699E-18  1.515E-17
3.342E+03  2.307E-28  2.045E-17  4.849E-18  1.560E-17
3.311E+03  2.398E-28  2.106E-17  5.005E-18  1.606E-17
3.281E+03  2.493E-28  2.170E-17  5.165E-18  1.653E-17
3.251E+03  2.592E-28  2.235E-17  5.331E-18  1.702E-17
3.221E+03  2.695E-28  2.303E-17  5.502E-18  1.753E-17
3.192E+03  2.802E-28  2.372E-17  5.679E-18  1.804E-17
3.162E+03  2.914E-28  2.444E-17  5.861E-18  1.858E-17
3.133E+03  3.030E-28  2.518E-17  6.050E-18  1.913E-17
3.105E+03  3.151E-28  2.595E-17  6.244E-18  1.970E-17
3.076E+03  3.276E-28  2.673E-17  6.445E-18  2.029E-17
3.048E+03  3.407E-28  2.755E-17  6.653E-18  2.089E-17
3.020E+03  3.543E-28  2.838E-17  6.867E-18  2.152E-17
2.992E+03  3.685E-28  2.925E-17  7.089E-18  2.216E-17
2.965E+03  3.832E-28  3.013E-17  7.318E-18  2.282E-17
2.938E+03  3.985E-28  3.105E-17  7.554E-18  2.350E-17
2.911E+03  4.144E-28  3.200E-17  7.798E-18  2.420E-17
2.884E+03  4.310E-28  3.297E-17  8.050E-18  2.492E-17
2.858E+03  4.482E-28  3.398E-17  8.310E-18  2.567E-17
2.831E+03  4.662E-28  3.501E-17  8.579E-18  2.643E-17
2.805E+03  4.849E-28  3.608E-17  8.856E-18  2.723E-17
2.780E+03  5.044E-28  3.719E-17  9.143E-18  2.804E-17
2.754E+03  5.246E-28  3.833E-17  9.439E-18  2.889E-17
2.729E+03  5.457E-28  3.950E-17  9.746E-18  2.976E-17
2.704E+03  5.677E-28  4.072E-17  1.006E-17  3.066E-17
2.679E+03  5.906E-28  4.197E-17  1.039E-17  3.158E-17
2.655E+03  6.144E-28  4.326E-17  1.073E-17  3.254E-17
2.630E+03  6.392E-28  4.459E-17  1.107E-17  3.352E-17
2.606E+03  6.650E-28  4.597E-17  1.143E-17  3.454E-17
2.582E+03  6.919E-28  4.739E-17  1.181E-17  3.559E-17
2.559E+03  7.199E-28  4.886E-17  1.219E-17  3.667E-17
2.535E+03  7.490E-28  5.037E-17  1.259E-17  3.778E-17
2.512E+03  7.794E-28  5.193E-17  1.300E-17  3.893E-17
2.489E+03  8.110E-28  5.354E-17  1.342E-17  4.012E-17
2.466E+03  8.439E-28  5.520E-17  1.386E-17  4.135E-17
2.443E+03  8.782E-28  5.692E-17  1.431E-17  4.261E-17
2.421E+03  9.139E-28  5.869E-17  1.478E-17  4.392E-17
2.399E+03  9.511E-28  6.052E-17  1.526E-17  4.526E-17
2.377E+03  9.898E-28  6.241E-17  1.576E-17  4.665E-17
2.355E+03  1.030E-27  6.436E-17  1.627E-17  4.808E-17
2.333E+03  1.072E-27  6.637E-17  1.680E-17  4.956E-17
2.312E+03  1.116E-27  6.844E-17  1.735E-17  5.109E-17
2.291E+03  1.162E-27  7.059E-17  1.792E-17  5.266E-17
2.270E+03  1.209E-27  7.280E-17  1.851E-17  5.429E-17
2.249E+03  1.259E-27  7.508E-17  1.912E-17  5.597E-17
2.228E+03  1.310E-27  7.744E-17  1.974E-17  5.770E-17
2.208E+03  1.364E-27  7.987E-17  2.039E-17  5.948E-17
2.188E+03  1.420E-27  8.239E-17  2.106E-17  6.133E-17
2.168E+03  1.478E-27  8.498E-17  2.175E-17  6.323E-17
2.148E+03  1.539E-27  8.766E-17  2.246E-17  6.519E-17
2.128E+03  1.602E-27  9.042E-17  2.320E-17  6.722E-17
2.109E+03  1.668E-27  9.328E-17  2.397E-17  6.931E-17
2.089E+03  1.736E-27  9.623E-17  2.475E-17  7.147E-17
2.070E+03  1.808E-27  9.927E-17  2.557E-17  7.370E-17
2.051E+03  1.882E-27  1.024E-16  2.641E-17  7.600E-17
2.032E+03  1.960E-27  1.057E-16  2.728E-17  7.838E-17
2.014E+03  2.041E-27  1.090E-16  2.818E-17  8.083E-17
1.995E+03  2.125E-27  1.125E-16  2.911E-17  8.336E-17
1.977E+03  2.213E-27  1.160E-16  3.007E-17  8.597E-17
1.959E+03  2.304E-27  1.197E-16  3.106E-17  8.866E-17
1.941E+03  2.399E-27  1.235E-16  3.209E-17  9.144E-17
1.923E+03  2.499E-27  1.275E-16  3.314E-17  9.431E-17
1.905E+03  2.602E-27  1.315E-16  3.424E-17  9.728E-17
1.888E+03  2.710E-27  1.357E-16  3.537E-17  1.003E-16
1.871E+03  2.822E-27  1.400E-16  3.654E-17  1.035E-16
1.854E+03  2.939E-27  1.445E-16  3.775E-17  1.068E-16
1.837E+03  3.061E-27  1.491E-16  3.900E-17  1.101E-16
1.820E+03  3.188E-27  1.539E-16  4.029E-17  1.136E-16
1.803E+03  3.321E-27  1.588E-16  4.163E-17  1.172E-16
1.786E+03  3.459E-27  1.639E-16  4.300E-17  1.209E-16
1.770E+03  3.603E-27  1.692E-16  4.443E-17  1.247E-16
1.754E+03  3.753E-27  1.746E-16  4.590E-17  1.287E-16
1.738E+03  3.909E-27  1.802E-16  4.743E-17  1.328E-16
1.722E+03  4.072E-27  1.860E-16  4.900E-17  1.370E-16
1.706E+03  4.242E-27  1.920E-16  5.063E-17  1.413E-16
1.690E+03  4.419E-27  1.981E-16  5.231E-17  1.458E-16
1.675E+03  4.603E-27  2.045E-16  5.405E-17  1.505E-16
1.660E+03  4.795E-27  2.111E-16  5.585E-17  1.553E-16
1.644E+03  4.996E-27  2.179E-16  5.770E-17  1.602E-16
1.629E+03  5.205E-27  2.249E-16  5.962E-17  1.653E-16
1.614E+03  5.422E-27  2.322E-16  6.161E-17  1.706E-16
1.600E+03  5.649E-27  2.397E-16  6.366E-17  1.760E-16
1.585E+03  5.886E-27  2.474E-16  6.578E-17  1.817E-16
1.570E+03  6.132E-27  2.554E-16  6.797E-17  1.875E-16
1.556E+03  6.389E-27  2.637E-16  7.024E-17  1.935E-16
1.542E+03  6.657E-27  2.722E-16  7.258E-17  1.997E-16
1.528E+03  6.936E-27  2.811E-16  7.501E-17  2.061E-16
1.514E+03  7.227E-27  2.902E-16  7.751E-17  2.127E-16
1.500E+03  7.531E-27  2.996E-16  8.010E-17  2.195E-16
1.486E+03  7.847E-27  3.093E-16  8.277E-17  2.265E-16
1.472E+03  8.177E-27  3.194E-16  8.554E-17  2.338E-16
1.459E+03  8.521E-27  3.297E-16  8.840E-17  2.413E-16
1.445E+03  8.880E-27  3.405E-16  9.136E-17  2.491E-16
1.432E+03  9.254E-27  3.516E-16  9.441E-17  2.571E-16
1.419E+03  9.644E-27  3.630E-16  9.757E-17  2.654E-16
1.406E+03  1.005E-26  3.748E-16  1.008E-16  2.740E-16
1.393E+03  1.047E-26  3.871E-16  1.042E-16  2.829E-16
1.380E+03  1.092E-26  3.997E-16  1.077E-16  2.920E-16
1.368E+03  1.138E-26  4.127E-16  1.113E-16  3.014E-16
1.355E+03  1.186E-26  4.262E-16  1.151E-16  3.112E-16
1.343E+03  1.236E-26  4.402E-16  1.189E-16  3.212E-16
1.330E+03  1.288E-26  4.546E-16  1.229E-16  3.316E-16
1.318E+03  1.342E-26  4.694E-16  1.270E-16  3.424E-16
1.306E+03  1.399E-26  4.848E-16  1.313E-16  3.535E-16
1.294E+03  1.458E-26  5.007E-16  1.357E-16  3.650E-16
1.282E+03  1.520E-26  5.171E-16  1.403E-16  3.768E-16
1.271E+03  1.584E-26  5.340E-16  1.450E-16  3.890E-16
1.259E+03  1.652E-26  5.515E-16  1.499E-16  4.016E-16
1.247E+03  1.721E-26  5.696E-16  1.549E-16  4.147E-16
1.236E+03  1.794E-26  5.883E-16  1.601E-16  4.282E-16
1.225E+03  1.870E-26  6.076E-16  1.655E-16  4.421E-16
1.213E+03  1.950E-26  6.275E-16  1.711E-16  4.564E-16
1.202E+03  2.032E-26  6.481E-16  1.768E-16  4.713E-16
1.191E+03  2.118E-26  6.694E-16  1.828E-16  4.866E-16
1.180E+03  2.208E-26  6.914E-16  1.890E-16  5.024E-16
1.169E+03  2.302E-26  7.141E-16  1.953E-16  5.188E-16
1.159E+03  2.400E-26  7.376E-16  2.019E-16  5.357E-16
1.148E+03  2.502E-26  7.619E-16  2.087E-16  5.531E-16
1.138E+03  2.608E-26  7.870E-16  2.158E-16  5.712E-16
1.127E+03  2.719E-26  8.129E-16  2.231E-16  5.898E-16
1.117E+03  2.834E-26  8.396E-16  2.306E-16  6.090E-16
1.107E+03  2.954E-26  8.673E-16  2.384E-16  6.289E-16
1.096E+03  3.080E-26  8.958E-16  2.465E-16  6.494E-16
1.086E+03  3.211E-26  9.253E-16  2.548E-16  6.705E-16
1.076E+03  3.347E-26  9.558E-16  2.634E-16  6.924E-16
1.067E+03  3.490E-26  9.873E-16  2.723E-16  7.150E-16
1.057E+03  3.638E-26  1.020E-15  2.816E-16  7.383E-16
1.047E+03  3.793E-26  1.053E-15  2.911E-16  7.624E-16
1.038E+03  3.954E-26  1.088E-15  3.009E-16  7.873E-16
1.028E+03  4.122E-26  1.124E-15  3.111E-16  8.130E-16
1.019E+03  4.298E-26  1.161E-15  3.217E-16  8.395E-16
1.009E+03  4.480E-26  1.199E-15  3.326E-16  8.669E-16
1.000E+03  4.671E-26  1.239E-15  3.439E-16  8.952E-16
9.908E+02  4.870E-26  1.280E-15  3.555E-16  9.245E-16
9.817E+02  5.078E-26  1.322E-15  3.676E-16  9.547E-16
9.727E+02  5.294E-26  1.366E-15  3.801E-16  9.860E-16
9.638E+02  5.520E-26  1.411E-15  3.930E-16  1.018E-15
9.550E+02  5.755E-26  1.458E-15  4.063E-16  1.052E-15
9.462E+02  6.001E-26  1.506E-15  4.202E-16  1.086E-15
9.376E+02  6.257E-26  1.556E-15  4.344E-16  1.122E-15
9.290E+02  6.524E-26  1.608E-15  4.492E-16  1.158E-15
9.204E+02  6.802E-26  1.661E-15  4.645E-16  1.196E-15
9.120E+02  7.092E-26  1.716E-15  4.803E-16  1.235E-15
9.036E+02  7.395E-26  1.773E-15  4.966E-16  1.276E-15
8.954E+02  7.710E-26  1.831E-15  5.135E-16  1.318E-15
8.872E+02  8.039E-26  1.892E-15  5.310E-16  1.361E-15
8.790E+02  8.382E-26  1.954E-15  5.491E-16  1.405E-15
8.710E+02  8.739E-26  2.019E-15  5.678E-16  1.451E-15
8.630E+02  9.112E-26  2.086E-15  5.872E-16  1.499E-15
8.551E+02  9.500E-26  2.155E-15  6.072E-16  1.547E-15
8.472E+02  9.905E-26  2.226E-15  6.279E-16  1.598E-15
8.395E+02  1.033E-25  2.300E-15  6.494E-16  1.650E-15
8.318E+02  1.077E-25  2.376E-15  6.715E-16  1.704E-15
8.241E+02  1.123E-25  2.454E-15  6.945E-16  1.760E-15
8.166E+02  1.170E-25  2.535E-15  7.182E-16  1.817E-15
8.091E+02  1.220E-25  2.619E-15  7.427E-16  1.876E-15
8.017E+02  1.272E-25  2.705E-15  7.681E-16  1.937E-15
7.943E+02  1.326E-25  2.795E-15  7.944E-16  2.000E-15
7.870E+02  1.383E-25  2.887E-15  8.215E-16  2.065E-15
7.798E+02  1.442E-25  2.982E-15  8.496E-16  2.133E-15
7.727E+02  1.503E-25  3.081E-15  8.787E-16  2.202E-15
7.656E+02  1.567E-25  3.183E-15  9.088E-16  2.274E-15
7.586E+02  1.634E-25  3.288E-15  9.399E-16  2.348E-15
7.516E+02  1.704E-25  3.396E-15  9.721E-16  2.424E-15
7.447E+02  1.776E-25  3.509E-15  1.005E-15  2.504E-15
7.379E+02  1.852E-25  3.625E-15  1.040E-15  2.585E-15
7.311E+02  1.931E-25  3.745E-15  1.075E-15  2.670E-15
7.244E+02  2.014E-25  3.870E-15  1.112E-15  2.757E-15
7.178E+02  2.100E-25  3.998E-15  1.151E-15  2.848E-15
7.112E+02  2.190E-25  4.131E-15  1.190E-15  2.941E-15
7.047E+02  2.284E-25  4.269E-15  1.231E-15  3.038E-15
6.982E+02  2.382E-25  4.411E-15  1.273E-15  3.138E-15
6.918E+02  2.484E-25  4.558E-15  1.317E-15  3.241E-15
6.855E+02  2.590E-25  4.710E-15  1.362E-15  3.348E-15
6.792E+02  2.701E-25  4.867E-15  1.409E-15  3.458E-15
6.730E+02  2.817E-25  5.029E-15  1.457E-15  3.572E-15
6.668E+02  2.938E-25  5.196E-15  1.507E-15  3.689E-15
6.607E+02  3.064E-25  5.369E-15  1.559E-15  3.810E-15
6.546E+02  3.196E-25  5.549E-15  1.613E-15  3.936E-15
6.486E+02  3.333E-25  5.735E-15  1.668E-15  4.067E-15
6.427E+02  3.477E-25  5.928E-15  1.726E-15  4.202E-15
6.368E+02  3.628E-25  6.127E-15  1.785E-15  4.342E-15
6.310E+02  3.784E-25  6.334E-15  1.847E-15  4.487E-15
6.252E+02  3.948E-25  6.547E-15  1.911E-15  4.637E-15
6.194E+02  4.119E-25  6.768E-15  1.976E-15  4.791E-15
6.138E+02  4.297E-25  6.996E-15  2.045E-15  4.952E-15
6.081E+02  4.484E-25  7.233E-15  2.115E-15  5.118E-15
6.026E+02  4.678E-25  7.477E-15  2.188E-15  5.289E-15
5.970E+02  4.881E-25  7.731E-15  2.264E-15  5.467E-15
5.916E+02  5.094E-25  7.993E-15  2.342E-15  5.651E-15
5.861E+02  5.315E-25  8.264E-15  2.423E-15  5.841E-15
5.808E+02  5.547E-25  8.545E-15  2.506E-15  6.038E-15
5.754E+02  5.788E-25  8.835E-15  2.593E-15  6.242E-15
5.702E+02  6.041E-25  9.136E-15  2.682E-15  6.453E-15
5.649E+02  6.304E-25  9.447E-15  2.775E-15  6.672E-15
5.598E+02  6.580E-25  9.770E-15  2.871E-15  6.898E-15
5.546E+02  6.867E-25  1.010E-14  2.971E-15  7.133E-15
5.495E+02  7.168E-25  1.045E-14  3.073E-15  7.375E-15
5.445E+02  7.482E-25  1.081E-14  3.180E-15  7.627E-15
5.395E+02  7.810E-25  1.118E-14  3.290E-15  7.887E-15
5.346E+02  8.153E-25  1.156E-14  3.404E-15  8.157E-15
5.297E+02  8.511E-25  1.196E-14  3.522E-15  8.436E-15
5.248E+02  8.885E-25  1.237E-14  3.644E-15  8.725E-15
5.200E+02  9.276E-25  1.279E-14  3.770E-15  9.025E-15
5.152E+02  9.684E-25  1.324E-14  3.901E-15  9.335E-15
5.105E+02  1.011E-24  1.369E-14  4.036E-15  9.656E-15
5.058E+02  1.056E-24  1.416E-14  4.176E-15  9.989E-15
5.012E+02  1.102E-24  1.465E-14  4.321E-15  1.033E-14
4.966E+02  1.151E-24  1.516E-14  4.471E-15  1.069E-14
4.920E+02  1.202E-24  1.569E-14  4.626E-15  1.106E-14
4.875E+02  1.255E-24  1.623E-14  4.787E-15  1.144E-14
4.831E+02  1.311E-24  1.679E-14  4.953E-15  1.184E-14
4.786E+02  1.369E-24  1.738E-14  5.125E-15  1.225E-14
4.742E+02  1.429E-24  1.798E-14  5.303E-15  1.268E-14
4.699E+02  1.493E-24  1.861E-14  5.488E-15  1.312E-14
4.656E+02  1.559E-24  1.926E-14  5.678E-15  1.358E-14
4.613E+02  1.629E-24  1.993E-14  5.876E-15  1.405E-14
4.571E+02  1.701E-24  2.062E-14  6.080E-15  1.454E-14
4.529E+02  1.777E-24  2.135E-14  6.292E-15  1.505E-14
4.487E+02  1.856E-24  2.209E-14  6.511E-15  1.558E-14
4.446E+02  1.939E-24  2.287E-14  6.738E-15  1.613E-14
4.406E+02  2.025E-24  2.367E-14  6.972E-15  1.669E-14
4.365E+02  2.116E-24  2.450E-14  7.215E-15  1.728E-14
4.325E+02  2.210E-24  2.536E-14  7.467E-15  1.789E-14
4.285E+02  2.309E-24  2.625E-14  7.727E-15  1.852E-14
4.246E+02  2.413E-24  2.717E-14  7.996E-15  1.918E-14
4.207E+02  2.521E-24  2.813E-14  8.275E-15  1.986E-14
4.169E+02  2.634E-24  2.912E-14  8.563E-15  2.056E-14
4.130E+02  2.752E-24  3.015E-14  8.862E-15  2.129E-14
4.093E+02  2.876E-24  3.122E-14  9.171E-15  2.205E-14
4.055E+02  3.005E-24  3.232E-14  9.491E-15  2.283E-14
4.018E+02  3.140E-24  3.347E-14  9.823E-15  2.365E-14
3.981E+02  3.282E-24  3.466E-14  1.017E-14  2.449E-14
3.945E+02  3.430E-24  3.589E-14  1.052E-14  2.537E-14
3.908E+02  3.585E-24  3.716E-14  1.089E-14  2.628E-14
3.873E+02  3.747E-24  3.849E-14  1.127E-14  2.722E-14
3.837E+02  3.916E-24  3.986E-14  1.166E-14  2.820E-14
3.802E+02  4.094E-24  4.128E-14  1.207E-14  2.921E-14
3.767E+02  4.279E-24  4.276E-14  1.249E-14  3.027E-14
3.733E+02  4.473E-24  4.429E-14  1.293E-14  3.136E-14
3.698E+02  4.676E-24  4.587E-14  1.338E-14  3.249E-14
3.664E+02  4.888E-24  4.751E-14  1.385E-14  3.367E-14
3.631E+02  5.110E-24  4.922E-14  1.433E-14  3.489E-14
3.597E+02  5.343E-24  5.099E-14  1.483E-14  3.615E-14
3.565E+02  5.586E-24  5.282E-14  1.535E-14  3.746E-14
3.532E+02  5.841E-24  5.472E-14  1.589E-14  3.883E-14
3.499E+02  6.107E-24  5.669E-14  1.645E-14  4.024E-14
3.467E+02  6.385E-24  5.873E-14  1.702E-14  4.171E-14
3.436E+02  6.677E-24  6.085E-14  1.762E-14  4.323E-14
3.404E+02  6.982E-24  6.304E-14  1.824E-14  4.481E-14
3.373E+02  7.301E-24  6.532E-14  1.887E-14  4.645E-14
3.342E+02  7.635E-24  6.768E-14  1.954E-14  4.815E-14
3.311E+02  7.985E-24  7.013E-14  2.022E-14  4.991E-14
3.281E+02  8.351E-24  7.268E-14  2.093E-14  5.175E-14
3.251E+02  8.733E-24  7.531E-14  2.166E-14  5.365E-14
3.221E+02  9.134E-24  7.804E-14  2.242E-14  5.562E-14
3.192E+02  9.553E-24  8.088E-14  2.321E-14  5.767E-14
3.162E+02  9.992E-24  8.382E-14  2.402E-14  5.980E-14
3.133E+02  1.045E-23  8.687E-14  2.486E-14  6.200E-14
3.105E+02  1.093E-23  9.003E-14  2.574E-14  6.429E-14
3.076E+02  1.144E-23  9.331E-14  2.664E-14  6.667E-14
3.048E+02  1.196E-23  9.671E-14  2.757E-14  6.914E-14
3.020E+02  1.251E-23  1.002E-13  2.854E-14  7.170E-14
2.992E+02  1.309E-23  1.039E-13  2.954E-14  7.436E-14
2.965E+02  1.369E-23  1.077E-13  3.058E-14  7.711E-14
2.938E+02  1.433E-23  1.116E-13  3.166E-14  7.998E-14
2.911E+02  1.499E-23  1.157E-13  3.277E-14  8.295E-14
2.884E+02  1.568E-23  1.200E-13  3.392E-14  8.604E-14
2.858E+02  1.641E-23  1.244E-13  3.511E-14  8.924E-14
2.831E+02  1.716E-23  1.289E-13  3.635E-14  9.257E-14
2.805E+02  1.796E-23  1.336E-13  3.762E-14  9.602E-14
2.780E+02  1.879E-23  1.386E-13  3.895E-14  9.961E-14
2.754E+02  1.966E-23  1.436E-13  4.032E-14  1.033E-13
2.729E+02  2.058E-23  1.489E-13  4.173E-14  1.072E-13
2.704E+02  2.153E-23  1.544E-13  4.320E-14  1.112E-13
2.679E+02  2.254E-23  1.602E-13  4.472E-14  1.154E-13
2.655E+02  2.359E-23  1.661E-13  4.630E-14  1.198E-13
2.630E+02  2.469E-23  1.722E-13  4.793E-14  1.243E-13
2.606E+02  2.584E-23  1.786E-13  4.962E-14  1.290E-13
2.582E+02  2.705E-23  1.853E-13  5.136E-14  1.339E-13
2.559E+02  2.831E-23  1.921E-13  5.317E-14  1.389E-13
2.535E+02  2.962E-23  1.992E-13  5.505E-14  1.441E-13
2.512E+02  3.099E-23  2.065E-13  5.699E-14  1.495E-13
2.489E+02  3.241E-23  2.140E-13  5.900E-14  1.550E-13
2.466E+02  3.387E-23  2.216E-13  6.108E-14  1.605E-13
2.443E+02  3.539E-23  2.294E-13  6.324E-14  1.662E-13
2.421E+02  3.698E-23  2.375E-13  6.547E-14  1.720E-13
2.399E+02  3.862E-23  2.458E-13  6.779E-14  1.780E-13
2.377E+02  4.032E-23  2.542E-13  7.018E-14  1.840E-13
2.355E+02  4.209E-23  2.629E-13  7.266E-14  1.903E-13
2.333E+02  4.394E-23  2.720E-13  7.524E-14  1.967E-13
2.312E+02  4.587E-23  2.813E-13  7.790E-14  2.034E-13
2.291E+02  4.788E-23  2.909E-13  8.066E-14  2.103E-13
2.270E+02  4.998E-23  3.009E-13  8.352E-14  2.174E-13
2.249E+02  5.217E-23  3.112E-13  8.648E-14  2.247E-13
2.228E+02  5.446E-23  3.219E-13  8.955E-14  2.323E-13
2.208E+02  5.684E-23  3.329E-13  9.273E-14  2.402E-13
2.188E+02  5.933E-23  3.443E-13  9.603E-14  2.483E-13
2.168E+02  6.193E-23  3.561E-13  9.944E-14  2.567E-13
2.148E+02  6.464E-23  3.683E-13  1.030E-13  2.653E-13
2.128E+02  6.747E-23  3.809E-13  1.067E-13  2.742E-13
2.109E+02  7.042E-23  3.939E-13  1.105E-13  2.834E-13
2.089E+02  7.350E-23  4.073E-13  1.144E-13  2.929E-13
2.070E+02  7.671E-23  4.212E-13  1.185E-13  3.027E-13
2.051E+02  8.006E-23  4.356E-13  1.227E-13  3.129E-13
2.032E+02  8.356E-23  4.505E-13  1.272E-13  3.233E-13
2.014E+02  8.720E-23  4.658E-13  1.317E-13  3.341E-13
1.995E+02  9.101E-23  4.817E-13  1.365E-13  3.452E-13
1.977E+02  9.497E-23  4.981E-13  1.414E-13  3.567E-13
1.959E+02  9.911E-23  5.150E-13  1.465E-13  3.685E-13
1.941E+02  1.034E-22  5.325E-13  1.518E-13  3.807E-13
1.923E+02  1.079E-22  5.506E-13  1.573E-13  3.933E-13
1.905E+02  1.126E-22  5.693E-13  1.630E-13  4.063E-13
1.888E+02  1.175E-22  5.886E-13  1.690E-13  4.197E-13
1.871E+02  1.227E-22  6.086E-13  1.751E-13  4.335E-13
1.854E+02  1.280E-22  6.293E-13  1.816E-13  4.478E-13
1.837E+02  1.336E-22  6.507E-13  1.882E-13  4.625E-13
1.820E+02  1.394E-22  6.728E-13  1.952E-13  4.776E-13
1.803E+02  1.455E-22  6.957E-13  2.024E-13  4.933E-13
1.786E+02  1.518E-22  7.194E-13  2.100E-13  5.094E-13
1.770E+02  1.584E-22  7.438E-13  2.178E-13  5.260E-13
1.754E+02  1.653E-22  7.692E-13  2.260E-13  5.431E-13
1.738E+02  1.725E-22  7.954E-13  2.346E-13  5.608E-13
1.722E+02  1.801E-22  8.225E-13  2.435E-13  5.790E-13
1.706E+02  1.880E-22  8.506E-13  2.528E-13  5.978E-13
1.690E+02  1.962E-22  8.797E-13  2.626E-13  6.171E-13
1.675E+02  2.048E-22  9.099E-13  2.728E-13  6.370E-13
1.660E+02  2.138E-22  9.411E-13  2.836E-13  6.576E-13
1.644E+02  2.232E-22  9.735E-13  2.948E-13  6.787E-13
1.629E+02  2.330E-22  1.007E-12  3.066E-13  7.005E-13
1.614E+02  2.434E-22  1.042E-12  3.191E-13  7.230E-13
1.600E+02  2.541E-22  1.078E-12  3.322E-13  7.462E-13
1.585E+02  2.655E-22  1.116E-12  3.460E-13  7.700E-13
1.570E+02  2.773E-22  1.155E-12  3.606E-13  7.946E-13
1.556E+02  2.898E-22  1.196E-12  3.760E-13  8.199E-13
1.542E+02  3.028E-22  1.238E-12  3.924E-13  8.460E-13
1.528E+02  3.165E-22  1.283E-12  4.097E-13  8.728E-13
1.514E+02  3.309E-22  1.329E-12  4.281E-13  9.005E-13
1.500E+02  3.460E-22  1.376E-12  4.475E-13  9.290E-13
1.486E+02  3.619E-22  1.426E-12  4.680E-13  9.583E-13
1.472E+02  3.785E-22  1.478E-12  4.895E-13  9.886E-13
1.459E+02  3.958E-22  1.532E-12  5.119E-13  1.020E-12
1.445E+02  4.138E-22  1.587E-12  5.350E-13  1.052E-12
1.432E+02  4.325E-22  1.643E-12  5.583E-13  1.085E-12
1.419E+02  4.516E-22  1.700E-12  5.812E-13  1.119E-12
1.406E+02  4.710E-22  1.757E-12  6.032E-13  1.154E-12
1.393E+02  4.907E-22  1.813E-12  6.237E-13  1.190E-12
1.380E+02  5.104E-22  1.869E-12  6.422E-13  1.227E-12
1.368E+02  5.302E-22  1.924E-12  6.589E-13  1.265E-12
1.355E+02  5.502E-22  1.978E-12  6.740E-13  1.304E-12
1.343E+02  5.706E-22  2.032E-12  6.880E-13  1.344E-12
1.330E+02  5.914E-22  2.087E-12  7.015E-13  1.386E-12
1.318E+02  6.129E-22  2.143E-12  7.151E-13  1.428E-12
1.306E+02  6.353E-22  2.201E-12  7.292E-13  1.472E-12
1.294E+02  6.586E-22  2.261E-12  7.440E-13  1.517E-12
1.282E+02  6.830E-22  2.323E-12  7.599E-13  1.563E-12
1.271E+02  7.084E-22  2.388E-12  7.768E-13  1.611E-12
1.259E+02  7.350E-22  2.455E-12  7.949E-13  1.660E-12
1.247E+02  7.628E-22  2.524E-12  8.142E-13  1.710E-12
1.236E+02  7.919E-22  2.596E-12  8.348E-13  1.762E-12
1.225E+02  8.224E-22  2.671E-12  8.568E-13  1.815E-12
1.213E+02  8.542E-22  2.749E-12  8.801E-13  1.869E-12
1.202E+02  8.874E-22  2.830E-12  9.047E-13  1.925E-12
1.191E+02  9.220E-22  2.913E-12  9.306E-13  1.983E-12
1.180E+02  9.581E-22  3.000E-12  9.578E-13  2.042E-12
1.169E+02  9.956E-22  3.089E-12  9.863E-13  2.102E-12
1.159E+02  1.035E-21  3.181E-12  1.016E-12  2.164E-12
1.148E+02  1.076E-21  3.276E-12  1.048E-12  2.228E-12
1.138E+02  1.118E-21  3.374E-12  1.080E-12  2.294E-12
1.127E+02  1.162E-21  3.476E-12  1.115E-12  2.361E-12
1.117E+02  1.209E-21  3.581E-12  1.150E-12  2.430E-12
1.107E+02  1.257E-21  3.689E-12  1.188E-12  2.501E-12
1.096E+02  1.307E-21  3.801E-12  1.227E-12  2.574E-12
1.086E+02  1.359E-21  3.917E-12  1.267E-12  2.649E-12
1.076E+02  1.413E-21  4.036E-12  1.310E-12  2.726E-12
1.067E+02  1.470E-21  4.159E-12  1.353E-12  2.805E-12
1.057E+02  1.529E-21  4.285E-12  1.399E-12  2.886E-12
1.047E+02  1.590E-21  4.416E-12  1.447E-12  2.969E-12
1.038E+02  1.654E-21  4.551E-12  1.496E-12  3.055E-12
1.028E+02  1.720E-21  4.689E-12  1.547E-12  3.142E-12
1.019E+02  1.788E-21  4.832E-12  1.601E-12  3.231E-12
1.009E+02  1.860E-21  4.978E-12  1.656E-12  3.323E-12
1.000E+02  1.934E-21  5.129E-12  1.713E-12  3.416E-12
9.908E+01  2.011E-21  5.285E-12  1.772E-12  3.512E-12
9.817E+01  2.091E-21  5.444E-12  1.834E-12  3.611E-12
9.727E+01  2.174E-21  5.609E-12  1.897E-12  3.712E-12
9.638E+01  2.260E-21  5.778E-12  1.963E-12  3.815E-12
9.550E+01  2.349E-21  5.952E-12  2.031E-12  3.921E-12
9.462E+01  2.442E-21  6.130E-12  2.101E-12  4.029E-12
9.376E+01  2.539E-21  6.314E-12  2.174E-12  4.140E-12
9.290E+01  2.639E-21  6.503E-12  2.249E-12  4.254E-12
9.204E+01  2.743E-21  6.697E-12  2.327E-12  4.370E-12
9.120E+01  2.851E-21  6.896E-12  2.407E-12  4.489E-12
9.036E+01  2.962E-21  7.101E-12  2.491E-12  4.610E-12
8.954E+01  3.078E-21  7.311E-12  2.577E-12  4.734E-12
8.872E+01  3.199E-21  7.528E-12  2.667E-12  4.861E-12
8.790E+01  3.324E-21  7.751E-12  2.759E-12  4.992E-12
8.710E+01  3.454E-21  7.980E-12  2.855E-12  5.125E-12
8.630E+01  3.589E-21  8.216E-12  2.955E-12  5.261E-12
8.551E+01  3.729E-21  8.458E-12  3.058E-12  5.400E-12
8.472E+01  3.874E-21  8.706E-12  3.165E-12  5.541E-12
8.395E+01  4.024E-21  8.961E-12  3.276E-12  5.686E-12
8.318E+01  4.180E-21  9.223E-12  3.390E-12  5.833E-12
8.241E+01  4.342E-21  9.493E-12  3.508E-12  5.984E-12
8.166E+01  4.510E-21  9.769E-12  3.631E-12  6.139E-12
8.091E+01  4.684E-21  1.005E-11  3.757E-12  6.296E-12
8.017E+01  4.865E-21  1.035E-11  3.888E-12  6.457E-12
7.943E+01  5.052E-21  1.064E-11  4.024E-12  6.620E-12
7.870E+01  5.245E-21  1.095E-11  4.163E-12  6.787E-12
7.798E+01  5.446E-21  1.126E-11  4.308E-12  6.957E-12
7.727E+01  5.653E-21  1.159E-11  4.457E-12  7.130E-12
7.656E+01  5.869E-21  1.192E-11  4.610E-12  7.308E-12
7.586E+01  6.092E-21  1.226E-11  4.769E-12  7.488E-12
7.516E+01  6.323E-21  1.261E-11  4.933E-12  7.673E-12
7.447E+01  6.561E-21  1.296E-11  5.102E-12  7.860E-12
7.379E+01  6.809E-21  1.333E-11  5.277E-12  8.050E-12
7.311E+01  7.064E-21  1.370E-11  5.458E-12  8.243E-12
7.244E+01  7.329E-21  1.408E-11  5.644E-12  8.439E-12
7.178E+01  7.602E-21  1.448E-11  5.837E-12  8.638E-12
7.112E+01  7.885E-21  1.488E-11  6.036E-12  8.840E-12
7.047E+01  8.179E-21  1.529E-11  6.241E-12  9.048E-12
6.982E+01  8.484E-21  1.571E-11  6.452E-12  9.261E-12
6.918E+01  8.799E-21  1.615E-11  6.671E-12  9.476E-12
6.855E+01  9.124E-21  1.659E-11  6.897E-12  9.693E-12
6.792E+01  9.459E-21  1.704E-11  7.130E-12  9.912E-12
6.730E+01  9.806E-21  1.750E-11  7.370E-12  1.013E-11
6.668E+01  1.017E-20  1.798E-11  7.618E-12  1.036E-11
6.607E+01  1.054E-20  1.847E-11  7.875E-12  1.059E-11
6.546E+01  1.092E-20  1.896E-11  8.139E-12  1.083E-11
6.486E+01  1.132E-20  1.947E-11  8.412E-12  1.106E-11
6.427E+01  1.173E-20  1.999E-11  8.693E-12  1.130E-11
6.368E+01  1.215E-20  2.053E-11  8.983E-12  1.154E-11
6.310E+01  1.259E-20  2.107E-11  9.283E-12  1.179E-11
6.252E+01  1.304E-20  2.163E-11  9.593E-12  1.204E-11
6.194E+01  1.351E-20  2.220E-11  9.912E-12  1.229E-11
6.138E+01  1.400E-20  2.279E-11  1.024E-11  1.255E-11
6.081E+01  1.450E-20  2.338E-11  1.058E-11  1.280E-11
6.026E+01  1.501E-20  2.399E-11  1.093E-11  1.306E-11
5.970E+01  1.555E-20  2.462E-11  1.129E-11  1.333E-11
5.916E+01  1.610E-20  2.526E-11  1.167E-11  1.359E-11
5.861E+01  1.666E-20  2.591E-11  1.205E-11  1.386E-11
5.808E+01  1.725E-20  2.657E-11  1.245E-11  1.412E-11
5.754E+01  1.785E-20  2.725E-11  1.286E-11  1.439E-11
5.702E+01  1.848E-20  2.795E-11  1.328E-11  1.466E-11
5.649E+01  1.912E-20  2.866E-11  1.372E-11  1.494E-11
5.598E+01  1.979E-20  2.938E-11  1.417E-11  1.521E-11
5.546E+01  2.048E-20  3.013E-11  1.464E-11  1.549E-11
5.495E+01  2.119E-20  3.089E-11  1.512E-11  1.577E-11
5.445E+01  2.192E-20  3.166E-11  1.561E-11  1.605E-11
5.395E+01  2.268E-20  3.246E-11  1.613E-11  1.633E-11
5.346E+01  2.346E-20  3.327E-11  1.666E-11  1.661E-11
5.297E+01  2.427E-20  3.410E-11  1.720E-11  1.690E-11
5.248E+01  2.511E-20  3.495E-11  1.777E-11  1.718E-11
5.200E+01  2.597E-20  3.582E-11  1.835E-11  1.747E-11
5.152E+01  2.686E-20  3.670E-11  1.895E-11  1.775E-11
5.105E+01  2.777E-20  3.761E-11  1.958E-11  1.803E-11
5.058E+01  2.872E-20  3.853E-11  2.022E-11  1.831E-11
5.012E+01  2.969E-20  3.948E-11  2.088E-11  1.859E-11
4.966E+01  3.070E-20  4.044E-11  2.156E-11  1.887E-11
4.920E+01  3.173E-20  4.142E-11  2.227E-11  1.915E-11
4.875E+01  3.281E-20  4.242E-11  2.299E-11  1.943E-11
4.831E+01  3.391E-20  4.345E-11  2.375E-11  1.970E-11
4.786E+01  3.505E-20  4.450E-11  2.452E-11  1.998E-11
4.742E+01  3.623E-20  4.558E-11  2.532E-11  2.025E-11
4.699E+01  3.745E-20  4.667E-11  2.615E-11  2.052E-11
4.656E+01  3.870E-20  4.780E-11  2.701E-11  2.079E-11
4.613E+01  4.000E-20  4.894E-11  2.789E-11  2.105E-11
4.571E+01  4.133E-20  5.012E-11  2.880E-11  2.132E-11
4.529E+01  4.271E-20  5.131E-11  2.974E-11  2.158E-11
4.487E+01  4.414E-20  5.254E-11  3.070E-11  2.183E-11
4.446E+01  4.561E-20  5.379E-11  3.170E-11  2.209E-11
4.406E+01  4.712E-20  5.506E-11  3.273E-11  2.234E-11
4.365E+01  4.868E-20  5.636E-11  3.378E-11  2.258E-11
4.325E+01  5.028E-20  5.769E-11  3.486E-11  2.283E-11
4.285E+01  5.193E-20  5.903E-11  3.597E-11  2.306E-11
4.246E+01  5.363E-20  6.040E-11  3.711E-11  2.329E-11
4.207E+01  5.537E-20  6.179E-11  3.828E-11  2.352E-11
4.169E+01  5.716E-20  6.320E-11  3.947E-11  2.374E-11
4.130E+01  5.899E-20  6.463E-11  4.068E-11  2.395E-11
4.093E+01  6.086E-20  6.607E-11  4.192E-11  2.415E-11
4.055E+01  6.277E-20  6.752E-11  4.317E-11  2.435E-11
4.018E+01  6.472E-20  6.898E-11  4.445E-11  2.453E-11
3.981E+01  6.671E-20  7.045E-11  4.573E-11  2.471E-11
3.945E+01  6.873E-20  7.191E-11  4.703E-11  2.488E-11
3.908E+01  7.078E-20  7.338E-11  4.833E-11  2.505E-11
3.873E+01  7.285E-20  7.483E-11  4.963E-11  2.520E-11
3.837E+01  7.494E-20  7.627E-11  5.093E-11  2.535E-11
3.802E+01  7.704E-20  7.769E-11  5.221E-11  2.548E-11
3.767E+01  7.915E-20  7.909E-11  5.348E-11  2.561E-11
3.733E+01  8.124E-20  8.043E-11  5.472E-11  2.571E-11
3.698E+01  8.331E-20  8.173E-11  5.593E-11  2.580E-11
3.664E+01  8.537E-20  8.298E-11  5.710E-11  2.588E-11
3.631E+01  8.739E-20  8.417E-11  5.822E-11  2.595E-11
3.597E+01  8.937E-20  8.529E-11  5.928E-11  2.601E-11
3.565E+01  9.130E-20  8.633E-11  6.026E-11  2.607E-11
3.532E+01  9.317E-20  8.729E-11  6.117E-11  2.611E-11
3.499E+01  9.496E-20  8.814E-11  6.199E-11  2.615E-11
3.467E+01  9.665E-20  8.890E-11  6.271E-11  2.618E-11
3.436E+01  9.824E-20  8.953E-11  6.333E-11  2.620E-11
3.404E+01  9.972E-20  9.004E-11  6.383E-11  2.621E-11
3.373E+01  1.011E-19  9.042E-11  6.421E-11  2.621E-11
3.342E+01  1.023E-19  9.067E-11  6.446E-11  2.621E-11
3.311E+01  1.034E-19  9.078E-11  6.457E-11  2.621E-11
3.281E+01  1.043E-19  9.075E-11  6.455E-11  2.620E-11
3.251E+01  1.050E-19  9.057E-11  6.439E-11  2.618E-11
3.221E+01  1.056E-19  9.024E-11  6.409E-11  2.615E-11
3.192E+01  1.060E-19  8.976E-11  6.365E-11  2.611E-11
3.162E+01  1.063E-19  8.914E-11  6.308E-11  2.607E-11
3.133E+01  1.063E-19  8.838E-11  6.237E-11  2.601E-11
3.105E+01  1.062E-19  8.748E-11  6.154E-11  2.595E-11
3.076E+01  1.060E-19  8.646E-11  6.059E-11  2.587E-11
3.048E+01  1.055E-19  8.531E-11  5.952E-11  2.579E-11
3.020E+01  1.049E-19  8.406E-11  5.836E-11  2.569E-11
2.992E+01  1.042E-19  8.270E-11  5.712E-11  2.559E-11
2.965E+01  1.033E-19  8.125E-11  5.579E-11  2.547E-11
2.938E+01  1.023E-19  7.972E-11  5.439E-11  2.533E-11
2.911E+01  1.012E-19  7.813E-11  5.294E-11  2.519E-11
2.884E+01  9.997E-20  7.648E-11  5.144E-11  2.504E-11
2.858E+01  9.865E-20  7.478E-11  4.990E-11  2.488E-11
2.831E+01  9.726E-20  7.305E-11  4.835E-11  2.470E-11
2.805E+01  9.581E-20  7.129E-11  4.677E-11  2.452E-11
2.780E+01  9.429E-20  6.953E-11  4.519E-11  2.433E-11
2.754E+01  9.273E-20  6.775E-11  4.362E-11  2.413E-11
2.729E+01  9.114E-20  6.598E-11  4.205E-11  2.392E-11
2.704E+01  8.952E-20  6.421E-11  4.050E-11  2.371E-11
2.679E+01  8.789E-20  6.246E-11  3.897E-11  2.348E-11
2.655E+01  8.624E-20  6.073E-11  3.748E-11  2.325E-11
2.630E+01  8.459E-20  5.902E-11  3.601E-11  2.301E-11
2.606E+01  8.294E-20  5.734E-11  3.458E-11  2.276E-11
2.582E+01  8.129E-20  5.568E-11  3.318E-11  2.250E-11
2.559E+01  7.966E-20  5.407E-11  3.183E-11  2.224E-11
2.535E+01  7.804E-20  5.248E-11  3.052E-11  2.197E-11
2.512E+01  7.644E-20  5.093E-11  2.925E-11  2.169E-11
2.489E+01  7.486E-20  4.942E-11  2.803E-11  2.140E-11
2.466E+01  7.329E-20  4.794E-11  2.685E-11  2.110E-11
2.443E+01  7.175E-20  4.650E-11  2.572E-11  2.079E-11
2.421E+01  7.022E-20  4.509E-11  2.463E-11  2.047E-11
2.399E+01  6.869E-20  4.371E-11  2.358E-11  2.013E-11
2.377E+01  6.719E-20  4.236E-11  2.257E-11  1.979E-11
2.355E+01  6.576E-20  4.108E-11  2.161E-11  1.947E-11
2.333E+01  6.433E-20  3.982E-11  2.068E-11  1.914E-11
2.312E+01  6.288E-20  3.856E-11  1.980E-11  1.877E-11
2.291E+01  6.147E-20  3.736E-11  1.895E-11  1.841E-11
2.270E+01  6.014E-20  3.621E-11  1.814E-11  1.807E-11
2.249E+01  5.887E-20  3.512E-11  1.737E-11  1.776E-11
2.228E+01  5.764E-20  3.407E-11  1.663E-11  1.745E-11
2.208E+01  5.642E-20  3.304E-11  1.592E-11  1.712E-11
2.188E+01  5.516E-20  3.201E-11  1.525E-11  1.676E-11
2.168E+01  5.389E-20  3.099E-11  1.461E-11  1.638E-11
2.148E+01  5.265E-20  3.000E-11  1.399E-11  1.600E-11
2.128E+01  5.146E-20  2.905E-11  1.341E-11  1.564E-11
2.109E+01  5.033E-20  2.815E-11  1.285E-11  1.530E-11
2.089E+01  4.919E-20  2.726E-11  1.232E-11  1.494E-11
2.070E+01  4.805E-20  2.638E-11  1.181E-11  1.457E-11
2.051E+01  4.691E-20  2.552E-11  1.133E-11  1.420E-11
2.032E+01  4.581E-20  2.470E-11  1.086E-11  1.383E-11
2.014E+01  4.483E-20  2.394E-11  1.042E-11  1.352E-11
1.995E+01  4.384E-20  2.320E-11  1.000E-11  1.320E-11
1.977E+01  4.284E-20  2.246E-11  9.603E-12  1.286E-11
1.959E+01  4.180E-20  2.172E-11  9.219E-12  1.250E-11
1.941E+01  4.073E-20  2.097E-11  8.851E-12  1.212E-11
1.923E+01  3.962E-20  2.021E-11  8.499E-12  1.171E-11
1.905E+01  3.847E-20  1.945E-11  8.161E-12  1.129E-11
1.888E+01  3.729E-20  1.868E-11  7.837E-12  1.084E-11
1.871E+01  3.607E-20  1.790E-11  7.528E-12  1.037E-11
1.854E+01  3.482E-20  1.712E-11  7.231E-12  9.890E-12
1.837E+01  3.355E-20  1.634E-11  6.947E-12  9.397E-12
1.820E+01  3.226E-20  1.557E-11  6.674E-12  8.897E-12
1.803E+01  3.097E-20  1.481E-11  6.412E-12  8.399E-12
1.786E+01  2.967E-20  1.406E-11  6.160E-12  7.901E-12
1.770E+01  2.838E-20  1.333E-11  5.919E-12  7.407E-12
1.754E+01  2.709E-20  1.260E-11  5.689E-12  6.915E-12
1.738E+01  2.582E-20  1.190E-11  5.468E-12  6.436E-12
1.722E+01  2.458E-20  1.123E-11  5.256E-12  5.970E-12
1.706E+01  2.338E-20  1.058E-11  5.053E-12  5.530E-12
1.690E+01  2.223E-20  9.966E-12  4.858E-12  5.108E-12
1.675E+01  2.111E-20  9.377E-12  4.670E-12  4.707E-12
1.660E+01  2.002E-20  8.812E-12  4.489E-12  4.323E-12
1.644E+01  1.897E-20  8.276E-12  4.315E-12  3.961E-12
1.629E+01  1.798E-20  7.769E-12  4.148E-12  3.621E-12
1.614E+01  1.703E-20  7.293E-12  3.986E-12  3.307E-12
1.600E+01  1.614E-20  6.847E-12  3.831E-12  3.016E-12
1.585E+01  1.529E-20  6.428E-12  3.681E-12  2.747E-12
1.570E+01  1.449E-20  6.035E-12  3.536E-12  2.499E-12
1.556E+01  1.373E-20  5.669E-12  3.397E-12  2.271E-12
1.542E+01  1.302E-20  5.326E-12  3.263E-12  2.063E-12
1.528E+01  1.236E-20  5.007E-12  3.134E-12  1.873E-12
1.514E+01  1.173E-20  4.709E-12  3.009E-12  1.700E-12
1.500E+01  1.114E-20  4.433E-12  2.889E-12  1.544E-12
1.486E+01  1.059E-20  4.174E-12  2.773E-12  1.400E-12
1.472E+01  1.007E-20  3.931E-12  2.661E-12  1.270E-12
1.459E+01  9.575E-21  3.705E-12  2.554E-12  1.151E-12
1.445E+01  9.123E-21  3.498E-12  2.450E-12  1.048E-12
1.432E+01  8.706E-21  3.308E-12  2.350E-12  9.576E-13
1.419E+01  8.326E-21  3.134E-12  2.253E-12  8.811E-13
1.406E+01  7.980E-21  2.976E-12  2.160E-12  8.169E-13
1.393E+01  7.668E-21  2.834E-12  2.069E-12  7.648E-13
1.380E+01  7.383E-21  2.703E-12  1.982E-12  7.216E-13
1.368E+01  7.124E-21  2.585E-12  1.898E-12  6.868E-13
1.355E+01  6.881E-21  2.474E-12  1.817E-12  6.568E-13
1.343E+01  6.649E-21  2.368E-12  1.739E-12  6.297E-13
1.330E+01  6.422E-21  2.267E-12  1.663E-12  6.037E-13
1.318E+01  6.202E-21  2.169E-12  1.590E-12  5.788E-13
1.306E+01  5.985E-21  2.073E-12  1.520E-12  5.539E-13
1.294E+01  5.773E-21  1.982E-12  1.452E-12  5.302E-13
1.282E+01  5.571E-21  1.895E-12  1.386E-12  5.085E-13
1.271E+01  5.374E-21  1.811E-12  1.323E-12  4.878E-13
1.259E+01  5.180E-21  1.730E-12  1.262E-12  4.674E-13
1.247E+01  4.988E-21  1.650E-12  1.203E-12  4.470E-13
1.236E+01  4.798E-21  1.573E-12  1.146E-12  4.266E-13
1.225E+01  4.608E-21  1.497E-12  1.091E-12  4.058E-13
1.213E+01  4.425E-21  1.424E-12  1.038E-12  3.864E-13
1.202E+01  4.249E-21  1.355E-12  9.866E-13  3.686E-13
1.191E+01  4.077E-21  1.288E-12  9.373E-13  3.510E-13
1.180E+01  3.908E-21  1.223E-12  8.898E-13  3.337E-13
1.169E+01  3.741E-21  1.161E-12  8.443E-13  3.163E-13
1.159E+01  3.597E-21  1.106E-12  8.075E-13  2.981E-13
1.148E+01  3.672E-21  1.118E-12  8.378E-13  2.805E-13
1.138E+01  3.304E-21  9.969E-13  7.328E-13  2.641E-13
1.127E+01  3.138E-21  9.381E-13  6.895E-13  2.486E-13
1.117E+01  2.987E-21  8.850E-13  6.509E-13  2.341E-13
1.107E+01  2.844E-21  8.347E-13  6.146E-13  2.202E-13
1.096E+01  2.705E-21  7.868E-13  5.804E-13  2.064E-13
1.086E+01  2.573E-21  7.415E-13  5.480E-13  1.934E-13
1.076E+01  2.447E-21  6.987E-13  5.171E-13  1.816E-13
1.067E+01  2.327E-21  6.584E-13  4.876E-13  1.708E-13
1.057E+01  2.213E-21  6.203E-13  4.595E-13  1.608E-13
1.047E+01  2.101E-21  5.835E-13  4.328E-13  1.507E-13
1.038E+01  1.989E-21  5.474E-13  4.072E-13  1.401E-13
1.028E+01  1.878E-21  5.120E-13  3.830E-13  1.290E-13
1.019E+01  1.768E-21  4.776E-13  3.598E-13  1.178E-13
1.009E+01  1.662E-21  4.449E-13  3.378E-13  1.071E-13
1.000E+01  1.561E-21  4.141E-13  3.169E-13  9.718E-14
9.908E+00  1.466E-21  3.853E-13  2.971E-13  8.825E-14
9.817E+00  1.376E-21  3.584E-13  2.782E-13  8.012E-14
9.727E+00  1.291E-21  3.331E-13  2.604E-13  7.267E-14
9.638E+00  1.210E-21  3.093E-13  2.435E-13  6.576E-14
9.550E+00  1.131E-21  2.865E-13  2.275E-13  5.901E-14
9.462E+00  1.055E-21  2.648E-13  2.124E-13  5.237E-14
9.376E+00  9.810E-22  2.440E-13  1.981E-13  4.582E-14
9.290E+00  9.094E-22  2.241E-13  1.847E-13  3.944E-14
9.204E+00  8.410E-22  2.053E-13  1.719E-13  3.338E-14
9.120E+00  7.762E-22  1.878E-13  1.600E-13  2.781E-14
9.036E+00  7.157E-22  1.716E-13  1.487E-13  2.285E-14
8.954E+00  6.598E-22  1.567E-13  1.381E-13  1.860E-14
8.872E+00  6.086E-22  1.432E-13  1.282E-13  1.507E-14
8.790E+00  5.619E-22  1.310E-13  1.188E-13  1.219E-14
8.710E+00  5.192E-22  1.200E-13  1.101E-13  9.878E-15
8.630E+00  4.801E-22  1.099E-13  1.019E-13  8.032E-15
8.551E+00  4.440E-22  1.007E-13  9.415E-14  6.550E-15
8.472E+00  4.104E-22  9.223E-14  8.691E-14  5.329E-15
8.395E+00  3.792E-22  8.443E-14  8.014E-14  4.295E-15
8.318E+00  3.501E-22  7.724E-14  7.384E-14  3.403E-15
8.241E+00  3.230E-22  7.061E-14  6.797E-14  2.641E-15
8.166E+00  2.978E-22  6.451E-14  6.251E-14  2.002E-15
8.091E+00  2.746E-22  5.894E-14  5.743E-14  1.506E-15
8.017E+00  2.532E-22  5.385E-14  5.272E-14  1.122E-15
7.943E+00  2.334E-22  4.919E-14  4.835E-14  8.334E-16
7.870E+00  2.151E-22  4.490E-14  4.429E-14  6.167E-16
7.798E+00  1.980E-22  4.095E-14  4.049E-14  4.558E-16
7.727E+00  1.820E-22  3.731E-14  3.697E-14  3.383E-16
7.656E+00  1.673E-22  3.398E-14  3.372E-14  2.530E-16
7.586E+00  1.536E-22  3.091E-14  3.071E-14  1.909E-16
7.516E+00  1.408E-22  2.807E-14  2.792E-14  1.465E-16
7.447E+00  1.289E-22  2.546E-14  2.535E-14  1.148E-16
7.379E+00  1.179E-22  2.308E-14  2.299E-14  9.122E-17
7.311E+00  1.078E-22  2.091E-14  2.084E-14  7.388E-17
7.244E+00  9.848E-23  1.892E-14  1.886E-14  6.046E-17
7.178E+00  8.985E-23  1.711E-14  1.706E-14  4.978E-17
7.112E+00  8.190E-23  1.545E-14  1.541E-14  4.138E-17
7.047E+00  7.455E-23  1.394E-14  1.390E-14  3.458E-17
6.982E+00  6.779E-23  1.255E-14  1.253E-14  2.888E-17
6.918E+00  6.156E-23  1.130E-14  1.127E-14  2.416E-17
6.855E+00  5.585E-23  1.015E-14  1.013E-14  2.019E-17
6.792E+00  5.060E-23  9.116E-15  9.099E-15  1.686E-17
6.730E+00  4.578E-23  8.173E-15  8.159E-15  1.405E-17
6.668E+00  4.137E-23  7.318E-15  7.306E-15  1.170E-17
6.607E+00  3.733E-23  6.542E-15  6.532E-15  9.712E-18
6.546E+00  3.363E-23  5.841E-15  5.833E-15  8.048E-18
6.486E+00  3.026E-23  5.207E-15  5.200E-15  6.655E-18
6.427E+00  2.719E-23  4.635E-15  4.630E-15  5.491E-18
6.368E+00  2.440E-23  4.121E-15  4.117E-15  4.520E-18
6.310E+00  2.169E-23  3.630E-15  3.627E-15  3.711E-18
6.252E+00  1.968E-23  3.264E-15  3.260E-15  3.040E-18
6.194E+00  1.758E-23  2.888E-15  2.886E-15  2.485E-18
6.138E+00  1.565E-23  2.548E-15  2.546E-15  2.024E-18
6.081E+00  1.393E-23  2.247E-15  2.245E-15  1.646E-18
6.026E+00  1.238E-23  1.979E-15  1.978E-15  1.336E-18
5.970E+00  1.100E-23  1.742E-15  1.741E-15  1.082E-18
5.916E+00  9.755E-24  1.531E-15  1.530E-15  8.749E-19
5.861E+00  8.641E-24  1.343E-15  1.343E-15  7.063E-19
5.808E+00  7.643E-24  1.177E-15  1.177E-15  5.693E-19
5.754E+00  6.750E-24  1.030E-15  1.030E-15  4.580E-19
5.702E+00  5.952E-24  9.002E-16  8.999E-16  3.679E-19
5.649E+00  5.240E-24  7.852E-16  7.849E-16  2.949E-19
5.598E+00  4.605E-24  6.837E-16  6.835E-16  2.361E-19
5.546E+00  4.040E-24  5.944E-16  5.942E-16  1.886E-19
5.495E+00  3.540E-24  5.160E-16  5.158E-16  1.504E-19
5.445E+00  3.096E-24  4.472E-16  4.471E-16  1.198E-19
5.395E+00  2.704E-24  3.870E-16  3.869E-16  9.520E-20
5.346E+00  2.358E-24  3.343E-16  3.342E-16  7.552E-20
5.297E+00  2.052E-24  2.883E-16  2.883E-16  5.979E-20
5.248E+00  1.783E-24  2.482E-16  2.482E-16  4.724E-20
5.200E+00  1.547E-24  2.133E-16  2.133E-16  3.726E-20
5.152E+00  1.339E-24  1.830E-16  1.830E-16  2.933E-20
5.105E+00  1.157E-24  1.567E-16  1.567E-16  2.304E-20
5.058E+00  9.983E-25  1.340E-16  1.339E-16  1.806E-20
5.012E+00  8.597E-25  1.143E-16  1.143E-16  1.413E-20
4.966E+00  7.388E-25  9.732E-17  9.731E-17  1.103E-20
4.920E+00  6.337E-25  8.271E-17  8.270E-17  8.596E-21
4.875E+00  5.426E-25  7.016E-17  7.016E-17  6.682E-21
4.831E+00  4.637E-25  5.941E-17  5.941E-17  5.182E-21
4.786E+00  3.956E-25  5.022E-17  5.022E-17  4.010E-21
4.742E+00  3.368E-25  4.237E-17  4.237E-17  3.095E-21
4.699E+00  2.863E-25  3.569E-17  3.569E-17  2.384E-21
4.656E+00  2.429E-25  3.000E-17  3.000E-17  1.832E-21
4.613E+00  2.057E-25  2.517E-17  2.517E-17  1.404E-21
4.571E+00  1.738E-25  2.108E-17  2.108E-17  1.073E-21
4.529E+00  1.466E-25  1.761E-17  1.761E-17  8.185E-22
4.487E+00  1.234E-25  1.469E-17  1.469E-17  6.226E-22
4.446E+00  1.037E-25  1.223E-17  1.223E-17  4.724E-22
4.406E+00  8.694E-26  1.016E-17  1.016E-17  3.575E-22
4.365E+00  7.275E-26  8.423E-18  8.423E-18  2.699E-22
4.325E+00  6.074E-26  6.969E-18  6.969E-18  2.032E-22
4.285E+00  5.061E-26  5.753E-18  5.753E-18  1.526E-22
4.246E+00  4.208E-26  4.740E-18  4.740E-18  1.142E-22
4.207E+00  3.492E-26  3.897E-18  3.897E-18  8.528E-23
4.169E+00  2.891E-26  3.197E-18  3.197E-18  6.349E-23
4.130E+00  2.388E-26  2.617E-18  2.617E-18  4.713E-23
4.093E+00  1.969E-26  2.137E-18  2.137E-18  3.486E-23
4.055E+00  1.619E-26  1.741E-18  1.741E-18  2.571E-23
4.018E+00  1.329E-26  1.416E-18  1.416E-18  1.890E-23
3.981E+00  1.088E-26  1.149E-18  1.149E-18  1.386E-23
3.945E+00  8.885E-27  9.297E-19  9.297E-19  1.012E-23
3.908E+00  7.242E-27  7.508E-19  7.508E-19  7.375E-24
3.873E+00  5.888E-27  6.049E-19  6.049E-19  5.356E-24
3.837E+00  4.777E-27  4.862E-19  4.862E-19  3.878E-24
3.802E+00  3.867E-27  3.899E-19  3.899E-19  2.799E-24
3.767E+00  3.122E-27  3.120E-19  3.120E-19  2.014E-24
3.733E+00  2.515E-27  2.490E-19  2.490E-19  1.445E-24
3.698E+00  2.021E-27  1.983E-19  1.983E-19  1.033E-24
3.664E+00  1.621E-27  1.575E-19  1.575E-19  7.358E-25
3.631E+00  1.296E-27  1.248E-19  1.248E-19  5.226E-25
3.597E+00  1.034E-27  9.867E-20  9.867E-20  3.699E-25
3.565E+00  8.228E-28  7.780E-20  7.780E-20  2.609E-25
3.532E+00  6.532E-28  6.119E-20  6.119E-20  1.834E-25
3.499E+00  5.172E-28  4.801E-20  4.801E-20  1.285E-25
3.467E+00  4.084E-28  3.757E-20  3.757E-20  8.968E-26
3.436E+00  3.217E-28  2.932E-20  2.932E-20  6.238E-26
3.404E+00  2.528E-28  2.283E-20  2.283E-20  4.324E-26
3.373E+00  1.981E-28  1.772E-20  1.772E-20  2.986E-26
3.342E+00  1.548E-28  1.372E-20  1.372E-20  2.054E-26
3.311E+00  1.207E-28  1.060E-20  1.060E-20  1.408E-26
3.281E+00  9.378E-29  8.162E-21  8.162E-21  9.615E-27
3.251E+00  7.268E-29  6.267E-21  6.267E-21  6.539E-27
3.221E+00  5.616E-29  4.799E-21  4.799E-21  4.428E-27
3.192E+00  4.328E-29  3.664E-21  3.664E-21  2.988E-27
3.162E+00  3.326E-29  2.790E-21  2.790E-21  2.008E-27
3.133E+00  2.549E-29  2.119E-21  2.119E-21  1.345E-27
3.105E+00  1.948E-29  1.604E-21  1.604E-21  8.973E-28
3.076E+00  1.484E-29  1.211E-21  1.211E-21  5.966E-28
3.048E+00  1.128E-29  9.118E-22  9.118E-22  3.951E-28
3.020E+00  8.544E-30  6.844E-22  6.844E-22  2.606E-28
2.992E+00  6.453E-30  5.122E-22  5.122E-22  1.712E-28
2.965E+00  4.859E-30  3.822E-22  3.822E-22  1.120E-28
2.938E+00  3.648E-30  2.843E-22  2.843E-22  7.302E-29
2.911E+00  2.730E-30  2.108E-22  2.108E-22  4.738E-29
2.884E+00  2.037E-30  1.558E-22  1.558E-22  3.062E-29
2.858E+00  1.515E-30  1.149E-22  1.149E-22  1.971E-29
2.831E+00  1.123E-30  8.438E-23  8.438E-23  1.263E-29
2.805E+00  8.303E-31  6.179E-23  6.179E-23  8.056E-30
2.780E+00  6.117E-31  4.510E-23  4.510E-23  5.118E-30
2.754E+00  4.492E-31  3.282E-23  3.282E-23  3.237E-30
2.729E+00  3.288E-31  2.380E-23  2.380E-23  2.038E-30
2.704E+00  2.398E-31  1.720E-23  1.720E-23  1.278E-30
2.679E+00  1.744E-31  1.239E-23  1.239E-23  7.973E-31
2.655E+00  1.263E-31  8.897E-24  8.897E-24  4.953E-31
2.630E+00  9.124E-32  6.366E-24  6.366E-24  3.063E-31
2.606E+00  6.566E-32  4.539E-24  4.539E-24  1.885E-31
2.582E+00  4.709E-32  3.225E-24  3.225E-24  1.155E-31
2.559E+00  3.365E-32  2.284E-24  2.284E-24  7.042E-32
2.535E+00  2.396E-32  1.611E-24  1.611E-24  4.273E-32
2.512E+00  1.700E-32  1.133E-24  1.133E-24  2.581E-32
2.489E+00  1.202E-32  7.936E-25  7.936E-25  1.551E-32
2.466E+00  8.467E-33  5.538E-25  5.538E-25  9.279E-33
2.443E+00  5.941E-33  3.851E-25  3.851E-25  5.523E-33
2.421E+00  4.154E-33  2.668E-25  2.668E-25  3.271E-33
2.399E+00  2.894E-33  1.841E-25  1.841E-25  1.927E-33
2.377E+00  2.009E-33  1.266E-25  1.266E-25  1.130E-33
2.355E+00  1.389E-33  8.677E-26  8.677E-26  6.590E-34
2.333E+00  9.568E-34  5.922E-26  5.922E-26  3.823E-34
2.312E+00  6.566E-34  4.027E-26  4.027E-26  2.206E-34
2.291E+00  4.489E-34  2.728E-26  2.728E-26  1.267E-34
2.270E+00  3.056E-34  1.840E-26  1.840E-26  7.232E-35
2.249E+00  2.073E-34  1.237E-26  1.237E-26  4.107E-35
2.228E+00  1.401E-34  8.279E-27  8.279E-27  2.320E-35
2.208E+00  9.423E-35  5.519E-27  5.519E-27  1.303E-35
2.188E+00  6.315E-35  3.665E-27  3.665E-27  7.279E-36
2.168E+00  4.214E-35  2.423E-27  2.423E-27  4.043E-36
2.148E+00  2.801E-35  1.596E-27  1.596E-27  2.234E-36
2.128E+00  1.854E-35  1.046E-27  1.046E-27  1.227E-36
2.109E+00  1.221E-35  6.832E-28  6.832E-28  6.700E-37
2.089E+00  8.014E-36  4.441E-28  4.441E-28  3.638E-37
2.070E+00  5.236E-36  2.875E-28  2.875E-28  1.964E-37
2.051E+00  3.406E-36  1.853E-28  1.853E-28  1.054E-37
2.032E+00  2.206E-36  1.189E-28  1.189E-28  5.619E-38
2.014E+00  1.422E-36  7.596E-29  7.596E-29  2.979E-38
1.995E+00  9.129E-37  4.832E-29  4.832E-29  1.570E-38
1.977E+00  5.834E-37  3.059E-29  3.059E-29  8.221E-39
1.959E+00  3.711E-37  1.928E-29  1.928E-29  4.279E-39
1.941E+00  2.350E-37  1.210E-29  1.210E-29  2.213E-39
1.923E+00  1.481E-37  7.557E-30  7.557E-30  1.137E-39
1.905E+00  9.295E-38  4.698E-30  4.698E-30  5.808E-40
1.888E+00  5.805E-38  2.907E-30  2.907E-30  2.947E-40
1.871E+00  3.608E-38  1.790E-30  1.790E-30  1.486E-40
1.854E+00  2.232E-38  1.097E-30  1.097E-30  7.440E-41
1.837E+00  1.374E-38  6.694E-31  6.694E-31  3.702E-41
1.820E+00  8.417E-39  4.063E-31  4.063E-31  1.829E-41
1.803E+00  5.131E-39  2.454E-31  2.454E-31  8.981E-42
1.786E+00  3.113E-39  1.475E-31  1.475E-31  4.379E-42
1.770E+00  1.879E-39  8.821E-32  8.821E-32  2.121E-42
1.754E+00  1.128E-39  5.249E-32  5.249E-32  1.020E-42
1.738E+00  6.740E-40  3.107E-32  3.107E-32  4.872E-43
1.722E+00  4.006E-40  1.830E-32  1.830E-32  2.311E-43
1.706E+00  2.369E-40  1.072E-32  1.072E-32  1.088E-43
1.690E+00  1.393E-40  6.247E-33  6.247E-33  5.089E-44
1.675E+00  8.151E-41  3.621E-33  3.621E-33  2.362E-44
1.660E+00  4.743E-41  2.088E-33  2.088E-33  1.089E-44
1.644E+00  2.745E-41  1.197E-33  1.197E-33  4.979E-45
1.629E+00  1.580E-41  6.828E-34  6.828E-34  2.261E-45
1.614E+00  9.043E-42  3.872E-34  3.872E-34  1.019E-45
1.600E+00  5.147E-42  2.184E-34  2.184E-34  4.554E-46
1.585E+00  2.913E-42  1.225E-34  1.225E-34  2.021E-46
1.570E+00  1.640E-42  6.830E-35  6.830E-35  8.897E-47
1.556E+00  9.176E-43  3.787E-35  3.787E-35  3.887E-47
1.542E+00  5.106E-43  2.088E-35  2.088E-35  1.684E-47
1.528E+00  2.825E-43  1.145E-35  1.145E-35  7.242E-48
1.514E+00  1.554E-43  6.238E-36  6.238E-36  3.088E-48
1.500E+00  8.496E-44  3.380E-36  3.380E-36  1.306E-48
1.486E+00  4.618E-44  1.820E-36  1.820E-36  5.481E-49
1.472E+00  2.495E-44  9.746E-37  9.746E-37  2.281E-49
1.459E+00  1.340E-44  5.187E-37  5.187E-37  9.411E-50
1.445E+00  7.156E-45  2.744E-37  2.744E-37  3.851E-50
1.432E+00  3.797E-45  1.442E-37  1.442E-37  1.562E-50
1.419E+00  2.002E-45  7.537E-38  7.537E-38  6.285E-51
1.406E+00  1.049E-45  3.913E-38  3.913E-38  2.506E-51
1.393E+00  5.464E-46  2.019E-38  2.019E-38  9.908E-52
1.380E+00  2.827E-46  1.035E-38  1.035E-38  3.882E-52
1.368E+00  1.453E-46  5.273E-39  5.273E-39  1.507E-52
1.355E+00  7.423E-47  2.668E-39  2.668E-39  5.801E-53
1.343E+00  3.766E-47  1.342E-39  1.342E-39  2.212E-53
1.330E+00  1.898E-47  6.700E-40  6.700E-40  8.358E-54
1.318E+00  9.505E-48  3.324E-40  3.324E-40  3.129E-54
1.306E+00  4.727E-48  1.638E-40  1.638E-40  1.160E-54
1.294E+00  2.335E-48  8.015E-41  8.015E-41  4.264E-55
1.282E+00  1.145E-48  3.895E-41  3.895E-41  1.552E-55
1.271E+00  5.577E-49  1.880E-41  1.880E-41  5.595E-56
1.259E+00  2.697E-49  9.007E-42  9.007E-42  1.998E-56
1.247E+00  1.295E-49  4.285E-42  4.285E-42  7.064E-57
1.236E+00  6.171E-50  2.023E-42  2.023E-42  2.474E-57
1.225E+00  2.920E-50  9.484E-43  9.484E-43  8.579E-58
1.213E+00  1.371E-50  4.414E-43  4.414E-43  2.945E-58
1.202E+00  6.395E-51  2.039E-43  2.039E-43  1.001E-58
1.191E+00  2.960E-51  9.353E-44  9.353E-44  3.367E-59
1.180E+00  1.360E-51  4.258E-44  4.258E-44  1.121E-59
1.169E+00  6.202E-52  1.924E-44  1.924E-44  3.692E-60
1.159E+00  2.807E-52  8.629E-45  8.629E-45  1.204E-60
1.148E+00  1.261E-52  3.840E-45  3.840E-45  3.883E-61
1.138E+00  5.621E-53  1.696E-45  1.696E-45  1.239E-61
1.127E+00  2.486E-53  7.433E-46  7.433E-46  3.911E-62
1.117E+00  1.091E-53  3.233E-46  3.233E-46  1.221E-62
1.107E+00  4.753E-54  1.395E-46  1.395E-46  3.771E-63
1.096E+00  2.054E-54  5.973E-47  5.973E-47  1.152E-63
1.086E+00  8.805E-55  2.538E-47  2.538E-47  3.478E-64
1.076E+00  3.746E-55  1.070E-47  1.070E-47  1.039E-64
1.067E+00  1.581E-55  4.474E-48  4.474E-48  3.066E-65
1.057E+00  6.618E-56  1.855E-48  1.855E-48  8.946E-66
1.047E+00  2.743E-56  7.620E-49  7.620E-49  2.580E-66
1.038E+00  1.126E-56  3.098E-49  3.098E-49  7.355E-67
1.028E+00  4.578E-57  1.248E-49  1.248E-49  2.072E-67
1.019E+00  1.846E-57  4.988E-50  4.988E-50  5.767E-68
1.009E+00  7.384E-58  1.977E-50  1.977E-50  1.586E-68
1.000E+00  2.929E-58  7.768E-51  7.768E-51  4.308E-69
