Dust emission spectrum from Draine,B.T., & Li, A. (2007), ApJ, in press [astro-ph/0608003]
==========================================================
         7 = grain model
 4.000E-08 4.000E-01 4.500E-05 = a_01 (cm) , sigma_1 , b_C1
 2.000E-07 5.500E-01 1.500E-05 = a_02 (cm) , sigma_2 , b_C2
 3.000E+03 3.000E+03 1.000E+00 = Umin , Umax, beta (dN/dU propto U^{-beta})
 3.000E+03 = <U>       mmp83 = radfield
 0.000E+00 2.000E-07 = a_{min} (cm), a_{max} (cm)
 3.141E-21 3.045E-21 9.564E-23 = P(tot)  P(carb)  P(sil) (erg s-1 H-1)
 band     <nu*P_nu> <j_nu(tot)><j_nu(carb)><j_nu(sil)>
 (um)   (erg s-1 H-1)(Jy/(sr*H))(Jy/(sr*H))(Jy/(sr*H))
1.270E+00  5.562E-23  1.874E-15  1.813E-15  6.068E-17 COBE-DIRBE
2.220E+00  7.123E-23  4.195E-15  4.005E-15  1.893E-16 COBE-DIRBE
3.530E+00  4.646E-22  4.350E-14  4.315E-14  3.475E-16 COBE-DIRBE
4.880E+00  2.110E-22  2.732E-14  2.684E-14  4.762E-16 COBE-DIRBE
1.229E+01  1.801E-21  5.873E-13  5.731E-13  1.414E-14 COBE-DIRBE
2.079E+01  7.770E-22  4.285E-13  3.956E-13  3.291E-14 COBE-DIRBE
5.599E+01  5.804E-23  8.619E-14  6.276E-14  2.343E-14 COBE-DIRBE
9.770E+01  8.441E-24  2.188E-14  1.309E-14  8.782E-15 COBE-DIRBE
1.479E+02  1.781E-24  6.985E-15  3.574E-15  3.411E-15 COBE-DIRBE
2.479E+02  2.215E-25  1.456E-15  6.298E-16  8.263E-16 COBE-DIRBE
1.200E+01  2.024E-21  6.444E-13  6.306E-13  1.380E-14 IRAS
2.500E+01  5.677E-22  3.764E-13  3.388E-13  3.763E-14 IRAS
6.000E+01  5.243E-23  8.344E-14  6.068E-14  2.276E-14 IRAS
1.000E+02  7.537E-24  1.999E-14  1.180E-14  8.190E-15 IRAS
3.550E+00  5.401E-22  5.086E-14  5.051E-14  3.504E-16 SST-IRAC
4.493E+00  1.530E-22  1.824E-14  1.780E-14  4.397E-16 SST-IRAC
5.731E+00  1.237E-21  1.881E-13  1.875E-13  5.924E-16 SST-IRAC
7.872E+00  3.046E-21  6.360E-13  6.309E-13  5.065E-15 SST-IRAC
2.368E+01  4.700E-22  2.952E-13  2.609E-13  3.429E-14 SST-MIPS
7.142E+01  2.243E-23  4.249E-14  2.813E-14  1.436E-14 SST-MIPS
1.559E+02  1.226E-24  5.069E-15  2.485E-15  2.584E-15 SST-MIPS
1.600E+01  1.215E-21  5.158E-13  4.978E-13  1.803E-14 SST-IRSPU
2.200E+01  5.670E-22  3.309E-13  2.963E-13  3.465E-14 SST-IRSPU
7.500E+01  1.937E-23  3.853E-14  2.547E-14  1.306E-14 Herschel-PACS
1.100E+02  5.091E-24  1.485E-14  8.664E-15  6.190E-15 Herschel-PACS
1.700E+02  9.475E-25  4.273E-15  2.106E-15  2.167E-15 Herschel-PACS
2.500E+02  1.724E-25  1.143E-15  4.843E-16  6.587E-16 Herschel-SPIRE
3.600E+02  3.195E-26  3.051E-16  1.239E-16  1.812E-16 Herschel-SPIRE
5.200E+02  6.013E-27  8.294E-17  3.198E-17  5.097E-17 Herschel-SPIRE
2.400E+00  7.887E-23  5.021E-15  4.811E-15  2.101E-16 Akari IRC NIR N2
3.200E+00  3.548E-22  3.012E-14  2.981E-14  3.103E-16 Akari IRC NIR N3
4.100E+00  1.753E-22  1.907E-14  1.866E-14  4.028E-16 Akari IRC NIR N4
7.000E+00  3.453E-21  6.411E-13  6.393E-13  1.810E-15 Akari IRC MIR-S S7
9.000E+00  2.440E-21  5.825E-13  5.727E-13  9.775E-15 Akari IRC MIR-S S9W
1.100E+01  1.840E-21  5.368E-13  5.215E-13  1.531E-14 Akari IRC MIR-S S11
1.500E+01  1.277E-21  5.080E-13  4.906E-13  1.737E-14 Akari IRC MIR-L L15
1.800E+01  8.839E-22  4.220E-13  3.965E-13  2.553E-14 Akari IRC MIR-L L18W
2.400E+01  5.172E-22  3.292E-13  2.924E-13  3.686E-14 Akari IRC MIR-L L24
6.500E+01  3.185E-23  5.492E-14  3.739E-14  1.753E-14 Akari FIS N60
8.000E+01  1.495E-23  3.173E-14  2.042E-14  1.131E-14 Akari FIS WIDE-S
1.400E+02  1.722E-24  6.396E-15  3.249E-15  3.147E-15 Akari FIS WIDE-L
1.600E+02  1.075E-24  4.561E-15  2.197E-15  2.364E-15 Akari FIS N160
 
 
 
 


lambda    nu*dP/dnu     j_nu    j_nu(carb.) j_nu(sil)
 (um)    (erg/(s*H)) (Jy/(sr*H) (Jy/(sr*H)) (Jy/(sr*H)
1.000E+04  1.828E-32  4.849E-21  1.140E-21  3.708E-21
9.908E+03  1.895E-32  4.980E-21  1.172E-21  3.807E-21
9.817E+03  1.964E-32  5.114E-21  1.205E-21  3.909E-21
9.727E+03  2.035E-32  5.252E-21  1.239E-21  4.013E-21
9.638E+03  2.110E-32  5.394E-21  1.273E-21  4.120E-21
9.550E+03  2.187E-32  5.539E-21  1.309E-21  4.230E-21
9.462E+03  2.266E-32  5.688E-21  1.345E-21  4.343E-21
9.376E+03  2.349E-32  5.842E-21  1.383E-21  4.459E-21
9.290E+03  2.435E-32  5.999E-21  1.422E-21  4.578E-21
9.204E+03  2.523E-32  6.161E-21  1.461E-21  4.700E-21
9.120E+03  2.616E-32  6.327E-21  1.502E-21  4.825E-21
9.036E+03  2.711E-32  6.498E-21  1.544E-21  4.954E-21
8.954E+03  2.810E-32  6.673E-21  1.587E-21  5.086E-21
8.872E+03  2.911E-32  6.851E-21  1.631E-21  5.220E-21
8.790E+03  3.017E-32  7.035E-21  1.677E-21  5.358E-21
8.710E+03  3.127E-32  7.223E-21  1.724E-21  5.500E-21
8.630E+03  3.240E-32  7.417E-21  1.772E-21  5.645E-21
8.551E+03  3.358E-32  7.616E-21  1.821E-21  5.795E-21
8.472E+03  3.480E-32  7.821E-21  1.872E-21  5.949E-21
8.395E+03  3.607E-32  8.031E-21  1.924E-21  6.107E-21
8.318E+03  3.738E-32  8.248E-21  1.978E-21  6.269E-21
8.241E+03  3.874E-32  8.470E-21  2.033E-21  6.436E-21
8.166E+03  4.016E-32  8.698E-21  2.090E-21  6.608E-21
8.091E+03  4.162E-32  8.932E-21  2.148E-21  6.784E-21
8.017E+03  4.314E-32  9.173E-21  2.208E-21  6.965E-21
7.943E+03  4.471E-32  9.421E-21  2.270E-21  7.151E-21
7.870E+03  4.635E-32  9.676E-21  2.333E-21  7.342E-21
7.798E+03  4.804E-32  9.937E-21  2.398E-21  7.539E-21
7.727E+03  4.980E-32  1.021E-20  2.465E-21  7.741E-21
7.656E+03  5.162E-32  1.048E-20  2.534E-21  7.948E-21
7.586E+03  5.351E-32  1.077E-20  2.605E-21  8.162E-21
7.516E+03  5.547E-32  1.106E-20  2.678E-21  8.381E-21
7.447E+03  5.750E-32  1.136E-20  2.753E-21  8.606E-21
7.379E+03  5.961E-32  1.167E-20  2.830E-21  8.838E-21
7.311E+03  6.179E-32  1.198E-20  2.909E-21  9.076E-21
7.244E+03  6.406E-32  1.231E-20  2.990E-21  9.321E-21
7.178E+03  6.642E-32  1.265E-20  3.074E-21  9.572E-21
7.112E+03  6.886E-32  1.299E-20  3.159E-21  9.830E-21
7.047E+03  7.139E-32  1.334E-20  3.248E-21  1.010E-20
6.982E+03  7.401E-32  1.371E-20  3.339E-21  1.037E-20
6.918E+03  7.673E-32  1.408E-20  3.432E-21  1.065E-20
6.855E+03  7.955E-32  1.446E-20  3.528E-21  1.094E-20
6.792E+03  8.247E-32  1.486E-20  3.627E-21  1.123E-20
6.730E+03  8.551E-32  1.526E-20  3.728E-21  1.154E-20
6.668E+03  8.866E-32  1.568E-20  3.833E-21  1.185E-20
6.607E+03  9.192E-32  1.611E-20  3.940E-21  1.217E-20
6.546E+03  9.531E-32  1.655E-20  4.051E-21  1.250E-20
6.486E+03  9.883E-32  1.700E-20  4.164E-21  1.284E-20
6.427E+03  1.025E-31  1.747E-20  4.281E-21  1.319E-20
6.368E+03  1.063E-31  1.795E-20  4.401E-21  1.355E-20
6.310E+03  1.102E-31  1.844E-20  4.525E-21  1.392E-20
6.252E+03  1.143E-31  1.895E-20  4.652E-21  1.430E-20
6.194E+03  1.185E-31  1.947E-20  4.782E-21  1.469E-20
6.138E+03  1.229E-31  2.001E-20  4.917E-21  1.509E-20
6.081E+03  1.274E-31  2.056E-20  5.055E-21  1.550E-20
6.026E+03  1.322E-31  2.112E-20  5.197E-21  1.593E-20
5.970E+03  1.371E-31  2.171E-20  5.343E-21  1.636E-20
5.916E+03  1.421E-31  2.231E-20  5.494E-21  1.681E-20
5.861E+03  1.474E-31  2.292E-20  5.649E-21  1.727E-20
5.808E+03  1.529E-31  2.356E-20  5.808E-21  1.775E-20
5.754E+03  1.586E-31  2.421E-20  5.972E-21  1.824E-20
5.702E+03  1.645E-31  2.488E-20  6.140E-21  1.874E-20
5.649E+03  1.706E-31  2.557E-20  6.313E-21  1.926E-20
5.598E+03  1.770E-31  2.628E-20  6.492E-21  1.979E-20
5.546E+03  1.836E-31  2.701E-20  6.675E-21  2.033E-20
5.495E+03  1.904E-31  2.776E-20  6.864E-21  2.090E-20
5.445E+03  1.975E-31  2.853E-20  7.058E-21  2.147E-20
5.395E+03  2.049E-31  2.933E-20  7.258E-21  2.207E-20
5.346E+03  2.126E-31  3.014E-20  7.464E-21  2.268E-20
5.297E+03  2.205E-31  3.098E-20  7.675E-21  2.331E-20
5.248E+03  2.288E-31  3.185E-20  7.893E-21  2.396E-20
5.200E+03  2.374E-31  3.274E-20  8.117E-21  2.462E-20
5.152E+03  2.463E-31  3.365E-20  8.348E-21  2.531E-20
5.105E+03  2.555E-31  3.460E-20  8.585E-21  2.601E-20
5.058E+03  2.651E-31  3.557E-20  8.830E-21  2.674E-20
5.012E+03  2.750E-31  3.656E-20  9.081E-21  2.748E-20
4.966E+03  2.854E-31  3.759E-20  9.340E-21  2.825E-20
4.920E+03  2.961E-31  3.864E-20  9.607E-21  2.904E-20
4.875E+03  3.072E-31  3.973E-20  9.881E-21  2.985E-20
4.831E+03  3.188E-31  4.084E-20  1.016E-20  3.068E-20
4.786E+03  3.308E-31  4.199E-20  1.045E-20  3.154E-20
4.742E+03  3.432E-31  4.318E-20  1.075E-20  3.242E-20
4.699E+03  3.562E-31  4.440E-20  1.106E-20  3.333E-20
4.656E+03  3.696E-31  4.565E-20  1.138E-20  3.427E-20
4.613E+03  3.836E-31  4.694E-20  1.171E-20  3.523E-20
4.571E+03  3.981E-31  4.827E-20  1.204E-20  3.622E-20
4.529E+03  4.132E-31  4.963E-20  1.239E-20  3.724E-20
4.487E+03  4.288E-31  5.104E-20  1.275E-20  3.830E-20
4.446E+03  4.450E-31  5.249E-20  1.311E-20  3.938E-20
4.406E+03  4.619E-31  5.398E-20  1.349E-20  4.049E-20
4.365E+03  4.795E-31  5.552E-20  1.388E-20  4.163E-20
4.325E+03  4.977E-31  5.710E-20  1.428E-20  4.281E-20
4.285E+03  5.166E-31  5.872E-20  1.470E-20  4.403E-20
4.246E+03  5.362E-31  6.040E-20  1.512E-20  4.528E-20
4.207E+03  5.567E-31  6.212E-20  1.556E-20  4.656E-20
4.169E+03  5.779E-31  6.390E-20  1.601E-20  4.789E-20
4.130E+03  5.999E-31  6.573E-20  1.648E-20  4.925E-20
4.093E+03  6.228E-31  6.761E-20  1.696E-20  5.065E-20
4.055E+03  6.466E-31  6.955E-20  1.745E-20  5.210E-20
4.018E+03  6.713E-31  7.155E-20  1.796E-20  5.359E-20
3.981E+03  6.970E-31  7.360E-20  1.849E-20  5.511E-20
3.945E+03  7.236E-31  7.571E-20  1.903E-20  5.669E-20
3.908E+03  7.513E-31  7.789E-20  1.959E-20  5.830E-20
3.873E+03  7.801E-31  8.013E-20  2.016E-20  5.997E-20
3.837E+03  8.100E-31  8.244E-20  2.075E-20  6.169E-20
3.802E+03  8.411E-31  8.482E-20  2.136E-20  6.346E-20
3.767E+03  8.734E-31  8.727E-20  2.199E-20  6.528E-20
3.733E+03  9.069E-31  8.979E-20  2.264E-20  6.715E-20
3.698E+03  9.418E-31  9.239E-20  2.331E-20  6.908E-20
3.664E+03  9.781E-31  9.507E-20  2.400E-20  7.107E-20
3.631E+03  1.016E-30  9.783E-20  2.471E-20  7.312E-20
3.597E+03  1.055E-30  1.007E-19  2.544E-20  7.524E-20
3.565E+03  1.096E-30  1.036E-19  2.620E-20  7.741E-20
3.532E+03  1.138E-30  1.066E-19  2.698E-20  7.965E-20
3.499E+03  1.182E-30  1.097E-19  2.778E-20  8.196E-20
3.467E+03  1.228E-30  1.129E-19  2.861E-20  8.434E-20
3.436E+03  1.276E-30  1.163E-19  2.946E-20  8.679E-20
3.404E+03  1.325E-30  1.197E-19  3.034E-20  8.931E-20
3.373E+03  1.377E-30  1.232E-19  3.125E-20  9.192E-20
3.342E+03  1.430E-30  1.268E-19  3.219E-20  9.460E-20
3.311E+03  1.486E-30  1.305E-19  3.316E-20  9.736E-20
3.281E+03  1.544E-30  1.344E-19  3.415E-20  1.002E-19
3.251E+03  1.604E-30  1.383E-19  3.518E-20  1.031E-19
3.221E+03  1.667E-30  1.424E-19  3.625E-20  1.062E-19
3.192E+03  1.732E-30  1.466E-19  3.734E-20  1.093E-19
3.162E+03  1.800E-30  1.510E-19  3.847E-20  1.125E-19
3.133E+03  1.870E-30  1.554E-19  3.964E-20  1.158E-19
3.105E+03  1.943E-30  1.600E-19  4.084E-20  1.192E-19
3.076E+03  2.020E-30  1.648E-19  4.208E-20  1.227E-19
3.048E+03  2.099E-30  1.697E-19  4.337E-20  1.263E-19
3.020E+03  2.181E-30  1.747E-19  4.469E-20  1.301E-19
2.992E+03  2.267E-30  1.799E-19  4.605E-20  1.339E-19
2.965E+03  2.356E-30  1.853E-19  4.746E-20  1.378E-19
2.938E+03  2.449E-30  1.908E-19  4.892E-20  1.419E-19
2.911E+03  2.545E-30  1.965E-19  5.042E-20  1.461E-19
2.884E+03  2.645E-30  2.024E-19  5.197E-20  1.504E-19
2.858E+03  2.749E-30  2.084E-19  5.357E-20  1.548E-19
2.831E+03  2.858E-30  2.146E-19  5.523E-20  1.594E-19
2.805E+03  2.971E-30  2.211E-19  5.693E-20  1.641E-19
2.780E+03  3.088E-30  2.277E-19  5.870E-20  1.690E-19
2.754E+03  3.211E-30  2.346E-19  6.052E-20  1.740E-19
2.729E+03  3.338E-30  2.416E-19  6.239E-20  1.792E-19
2.704E+03  3.470E-30  2.489E-19  6.434E-20  1.846E-19
2.679E+03  3.608E-30  2.564E-19  6.634E-20  1.901E-19
2.655E+03  3.751E-30  2.642E-19  6.841E-20  1.957E-19
2.630E+03  3.901E-30  2.722E-19  7.055E-20  2.016E-19
2.606E+03  4.056E-30  2.804E-19  7.276E-20  2.076E-19
2.582E+03  4.218E-30  2.889E-19  7.504E-20  2.139E-19
2.559E+03  4.386E-30  2.977E-19  7.740E-20  2.203E-19
2.535E+03  4.561E-30  3.067E-19  7.984E-20  2.269E-19
2.512E+03  4.744E-30  3.161E-19  8.235E-20  2.337E-19
2.489E+03  4.934E-30  3.257E-19  8.495E-20  2.408E-19
2.466E+03  5.131E-30  3.357E-19  8.764E-20  2.480E-19
2.443E+03  5.337E-30  3.459E-19  9.042E-20  2.555E-19
2.421E+03  5.551E-30  3.565E-19  9.329E-20  2.632E-19
2.399E+03  5.775E-30  3.674E-19  9.626E-20  2.712E-19
2.377E+03  6.007E-30  3.787E-19  9.932E-20  2.794E-19
2.355E+03  6.249E-30  3.904E-19  1.025E-19  2.879E-19
2.333E+03  6.501E-30  4.024E-19  1.058E-19  2.966E-19
2.312E+03  6.763E-30  4.148E-19  1.091E-19  3.056E-19
2.291E+03  7.036E-30  4.275E-19  1.126E-19  3.149E-19
2.270E+03  7.320E-30  4.407E-19  1.163E-19  3.245E-19
2.249E+03  7.616E-30  4.544E-19  1.200E-19  3.344E-19
2.228E+03  7.925E-30  4.684E-19  1.239E-19  3.446E-19
2.208E+03  8.246E-30  4.830E-19  1.279E-19  3.551E-19
2.188E+03  8.580E-30  4.979E-19  1.320E-19  3.659E-19
2.168E+03  8.929E-30  5.134E-19  1.363E-19  3.771E-19
2.148E+03  9.291E-30  5.294E-19  1.407E-19  3.887E-19
2.128E+03  9.669E-30  5.458E-19  1.453E-19  4.006E-19
2.109E+03  1.006E-29  5.628E-19  1.500E-19  4.129E-19
2.089E+03  1.047E-29  5.804E-19  1.549E-19  4.255E-19
2.070E+03  1.090E-29  5.985E-19  1.599E-19  4.386E-19
2.051E+03  1.134E-29  6.172E-19  1.652E-19  4.521E-19
2.032E+03  1.181E-29  6.366E-19  1.706E-19  4.660E-19
2.014E+03  1.229E-29  6.565E-19  1.762E-19  4.803E-19
1.995E+03  1.279E-29  6.771E-19  1.820E-19  4.951E-19
1.977E+03  1.332E-29  6.983E-19  1.879E-19  5.104E-19
1.959E+03  1.386E-29  7.202E-19  1.941E-19  5.261E-19
1.941E+03  1.443E-29  7.429E-19  2.005E-19  5.424E-19
1.923E+03  1.502E-29  7.663E-19  2.072E-19  5.591E-19
1.905E+03  1.564E-29  7.904E-19  2.140E-19  5.764E-19
1.888E+03  1.628E-29  8.153E-19  2.211E-19  5.942E-19
1.871E+03  1.695E-29  8.411E-19  2.285E-19  6.126E-19
1.854E+03  1.765E-29  8.677E-19  2.361E-19  6.316E-19
1.837E+03  1.837E-29  8.951E-19  2.439E-19  6.512E-19
1.820E+03  1.913E-29  9.235E-19  2.521E-19  6.714E-19
1.803E+03  1.992E-29  9.528E-19  2.605E-19  6.923E-19
1.786E+03  2.074E-29  9.830E-19  2.692E-19  7.138E-19
1.770E+03  2.160E-29  1.014E-18  2.782E-19  7.360E-19
1.754E+03  2.249E-29  1.046E-18  2.875E-19  7.589E-19
1.738E+03  2.342E-29  1.080E-18  2.972E-19  7.826E-19
1.722E+03  2.439E-29  1.114E-18  3.072E-19  8.070E-19
1.706E+03  2.540E-29  1.150E-18  3.175E-19  8.321E-19
1.690E+03  2.646E-29  1.186E-18  3.283E-19  8.581E-19
1.675E+03  2.756E-29  1.224E-18  3.394E-19  8.849E-19
1.660E+03  2.870E-29  1.263E-18  3.508E-19  9.126E-19
1.644E+03  2.989E-29  1.304E-18  3.627E-19  9.411E-19
1.629E+03  3.113E-29  1.346E-18  3.750E-19  9.706E-19
1.614E+03  3.243E-29  1.389E-18  3.878E-19  1.001E-18
1.600E+03  3.378E-29  1.433E-18  4.009E-19  1.032E-18
1.585E+03  3.519E-29  1.479E-18  4.146E-19  1.065E-18
1.570E+03  3.665E-29  1.527E-18  4.287E-19  1.098E-18
1.556E+03  3.818E-29  1.576E-18  4.434E-19  1.132E-18
1.542E+03  3.977E-29  1.627E-18  4.585E-19  1.168E-18
1.528E+03  4.143E-29  1.679E-18  4.742E-19  1.205E-18
1.514E+03  4.316E-29  1.733E-18  4.905E-19  1.242E-18
1.500E+03  4.497E-29  1.789E-18  5.073E-19  1.282E-18
1.486E+03  4.685E-29  1.847E-18  5.247E-19  1.322E-18
1.472E+03  4.881E-29  1.906E-18  5.428E-19  1.363E-18
1.459E+03  5.086E-29  1.968E-18  5.615E-19  1.406E-18
1.445E+03  5.299E-29  2.032E-18  5.808E-19  1.451E-18
1.432E+03  5.521E-29  2.097E-18  6.009E-19  1.497E-18
1.419E+03  5.753E-29  2.165E-18  6.216E-19  1.544E-18
1.406E+03  5.994E-29  2.236E-18  6.431E-19  1.593E-18
1.393E+03  6.246E-29  2.308E-18  6.654E-19  1.643E-18
1.380E+03  6.509E-29  2.383E-18  6.885E-19  1.695E-18
1.368E+03  6.782E-29  2.461E-18  7.124E-19  1.748E-18
1.355E+03  7.068E-29  2.541E-18  7.371E-19  1.804E-18
1.343E+03  7.365E-29  2.623E-18  7.627E-19  1.861E-18
1.330E+03  7.675E-29  2.709E-18  7.893E-19  1.919E-18
1.318E+03  7.999E-29  2.797E-18  8.168E-19  1.980E-18
1.306E+03  8.336E-29  2.888E-18  8.453E-19  2.043E-18
1.294E+03  8.687E-29  2.982E-18  8.748E-19  2.108E-18
1.282E+03  9.054E-29  3.080E-18  9.054E-19  2.174E-18
1.271E+03  9.436E-29  3.180E-18  9.370E-19  2.243E-18
1.259E+03  9.834E-29  3.284E-18  9.698E-19  2.314E-18
1.247E+03  1.025E-28  3.391E-18  1.004E-18  2.388E-18
1.236E+03  1.068E-28  3.502E-18  1.039E-18  2.463E-18
1.225E+03  1.113E-28  3.617E-18  1.076E-18  2.541E-18
1.213E+03  1.160E-28  3.735E-18  1.113E-18  2.622E-18
1.202E+03  1.210E-28  3.857E-18  1.152E-18  2.705E-18
1.191E+03  1.261E-28  3.984E-18  1.193E-18  2.791E-18
1.180E+03  1.314E-28  4.114E-18  1.235E-18  2.879E-18
1.169E+03  1.370E-28  4.249E-18  1.279E-18  2.970E-18
1.159E+03  1.428E-28  4.388E-18  1.324E-18  3.065E-18
1.148E+03  1.488E-28  4.532E-18  1.370E-18  3.162E-18
1.138E+03  1.551E-28  4.681E-18  1.419E-18  3.262E-18
1.127E+03  1.617E-28  4.834E-18  1.469E-18  3.365E-18
1.117E+03  1.685E-28  4.993E-18  1.521E-18  3.472E-18
1.107E+03  1.757E-28  5.157E-18  1.575E-18  3.582E-18
1.096E+03  1.831E-28  5.326E-18  1.631E-18  3.696E-18
1.086E+03  1.909E-28  5.501E-18  1.688E-18  3.813E-18
1.076E+03  1.990E-28  5.682E-18  1.748E-18  3.934E-18
1.067E+03  2.074E-28  5.869E-18  1.810E-18  4.059E-18
1.057E+03  2.162E-28  6.062E-18  1.875E-18  4.187E-18
1.047E+03  2.254E-28  6.261E-18  1.941E-18  4.320E-18
1.038E+03  2.350E-28  6.467E-18  2.010E-18  4.457E-18
1.028E+03  2.449E-28  6.679E-18  2.082E-18  4.598E-18
1.019E+03  2.553E-28  6.899E-18  2.156E-18  4.743E-18
1.009E+03  2.662E-28  7.126E-18  2.233E-18  4.893E-18
1.000E+03  2.775E-28  7.360E-18  2.312E-18  5.048E-18
9.908E+02  2.893E-28  7.603E-18  2.395E-18  5.208E-18
9.817E+02  3.016E-28  7.854E-18  2.480E-18  5.373E-18
9.727E+02  3.144E-28  8.112E-18  2.569E-18  5.544E-18
9.638E+02  3.278E-28  8.380E-18  2.660E-18  5.720E-18
9.550E+02  3.417E-28  8.656E-18  2.755E-18  5.901E-18
9.462E+02  3.563E-28  8.942E-18  2.854E-18  6.088E-18
9.376E+02  3.714E-28  9.237E-18  2.956E-18  6.281E-18
9.290E+02  3.872E-28  9.541E-18  3.062E-18  6.480E-18
9.204E+02  4.037E-28  9.856E-18  3.171E-18  6.685E-18
9.120E+02  4.209E-28  1.018E-17  3.285E-18  6.897E-18
9.036E+02  4.388E-28  1.052E-17  3.402E-18  7.115E-18
8.954E+02  4.574E-28  1.086E-17  3.524E-18  7.340E-18
8.872E+02  4.769E-28  1.122E-17  3.650E-18  7.572E-18
8.790E+02  4.971E-28  1.159E-17  3.781E-18  7.810E-18
8.710E+02  5.183E-28  1.197E-17  3.917E-18  8.057E-18
8.630E+02  5.403E-28  1.237E-17  4.057E-18  8.311E-18
8.551E+02  5.632E-28  1.277E-17  4.202E-18  8.572E-18
8.472E+02  5.872E-28  1.320E-17  4.353E-18  8.842E-18
8.395E+02  6.121E-28  1.363E-17  4.509E-18  9.120E-18
8.318E+02  6.381E-28  1.408E-17  4.671E-18  9.407E-18
8.241E+02  6.652E-28  1.454E-17  4.839E-18  9.702E-18
8.166E+02  6.934E-28  1.502E-17  5.013E-18  1.001E-17
8.091E+02  7.228E-28  1.551E-17  5.193E-18  1.032E-17
8.017E+02  7.535E-28  1.602E-17  5.379E-18  1.064E-17
7.943E+02  7.854E-28  1.655E-17  5.572E-18  1.098E-17
7.870E+02  8.188E-28  1.709E-17  5.773E-18  1.132E-17
7.798E+02  8.535E-28  1.765E-17  5.980E-18  1.167E-17
7.727E+02  8.897E-28  1.823E-17  6.195E-18  1.204E-17
7.656E+02  9.274E-28  1.883E-17  6.418E-18  1.242E-17
7.586E+02  9.667E-28  1.945E-17  6.649E-18  1.280E-17
7.516E+02  1.008E-27  2.009E-17  6.888E-18  1.320E-17
7.447E+02  1.050E-27  2.075E-17  7.135E-18  1.362E-17
7.379E+02  1.095E-27  2.144E-17  7.392E-18  1.404E-17
7.311E+02  1.142E-27  2.214E-17  7.658E-18  1.448E-17
7.244E+02  1.190E-27  2.287E-17  7.933E-18  1.494E-17
7.178E+02  1.241E-27  2.363E-17  8.218E-18  1.541E-17
7.112E+02  1.294E-27  2.441E-17  8.514E-18  1.589E-17
7.047E+02  1.349E-27  2.521E-17  8.820E-18  1.639E-17
6.982E+02  1.406E-27  2.604E-17  9.137E-18  1.691E-17
6.918E+02  1.466E-27  2.690E-17  9.466E-18  1.744E-17
6.855E+02  1.528E-27  2.779E-17  9.807E-18  1.799E-17
6.792E+02  1.594E-27  2.871E-17  1.016E-17  1.855E-17
6.730E+02  1.661E-27  2.966E-17  1.052E-17  1.913E-17
6.668E+02  1.732E-27  3.064E-17  1.090E-17  1.973E-17
6.607E+02  1.806E-27  3.165E-17  1.130E-17  2.035E-17
6.546E+02  1.883E-27  3.269E-17  1.170E-17  2.099E-17
6.486E+02  1.963E-27  3.378E-17  1.212E-17  2.166E-17
6.427E+02  2.047E-27  3.490E-17  1.256E-17  2.234E-17
6.368E+02  2.135E-27  3.606E-17  1.301E-17  2.305E-17
6.310E+02  2.226E-27  3.726E-17  1.348E-17  2.378E-17
6.252E+02  2.322E-27  3.850E-17  1.396E-17  2.454E-17
6.194E+02  2.421E-27  3.978E-17  1.446E-17  2.532E-17
6.138E+02  2.525E-27  4.111E-17  1.498E-17  2.613E-17
6.081E+02  2.633E-27  4.248E-17  1.552E-17  2.696E-17
6.026E+02  2.746E-27  4.390E-17  1.608E-17  2.782E-17
5.970E+02  2.864E-27  4.536E-17  1.666E-17  2.870E-17
5.916E+02  2.987E-27  4.688E-17  1.726E-17  2.962E-17
5.861E+02  3.116E-27  4.844E-17  1.788E-17  3.057E-17
5.808E+02  3.250E-27  5.006E-17  1.852E-17  3.155E-17
5.754E+02  3.390E-27  5.174E-17  1.918E-17  3.256E-17
5.702E+02  3.535E-27  5.347E-17  1.987E-17  3.360E-17
5.649E+02  3.688E-27  5.526E-17  2.058E-17  3.468E-17
5.598E+02  3.847E-27  5.711E-17  2.132E-17  3.579E-17
5.546E+02  4.012E-27  5.903E-17  2.209E-17  3.694E-17
5.495E+02  4.185E-27  6.101E-17  2.288E-17  3.813E-17
5.445E+02  4.366E-27  6.306E-17  2.370E-17  3.936E-17
5.395E+02  4.555E-27  6.518E-17  2.455E-17  4.063E-17
5.346E+02  4.751E-27  6.737E-17  2.543E-17  4.194E-17
5.297E+02  4.957E-27  6.964E-17  2.634E-17  4.330E-17
5.248E+02  5.171E-27  7.198E-17  2.729E-17  4.470E-17
5.200E+02  5.395E-27  7.441E-17  2.827E-17  4.614E-17
5.152E+02  5.628E-27  7.692E-17  2.928E-17  4.764E-17
5.105E+02  5.872E-27  7.951E-17  3.033E-17  4.918E-17
5.058E+02  6.126E-27  8.219E-17  3.141E-17  5.078E-17
5.012E+02  6.391E-27  8.497E-17  3.254E-17  5.243E-17
4.966E+02  6.668E-27  8.784E-17  3.370E-17  5.414E-17
4.920E+02  6.957E-27  9.080E-17  3.490E-17  5.590E-17
4.875E+02  7.259E-27  9.387E-17  3.615E-17  5.772E-17
4.831E+02  7.574E-27  9.705E-17  3.745E-17  5.960E-17
4.786E+02  7.902E-27  1.003E-16  3.878E-17  6.154E-17
4.742E+02  8.245E-27  1.037E-16  4.017E-17  6.355E-17
4.699E+02  8.603E-27  1.072E-16  4.160E-17  6.563E-17
4.656E+02  8.977E-27  1.109E-16  4.309E-17  6.778E-17
4.613E+02  9.367E-27  1.146E-16  4.463E-17  7.000E-17
4.571E+02  9.774E-27  1.185E-16  4.622E-17  7.229E-17
4.529E+02  1.020E-26  1.225E-16  4.787E-17  7.466E-17
4.487E+02  1.064E-26  1.267E-16  4.957E-17  7.711E-17
4.446E+02  1.111E-26  1.310E-16  5.134E-17  7.964E-17
4.406E+02  1.159E-26  1.354E-16  5.317E-17  8.225E-17
4.365E+02  1.209E-26  1.400E-16  5.506E-17  8.496E-17
4.325E+02  1.262E-26  1.448E-16  5.702E-17  8.775E-17
4.285E+02  1.317E-26  1.497E-16  5.905E-17  9.064E-17
4.246E+02  1.374E-26  1.548E-16  6.115E-17  9.363E-17
4.207E+02  1.434E-26  1.600E-16  6.333E-17  9.671E-17
4.169E+02  1.497E-26  1.655E-16  6.558E-17  9.991E-17
4.130E+02  1.562E-26  1.711E-16  6.791E-17  1.032E-16
4.093E+02  1.630E-26  1.769E-16  7.032E-17  1.066E-16
4.055E+02  1.701E-26  1.830E-16  7.282E-17  1.101E-16
4.018E+02  1.775E-26  1.892E-16  7.540E-17  1.138E-16
3.981E+02  1.853E-26  1.956E-16  7.808E-17  1.176E-16
3.945E+02  1.934E-26  2.023E-16  8.085E-17  1.215E-16
3.908E+02  2.018E-26  2.092E-16  8.371E-17  1.255E-16
3.873E+02  2.106E-26  2.164E-16  8.668E-17  1.297E-16
3.837E+02  2.198E-26  2.238E-16  8.975E-17  1.340E-16
3.802E+02  2.294E-26  2.314E-16  9.292E-17  1.385E-16
3.767E+02  2.395E-26  2.393E-16  9.621E-17  1.431E-16
3.733E+02  2.500E-26  2.475E-16  9.961E-17  1.479E-16
3.698E+02  2.609E-26  2.559E-16  1.031E-16  1.528E-16
3.664E+02  2.723E-26  2.647E-16  1.068E-16  1.579E-16
3.631E+02  2.842E-26  2.737E-16  1.105E-16  1.632E-16
3.597E+02  2.966E-26  2.831E-16  1.144E-16  1.686E-16
3.565E+02  3.096E-26  2.928E-16  1.185E-16  1.743E-16
3.532E+02  3.232E-26  3.028E-16  1.227E-16  1.801E-16
3.499E+02  3.373E-26  3.131E-16  1.270E-16  1.861E-16
3.467E+02  3.521E-26  3.238E-16  1.315E-16  1.924E-16
3.436E+02  3.675E-26  3.349E-16  1.361E-16  1.988E-16
3.404E+02  3.836E-26  3.464E-16  1.409E-16  2.055E-16
3.373E+02  4.004E-26  3.582E-16  1.458E-16  2.124E-16
3.342E+02  4.179E-26  3.705E-16  1.509E-16  2.195E-16
3.311E+02  4.362E-26  3.832E-16  1.562E-16  2.269E-16
3.281E+02  4.553E-26  3.962E-16  1.617E-16  2.345E-16
3.251E+02  4.752E-26  4.098E-16  1.674E-16  2.424E-16
3.221E+02  4.960E-26  4.238E-16  1.733E-16  2.506E-16
3.192E+02  5.178E-26  4.383E-16  1.793E-16  2.590E-16
3.162E+02  5.404E-26  4.533E-16  1.856E-16  2.677E-16
3.133E+02  5.640E-26  4.688E-16  1.921E-16  2.767E-16
3.105E+02  5.887E-26  4.848E-16  1.988E-16  2.860E-16
3.076E+02  6.145E-26  5.014E-16  2.058E-16  2.956E-16
3.048E+02  6.414E-26  5.185E-16  2.130E-16  3.056E-16
3.020E+02  6.694E-26  5.363E-16  2.204E-16  3.159E-16
2.992E+02  6.987E-26  5.546E-16  2.281E-16  3.265E-16
2.965E+02  7.293E-26  5.735E-16  2.360E-16  3.375E-16
2.938E+02  7.612E-26  5.931E-16  2.442E-16  3.489E-16
2.911E+02  7.945E-26  6.134E-16  2.527E-16  3.607E-16
2.884E+02  8.291E-26  6.343E-16  2.615E-16  3.727E-16
2.858E+02  8.653E-26  6.559E-16  2.706E-16  3.853E-16
2.831E+02  9.031E-26  6.783E-16  2.800E-16  3.983E-16
2.805E+02  9.426E-26  7.014E-16  2.897E-16  4.117E-16
2.780E+02  9.835E-26  7.252E-16  2.998E-16  4.254E-16
2.754E+02  1.026E-25  7.499E-16  3.102E-16  4.397E-16
2.729E+02  1.071E-25  7.755E-16  3.209E-16  4.546E-16
2.704E+02  1.118E-25  8.020E-16  3.320E-16  4.700E-16
2.679E+02  1.167E-25  8.295E-16  3.435E-16  4.859E-16
2.655E+02  1.218E-25  8.578E-16  3.554E-16  5.024E-16
2.630E+02  1.272E-25  8.872E-16  3.677E-16  5.195E-16
2.606E+02  1.327E-25  9.175E-16  3.803E-16  5.372E-16
2.582E+02  1.385E-25  9.489E-16  3.935E-16  5.554E-16
2.559E+02  1.445E-25  9.808E-16  4.070E-16  5.738E-16
2.535E+02  1.508E-25  1.014E-15  4.210E-16  5.930E-16
2.512E+02  1.573E-25  1.048E-15  4.355E-16  6.128E-16
2.489E+02  1.641E-25  1.083E-15  4.505E-16  6.327E-16
2.466E+02  1.709E-25  1.118E-15  4.659E-16  6.521E-16
2.443E+02  1.781E-25  1.154E-15  4.819E-16  6.725E-16
2.421E+02  1.856E-25  1.192E-15  4.984E-16  6.932E-16
2.399E+02  1.933E-25  1.230E-15  5.155E-16  7.145E-16
2.377E+02  2.013E-25  1.269E-15  5.331E-16  7.358E-16
2.355E+02  2.095E-25  1.309E-15  5.513E-16  7.573E-16
2.333E+02  2.181E-25  1.350E-15  5.702E-16  7.798E-16
2.312E+02  2.271E-25  1.393E-15  5.896E-16  8.030E-16
2.291E+02  2.364E-25  1.436E-15  6.097E-16  8.267E-16
2.270E+02  2.461E-25  1.482E-15  6.305E-16  8.511E-16
2.249E+02  2.561E-25  1.528E-15  6.519E-16  8.762E-16
2.228E+02  2.664E-25  1.575E-15  6.741E-16  9.008E-16
2.208E+02  2.773E-25  1.624E-15  6.970E-16  9.273E-16
2.188E+02  2.884E-25  1.673E-15  7.206E-16  9.528E-16
2.168E+02  3.001E-25  1.726E-15  7.450E-16  9.807E-16
2.148E+02  3.123E-25  1.780E-15  7.703E-16  1.009E-15
2.128E+02  3.250E-25  1.835E-15  7.963E-16  1.039E-15
2.109E+02  3.383E-25  1.892E-15  8.232E-16  1.069E-15
2.089E+02  3.519E-25  1.950E-15  8.510E-16  1.099E-15
2.070E+02  3.662E-25  2.011E-15  8.797E-16  1.131E-15
2.051E+02  3.807E-25  2.071E-15  9.092E-16  1.162E-15
2.032E+02  3.960E-25  2.135E-15  9.398E-16  1.195E-15
2.014E+02  4.120E-25  2.201E-15  9.714E-16  1.229E-15
1.995E+02  4.286E-25  2.268E-15  1.004E-15  1.265E-15
1.977E+02  4.459E-25  2.338E-15  1.038E-15  1.300E-15
1.959E+02  4.632E-25  2.407E-15  1.072E-15  1.334E-15
1.941E+02  4.818E-25  2.480E-15  1.108E-15  1.372E-15
1.923E+02  5.003E-25  2.552E-15  1.145E-15  1.407E-15
1.905E+02  5.202E-25  2.629E-15  1.184E-15  1.446E-15
1.888E+02  5.410E-25  2.709E-15  1.223E-15  1.486E-15
1.871E+02  5.626E-25  2.791E-15  1.264E-15  1.528E-15
1.854E+02  5.850E-25  2.876E-15  1.306E-15  1.570E-15
1.837E+02  6.082E-25  2.963E-15  1.349E-15  1.614E-15
1.820E+02  6.324E-25  3.052E-15  1.394E-15  1.659E-15
1.803E+02  6.570E-25  3.142E-15  1.439E-15  1.703E-15
1.786E+02  6.830E-25  3.237E-15  1.487E-15  1.750E-15
1.770E+02  7.091E-25  3.329E-15  1.536E-15  1.793E-15
1.754E+02  7.370E-25  3.429E-15  1.587E-15  1.842E-15
1.738E+02  7.661E-25  3.531E-15  1.639E-15  1.892E-15
1.722E+02  7.948E-25  3.630E-15  1.693E-15  1.937E-15
1.706E+02  8.242E-25  3.730E-15  1.749E-15  1.981E-15
1.690E+02  8.565E-25  3.841E-15  1.806E-15  2.035E-15
1.675E+02  8.901E-25  3.955E-15  1.865E-15  2.090E-15
1.660E+02  9.250E-25  4.072E-15  1.926E-15  2.146E-15
1.644E+02  9.610E-25  4.192E-15  1.989E-15  2.202E-15
1.629E+02  9.982E-25  4.314E-15  2.054E-15  2.260E-15
1.614E+02  1.037E-24  4.441E-15  2.121E-15  2.320E-15
1.600E+02  1.077E-24  4.568E-15  2.187E-15  2.381E-15
1.585E+02  1.118E-24  4.702E-15  2.258E-15  2.444E-15
1.570E+02  1.162E-24  4.840E-15  2.331E-15  2.508E-15
1.556E+02  1.206E-24  4.977E-15  2.407E-15  2.570E-15
1.542E+02  1.252E-24  5.122E-15  2.485E-15  2.637E-15
1.528E+02  1.298E-24  5.260E-15  2.565E-15  2.695E-15
1.514E+02  1.345E-24  5.399E-15  2.648E-15  2.751E-15
1.500E+02  1.393E-24  5.542E-15  2.734E-15  2.808E-15
1.486E+02  1.444E-24  5.692E-15  2.812E-15  2.881E-15
1.472E+02  1.500E-24  5.857E-15  2.902E-15  2.955E-15
1.459E+02  1.557E-24  6.023E-15  2.993E-15  3.030E-15
1.445E+02  1.616E-24  6.197E-15  3.089E-15  3.108E-15
1.432E+02  1.678E-24  6.375E-15  3.188E-15  3.187E-15
1.419E+02  1.737E-24  6.539E-15  3.271E-15  3.268E-15
1.406E+02  1.803E-24  6.725E-15  3.376E-15  3.349E-15
1.393E+02  1.871E-24  6.913E-15  3.483E-15  3.429E-15
1.380E+02  1.942E-24  7.110E-15  3.595E-15  3.516E-15
1.368E+02  2.016E-24  7.313E-15  3.709E-15  3.604E-15
1.355E+02  2.092E-24  7.520E-15  3.827E-15  3.694E-15
1.343E+02  2.171E-24  7.733E-15  3.948E-15  3.785E-15
1.330E+02  2.250E-24  7.942E-15  4.073E-15  3.869E-15
1.318E+02  2.324E-24  8.125E-15  4.202E-15  3.923E-15
1.306E+02  2.404E-24  8.330E-15  4.335E-15  3.995E-15
1.294E+02  2.495E-24  8.564E-15  4.471E-15  4.093E-15
1.282E+02  2.587E-24  8.801E-15  4.612E-15  4.189E-15
1.271E+02  2.681E-24  9.036E-15  4.746E-15  4.290E-15
1.259E+02  2.781E-24  9.288E-15  4.895E-15  4.394E-15
1.247E+02  2.885E-24  9.546E-15  5.048E-15  4.498E-15
1.236E+02  2.993E-24  9.811E-15  5.206E-15  4.605E-15
1.225E+02  3.091E-24  1.004E-14  5.325E-15  4.715E-15
1.213E+02  3.206E-24  1.032E-14  5.491E-15  4.827E-15
1.202E+02  3.325E-24  1.060E-14  5.662E-15  4.941E-15
1.191E+02  3.444E-24  1.088E-14  5.838E-15  5.045E-15
1.180E+02  3.571E-24  1.118E-14  6.019E-15  5.162E-15
1.169E+02  3.699E-24  1.148E-14  6.205E-15  5.270E-15
1.159E+02  3.834E-24  1.179E-14  6.394E-15  5.392E-15
1.148E+02  3.975E-24  1.211E-14  6.591E-15  5.516E-15
1.138E+02  4.107E-24  1.239E-14  6.793E-15  5.600E-15
1.127E+02  4.232E-24  1.265E-14  6.971E-15  5.684E-15
1.117E+02  4.387E-24  1.300E-14  7.185E-15  5.811E-15
1.107E+02  4.547E-24  1.335E-14  7.405E-15  5.943E-15
1.096E+02  4.711E-24  1.370E-14  7.631E-15  6.071E-15
1.086E+02  4.883E-24  1.407E-14  7.864E-15  6.207E-15
1.076E+02  5.060E-24  1.445E-14  8.103E-15  6.346E-15
1.067E+02  5.244E-24  1.484E-14  8.349E-15  6.488E-15
1.057E+02  5.433E-24  1.523E-14  8.602E-15  6.630E-15
1.047E+02  5.630E-24  1.564E-14  8.862E-15  6.776E-15
1.038E+02  5.833E-24  1.605E-14  9.129E-15  6.925E-15
1.028E+02  6.010E-24  1.639E-14  9.313E-15  7.077E-15
1.019E+02  6.196E-24  1.674E-14  9.529E-15  7.211E-15
1.009E+02  6.417E-24  1.718E-14  9.815E-15  7.364E-15
1.000E+02  6.647E-24  1.763E-14  1.011E-14  7.523E-15
9.908E+01  6.872E-24  1.806E-14  1.039E-14  7.668E-15
9.817E+01  7.118E-24  1.854E-14  1.070E-14  7.832E-15
9.727E+01  7.339E-24  1.894E-14  1.102E-14  7.917E-15
9.638E+01  7.600E-24  1.943E-14  1.135E-14  8.084E-15
9.550E+01  7.867E-24  1.993E-14  1.168E-14  8.245E-15
9.462E+01  8.146E-24  2.045E-14  1.203E-14  8.417E-15
9.376E+01  8.434E-24  2.097E-14  1.238E-14  8.593E-15
9.290E+01  8.728E-24  2.151E-14  1.275E-14  8.761E-15
9.204E+01  9.035E-24  2.206E-14  1.312E-14  8.940E-15
9.120E+01  9.351E-24  2.262E-14  1.350E-14  9.120E-15
9.036E+01  9.679E-24  2.320E-14  1.390E-14  9.305E-15
8.954E+01  1.002E-23  2.379E-14  1.430E-14  9.489E-15
8.872E+01  1.037E-23  2.439E-14  1.471E-14  9.678E-15
8.790E+01  1.073E-23  2.501E-14  1.514E-14  9.870E-15
8.710E+01  1.103E-23  2.549E-14  1.544E-14  1.005E-14
8.630E+01  1.142E-23  2.614E-14  1.589E-14  1.025E-14
8.551E+01  1.181E-23  2.678E-14  1.634E-14  1.044E-14
8.472E+01  1.215E-23  2.730E-14  1.666E-14  1.064E-14
8.395E+01  1.256E-23  2.798E-14  1.713E-14  1.084E-14
8.318E+01  1.298E-23  2.865E-14  1.762E-14  1.103E-14
8.241E+01  1.339E-23  2.927E-14  1.810E-14  1.117E-14
8.166E+01  1.385E-23  3.000E-14  1.862E-14  1.138E-14
8.091E+01  1.432E-23  3.074E-14  1.914E-14  1.159E-14
8.017E+01  1.481E-23  3.149E-14  1.968E-14  1.181E-14
7.943E+01  1.531E-23  3.225E-14  2.024E-14  1.201E-14
7.870E+01  1.583E-23  3.304E-14  2.081E-14  1.224E-14
7.798E+01  1.636E-23  3.385E-14  2.139E-14  1.246E-14
7.727E+01  1.691E-23  3.467E-14  2.199E-14  1.268E-14
7.656E+01  1.748E-23  3.551E-14  2.259E-14  1.291E-14
7.586E+01  1.806E-23  3.635E-14  2.321E-14  1.314E-14
7.516E+01  1.867E-23  3.723E-14  2.385E-14  1.338E-14
7.447E+01  1.930E-23  3.812E-14  2.451E-14  1.361E-14
7.379E+01  1.983E-23  3.881E-14  2.497E-14  1.383E-14
7.311E+01  2.048E-23  3.973E-14  2.566E-14  1.407E-14
7.244E+01  2.094E-23  4.023E-14  2.593E-14  1.431E-14
7.178E+01  2.160E-23  4.112E-14  2.657E-14  1.455E-14
7.112E+01  2.231E-23  4.208E-14  2.729E-14  1.479E-14
7.047E+01  2.303E-23  4.305E-14  2.804E-14  1.501E-14
6.982E+01  2.377E-23  4.402E-14  2.878E-14  1.524E-14
6.918E+01  2.455E-23  4.505E-14  2.956E-14  1.550E-14
6.855E+01  2.535E-23  4.610E-14  3.036E-14  1.574E-14
6.792E+01  2.618E-23  4.716E-14  3.117E-14  1.599E-14
6.730E+01  2.703E-23  4.825E-14  3.201E-14  1.624E-14
6.668E+01  2.791E-23  4.936E-14  3.286E-14  1.650E-14
6.607E+01  2.881E-23  5.049E-14  3.373E-14  1.677E-14
6.546E+01  2.964E-23  5.148E-14  3.445E-14  1.703E-14
6.486E+01  3.060E-23  5.265E-14  3.536E-14  1.729E-14
6.427E+01  3.158E-23  5.384E-14  3.629E-14  1.755E-14
6.368E+01  3.260E-23  5.506E-14  3.724E-14  1.782E-14
6.310E+01  3.346E-23  5.600E-14  3.791E-14  1.809E-14
6.252E+01  3.453E-23  5.726E-14  3.889E-14  1.836E-14
6.194E+01  3.562E-23  5.852E-14  3.990E-14  1.862E-14
6.138E+01  3.675E-23  5.983E-14  4.093E-14  1.889E-14
6.081E+01  3.791E-23  6.115E-14  4.199E-14  1.917E-14
6.026E+01  3.907E-23  6.245E-14  4.301E-14  1.944E-14
5.970E+01  4.018E-23  6.364E-14  4.393E-14  1.971E-14
5.916E+01  4.145E-23  6.504E-14  4.505E-14  1.999E-14
5.861E+01  4.259E-23  6.622E-14  4.596E-14  2.027E-14
5.808E+01  4.383E-23  6.753E-14  4.699E-14  2.054E-14
5.754E+01  4.519E-23  6.898E-14  4.817E-14  2.081E-14
5.702E+01  4.658E-23  7.045E-14  4.936E-14  2.109E-14
5.649E+01  4.802E-23  7.196E-14  5.059E-14  2.137E-14
5.598E+01  4.949E-23  7.348E-14  5.184E-14  2.164E-14
5.546E+01  5.096E-23  7.497E-14  5.305E-14  2.192E-14
5.495E+01  5.252E-23  7.655E-14  5.435E-14  2.220E-14
5.445E+01  5.412E-23  7.816E-14  5.568E-14  2.248E-14
5.395E+01  5.574E-23  7.977E-14  5.701E-14  2.276E-14
5.346E+01  5.743E-23  8.144E-14  5.839E-14  2.305E-14
5.297E+01  5.887E-23  8.271E-14  5.939E-14  2.332E-14
5.248E+01  6.064E-23  8.441E-14  6.081E-14  2.360E-14
5.200E+01  6.235E-23  8.600E-14  6.212E-14  2.388E-14
5.152E+01  6.420E-23  8.775E-14  6.360E-14  2.415E-14
5.105E+01  6.588E-23  8.921E-14  6.479E-14  2.443E-14
5.058E+01  6.783E-23  9.101E-14  6.631E-14  2.470E-14
5.012E+01  6.958E-23  9.250E-14  6.752E-14  2.498E-14
4.966E+01  7.162E-23  9.434E-14  6.909E-14  2.525E-14
4.920E+01  7.372E-23  9.621E-14  7.070E-14  2.552E-14
4.875E+01  7.581E-23  9.803E-14  7.225E-14  2.579E-14
4.831E+01  7.800E-23  9.995E-14  7.390E-14  2.605E-14
4.786E+01  8.025E-23  1.019E-13  7.558E-14  2.631E-14
4.742E+01  8.256E-23  1.039E-13  7.729E-14  2.657E-14
4.699E+01  8.492E-23  1.059E-13  7.901E-14  2.684E-14
4.656E+01  8.720E-23  1.077E-13  8.060E-14  2.709E-14
4.613E+01  8.965E-23  1.097E-13  8.235E-14  2.735E-14
4.571E+01  9.218E-23  1.118E-13  8.416E-14  2.761E-14
4.529E+01  9.470E-23  1.138E-13  8.591E-14  2.786E-14
4.487E+01  9.735E-23  1.159E-13  8.777E-14  2.811E-14
4.446E+01  9.999E-23  1.179E-13  8.957E-14  2.837E-14
4.406E+01  1.025E-22  1.198E-13  9.120E-14  2.861E-14
4.365E+01  1.052E-22  1.218E-13  9.294E-14  2.886E-14
4.325E+01  1.081E-22  1.240E-13  9.489E-14  2.910E-14
4.285E+01  1.108E-22  1.259E-13  9.658E-14  2.934E-14
4.246E+01  1.137E-22  1.280E-13  9.846E-14  2.958E-14
4.207E+01  1.164E-22  1.299E-13  1.001E-13  2.981E-14
4.169E+01  1.196E-22  1.322E-13  1.022E-13  3.004E-14
4.130E+01  1.226E-22  1.344E-13  1.041E-13  3.027E-14
4.093E+01  1.257E-22  1.365E-13  1.060E-13  3.048E-14
4.055E+01  1.290E-22  1.388E-13  1.081E-13  3.069E-14
4.018E+01  1.323E-22  1.410E-13  1.101E-13  3.090E-14
3.981E+01  1.358E-22  1.434E-13  1.123E-13  3.110E-14
3.945E+01  1.393E-22  1.457E-13  1.144E-13  3.130E-14
3.908E+01  1.428E-22  1.481E-13  1.166E-13  3.149E-14
3.873E+01  1.464E-22  1.504E-13  1.188E-13  3.167E-14
3.837E+01  1.500E-22  1.527E-13  1.208E-13  3.185E-14
3.802E+01  1.537E-22  1.550E-13  1.230E-13  3.203E-14
3.767E+01  1.573E-22  1.572E-13  1.250E-13  3.220E-14
3.733E+01  1.610E-22  1.594E-13  1.270E-13  3.234E-14
3.698E+01  1.649E-22  1.618E-13  1.293E-13  3.248E-14
3.664E+01  1.689E-22  1.642E-13  1.316E-13  3.261E-14
3.631E+01  1.730E-22  1.666E-13  1.339E-13  3.274E-14
3.597E+01  1.767E-22  1.686E-13  1.357E-13  3.287E-14
3.565E+01  1.809E-22  1.711E-13  1.381E-13  3.299E-14
3.532E+01  1.852E-22  1.735E-13  1.404E-13  3.311E-14
3.499E+01  1.895E-22  1.759E-13  1.426E-13  3.322E-14
3.467E+01  1.936E-22  1.781E-13  1.447E-13  3.334E-14
3.436E+01  1.981E-22  1.806E-13  1.471E-13  3.345E-14
3.404E+01  2.027E-22  1.830E-13  1.495E-13  3.356E-14
3.373E+01  2.072E-22  1.854E-13  1.517E-13  3.366E-14
3.342E+01  2.120E-22  1.879E-13  1.542E-13  3.376E-14
3.311E+01  2.169E-22  1.905E-13  1.566E-13  3.388E-14
3.281E+01  2.219E-22  1.931E-13  1.591E-13  3.399E-14
3.251E+01  2.267E-22  1.955E-13  1.614E-13  3.410E-14
3.221E+01  2.318E-22  1.981E-13  1.639E-13  3.421E-14
3.192E+01  2.370E-22  2.006E-13  1.663E-13  3.432E-14
3.162E+01  2.421E-22  2.030E-13  1.686E-13  3.442E-14
3.133E+01  2.475E-22  2.057E-13  1.712E-13  3.452E-14
3.105E+01  2.527E-22  2.081E-13  1.735E-13  3.462E-14
3.076E+01  2.582E-22  2.107E-13  1.760E-13  3.472E-14
3.048E+01  2.639E-22  2.134E-13  1.786E-13  3.481E-14
3.020E+01  2.697E-22  2.160E-13  1.811E-13  3.490E-14
2.992E+01  2.756E-22  2.188E-13  1.838E-13  3.499E-14
2.965E+01  2.815E-22  2.214E-13  1.863E-13  3.506E-14
2.938E+01  2.876E-22  2.241E-13  1.890E-13  3.512E-14
2.911E+01  2.937E-22  2.268E-13  1.916E-13  3.519E-14
2.884E+01  3.000E-22  2.295E-13  1.942E-13  3.524E-14
2.858E+01  3.064E-22  2.323E-13  1.970E-13  3.530E-14
2.831E+01  3.131E-22  2.351E-13  1.998E-13  3.535E-14
2.805E+01  3.199E-22  2.381E-13  2.027E-13  3.540E-14
2.780E+01  3.269E-22  2.411E-13  2.056E-13  3.545E-14
2.754E+01  3.340E-22  2.440E-13  2.085E-13  3.549E-14
2.729E+01  3.409E-22  2.468E-13  2.112E-13  3.553E-14
2.704E+01  3.484E-22  2.499E-13  2.143E-13  3.556E-14
2.679E+01  3.561E-22  2.530E-13  2.174E-13  3.560E-14
2.655E+01  3.637E-22  2.561E-13  2.204E-13  3.563E-14
2.630E+01  3.716E-22  2.593E-13  2.236E-13  3.566E-14
2.606E+01  3.794E-22  2.623E-13  2.266E-13  3.568E-14
2.582E+01  3.877E-22  2.656E-13  2.299E-13  3.570E-14
2.559E+01  3.962E-22  2.689E-13  2.332E-13  3.572E-14
2.535E+01  4.049E-22  2.723E-13  2.366E-13  3.573E-14
2.512E+01  4.139E-22  2.758E-13  2.401E-13  3.575E-14
2.489E+01  4.229E-22  2.792E-13  2.434E-13  3.575E-14
2.466E+01  4.321E-22  2.827E-13  2.469E-13  3.574E-14
2.443E+01  4.415E-22  2.861E-13  2.504E-13  3.573E-14
2.421E+01  4.512E-22  2.898E-13  2.541E-13  3.570E-14
2.399E+01  4.613E-22  2.935E-13  2.579E-13  3.564E-14
2.377E+01  4.713E-22  2.971E-13  2.615E-13  3.560E-14
2.355E+01  4.816E-22  3.009E-13  2.653E-13  3.559E-14
2.333E+01  4.924E-22  3.048E-13  2.692E-13  3.556E-14
2.312E+01  5.035E-22  3.088E-13  2.733E-13  3.548E-14
2.291E+01  5.144E-22  3.126E-13  2.772E-13  3.540E-14
2.270E+01  5.259E-22  3.166E-13  2.812E-13  3.539E-14
2.249E+01  5.379E-22  3.209E-13  2.855E-13  3.541E-14
2.228E+01  5.500E-22  3.251E-13  2.897E-13  3.545E-14
2.208E+01  5.626E-22  3.295E-13  2.940E-13  3.547E-14
2.188E+01  5.751E-22  3.337E-13  2.983E-13  3.542E-14
2.168E+01  5.878E-22  3.380E-13  3.026E-13  3.533E-14
2.148E+01  6.011E-22  3.425E-13  3.072E-13  3.524E-14
2.128E+01  6.146E-22  3.469E-13  3.118E-13  3.519E-14
2.109E+01  6.286E-22  3.516E-13  3.164E-13  3.517E-14
2.089E+01  6.429E-22  3.563E-13  3.212E-13  3.513E-14
2.070E+01  6.575E-22  3.610E-13  3.260E-13  3.505E-14
2.051E+01  6.725E-22  3.659E-13  3.309E-13  3.496E-14
2.032E+01  6.881E-22  3.709E-13  3.360E-13  3.489E-14
2.014E+01  7.044E-22  3.763E-13  3.413E-13  3.495E-14
1.995E+01  7.215E-22  3.818E-13  3.469E-13  3.499E-14
1.977E+01  7.396E-22  3.879E-13  3.529E-13  3.499E-14
1.959E+01  7.587E-22  3.942E-13  3.593E-13  3.492E-14
1.941E+01  7.811E-22  4.021E-13  3.674E-13  3.477E-14
1.923E+01  8.109E-22  4.137E-13  3.791E-13  3.454E-14
1.905E+01  8.636E-22  4.365E-13  4.023E-13  3.423E-14
1.888E+01  9.108E-22  4.561E-13  4.223E-13  3.383E-14
1.871E+01  8.877E-22  4.405E-13  4.072E-13  3.334E-14
1.854E+01  8.931E-22  4.391E-13  4.064E-13  3.276E-14
1.837E+01  9.160E-22  4.462E-13  4.141E-13  3.210E-14
1.820E+01  9.510E-22  4.590E-13  4.277E-13  3.136E-14
1.803E+01  1.008E-21  4.819E-13  4.513E-13  3.056E-14
1.786E+01  1.093E-21  5.181E-13  4.883E-13  2.971E-14
1.770E+01  1.125E-21  5.281E-13  4.993E-13  2.880E-14
1.754E+01  1.215E-21  5.654E-13  5.376E-13  2.781E-14
1.738E+01  1.406E-21  6.480E-13  6.212E-13  2.680E-14
1.722E+01  1.409E-21  6.436E-13  6.178E-13  2.576E-14
1.706E+01  1.441E-21  6.521E-13  6.274E-13  2.474E-14
1.690E+01  1.428E-21  6.403E-13  6.166E-13  2.371E-14
1.675E+01  1.387E-21  6.163E-13  5.936E-13  2.269E-14
1.660E+01  1.429E-21  6.292E-13  6.075E-13  2.165E-14
1.644E+01  1.674E-21  7.301E-13  7.095E-13  2.063E-14
1.629E+01  1.307E-21  5.650E-13  5.453E-13  1.963E-14
1.614E+01  1.164E-21  4.983E-13  4.797E-13  1.868E-14
1.600E+01  1.122E-21  4.761E-13  4.584E-13  1.776E-14
1.585E+01  1.100E-21  4.624E-13  4.456E-13  1.687E-14
1.570E+01  1.072E-21  4.463E-13  4.303E-13  1.603E-14
1.556E+01  1.057E-21  4.364E-13  4.212E-13  1.522E-14
1.542E+01  1.051E-21  4.297E-13  4.152E-13  1.446E-14
1.528E+01  1.048E-21  4.247E-13  4.109E-13  1.374E-14
1.514E+01  1.049E-21  4.210E-13  4.079E-13  1.307E-14
1.500E+01  1.052E-21  4.185E-13  4.061E-13  1.245E-14
1.486E+01  1.059E-21  4.173E-13  4.055E-13  1.185E-14
1.472E+01  1.071E-21  4.182E-13  4.070E-13  1.128E-14
1.459E+01  1.092E-21  4.227E-13  4.119E-13  1.076E-14
1.445E+01  1.134E-21  4.347E-13  4.244E-13  1.030E-14
1.432E+01  1.220E-21  4.633E-13  4.534E-13  9.922E-15
1.419E+01  1.318E-21  4.961E-13  4.864E-13  9.625E-15
1.406E+01  1.283E-21  4.785E-13  4.691E-13  9.419E-15
1.393E+01  1.275E-21  4.712E-13  4.619E-13  9.316E-15
1.380E+01  1.346E-21  4.930E-13  4.837E-13  9.296E-15
1.368E+01  1.495E-21  5.425E-13  5.331E-13  9.367E-15
1.355E+01  1.684E-21  6.052E-13  5.957E-13  9.491E-15
1.343E+01  1.746E-21  6.218E-13  6.122E-13  9.653E-15
1.330E+01  1.666E-21  5.880E-13  5.781E-13  9.827E-15
1.318E+01  1.635E-21  5.717E-13  5.617E-13  1.002E-14
1.306E+01  1.731E-21  5.999E-13  5.897E-13  1.020E-14
1.294E+01  1.990E-21  6.832E-13  6.728E-13  1.040E-14
1.282E+01  2.458E-21  8.362E-13  8.256E-13  1.064E-14
1.271E+01  3.054E-21  1.029E-12  1.019E-12  1.090E-14
1.259E+01  3.267E-21  1.091E-12  1.080E-12  1.116E-14
1.247E+01  2.876E-21  9.517E-13  9.403E-13  1.142E-14
1.236E+01  2.467E-21  8.087E-13  7.970E-13  1.168E-14
1.225E+01  2.336E-21  7.587E-13  7.468E-13  1.191E-14
1.213E+01  2.460E-21  7.917E-13  7.795E-13  1.218E-14
1.202E+01  2.634E-21  8.400E-13  8.275E-13  1.249E-14
1.191E+01  2.552E-21  8.064E-13  7.936E-13  1.281E-14
1.180E+01  2.325E-21  7.278E-13  7.147E-13  1.312E-14
1.169E+01  2.273E-21  7.051E-13  6.917E-13  1.342E-14
1.159E+01  2.583E-21  7.940E-13  7.804E-13  1.366E-14
1.148E+01  3.493E-21  1.064E-12  1.050E-12  1.390E-14
1.138E+01  5.020E-21  1.515E-12  1.501E-12  1.418E-14
1.127E+01  6.698E-21  2.003E-12  1.988E-12  1.447E-14
1.117E+01  4.747E-21  1.406E-12  1.392E-12  1.480E-14
1.107E+01  2.459E-21  7.219E-13  7.068E-13  1.513E-14
1.096E+01  1.700E-21  4.945E-13  4.790E-13  1.544E-14
1.086E+01  1.351E-21  3.894E-13  3.736E-13  1.577E-14
1.076E+01  1.168E-21  3.335E-13  3.174E-13  1.616E-14
1.067E+01  1.061E-21  3.001E-13  2.835E-13  1.661E-14
1.057E+01  9.678E-22  2.713E-13  2.542E-13  1.711E-14
1.047E+01  9.067E-22  2.519E-13  2.343E-13  1.758E-14
1.038E+01  8.665E-22  2.385E-13  2.205E-13  1.793E-14
1.028E+01  8.386E-22  2.287E-13  2.105E-13  1.815E-14
1.019E+01  8.189E-22  2.213E-13  2.030E-13  1.823E-14
1.009E+01  8.058E-22  2.157E-13  1.975E-13  1.826E-14
1.000E+01  7.982E-22  2.117E-13  1.935E-13  1.828E-14
9.908E+00  7.958E-22  2.091E-13  1.908E-13  1.834E-14
9.817E+00  7.981E-22  2.078E-13  1.894E-13  1.843E-14
9.727E+00  8.052E-22  2.078E-13  1.892E-13  1.852E-14
9.638E+00  8.173E-22  2.090E-13  1.904E-13  1.860E-14
9.550E+00  8.348E-22  2.115E-13  1.929E-13  1.855E-14
9.462E+00  8.583E-22  2.154E-13  1.971E-13  1.833E-14
9.376E+00  8.895E-22  2.212E-13  2.033E-13  1.787E-14
9.290E+00  9.307E-22  2.294E-13  2.122E-13  1.718E-14
9.204E+00  9.864E-22  2.408E-13  2.246E-13  1.625E-14
9.120E+00  1.063E-21  2.573E-13  2.421E-13  1.516E-14
9.036E+00  1.174E-21  2.815E-13  2.675E-13  1.396E-14
8.954E+00  1.341E-21  3.184E-13  3.057E-13  1.276E-14
8.872E+00  1.604E-21  3.775E-13  3.659E-13  1.162E-14
8.790E+00  2.036E-21  4.747E-13  4.641E-13  1.059E-14
8.710E+00  2.696E-21  6.227E-13  6.131E-13  9.682E-15
8.630E+00  3.314E-21  7.587E-13  7.498E-13  8.894E-15
8.551E+00  3.245E-21  7.359E-13  7.277E-13  8.206E-15
8.472E+00  2.824E-21  6.345E-13  6.270E-13  7.566E-15
8.395E+00  2.610E-21  5.812E-13  5.742E-13  6.921E-15
8.318E+00  2.600E-21  5.738E-13  5.675E-13  6.235E-15
8.241E+00  2.717E-21  5.940E-13  5.885E-13  5.509E-15
8.166E+00  3.005E-21  6.510E-13  6.462E-13  4.764E-15
8.091E+00  3.552E-21  7.624E-13  7.583E-13  4.092E-15
8.017E+00  4.423E-21  9.405E-13  9.370E-13  3.490E-15
7.943E+00  5.561E-21  1.172E-12  1.169E-12  2.970E-15
7.870E+00  6.560E-21  1.369E-12  1.367E-12  2.523E-15
7.798E+00  6.921E-21  1.432E-12  1.430E-12  2.144E-15
7.727E+00  6.968E-21  1.428E-12  1.426E-12  1.833E-15
7.656E+00  7.191E-21  1.460E-12  1.459E-12  1.581E-15
7.586E+00  7.005E-21  1.410E-12  1.408E-12  1.379E-15
7.516E+00  5.897E-21  1.176E-12  1.175E-12  1.225E-15
7.447E+00  4.650E-21  9.185E-13  9.174E-13  1.113E-15
7.379E+00  3.733E-21  7.308E-13  7.297E-13  1.027E-15
7.311E+00  3.098E-21  6.009E-13  5.999E-13  9.683E-16
7.244E+00  2.634E-21  5.062E-13  5.052E-13  9.237E-16
7.178E+00  2.280E-21  4.340E-13  4.332E-13  8.881E-16
7.112E+00  2.007E-21  3.787E-13  3.778E-13  8.637E-16
7.047E+00  1.806E-21  3.375E-13  3.367E-13  8.458E-16
6.982E+00  1.669E-21  3.091E-13  3.083E-13  8.294E-16
6.918E+00  1.594E-21  2.925E-13  2.916E-13  8.160E-16
6.855E+00  1.575E-21  2.864E-13  2.856E-13  8.038E-16
6.792E+00  1.597E-21  2.876E-13  2.868E-13  7.921E-16
6.730E+00  1.619E-21  2.890E-13  2.882E-13  7.811E-16
6.668E+00  1.596E-21  2.823E-13  2.815E-13  7.703E-16
6.607E+00  1.528E-21  2.678E-13  2.670E-13  7.593E-16
6.546E+00  1.472E-21  2.557E-13  2.549E-13  7.484E-16
6.486E+00  1.502E-21  2.584E-13  2.577E-13  7.375E-16
6.427E+00  1.698E-21  2.895E-13  2.888E-13  7.264E-16
6.368E+00  2.215E-21  3.742E-13  3.735E-13  7.154E-16
6.310E+00  3.374E-21  5.648E-13  5.641E-13  7.040E-16
6.252E+00  5.250E-21  8.706E-13  8.699E-13  6.926E-16
6.194E+00  5.315E-21  8.734E-13  8.727E-13  6.811E-16
6.138E+00  3.310E-21  5.389E-13  5.383E-13  6.689E-16
6.081E+00  1.971E-21  3.179E-13  3.173E-13  6.571E-16
6.026E+00  1.312E-21  2.097E-13  2.091E-13  6.456E-16
5.970E+00  9.781E-22  1.549E-13  1.543E-13  6.344E-16
5.916E+00  8.037E-22  1.261E-13  1.255E-13  6.235E-16
5.861E+00  7.263E-22  1.129E-13  1.123E-13  6.131E-16
5.808E+00  7.323E-22  1.128E-13  1.122E-13  6.032E-16
5.754E+00  8.218E-22  1.254E-13  1.248E-13  5.936E-16
5.702E+00  8.848E-22  1.338E-13  1.332E-13  5.843E-16
5.649E+00  7.455E-22  1.117E-13  1.111E-13  5.755E-16
5.598E+00  5.672E-22  8.422E-14  8.365E-14  5.670E-16
5.546E+00  4.574E-22  6.729E-14  6.673E-14  5.589E-16
5.495E+00  3.991E-22  5.817E-14  5.762E-14  5.511E-16
5.445E+00  3.738E-22  5.399E-14  5.345E-14  5.437E-16
5.395E+00  3.778E-22  5.407E-14  5.353E-14  5.366E-16
5.346E+00  4.187E-22  5.937E-14  5.884E-14  5.297E-16
5.297E+00  4.862E-22  6.831E-14  6.779E-14  5.232E-16
5.248E+00  4.750E-22  6.613E-14  6.561E-14  5.168E-16
5.200E+00  3.767E-22  5.196E-14  5.145E-14  5.108E-16
5.152E+00  3.002E-22  4.102E-14  4.052E-14  5.050E-16
5.105E+00  2.558E-22  3.464E-14  3.414E-14  4.994E-16
5.058E+00  2.291E-22  3.074E-14  3.024E-14  4.940E-16
5.012E+00  2.115E-22  2.811E-14  2.762E-14  4.889E-16
4.966E+00  1.988E-22  2.619E-14  2.570E-14  4.841E-16
4.920E+00  1.891E-22  2.469E-14  2.421E-14  4.794E-16
4.875E+00  1.814E-22  2.346E-14  2.298E-14  4.748E-16
4.831E+00  1.750E-22  2.242E-14  2.195E-14  4.703E-16
4.786E+00  1.695E-22  2.152E-14  2.105E-14  4.659E-16
4.742E+00  1.648E-22  2.073E-14  2.027E-14  4.617E-16
4.699E+00  1.606E-22  2.002E-14  1.956E-14  4.576E-16
4.656E+00  1.569E-22  1.938E-14  1.893E-14  4.536E-16
4.613E+00  1.536E-22  1.880E-14  1.835E-14  4.497E-16
4.571E+00  1.506E-22  1.826E-14  1.782E-14  4.458E-16
4.529E+00  1.479E-22  1.777E-14  1.733E-14  4.420E-16
4.487E+00  1.454E-22  1.731E-14  1.687E-14  4.383E-16
4.446E+00  1.432E-22  1.689E-14  1.645E-14  4.347E-16
4.406E+00  1.411E-22  1.649E-14  1.606E-14  4.312E-16
4.365E+00  1.392E-22  1.612E-14  1.569E-14  4.278E-16
4.325E+00  1.374E-22  1.577E-14  1.534E-14  4.244E-16
4.285E+00  1.358E-22  1.544E-14  1.502E-14  4.211E-16
4.246E+00  1.344E-22  1.514E-14  1.472E-14  4.178E-16
4.207E+00  1.330E-22  1.485E-14  1.443E-14  4.144E-16
4.169E+00  1.318E-22  1.458E-14  1.417E-14  4.112E-16
4.130E+00  1.307E-22  1.432E-14  1.392E-14  4.079E-16
4.093E+00  1.297E-22  1.408E-14  1.368E-14  4.044E-16
4.055E+00  1.289E-22  1.386E-14  1.346E-14  4.008E-16
4.018E+00  1.281E-22  1.366E-14  1.326E-14  3.973E-16
3.981E+00  1.275E-22  1.347E-14  1.307E-14  3.938E-16
3.945E+00  1.271E-22  1.330E-14  1.291E-14  3.903E-16
3.908E+00  1.268E-22  1.314E-14  1.276E-14  3.867E-16
3.873E+00  1.267E-22  1.301E-14  1.263E-14  3.832E-16
3.837E+00  1.268E-22  1.291E-14  1.253E-14  3.798E-16
3.802E+00  1.272E-22  1.283E-14  1.245E-14  3.764E-16
3.767E+00  1.279E-22  1.278E-14  1.241E-14  3.729E-16
3.733E+00  1.290E-22  1.277E-14  1.240E-14  3.695E-16
3.698E+00  1.307E-22  1.282E-14  1.245E-14  3.661E-16
3.664E+00  1.330E-22  1.293E-14  1.257E-14  3.628E-16
3.631E+00  1.364E-22  1.314E-14  1.278E-14  3.594E-16
3.597E+00  1.411E-22  1.347E-14  1.311E-14  3.560E-16
3.565E+00  1.480E-22  1.399E-14  1.364E-14  3.527E-16
3.532E+00  1.580E-22  1.481E-14  1.446E-14  3.493E-16
3.499E+00  1.734E-22  1.610E-14  1.575E-14  3.459E-16
3.467E+00  1.984E-22  1.824E-14  1.790E-14  3.425E-16
3.436E+00  2.420E-22  2.205E-14  2.172E-14  3.392E-16
3.404E+00  3.282E-22  2.964E-14  2.930E-14  3.358E-16
3.373E+00  5.342E-22  4.779E-14  4.746E-14  3.324E-16
3.342E+00  1.216E-21  1.078E-13  1.075E-13  3.289E-16
3.311E+00  4.600E-21  4.040E-13  4.037E-13  3.255E-16
3.281E+00  3.141E-21  2.733E-13  2.730E-13  3.220E-16
3.251E+00  8.973E-22  7.737E-14  7.705E-14  3.184E-16
3.221E+00  4.285E-22  3.662E-14  3.630E-14  3.147E-16
3.192E+00  2.735E-22  2.315E-14  2.284E-14  3.111E-16
3.162E+00  2.050E-22  1.719E-14  1.689E-14  3.075E-16
3.133E+00  1.689E-22  1.404E-14  1.373E-14  3.039E-16
3.105E+00  1.476E-22  1.215E-14  1.185E-14  3.004E-16
3.076E+00  1.339E-22  1.092E-14  1.062E-14  2.970E-16
3.048E+00  1.244E-22  1.006E-14  9.767E-15  2.937E-16
3.020E+00  1.176E-22  9.424E-15  9.134E-15  2.904E-16
2.992E+00  1.125E-22  8.931E-15  8.644E-15  2.872E-16
2.965E+00  1.085E-22  8.535E-15  8.251E-15  2.839E-16
2.938E+00  1.053E-22  8.206E-15  7.926E-15  2.806E-16
2.911E+00  1.027E-22  7.926E-15  7.649E-15  2.774E-16
2.884E+00  1.004E-22  7.681E-15  7.407E-15  2.742E-16
2.858E+00  9.846E-23  7.463E-15  7.192E-15  2.710E-16
2.831E+00  9.675E-23  7.266E-15  6.998E-15  2.678E-16
2.805E+00  9.521E-23  7.085E-15  6.821E-15  2.646E-16
2.780E+00  9.382E-23  6.918E-15  6.656E-15  2.615E-16
2.754E+00  9.254E-23  6.761E-15  6.503E-15  2.583E-16
2.729E+00  9.135E-23  6.613E-15  6.357E-15  2.552E-16
2.704E+00  9.023E-23  6.472E-15  6.220E-15  2.521E-16
2.679E+00  8.917E-23  6.337E-15  6.088E-15  2.490E-16
2.655E+00  8.816E-23  6.208E-15  5.962E-15  2.459E-16
2.630E+00  8.718E-23  6.083E-15  5.840E-15  2.428E-16
2.606E+00  8.624E-23  5.962E-15  5.722E-15  2.398E-16
2.582E+00  8.533E-23  5.845E-15  5.608E-15  2.367E-16
2.559E+00  8.444E-23  5.731E-15  5.497E-15  2.337E-16
2.535E+00  8.356E-23  5.619E-15  5.388E-15  2.307E-16
2.512E+00  8.270E-23  5.510E-15  5.283E-15  2.278E-16
2.489E+00  8.185E-23  5.404E-15  5.179E-15  2.248E-16
2.466E+00  8.100E-23  5.299E-15  5.077E-15  2.219E-16
2.443E+00  8.015E-23  5.195E-15  4.976E-15  2.190E-16
2.421E+00  7.931E-23  5.094E-15  4.877E-15  2.162E-16
2.399E+00  7.849E-23  4.995E-15  4.781E-15  2.133E-16
2.377E+00  7.768E-23  4.897E-15  4.687E-15  2.105E-16
2.355E+00  7.687E-23  4.802E-15  4.594E-15  2.076E-16
2.333E+00  7.606E-23  4.708E-15  4.503E-15  2.048E-16
2.312E+00  7.525E-23  4.615E-15  4.413E-15  2.020E-16
2.291E+00  7.445E-23  4.524E-15  4.325E-15  1.992E-16
2.270E+00  7.364E-23  4.434E-15  4.238E-15  1.964E-16
2.249E+00  7.283E-23  4.345E-15  4.151E-15  1.936E-16
2.228E+00  7.201E-23  4.256E-15  4.066E-15  1.908E-16
2.208E+00  7.117E-23  4.168E-15  3.980E-15  1.881E-16
2.188E+00  7.032E-23  4.081E-15  3.895E-15  1.854E-16
2.168E+00  6.945E-23  3.993E-15  3.811E-15  1.827E-16
2.148E+00  6.855E-23  3.905E-15  3.725E-15  1.800E-16
2.128E+00  6.761E-23  3.816E-15  3.639E-15  1.773E-16
2.109E+00  6.662E-23  3.726E-15  3.551E-15  1.747E-16
2.089E+00  6.557E-23  3.634E-15  3.462E-15  1.721E-16
2.070E+00  6.444E-23  3.538E-15  3.369E-15  1.695E-16
2.051E+00  6.321E-23  3.439E-15  3.272E-15  1.669E-16
2.032E+00  6.185E-23  3.334E-15  3.170E-15  1.643E-16
2.014E+00  6.034E-23  3.223E-15  3.061E-15  1.617E-16
1.995E+00  5.864E-23  3.104E-15  2.944E-15  1.592E-16
1.977E+00  5.676E-23  2.976E-15  2.820E-15  1.567E-16
1.959E+00  5.475E-23  2.845E-15  2.691E-15  1.542E-16
1.941E+00  5.281E-23  2.719E-15  2.567E-15  1.517E-16
1.923E+00  5.128E-23  2.616E-15  2.466E-15  1.492E-16
1.905E+00  5.053E-23  2.554E-15  2.407E-15  1.468E-16
1.888E+00  5.069E-23  2.539E-15  2.394E-15  1.444E-16
1.871E+00  5.150E-23  2.555E-15  2.413E-15  1.420E-16
1.854E+00  5.251E-23  2.582E-15  2.442E-15  1.396E-16
1.837E+00  5.341E-23  2.602E-15  2.465E-15  1.372E-16
1.820E+00  5.406E-23  2.609E-15  2.474E-15  1.349E-16
1.803E+00  5.444E-23  2.604E-15  2.471E-15  1.326E-16
1.786E+00  5.461E-23  2.588E-15  2.458E-15  1.303E-16
1.770E+00  5.461E-23  2.564E-15  2.436E-15  1.280E-16
1.754E+00  5.448E-23  2.534E-15  2.409E-15  1.258E-16
1.738E+00  5.426E-23  2.501E-15  2.377E-15  1.236E-16
1.722E+00  5.397E-23  2.465E-15  2.344E-15  1.214E-16
1.706E+00  5.364E-23  2.428E-15  2.308E-15  1.193E-16
1.690E+00  5.328E-23  2.389E-15  2.272E-15  1.172E-16
1.675E+00  5.290E-23  2.350E-15  2.235E-15  1.151E-16
1.660E+00  5.251E-23  2.312E-15  2.199E-15  1.130E-16
1.644E+00  5.212E-23  2.273E-15  2.162E-15  1.109E-16
1.629E+00  5.172E-23  2.235E-15  2.127E-15  1.089E-16
1.614E+00  5.134E-23  2.199E-15  2.092E-15  1.068E-16
1.600E+00  5.097E-23  2.163E-15  2.058E-15  1.048E-16
1.585E+00  5.063E-23  2.128E-15  2.026E-15  1.028E-16
1.570E+00  5.031E-23  2.096E-15  1.995E-15  1.009E-16
1.556E+00  5.002E-23  2.064E-15  1.965E-15  9.891E-17
1.542E+00  4.977E-23  2.035E-15  1.938E-15  9.697E-17
1.528E+00  4.957E-23  2.008E-15  1.913E-15  9.505E-17
1.514E+00  4.942E-23  1.984E-15  1.891E-15  9.315E-17
1.500E+00  4.934E-23  1.963E-15  1.871E-15  9.127E-17
1.486E+00  4.933E-23  1.944E-15  1.855E-15  8.942E-17
1.472E+00  4.941E-23  1.930E-15  1.842E-15  8.758E-17
1.459E+00  4.960E-23  1.919E-15  1.833E-15  8.577E-17
1.445E+00  4.991E-23  1.914E-15  1.830E-15  8.398E-17
1.432E+00  5.037E-23  1.914E-15  1.831E-15  8.222E-17
1.419E+00  5.101E-23  1.920E-15  1.840E-15  8.047E-17
1.406E+00  5.186E-23  1.934E-15  1.855E-15  7.875E-17
1.393E+00  5.296E-23  1.957E-15  1.880E-15  7.705E-17
1.380E+00  5.437E-23  1.991E-15  1.916E-15  7.537E-17
1.368E+00  5.615E-23  2.037E-15  1.963E-15  7.371E-17
1.355E+00  5.835E-23  2.097E-15  2.025E-15  7.206E-17
1.343E+00  6.102E-23  2.174E-15  2.103E-15  7.044E-17
1.330E+00  6.420E-23  2.266E-15  2.197E-15  6.884E-17
1.318E+00  6.783E-23  2.372E-15  2.305E-15  6.726E-17
1.306E+00  7.169E-23  2.484E-15  2.418E-15  6.571E-17
1.294E+00  7.532E-23  2.586E-15  2.522E-15  6.418E-17
1.282E+00  7.798E-23  2.652E-15  2.590E-15  6.268E-17
1.271E+00  7.875E-23  2.654E-15  2.593E-15  6.120E-17
1.259E+00  7.700E-23  2.571E-15  2.512E-15  5.975E-17
1.247E+00  7.278E-23  2.408E-15  2.350E-15  5.832E-17
1.236E+00  6.690E-23  2.193E-15  2.136E-15  5.693E-17
1.225E+00  6.046E-23  1.964E-15  1.908E-15  5.557E-17
1.213E+00  5.437E-23  1.750E-15  1.696E-15  5.422E-17
1.202E+00  4.911E-23  1.566E-15  1.513E-15  5.290E-17
1.191E+00  4.483E-23  1.417E-15  1.365E-15  5.159E-17
1.180E+00  4.152E-23  1.300E-15  1.250E-15  5.031E-17
1.169E+00  3.907E-23  1.212E-15  1.163E-15  4.904E-17
1.159E+00  3.740E-23  1.150E-15  1.102E-15  4.780E-17
1.148E+00  3.645E-23  1.110E-15  1.063E-15  4.658E-17
1.138E+00  3.620E-23  1.093E-15  1.047E-15  4.538E-17
1.127E+00  3.674E-23  1.099E-15  1.054E-15  4.419E-17
1.117E+00  3.822E-23  1.132E-15  1.089E-15  4.303E-17
1.107E+00  4.093E-23  1.201E-15  1.160E-15  4.189E-17
1.096E+00  4.536E-23  1.319E-15  1.278E-15  4.077E-17
1.086E+00  5.220E-23  1.504E-15  1.465E-15  3.967E-17
1.076E+00  6.216E-23  1.775E-15  1.736E-15  3.859E-17
1.067E+00  7.465E-23  2.112E-15  2.074E-15  3.753E-17
1.057E+00  8.464E-23  2.373E-15  2.336E-15  3.649E-17
1.047E+00  8.294E-23  2.304E-15  2.268E-15  3.547E-17
1.038E+00  6.878E-23  1.893E-15  1.859E-15  3.447E-17
1.028E+00  5.210E-23  1.421E-15  1.387E-15  3.349E-17
1.019E+00  3.916E-23  1.058E-15  1.025E-15  3.252E-17
1.009E+00  3.040E-23  8.137E-16  7.822E-16  3.158E-17
1.000E+00  2.459E-23  6.522E-16  6.216E-16  3.066E-17
