Dust emission spectrum from Draine,B.T., & Li, A. (2007), ApJ, in press [astro-ph/0608003]
==========================================================
         7 = grain model
 4.000E-08 4.000E-01 4.500E-05 = a_01 (cm) , sigma_1 , b_C1
 2.000E-07 5.500E-01 1.500E-05 = a_02 (cm) , sigma_2 , b_C2
 1.000E+01 1.000E+01 1.000E+00 = Umin , Umax, beta (dN/dU propto U^{-beta})
 1.000E+01 = <U>       mmp83 = radfield
 2.000E-06 1.000E+00 = a_{min} (cm), a_{max} (cm)
 2.812E-23 1.689E-23 1.123E-23 = P(tot)  P(carb)  P(sil) (erg s-1 H-1)
 band     <nu*P_nu> <j_nu(tot)><j_nu(carb)><j_nu(sil)>
 (um)   (erg s-1 H-1)(Jy/(sr*H))(Jy/(sr*H))(Jy/(sr*H))
1.270E+00  3.772E-73  1.271E-65  1.271E-65  0.000E+00 COBE-DIRBE
2.220E+00  2.930E-73  1.725E-65  1.725E-65  7.065E-95 COBE-DIRBE
3.530E+00  1.789E-62  1.676E-54  1.676E-54  1.340E-64 COBE-DIRBE
4.880E+00  4.314E-53  5.584E-45  5.584E-45  5.349E-53 COBE-DIRBE
1.229E+01  5.970E-31  1.946E-22  1.929E-22  1.752E-24 COBE-DIRBE
2.079E+01  8.951E-27  4.936E-18  4.817E-18  1.196E-19 COBE-DIRBE
5.599E+01  1.483E-23  2.203E-14  1.742E-14  4.607E-15 COBE-DIRBE
9.770E+01  2.190E-23  5.675E-14  3.100E-14  2.575E-14 COBE-DIRBE
1.479E+02  1.363E-23  5.346E-14  2.368E-14  2.978E-14 COBE-DIRBE
2.479E+02  3.427E-24  2.253E-14  7.596E-15  1.493E-14 COBE-DIRBE
1.200E+01  3.361E-32  1.070E-23  1.066E-23  3.657E-26 IRAS
2.500E+01  6.199E-26  4.111E-17  4.014E-17  9.625E-19 IRAS
6.000E+01  1.624E-23  2.584E-14  1.956E-14  6.287E-15 IRAS
1.000E+02  2.168E-23  5.752E-14  3.086E-14  2.666E-14 IRAS
3.550E+00  1.391E-63  1.310E-55  1.310E-55  7.136E-66 SST-IRAC
4.493E+00  9.916E-55  1.182E-46  1.182E-46  4.875E-55 SST-IRAC
5.731E+00  2.170E-47  3.298E-39  3.298E-39  8.960E-46 SST-IRAC
7.872E+00  6.212E-39  1.297E-30  1.297E-30  4.098E-34 SST-IRAC
2.368E+01  2.905E-26  1.825E-17  1.781E-17  4.357E-19 SST-MIPS
7.142E+01  1.942E-23  3.678E-14  2.528E-14  1.150E-14 SST-MIPS
1.559E+02  1.148E-23  4.747E-14  2.016E-14  2.731E-14 SST-MIPS
1.600E+01  3.953E-27  1.678E-18  1.638E-18  3.941E-20 SST-IRSPU
2.200E+01  2.681E-26  1.565E-17  1.527E-17  3.718E-19 SST-IRSPU
7.500E+01  1.672E-23  3.325E-14  2.301E-14  1.024E-14 Herschel-PACS
1.100E+02  1.579E-23  4.607E-14  2.442E-14  2.165E-14 Herschel-PACS
1.700E+02  8.700E-24  3.923E-14  1.661E-14  2.262E-14 Herschel-PACS
2.500E+02  2.862E-24  1.898E-14  6.241E-15  1.274E-14 Herschel-SPIRE
3.600E+02  7.211E-25  6.886E-15  2.183E-15  4.703E-15 Herschel-SPIRE
5.200E+02  1.646E-25  2.270E-15  7.027E-16  1.568E-15 Herschel-SPIRE
2.400E+00  8.028E-55  5.111E-47  5.111E-47  7.068E-55 Akari IRC NIR N2
3.200E+00  6.333E-55  5.375E-47  5.375E-47  7.392E-55 Akari IRC NIR N3
4.100E+00  4.248E-53  4.620E-45  4.620E-45  6.452E-53 Akari IRC NIR N4
7.000E+00  1.619E-31  3.006E-23  2.947E-23  5.884E-25 Akari IRC MIR-S S7
9.000E+00  4.894E-32  1.168E-23  1.144E-23  2.420E-25 Akari IRC MIR-S S9W
1.100E+01  1.168E-31  3.407E-23  3.345E-23  6.133E-25 Akari IRC MIR-S S11
1.500E+01  2.778E-28  1.105E-19  1.079E-19  2.613E-21 Akari IRC MIR-L L15
1.800E+01  4.900E-27  2.340E-18  2.283E-18  5.722E-20 Akari IRC MIR-L L18W
2.400E+01  1.410E-26  8.979E-18  8.760E-18  2.191E-19 Akari IRC MIR-L L24
6.500E+01  1.964E-23  3.386E-14  2.451E-14  9.349E-15 Akari FIS N60
8.000E+01  2.187E-23  4.641E-14  2.772E-14  1.869E-14 Akari FIS WIDE-S
1.400E+02  1.363E-23  5.061E-14  2.237E-14  2.825E-14 Akari FIS WIDE-L
1.600E+02  1.082E-23  4.593E-14  1.885E-14  2.708E-14 Akari FIS N160






lambda    nu*dP/dnu     j_nu    j_nu(carb.) j_nu(sil)
 (um)    (erg/(s*H)) (Jy/(sr*H) (Jy/(sr*H)) (Jy/(sr*H)
1.000E+04  7.160E-31  1.899E-19  3.322E-20  1.567E-19
9.908E+03  7.422E-31  1.951E-19  3.421E-20  1.609E-19
9.817E+03  7.694E-31  2.004E-19  3.523E-20  1.651E-19
9.727E+03  7.975E-31  2.058E-19  3.627E-20  1.695E-19
9.638E+03  8.268E-31  2.114E-19  3.735E-20  1.740E-19
9.550E+03  8.570E-31  2.171E-19  3.847E-20  1.786E-19
9.462E+03  8.884E-31  2.230E-19  3.961E-20  1.834E-19
9.376E+03  9.210E-31  2.290E-19  4.079E-20  1.882E-19
9.290E+03  9.547E-31  2.353E-19  4.201E-20  1.932E-19
9.204E+03  9.897E-31  2.416E-19  4.327E-20  1.984E-19
9.120E+03  1.026E-30  2.482E-19  4.456E-20  2.036E-19
9.036E+03  1.064E-30  2.549E-19  4.589E-20  2.090E-19
8.954E+03  1.102E-30  2.618E-19  4.726E-20  2.146E-19
8.872E+03  1.143E-30  2.689E-19  4.867E-20  2.202E-19
8.790E+03  1.184E-30  2.761E-19  5.013E-20  2.260E-19
8.710E+03  1.227E-30  2.836E-19  5.163E-20  2.319E-19
8.630E+03  1.272E-30  2.912E-19  5.317E-20  2.380E-19
8.551E+03  1.319E-30  2.991E-19  5.477E-20  2.443E-19
8.472E+03  1.367E-30  3.072E-19  5.641E-20  2.508E-19
8.395E+03  1.417E-30  3.155E-19  5.810E-20  2.574E-19
8.318E+03  1.469E-30  3.240E-19  5.984E-20  2.642E-19
8.241E+03  1.523E-30  3.328E-19  6.164E-20  2.712E-19
8.166E+03  1.578E-30  3.419E-19  6.349E-20  2.784E-19
8.091E+03  1.636E-30  3.512E-19  6.539E-20  2.858E-19
8.017E+03  1.696E-30  3.607E-19  6.736E-20  2.933E-19
7.943E+03  1.758E-30  3.705E-19  6.938E-20  3.011E-19
7.870E+03  1.823E-30  3.806E-19  7.147E-20  3.091E-19
7.798E+03  1.890E-30  3.910E-19  7.362E-20  3.174E-19
7.727E+03  1.960E-30  4.016E-19  7.584E-20  3.258E-19
7.656E+03  2.032E-30  4.126E-19  7.812E-20  3.345E-19
7.586E+03  2.107E-30  4.239E-19  8.047E-20  3.434E-19
7.516E+03  2.184E-30  4.355E-19  8.290E-20  3.526E-19
7.447E+03  2.265E-30  4.474E-19  8.540E-20  3.620E-19
7.379E+03  2.348E-30  4.597E-19  8.798E-20  3.717E-19
7.311E+03  2.435E-30  4.723E-19  9.063E-20  3.816E-19
7.244E+03  2.525E-30  4.852E-19  9.337E-20  3.918E-19
7.178E+03  2.618E-30  4.985E-19  9.619E-20  4.023E-19
7.112E+03  2.715E-30  5.122E-19  9.910E-20  4.131E-19
7.047E+03  2.816E-30  5.263E-19  1.021E-19  4.242E-19
6.982E+03  2.920E-30  5.408E-19  1.052E-19  4.356E-19
6.918E+03  3.028E-30  5.557E-19  1.084E-19  4.473E-19
6.855E+03  3.140E-30  5.709E-19  1.117E-19  4.593E-19
6.792E+03  3.256E-30  5.866E-19  1.150E-19  4.716E-19
6.730E+03  3.377E-30  6.028E-19  1.185E-19  4.843E-19
6.668E+03  3.502E-30  6.194E-19  1.221E-19  4.973E-19
6.607E+03  3.632E-30  6.365E-19  1.258E-19  5.107E-19
6.546E+03  3.767E-30  6.541E-19  1.296E-19  5.245E-19
6.486E+03  3.907E-30  6.722E-19  1.336E-19  5.386E-19
6.427E+03  4.052E-30  6.908E-19  1.376E-19  5.532E-19
6.368E+03  4.203E-30  7.099E-19  1.418E-19  5.681E-19
6.310E+03  4.359E-30  7.296E-19  1.461E-19  5.835E-19
6.252E+03  4.522E-30  7.499E-19  1.506E-19  5.993E-19
6.194E+03  4.690E-30  7.707E-19  1.552E-19  6.155E-19
6.138E+03  4.865E-30  7.921E-19  1.599E-19  6.322E-19
6.081E+03  5.047E-30  8.141E-19  1.648E-19  6.494E-19
6.026E+03  5.236E-30  8.368E-19  1.698E-19  6.670E-19
5.970E+03  5.431E-30  8.601E-19  1.750E-19  6.852E-19
5.916E+03  5.634E-30  8.841E-19  1.803E-19  7.038E-19
5.861E+03  5.845E-30  9.088E-19  1.858E-19  7.230E-19
5.808E+03  6.064E-30  9.342E-19  1.915E-19  7.427E-19
5.754E+03  6.291E-30  9.603E-19  1.974E-19  7.630E-19
5.702E+03  6.527E-30  9.872E-19  2.034E-19  7.838E-19
5.649E+03  6.772E-30  1.015E-18  2.096E-19  8.052E-19
5.598E+03  7.027E-30  1.043E-18  2.160E-19  8.273E-19
5.546E+03  7.291E-30  1.073E-18  2.227E-19  8.499E-19
5.495E+03  7.565E-30  1.103E-18  2.295E-19  8.732E-19
5.445E+03  7.849E-30  1.134E-18  2.365E-19  8.972E-19
5.395E+03  8.145E-30  1.166E-18  2.438E-19  9.218E-19
5.346E+03  8.452E-30  1.198E-18  2.513E-19  9.472E-19
5.297E+03  8.770E-30  1.232E-18  2.590E-19  9.732E-19
5.248E+03  9.101E-30  1.267E-18  2.669E-19  1.000E-18
5.200E+03  9.444E-30  1.303E-18  2.751E-19  1.028E-18
5.152E+03  9.801E-30  1.339E-18  2.836E-19  1.056E-18
5.105E+03  1.017E-29  1.377E-18  2.923E-19  1.085E-18
5.058E+03  1.056E-29  1.416E-18  3.013E-19  1.115E-18
5.012E+03  1.095E-29  1.456E-18  3.106E-19  1.146E-18
4.966E+03  1.137E-29  1.498E-18  3.201E-19  1.177E-18
4.920E+03  1.180E-29  1.540E-18  3.300E-19  1.210E-18
4.875E+03  1.225E-29  1.584E-18  3.402E-19  1.243E-18
4.831E+03  1.271E-29  1.629E-18  3.507E-19  1.278E-18
4.786E+03  1.319E-29  1.675E-18  3.615E-19  1.313E-18
4.742E+03  1.369E-29  1.722E-18  3.727E-19  1.350E-18
4.699E+03  1.421E-29  1.771E-18  3.842E-19  1.387E-18
4.656E+03  1.475E-29  1.822E-18  3.961E-19  1.426E-18
4.613E+03  1.531E-29  1.874E-18  4.083E-19  1.465E-18
4.571E+03  1.590E-29  1.927E-18  4.209E-19  1.506E-18
4.529E+03  1.650E-29  1.982E-18  4.340E-19  1.548E-18
4.487E+03  1.713E-29  2.039E-18  4.474E-19  1.591E-18
4.446E+03  1.778E-29  2.097E-18  4.613E-19  1.636E-18
4.406E+03  1.846E-29  2.157E-18  4.756E-19  1.682E-18
4.365E+03  1.917E-29  2.219E-18  4.903E-19  1.729E-18
4.325E+03  1.990E-29  2.283E-18  5.055E-19  1.777E-18
4.285E+03  2.066E-29  2.348E-18  5.212E-19  1.827E-18
4.246E+03  2.145E-29  2.416E-18  5.374E-19  1.878E-18
4.207E+03  2.227E-29  2.485E-18  5.541E-19  1.931E-18
4.169E+03  2.312E-29  2.557E-18  5.713E-19  1.985E-18
4.130E+03  2.401E-29  2.630E-18  5.891E-19  2.041E-18
4.093E+03  2.493E-29  2.706E-18  6.074E-19  2.099E-18
4.055E+03  2.589E-29  2.784E-18  6.263E-19  2.158E-18
4.018E+03  2.688E-29  2.865E-18  6.458E-19  2.219E-18
3.981E+03  2.791E-29  2.947E-18  6.660E-19  2.282E-18
3.945E+03  2.898E-29  3.033E-18  6.867E-19  2.346E-18
3.908E+03  3.010E-29  3.120E-18  7.081E-19  2.412E-18
3.873E+03  3.125E-29  3.210E-18  7.302E-19  2.480E-18
3.837E+03  3.246E-29  3.303E-18  7.530E-19  2.550E-18
3.802E+03  3.370E-29  3.399E-18  7.765E-19  2.623E-18
3.767E+03  3.500E-29  3.498E-18  8.008E-19  2.697E-18
3.733E+03  3.635E-29  3.599E-18  8.258E-19  2.773E-18
3.698E+03  3.776E-29  3.704E-18  8.516E-19  2.852E-18
3.664E+03  3.921E-29  3.812E-18  8.783E-19  2.933E-18
3.631E+03  4.073E-29  3.923E-18  9.057E-19  3.017E-18
3.597E+03  4.231E-29  4.037E-18  9.341E-19  3.103E-18
3.565E+03  4.394E-29  4.155E-18  9.633E-19  3.192E-18
3.532E+03  4.565E-29  4.276E-18  9.935E-19  3.283E-18
3.499E+03  4.742E-29  4.401E-18  1.025E-18  3.377E-18
3.467E+03  4.926E-29  4.530E-18  1.057E-18  3.473E-18
3.436E+03  5.117E-29  4.663E-18  1.090E-18  3.573E-18
3.404E+03  5.316E-29  4.800E-18  1.124E-18  3.676E-18
3.373E+03  5.522E-29  4.941E-18  1.159E-18  3.781E-18
3.342E+03  5.737E-29  5.086E-18  1.196E-18  3.890E-18
3.311E+03  5.961E-29  5.235E-18  1.233E-18  4.002E-18
3.281E+03  6.193E-29  5.390E-18  1.272E-18  4.117E-18
3.251E+03  6.434E-29  5.548E-18  1.312E-18  4.236E-18
3.221E+03  6.685E-29  5.712E-18  1.353E-18  4.359E-18
3.192E+03  6.946E-29  5.881E-18  1.396E-18  4.485E-18
3.162E+03  7.218E-29  6.054E-18  1.440E-18  4.614E-18
3.133E+03  7.500E-29  6.233E-18  1.485E-18  4.748E-18
3.105E+03  7.793E-29  6.418E-18  1.532E-18  4.886E-18
3.076E+03  8.099E-29  6.608E-18  1.580E-18  5.028E-18
3.048E+03  8.416E-29  6.804E-18  1.630E-18  5.174E-18
3.020E+03  8.746E-29  7.006E-18  1.682E-18  5.324E-18
2.992E+03  9.088E-29  7.214E-18  1.735E-18  5.479E-18
2.965E+03  9.444E-29  7.427E-18  1.789E-18  5.638E-18
2.938E+03  9.814E-29  7.647E-18  1.846E-18  5.801E-18
2.911E+03  1.020E-28  7.874E-18  1.904E-18  5.970E-18
2.884E+03  1.060E-28  8.108E-18  1.964E-18  6.143E-18
2.858E+03  1.101E-28  8.349E-18  2.026E-18  6.322E-18
2.831E+03  1.145E-28  8.597E-18  2.090E-18  6.507E-18
2.805E+03  1.190E-28  8.853E-18  2.157E-18  6.696E-18
2.780E+03  1.236E-28  9.117E-18  2.225E-18  6.892E-18
2.754E+03  1.285E-28  9.389E-18  2.295E-18  7.093E-18
2.729E+03  1.336E-28  9.669E-18  2.368E-18  7.301E-18
2.704E+03  1.388E-28  9.958E-18  2.443E-18  7.515E-18
2.679E+03  1.443E-28  1.026E-17  2.520E-18  7.736E-18
2.655E+03  1.500E-28  1.056E-17  2.600E-18  7.963E-18
2.630E+03  1.559E-28  1.088E-17  2.682E-18  8.197E-18
2.606E+03  1.621E-28  1.121E-17  2.767E-18  8.438E-18
2.582E+03  1.685E-28  1.154E-17  2.855E-18  8.687E-18
2.559E+03  1.752E-28  1.189E-17  2.946E-18  8.943E-18
2.535E+03  1.821E-28  1.225E-17  3.039E-18  9.207E-18
2.512E+03  1.893E-28  1.261E-17  3.136E-18  9.479E-18
2.489E+03  1.968E-28  1.299E-17  3.235E-18  9.759E-18
2.466E+03  2.046E-28  1.339E-17  3.338E-18  1.005E-17
2.443E+03  2.128E-28  1.379E-17  3.444E-18  1.035E-17
2.421E+03  2.212E-28  1.421E-17  3.553E-18  1.065E-17
2.399E+03  2.300E-28  1.463E-17  3.666E-18  1.097E-17
2.377E+03  2.391E-28  1.508E-17  3.783E-18  1.129E-17
2.355E+03  2.487E-28  1.553E-17  3.903E-18  1.163E-17
2.333E+03  2.586E-28  1.600E-17  4.027E-18  1.198E-17
2.312E+03  2.689E-28  1.649E-17  4.155E-18  1.233E-17
2.291E+03  2.796E-28  1.699E-17  4.287E-18  1.270E-17
2.270E+03  2.907E-28  1.750E-17  4.424E-18  1.308E-17
2.249E+03  3.023E-28  1.804E-17  4.565E-18  1.347E-17
2.228E+03  3.144E-28  1.858E-17  4.710E-18  1.387E-17
2.208E+03  3.269E-28  1.915E-17  4.860E-18  1.429E-17
2.188E+03  3.400E-28  1.973E-17  5.015E-18  1.472E-17
2.168E+03  3.536E-28  2.033E-17  5.174E-18  1.516E-17
2.148E+03  3.677E-28  2.095E-17  5.339E-18  1.561E-17
2.128E+03  3.824E-28  2.159E-17  5.510E-18  1.608E-17
2.109E+03  3.978E-28  2.225E-17  5.685E-18  1.656E-17
2.089E+03  4.137E-28  2.293E-17  5.866E-18  1.706E-17
2.070E+03  4.303E-28  2.363E-17  6.054E-18  1.757E-17
2.051E+03  4.475E-28  2.435E-17  6.247E-18  1.810E-17
2.032E+03  4.654E-28  2.509E-17  6.446E-18  1.865E-17
2.014E+03  4.841E-28  2.586E-17  6.652E-18  1.921E-17
1.995E+03  5.035E-28  2.665E-17  6.864E-18  1.979E-17
1.977E+03  5.237E-28  2.746E-17  7.083E-18  2.038E-17
1.959E+03  5.447E-28  2.831E-17  7.309E-18  2.100E-17
1.941E+03  5.666E-28  2.917E-17  7.542E-18  2.163E-17
1.923E+03  5.894E-28  3.007E-17  7.783E-18  2.228E-17
1.905E+03  6.131E-28  3.099E-17  8.032E-18  2.295E-17
1.888E+03  6.377E-28  3.194E-17  8.288E-18  2.365E-17
1.871E+03  6.634E-28  3.292E-17  8.553E-18  2.436E-17
1.854E+03  6.900E-28  3.393E-17  8.826E-18  2.510E-17
1.837E+03  7.178E-28  3.497E-17  9.108E-18  2.586E-17
1.820E+03  7.467E-28  3.604E-17  9.399E-18  2.664E-17
1.803E+03  7.768E-28  3.715E-17  9.700E-18  2.745E-17
1.786E+03  8.081E-28  3.829E-17  1.001E-17  2.828E-17
1.770E+03  8.406E-28  3.947E-17  1.033E-17  2.914E-17
1.754E+03  8.745E-28  4.069E-17  1.066E-17  3.003E-17
1.738E+03  9.098E-28  4.194E-17  1.100E-17  3.094E-17
1.722E+03  9.465E-28  4.323E-17  1.135E-17  3.188E-17
1.706E+03  9.847E-28  4.456E-17  1.172E-17  3.285E-17
1.690E+03  1.024E-27  4.593E-17  1.209E-17  3.384E-17
1.675E+03  1.066E-27  4.735E-17  1.248E-17  3.487E-17
1.660E+03  1.109E-27  4.881E-17  1.288E-17  3.593E-17
1.644E+03  1.154E-27  5.031E-17  1.329E-17  3.703E-17
1.629E+03  1.200E-27  5.187E-17  1.371E-17  3.815E-17
1.614E+03  1.249E-27  5.347E-17  1.415E-17  3.931E-17
1.600E+03  1.299E-27  5.512E-17  1.460E-17  4.051E-17
1.585E+03  1.351E-27  5.682E-17  1.507E-17  4.175E-17
1.570E+03  1.406E-27  5.857E-17  1.555E-17  4.302E-17
1.556E+03  1.463E-27  6.038E-17  1.605E-17  4.433E-17
1.542E+03  1.522E-27  6.224E-17  1.657E-17  4.568E-17
1.528E+03  1.584E-27  6.417E-17  1.710E-17  4.707E-17
1.514E+03  1.648E-27  6.615E-17  1.764E-17  4.850E-17
1.500E+03  1.714E-27  6.819E-17  1.821E-17  4.998E-17
1.486E+03  1.784E-27  7.030E-17  1.879E-17  5.151E-17
1.472E+03  1.856E-27  7.247E-17  1.939E-17  5.308E-17
1.459E+03  1.931E-27  7.471E-17  2.001E-17  5.470E-17
1.445E+03  2.009E-27  7.703E-17  2.065E-17  5.637E-17
1.432E+03  2.090E-27  7.941E-17  2.131E-17  5.810E-17
1.419E+03  2.175E-27  8.187E-17  2.199E-17  5.987E-17
1.406E+03  2.263E-27  8.440E-17  2.270E-17  6.170E-17
1.393E+03  2.355E-27  8.701E-17  2.342E-17  6.359E-17
1.380E+03  2.450E-27  8.970E-17  2.417E-17  6.553E-17
1.368E+03  2.549E-27  9.248E-17  2.495E-17  6.753E-17
1.355E+03  2.652E-27  9.534E-17  2.575E-17  6.960E-17
1.343E+03  2.760E-27  9.829E-17  2.657E-17  7.173E-17
1.330E+03  2.871E-27  1.013E-16  2.742E-17  7.392E-17
1.318E+03  2.988E-27  1.045E-16  2.830E-17  7.618E-17
1.306E+03  3.109E-27  1.077E-16  2.920E-17  7.851E-17
1.294E+03  3.234E-27  1.110E-16  3.013E-17  8.090E-17
1.282E+03  3.365E-27  1.145E-16  3.110E-17  8.338E-17
1.271E+03  3.502E-27  1.180E-16  3.209E-17  8.592E-17
1.259E+03  3.643E-27  1.217E-16  3.312E-17  8.855E-17
1.247E+03  3.791E-27  1.254E-16  3.418E-17  9.125E-17
1.236E+03  3.944E-27  1.293E-16  3.527E-17  9.403E-17
1.225E+03  4.104E-27  1.333E-16  3.640E-17  9.690E-17
1.213E+03  4.270E-27  1.374E-16  3.756E-17  9.986E-17
1.202E+03  4.442E-27  1.417E-16  3.876E-17  1.029E-16
1.191E+03  4.622E-27  1.460E-16  4.000E-17  1.060E-16
1.180E+03  4.808E-27  1.505E-16  4.128E-17  1.093E-16
1.169E+03  5.003E-27  1.552E-16  4.260E-17  1.126E-16
1.159E+03  5.205E-27  1.600E-16  4.396E-17  1.160E-16
1.148E+03  5.415E-27  1.649E-16  4.536E-17  1.196E-16
1.138E+03  5.634E-27  1.700E-16  4.681E-17  1.232E-16
1.127E+03  5.861E-27  1.752E-16  4.830E-17  1.269E-16
1.117E+03  6.098E-27  1.806E-16  4.984E-17  1.308E-16
1.107E+03  6.344E-27  1.862E-16  5.144E-17  1.348E-16
1.096E+03  6.600E-27  1.919E-16  5.308E-17  1.389E-16
1.086E+03  6.866E-27  1.979E-16  5.477E-17  1.431E-16
1.076E+03  7.142E-27  2.039E-16  5.652E-17  1.474E-16
1.067E+03  7.430E-27  2.102E-16  5.832E-17  1.519E-16
1.057E+03  7.729E-27  2.167E-16  6.018E-17  1.565E-16
1.047E+03  8.040E-27  2.233E-16  6.210E-17  1.612E-16
1.038E+03  8.364E-27  2.302E-16  6.408E-17  1.661E-16
1.028E+03  8.700E-27  2.372E-16  6.612E-17  1.711E-16
1.019E+03  9.050E-27  2.445E-16  6.822E-17  1.763E-16
1.009E+03  9.413E-27  2.520E-16  7.040E-17  1.816E-16
1.000E+03  9.791E-27  2.597E-16  7.264E-17  1.871E-16
9.908E+02  1.018E-26  2.677E-16  7.495E-17  1.927E-16
9.817E+02  1.059E-26  2.759E-16  7.733E-17  1.986E-16
9.727E+02  1.102E-26  2.843E-16  7.979E-17  2.046E-16
9.638E+02  1.146E-26  2.931E-16  8.233E-17  2.107E-16
9.550E+02  1.192E-26  3.020E-16  8.495E-17  2.171E-16
9.462E+02  1.240E-26  3.113E-16  8.765E-17  2.236E-16
9.376E+02  1.290E-26  3.208E-16  9.043E-17  2.303E-16
9.290E+02  1.341E-26  3.306E-16  9.331E-17  2.373E-16
9.204E+02  1.395E-26  3.406E-16  9.627E-17  2.444E-16
9.120E+02  1.451E-26  3.510E-16  9.933E-17  2.517E-16
9.036E+02  1.509E-26  3.617E-16  1.025E-16  2.592E-16
8.954E+02  1.569E-26  3.727E-16  1.057E-16  2.670E-16
8.872E+02  1.632E-26  3.841E-16  1.091E-16  2.750E-16
8.790E+02  1.697E-26  3.957E-16  1.125E-16  2.832E-16
8.710E+02  1.765E-26  4.077E-16  1.161E-16  2.916E-16
8.630E+02  1.835E-26  4.201E-16  1.198E-16  3.003E-16
8.551E+02  1.908E-26  4.328E-16  1.236E-16  3.092E-16
8.472E+02  1.984E-26  4.459E-16  1.275E-16  3.184E-16
8.395E+02  2.063E-26  4.593E-16  1.315E-16  3.278E-16
8.318E+02  2.145E-26  4.732E-16  1.357E-16  3.375E-16
8.241E+02  2.230E-26  4.874E-16  1.400E-16  3.475E-16
8.166E+02  2.318E-26  5.021E-16  1.444E-16  3.577E-16
8.091E+02  2.410E-26  5.172E-16  1.490E-16  3.682E-16
8.017E+02  2.505E-26  5.327E-16  1.537E-16  3.791E-16
7.943E+02  2.604E-26  5.487E-16  1.585E-16  3.902E-16
7.870E+02  2.707E-26  5.651E-16  1.635E-16  4.016E-16
7.798E+02  2.814E-26  5.821E-16  1.687E-16  4.134E-16
7.727E+02  2.925E-26  5.995E-16  1.740E-16  4.255E-16
7.656E+02  3.040E-26  6.174E-16  1.795E-16  4.379E-16
7.586E+02  3.160E-26  6.358E-16  1.851E-16  4.507E-16
7.516E+02  3.284E-26  6.547E-16  1.910E-16  4.638E-16
7.447E+02  3.413E-26  6.743E-16  1.970E-16  4.773E-16
7.379E+02  3.548E-26  6.944E-16  2.032E-16  4.913E-16
7.311E+02  3.687E-26  7.151E-16  2.095E-16  5.056E-16
7.244E+02  3.833E-26  7.365E-16  2.161E-16  5.204E-16
7.178E+02  3.983E-26  7.585E-16  2.229E-16  5.355E-16
7.112E+02  4.140E-26  7.811E-16  2.299E-16  5.512E-16
7.047E+02  4.303E-26  8.044E-16  2.371E-16  5.672E-16
6.982E+02  4.472E-26  8.283E-16  2.445E-16  5.838E-16
6.918E+02  4.648E-26  8.530E-16  2.522E-16  6.008E-16
6.855E+02  4.831E-26  8.784E-16  2.601E-16  6.183E-16
6.792E+02  5.020E-26  9.045E-16  2.682E-16  6.362E-16
6.730E+02  5.217E-26  9.313E-16  2.766E-16  6.547E-16
6.668E+02  5.421E-26  9.588E-16  2.853E-16  6.736E-16
6.607E+02  5.633E-26  9.872E-16  2.942E-16  6.931E-16
6.546E+02  5.854E-26  1.017E-15  3.033E-16  7.132E-16
6.486E+02  6.084E-26  1.047E-15  3.128E-16  7.340E-16
6.427E+02  6.323E-26  1.078E-15  3.226E-16  7.554E-16
6.368E+02  6.571E-26  1.110E-15  3.326E-16  7.774E-16
6.310E+02  6.829E-26  1.143E-15  3.429E-16  8.001E-16
6.252E+02  7.097E-26  1.177E-15  3.536E-16  8.234E-16
6.194E+02  7.376E-26  1.212E-15  3.646E-16  8.474E-16
6.138E+02  7.665E-26  1.248E-15  3.759E-16  8.720E-16
6.081E+02  7.966E-26  1.285E-15  3.876E-16  8.974E-16
6.026E+02  8.278E-26  1.323E-15  3.996E-16  9.236E-16
5.970E+02  8.603E-26  1.362E-15  4.120E-16  9.505E-16
5.916E+02  8.940E-26  1.403E-15  4.247E-16  9.781E-16
5.861E+02  9.291E-26  1.444E-15  4.379E-16  1.007E-15
5.808E+02  9.655E-26  1.487E-15  4.514E-16  1.036E-15
5.754E+02  1.003E-25  1.531E-15  4.653E-16  1.066E-15
5.702E+02  1.043E-25  1.577E-15  4.797E-16  1.097E-15
5.649E+02  1.083E-25  1.623E-15  4.945E-16  1.129E-15
5.598E+02  1.126E-25  1.672E-15  5.097E-16  1.162E-15
5.546E+02  1.170E-25  1.721E-15  5.254E-16  1.196E-15
5.495E+02  1.216E-25  1.772E-15  5.415E-16  1.230E-15
5.445E+02  1.263E-25  1.824E-15  5.581E-16  1.266E-15
5.395E+02  1.313E-25  1.878E-15  5.753E-16  1.303E-15
5.346E+02  1.364E-25  1.934E-15  5.929E-16  1.341E-15
5.297E+02  1.417E-25  1.991E-15  6.110E-16  1.380E-15
5.248E+02  1.472E-25  2.050E-15  6.297E-16  1.420E-15
5.200E+02  1.530E-25  2.110E-15  6.490E-16  1.461E-15
5.152E+02  1.590E-25  2.173E-15  6.688E-16  1.504E-15
5.105E+02  1.652E-25  2.237E-15  6.891E-16  1.548E-15
5.058E+02  1.716E-25  2.303E-15  7.101E-16  1.592E-15
5.012E+02  1.783E-25  2.370E-15  7.317E-16  1.639E-15
4.966E+02  1.852E-25  2.440E-15  7.540E-16  1.686E-15
4.920E+02  1.925E-25  2.512E-15  7.768E-16  1.735E-15
4.875E+02  1.999E-25  2.586E-15  8.004E-16  1.785E-15
4.831E+02  2.077E-25  2.662E-15  8.246E-16  1.837E-15
4.786E+02  2.158E-25  2.740E-15  8.495E-16  1.890E-15
4.742E+02  2.242E-25  2.820E-15  8.752E-16  1.945E-15
4.699E+02  2.329E-25  2.903E-15  9.016E-16  2.001E-15
4.656E+02  2.419E-25  2.987E-15  9.288E-16  2.059E-15
4.613E+02  2.513E-25  3.075E-15  9.567E-16  2.118E-15
4.571E+02  2.610E-25  3.165E-15  9.854E-16  2.179E-15
4.529E+02  2.711E-25  3.257E-15  1.015E-15  2.242E-15
4.487E+02  2.816E-25  3.352E-15  1.045E-15  2.307E-15
4.446E+02  2.925E-25  3.450E-15  1.077E-15  2.373E-15
4.406E+02  3.038E-25  3.550E-15  1.109E-15  2.441E-15
4.365E+02  3.155E-25  3.653E-15  1.142E-15  2.511E-15
4.325E+02  3.276E-25  3.759E-15  1.176E-15  2.583E-15
4.285E+02  3.403E-25  3.868E-15  1.211E-15  2.657E-15
4.246E+02  3.533E-25  3.980E-15  1.247E-15  2.733E-15
4.207E+02  3.669E-25  4.095E-15  1.284E-15  2.811E-15
4.169E+02  3.810E-25  4.213E-15  1.322E-15  2.892E-15
4.130E+02  3.957E-25  4.335E-15  1.361E-15  2.974E-15
4.093E+02  4.108E-25  4.460E-15  1.401E-15  3.059E-15
4.055E+02  4.266E-25  4.588E-15  1.442E-15  3.146E-15
4.018E+02  4.429E-25  4.720E-15  1.485E-15  3.236E-15
3.981E+02  4.598E-25  4.856E-15  1.528E-15  3.328E-15
3.945E+02  4.774E-25  4.996E-15  1.573E-15  3.423E-15
3.908E+02  4.957E-25  5.139E-15  1.619E-15  3.520E-15
3.873E+02  5.146E-25  5.286E-15  1.666E-15  3.620E-15
3.837E+02  5.342E-25  5.437E-15  1.715E-15  3.722E-15
3.802E+02  5.545E-25  5.592E-15  1.765E-15  3.828E-15
3.767E+02  5.756E-25  5.752E-15  1.816E-15  3.936E-15
3.733E+02  5.975E-25  5.915E-15  1.868E-15  4.047E-15
3.698E+02  6.201E-25  6.083E-15  1.922E-15  4.161E-15
3.664E+02  6.436E-25  6.256E-15  1.978E-15  4.278E-15
3.631E+02  6.680E-25  6.433E-15  2.035E-15  4.398E-15
3.597E+02  6.932E-25  6.615E-15  2.093E-15  4.522E-15
3.565E+02  7.194E-25  6.802E-15  2.153E-15  4.648E-15
3.532E+02  7.465E-25  6.993E-15  2.215E-15  4.778E-15
3.499E+02  7.745E-25  7.190E-15  2.278E-15  4.912E-15
3.467E+02  8.036E-25  7.391E-15  2.343E-15  5.049E-15
3.436E+02  8.338E-25  7.598E-15  2.409E-15  5.189E-15
3.404E+02  8.650E-25  7.810E-15  2.478E-15  5.333E-15
3.373E+02  8.973E-25  8.028E-15  2.548E-15  5.480E-15
3.342E+02  9.308E-25  8.251E-15  2.620E-15  5.632E-15
3.311E+02  9.655E-25  8.480E-15  2.693E-15  5.787E-15
3.281E+02  1.001E-24  8.715E-15  2.769E-15  5.946E-15
3.251E+02  1.039E-24  8.956E-15  2.846E-15  6.109E-15
3.221E+02  1.077E-24  9.202E-15  2.926E-15  6.276E-15
3.192E+02  1.117E-24  9.455E-15  3.007E-15  6.448E-15
3.162E+02  1.158E-24  9.714E-15  3.091E-15  6.623E-15
3.133E+02  1.201E-24  9.979E-15  3.177E-15  6.803E-15
3.105E+02  1.245E-24  1.025E-14  3.264E-15  6.987E-15
3.076E+02  1.291E-24  1.053E-14  3.354E-15  7.176E-15
3.048E+02  1.338E-24  1.082E-14  3.446E-15  7.369E-15
3.020E+02  1.387E-24  1.111E-14  3.541E-15  7.567E-15
2.992E+02  1.437E-24  1.141E-14  3.638E-15  7.769E-15
2.965E+02  1.489E-24  1.171E-14  3.737E-15  7.976E-15
2.938E+02  1.543E-24  1.203E-14  3.838E-15  8.188E-15
2.911E+02  1.599E-24  1.235E-14  3.942E-15  8.405E-15
2.884E+02  1.657E-24  1.268E-14  4.049E-15  8.627E-15
2.858E+02  1.717E-24  1.301E-14  4.157E-15  8.854E-15
2.831E+02  1.778E-24  1.336E-14  4.269E-15  9.086E-15
2.805E+02  1.842E-24  1.371E-14  4.383E-15  9.323E-15
2.780E+02  1.908E-24  1.407E-14  4.500E-15  9.566E-15
2.754E+02  1.976E-24  1.443E-14  4.620E-15  9.814E-15
2.729E+02  2.046E-24  1.481E-14  4.742E-15  1.007E-14
2.704E+02  2.119E-24  1.520E-14  4.867E-15  1.033E-14
2.679E+02  2.194E-24  1.559E-14  4.995E-15  1.060E-14
2.655E+02  2.272E-24  1.600E-14  5.126E-15  1.087E-14
2.630E+02  2.352E-24  1.641E-14  5.260E-15  1.115E-14
2.606E+02  2.435E-24  1.683E-14  5.397E-15  1.143E-14
2.582E+02  2.520E-24  1.726E-14  5.537E-15  1.172E-14
2.559E+02  2.608E-24  1.770E-14  5.680E-15  1.202E-14
2.535E+02  2.698E-24  1.814E-14  5.826E-15  1.232E-14
2.512E+02  2.790E-24  1.859E-14  5.975E-15  1.262E-14
2.489E+02  2.884E-24  1.904E-14  6.128E-15  1.291E-14
2.466E+02  2.979E-24  1.949E-14  6.284E-15  1.320E-14
2.443E+02  3.076E-24  1.994E-14  6.443E-15  1.350E-14
2.421E+02  3.176E-24  2.039E-14  6.606E-15  1.379E-14
2.399E+02  3.277E-24  2.085E-14  6.772E-15  1.408E-14
2.377E+02  3.380E-24  2.131E-14  6.942E-15  1.437E-14
2.355E+02  3.485E-24  2.177E-14  7.115E-15  1.466E-14
2.333E+02  3.593E-24  2.224E-14  7.292E-15  1.495E-14
2.312E+02  3.704E-24  2.271E-14  7.473E-15  1.524E-14
2.291E+02  3.817E-24  2.320E-14  7.657E-15  1.554E-14
2.270E+02  3.934E-24  2.368E-14  7.845E-15  1.584E-14
2.249E+02  4.053E-24  2.418E-14  8.037E-15  1.614E-14
2.228E+02  4.176E-24  2.468E-14  8.233E-15  1.645E-14
2.208E+02  4.301E-24  2.519E-14  8.433E-15  1.676E-14
2.188E+02  4.429E-24  2.571E-14  8.637E-15  1.707E-14
2.168E+02  4.561E-24  2.623E-14  8.844E-15  1.738E-14
2.148E+02  4.696E-24  2.675E-14  9.056E-15  1.770E-14
2.128E+02  4.834E-24  2.729E-14  9.273E-15  1.801E-14
2.109E+02  4.975E-24  2.782E-14  9.493E-15  1.833E-14
2.089E+02  5.119E-24  2.837E-14  9.718E-15  1.865E-14
2.070E+02  5.266E-24  2.892E-14  9.947E-15  1.897E-14
2.051E+02  5.417E-24  2.948E-14  1.018E-14  1.929E-14
2.032E+02  5.572E-24  3.004E-14  1.042E-14  1.962E-14
2.014E+02  5.729E-24  3.060E-14  1.066E-14  1.994E-14
1.995E+02  5.890E-24  3.118E-14  1.091E-14  2.027E-14
1.977E+02  6.055E-24  3.175E-14  1.116E-14  2.059E-14
1.959E+02  6.223E-24  3.233E-14  1.142E-14  2.091E-14
1.941E+02  6.394E-24  3.292E-14  1.168E-14  2.124E-14
1.923E+02  6.570E-24  3.351E-14  1.195E-14  2.156E-14
1.905E+02  6.748E-24  3.411E-14  1.222E-14  2.189E-14
1.888E+02  6.931E-24  3.471E-14  1.250E-14  2.221E-14
1.871E+02  7.117E-24  3.532E-14  1.279E-14  2.253E-14
1.854E+02  7.307E-24  3.593E-14  1.308E-14  2.285E-14
1.837E+02  7.501E-24  3.654E-14  1.337E-14  2.317E-14
1.820E+02  7.699E-24  3.716E-14  1.368E-14  2.349E-14
1.803E+02  7.901E-24  3.779E-14  1.398E-14  2.380E-14
1.786E+02  8.107E-24  3.842E-14  1.430E-14  2.412E-14
1.770E+02  8.317E-24  3.905E-14  1.462E-14  2.443E-14
1.754E+02  8.532E-24  3.969E-14  1.496E-14  2.474E-14
1.738E+02  8.750E-24  4.033E-14  1.529E-14  2.504E-14
1.722E+02  8.973E-24  4.098E-14  1.564E-14  2.534E-14
1.706E+02  9.201E-24  4.164E-14  1.600E-14  2.564E-14
1.690E+02  9.433E-24  4.230E-14  1.636E-14  2.593E-14
1.675E+02  9.670E-24  4.296E-14  1.674E-14  2.623E-14
1.660E+02  9.912E-24  4.364E-14  1.713E-14  2.651E-14
1.644E+02  1.016E-23  4.432E-14  1.752E-14  2.679E-14
1.629E+02  1.041E-23  4.500E-14  1.794E-14  2.707E-14
1.614E+02  1.067E-23  4.570E-14  1.836E-14  2.734E-14
1.600E+02  1.094E-23  4.640E-14  1.880E-14  2.760E-14
1.585E+02  1.121E-23  4.712E-14  1.926E-14  2.786E-14
1.570E+02  1.149E-23  4.785E-14  1.973E-14  2.812E-14
1.556E+02  1.177E-23  4.858E-14  2.022E-14  2.836E-14
1.542E+02  1.206E-23  4.933E-14  2.073E-14  2.860E-14
1.528E+02  1.236E-23  5.010E-14  2.126E-14  2.884E-14
1.514E+02  1.267E-23  5.087E-14  2.181E-14  2.906E-14
1.500E+02  1.299E-23  5.166E-14  2.238E-14  2.928E-14
1.486E+02  1.331E-23  5.246E-14  2.297E-14  2.949E-14
1.472E+02  1.364E-23  5.326E-14  2.356E-14  2.969E-14
1.459E+02  1.397E-23  5.405E-14  2.416E-14  2.989E-14
1.445E+02  1.430E-23  5.482E-14  2.475E-14  3.007E-14
1.432E+02  1.463E-23  5.556E-14  2.532E-14  3.025E-14
1.419E+02  1.494E-23  5.624E-14  2.583E-14  3.041E-14
1.406E+02  1.524E-23  5.684E-14  2.627E-14  3.057E-14
1.393E+02  1.552E-23  5.734E-14  2.662E-14  3.072E-14
1.380E+02  1.577E-23  5.773E-14  2.688E-14  3.085E-14
1.368E+02  1.599E-23  5.802E-14  2.704E-14  3.098E-14
1.355E+02  1.620E-23  5.823E-14  2.713E-14  3.110E-14
1.343E+02  1.639E-23  5.836E-14  2.716E-14  3.120E-14
1.330E+02  1.656E-23  5.845E-14  2.716E-14  3.129E-14
1.318E+02  1.673E-23  5.852E-14  2.714E-14  3.137E-14
1.306E+02  1.690E-23  5.857E-14  2.712E-14  3.144E-14
1.294E+02  1.708E-23  5.862E-14  2.712E-14  3.150E-14
1.282E+02  1.725E-23  5.867E-14  2.713E-14  3.155E-14
1.271E+02  1.743E-23  5.873E-14  2.715E-14  3.158E-14
1.259E+02  1.761E-23  5.879E-14  2.720E-14  3.160E-14
1.247E+02  1.779E-23  5.886E-14  2.726E-14  3.161E-14
1.236E+02  1.798E-23  5.894E-14  2.733E-14  3.160E-14
1.225E+02  1.817E-23  5.902E-14  2.743E-14  3.158E-14
1.213E+02  1.836E-23  5.910E-14  2.754E-14  3.155E-14
1.202E+02  1.856E-23  5.918E-14  2.767E-14  3.151E-14
1.191E+02  1.875E-23  5.925E-14  2.780E-14  3.146E-14
1.180E+02  1.895E-23  5.933E-14  2.794E-14  3.139E-14
1.169E+02  1.914E-23  5.939E-14  2.809E-14  3.130E-14
1.159E+02  1.934E-23  5.945E-14  2.825E-14  3.120E-14
1.148E+02  1.954E-23  5.950E-14  2.841E-14  3.109E-14
1.138E+02  1.973E-23  5.954E-14  2.857E-14  3.097E-14
1.127E+02  1.992E-23  5.957E-14  2.874E-14  3.083E-14
1.117E+02  2.012E-23  5.960E-14  2.892E-14  3.068E-14
1.107E+02  2.031E-23  5.961E-14  2.909E-14  3.052E-14
1.096E+02  2.050E-23  5.962E-14  2.927E-14  3.035E-14
1.086E+02  2.068E-23  5.961E-14  2.944E-14  3.017E-14
1.076E+02  2.087E-23  5.959E-14  2.962E-14  2.997E-14
1.067E+02  2.105E-23  5.955E-14  2.979E-14  2.976E-14
1.057E+02  2.123E-23  5.950E-14  2.996E-14  2.954E-14
1.047E+02  2.140E-23  5.944E-14  3.013E-14  2.930E-14
1.038E+02  2.157E-23  5.936E-14  3.030E-14  2.906E-14
1.028E+02  2.173E-23  5.926E-14  3.046E-14  2.880E-14
1.019E+02  2.189E-23  5.914E-14  3.061E-14  2.853E-14
1.009E+02  2.204E-23  5.900E-14  3.076E-14  2.825E-14
1.000E+02  2.219E-23  5.885E-14  3.090E-14  2.795E-14
9.908E+01  2.233E-23  5.868E-14  3.103E-14  2.765E-14
9.817E+01  2.246E-23  5.849E-14  3.115E-14  2.733E-14
9.727E+01  2.258E-23  5.827E-14  3.127E-14  2.701E-14
9.638E+01  2.270E-23  5.804E-14  3.137E-14  2.667E-14
9.550E+01  2.281E-23  5.779E-14  3.147E-14  2.633E-14
9.462E+01  2.292E-23  5.752E-14  3.155E-14  2.598E-14
9.376E+01  2.301E-23  5.724E-14  3.162E-14  2.561E-14
9.290E+01  2.310E-23  5.693E-14  3.168E-14  2.524E-14
9.204E+01  2.318E-23  5.660E-14  3.174E-14  2.486E-14
9.120E+01  2.325E-23  5.625E-14  3.178E-14  2.448E-14
9.036E+01  2.332E-23  5.589E-14  3.181E-14  2.408E-14
8.954E+01  2.337E-23  5.551E-14  3.182E-14  2.368E-14
8.872E+01  2.342E-23  5.511E-14  3.183E-14  2.328E-14
8.790E+01  2.346E-23  5.470E-14  3.183E-14  2.286E-14
8.710E+01  2.349E-23  5.427E-14  3.182E-14  2.245E-14
8.630E+01  2.351E-23  5.382E-14  3.180E-14  2.203E-14
8.551E+01  2.353E-23  5.336E-14  3.176E-14  2.160E-14
8.472E+01  2.353E-23  5.289E-14  3.172E-14  2.117E-14
8.395E+01  2.353E-23  5.239E-14  3.166E-14  2.073E-14
8.318E+01  2.352E-23  5.188E-14  3.159E-14  2.029E-14
8.241E+01  2.350E-23  5.136E-14  3.151E-14  1.985E-14
8.166E+01  2.347E-23  5.083E-14  3.142E-14  1.941E-14
8.091E+01  2.343E-23  5.028E-14  3.132E-14  1.896E-14
8.017E+01  2.338E-23  4.971E-14  3.120E-14  1.852E-14
7.943E+01  2.332E-23  4.914E-14  3.107E-14  1.807E-14
7.870E+01  2.325E-23  4.855E-14  3.093E-14  1.762E-14
7.798E+01  2.318E-23  4.794E-14  3.077E-14  1.717E-14
7.727E+01  2.309E-23  4.732E-14  3.060E-14  1.673E-14
7.656E+01  2.299E-23  4.670E-14  3.042E-14  1.628E-14
7.586E+01  2.289E-23  4.606E-14  3.022E-14  1.584E-14
7.516E+01  2.278E-23  4.541E-14  3.001E-14  1.540E-14
7.447E+01  2.265E-23  4.475E-14  2.979E-14  1.496E-14
7.379E+01  2.252E-23  4.408E-14  2.956E-14  1.452E-14
7.311E+01  2.238E-23  4.340E-14  2.932E-14  1.409E-14
7.244E+01  2.223E-23  4.272E-14  2.906E-14  1.365E-14
7.178E+01  2.207E-23  4.202E-14  2.880E-14  1.323E-14
7.112E+01  2.190E-23  4.132E-14  2.852E-14  1.280E-14
7.047E+01  2.173E-23  4.062E-14  2.823E-14  1.239E-14
6.982E+01  2.155E-23  3.991E-14  2.794E-14  1.198E-14
6.918E+01  2.136E-23  3.920E-14  2.763E-14  1.157E-14
6.855E+01  2.116E-23  3.848E-14  2.731E-14  1.117E-14
6.792E+01  2.096E-23  3.776E-14  2.698E-14  1.078E-14
6.730E+01  2.075E-23  3.703E-14  2.665E-14  1.039E-14
6.668E+01  2.053E-23  3.631E-14  2.630E-14  1.000E-14
6.607E+01  2.030E-23  3.558E-14  2.595E-14  9.630E-15
6.546E+01  2.007E-23  3.485E-14  2.559E-14  9.262E-15
6.486E+01  1.983E-23  3.412E-14  2.522E-14  8.901E-15
6.427E+01  1.959E-23  3.339E-14  2.485E-14  8.547E-15
6.368E+01  1.934E-23  3.266E-14  2.446E-14  8.200E-15
6.310E+01  1.908E-23  3.194E-14  2.408E-14  7.863E-15
6.252E+01  1.882E-23  3.122E-14  2.368E-14  7.534E-15
6.194E+01  1.856E-23  3.049E-14  2.328E-14  7.212E-15
6.138E+01  1.829E-23  2.978E-14  2.288E-14  6.899E-15
6.081E+01  1.802E-23  2.906E-14  2.247E-14  6.595E-15
6.026E+01  1.774E-23  2.835E-14  2.206E-14  6.298E-15
5.970E+01  1.746E-23  2.765E-14  2.164E-14  6.009E-15
5.916E+01  1.717E-23  2.695E-14  2.122E-14  5.729E-15
5.861E+01  1.689E-23  2.625E-14  2.080E-14  5.456E-15
5.808E+01  1.660E-23  2.557E-14  2.037E-14  5.192E-15
5.754E+01  1.630E-23  2.488E-14  1.995E-14  4.937E-15
5.702E+01  1.601E-23  2.421E-14  1.952E-14  4.690E-15
5.649E+01  1.571E-23  2.354E-14  1.909E-14  4.451E-15
5.598E+01  1.541E-23  2.288E-14  1.866E-14  4.221E-15
5.546E+01  1.511E-23  2.223E-14  1.823E-14  4.000E-15
5.495E+01  1.481E-23  2.159E-14  1.780E-14  3.787E-15
5.445E+01  1.451E-23  2.096E-14  1.737E-14  3.582E-15
5.395E+01  1.421E-23  2.033E-14  1.695E-14  3.385E-15
5.346E+01  1.391E-23  1.972E-14  1.652E-14  3.196E-15
5.297E+01  1.360E-23  1.911E-14  1.610E-14  3.014E-15
5.248E+01  1.330E-23  1.852E-14  1.568E-14  2.841E-15
5.200E+01  1.300E-23  1.793E-14  1.526E-14  2.674E-15
5.152E+01  1.270E-23  1.736E-14  1.484E-14  2.515E-15
5.105E+01  1.240E-23  1.679E-14  1.443E-14  2.363E-15
5.058E+01  1.210E-23  1.623E-14  1.402E-14  2.218E-15
5.012E+01  1.180E-23  1.569E-14  1.361E-14  2.080E-15
4.966E+01  1.151E-23  1.516E-14  1.321E-14  1.948E-15
4.920E+01  1.121E-23  1.463E-14  1.281E-14  1.823E-15
4.875E+01  1.092E-23  1.412E-14  1.241E-14  1.704E-15
4.831E+01  1.063E-23  1.362E-14  1.202E-14  1.592E-15
4.786E+01  1.034E-23  1.312E-14  1.164E-14  1.485E-15
4.742E+01  1.005E-23  1.264E-14  1.126E-14  1.384E-15
4.699E+01  9.768E-24  1.217E-14  1.089E-14  1.288E-15
4.656E+01  9.487E-24  1.172E-14  1.052E-14  1.198E-15
4.613E+01  9.208E-24  1.127E-14  1.015E-14  1.113E-15
4.571E+01  8.933E-24  1.083E-14  9.798E-15  1.033E-15
4.529E+01  8.660E-24  1.040E-14  9.446E-15  9.580E-16
4.487E+01  8.391E-24  9.988E-15  9.100E-15  8.873E-16
4.446E+01  8.124E-24  9.582E-15  8.761E-15  8.209E-16
4.406E+01  7.861E-24  9.186E-15  8.427E-15  7.587E-16
4.365E+01  7.600E-24  8.800E-15  8.100E-15  7.003E-16
4.325E+01  7.343E-24  8.424E-15  7.778E-15  6.458E-16
4.285E+01  7.088E-24  8.058E-15  7.463E-15  5.948E-16
4.246E+01  6.837E-24  7.701E-15  7.154E-15  5.472E-16
4.207E+01  6.589E-24  7.354E-15  6.851E-15  5.028E-16
4.169E+01  6.345E-24  7.016E-15  6.554E-15  4.615E-16
4.130E+01  6.103E-24  6.687E-15  6.264E-15  4.231E-16
4.093E+01  5.865E-24  6.367E-15  5.980E-15  3.874E-16
4.055E+01  5.630E-24  6.056E-15  5.702E-15  3.542E-16
4.018E+01  5.398E-24  5.753E-15  5.430E-15  3.235E-16
3.981E+01  5.170E-24  5.460E-15  5.164E-15  2.951E-16
3.945E+01  4.945E-24  5.174E-15  4.905E-15  2.688E-16
3.908E+01  4.724E-24  4.897E-15  4.653E-15  2.446E-16
3.873E+01  4.506E-24  4.629E-15  4.407E-15  2.223E-16
3.837E+01  4.292E-24  4.369E-15  4.167E-15  2.018E-16
3.802E+01  4.082E-24  4.117E-15  3.934E-15  1.829E-16
3.767E+01  3.876E-24  3.873E-15  3.707E-15  1.656E-16
3.733E+01  3.673E-24  3.637E-15  3.487E-15  1.496E-16
3.698E+01  3.475E-24  3.409E-15  3.274E-15  1.350E-16
3.664E+01  3.281E-24  3.189E-15  3.068E-15  1.216E-16
3.631E+01  3.092E-24  2.978E-15  2.868E-15  1.095E-16
3.597E+01  2.907E-24  2.774E-15  2.676E-15  9.842E-17
3.565E+01  2.728E-24  2.579E-15  2.491E-15  8.837E-17
3.532E+01  2.553E-24  2.392E-15  2.313E-15  7.924E-17
3.499E+01  2.384E-24  2.213E-15  2.142E-15  7.096E-17
3.467E+01  2.221E-24  2.043E-15  1.979E-15  6.346E-17
3.436E+01  2.063E-24  1.880E-15  1.824E-15  5.669E-17
3.404E+01  1.912E-24  1.726E-15  1.676E-15  5.057E-17
3.373E+01  1.767E-24  1.580E-15  1.535E-15  4.505E-17
3.342E+01  1.628E-24  1.443E-15  1.403E-15  4.009E-17
3.311E+01  1.495E-24  1.313E-15  1.278E-15  3.564E-17
3.281E+01  1.370E-24  1.192E-15  1.160E-15  3.164E-17
3.251E+01  1.251E-24  1.079E-15  1.051E-15  2.806E-17
3.221E+01  1.139E-24  9.730E-16  9.482E-16  2.484E-17
3.192E+01  1.034E-24  8.751E-16  8.531E-16  2.197E-17
3.162E+01  9.353E-25  7.846E-16  7.652E-16  1.940E-17
3.133E+01  8.438E-25  7.013E-16  6.842E-16  1.711E-17
3.105E+01  7.588E-25  6.249E-16  6.098E-16  1.506E-17
3.076E+01  6.804E-25  5.552E-16  5.419E-16  1.325E-17
3.048E+01  6.082E-25  4.917E-16  4.801E-16  1.163E-17
3.020E+01  5.421E-25  4.342E-16  4.240E-16  1.020E-17
2.992E+01  4.817E-25  3.824E-16  3.734E-16  8.931E-18
2.965E+01  4.269E-25  3.357E-16  3.279E-16  7.805E-18
2.938E+01  3.772E-25  2.939E-16  2.871E-16  6.811E-18
2.911E+01  3.324E-25  2.567E-16  2.507E-16  5.935E-18
2.884E+01  2.922E-25  2.235E-16  2.184E-16  5.164E-18
2.858E+01  2.562E-25  1.942E-16  1.897E-16  4.486E-18
2.831E+01  2.240E-25  1.683E-16  1.644E-16  3.891E-18
2.805E+01  1.955E-25  1.455E-16  1.421E-16  3.369E-18
2.780E+01  1.702E-25  1.255E-16  1.225E-16  2.913E-18
2.754E+01  1.478E-25  1.080E-16  1.055E-16  2.515E-18
2.729E+01  1.281E-25  9.272E-17  9.055E-17  2.168E-18
2.704E+01  1.108E-25  7.945E-17  7.759E-17  1.866E-18
2.679E+01  9.562E-26  6.795E-17  6.635E-17  1.603E-18
2.655E+01  8.238E-26  5.801E-17  5.663E-17  1.375E-18
2.630E+01  7.084E-26  4.943E-17  4.825E-17  1.178E-18
2.606E+01  6.081E-26  4.204E-17  4.103E-17  1.007E-18
2.582E+01  5.211E-26  3.570E-17  3.484E-17  8.598E-19
2.559E+01  4.458E-26  3.026E-17  2.953E-17  7.327E-19
2.535E+01  3.808E-26  2.561E-17  2.499E-17  6.234E-19
2.512E+01  3.248E-26  2.164E-17  2.111E-17  5.294E-19
2.489E+01  2.766E-26  1.826E-17  1.781E-17  4.488E-19
2.466E+01  2.352E-26  1.538E-17  1.500E-17  3.797E-19
2.443E+01  1.997E-26  1.294E-17  1.262E-17  3.207E-19
2.421E+01  1.693E-26  1.087E-17  1.060E-17  2.703E-19
2.399E+01  1.434E-26  9.122E-18  8.895E-18  2.272E-19
2.377E+01  1.212E-26  7.642E-18  7.451E-18  1.908E-19
2.355E+01  1.023E-26  6.394E-18  6.234E-18  1.600E-19
2.333E+01  8.631E-27  5.342E-18  5.208E-18  1.339E-19
2.312E+01  7.268E-27  4.458E-18  4.346E-18  1.117E-19
2.291E+01  6.113E-27  3.715E-18  3.622E-18  9.306E-20
2.270E+01  5.136E-27  3.092E-18  3.015E-18  7.751E-20
2.249E+01  4.309E-27  2.571E-18  2.506E-18  6.450E-20
2.228E+01  3.612E-27  2.135E-18  2.081E-18  5.361E-20
2.208E+01  3.023E-27  1.771E-18  1.726E-18  4.445E-20
2.188E+01  2.527E-27  1.467E-18  1.430E-18  3.671E-20
2.168E+01  2.110E-27  1.213E-18  1.183E-18  3.023E-20
2.148E+01  1.760E-27  1.003E-18  9.778E-19  2.484E-20
2.128E+01  1.466E-27  8.276E-19  8.072E-19  2.040E-20
2.109E+01  1.220E-27  6.823E-19  6.655E-19  1.674E-20
2.089E+01  1.014E-27  5.618E-19  5.481E-19  1.369E-20
2.070E+01  8.415E-28  4.621E-19  4.509E-19  1.117E-20
2.051E+01  6.976E-28  3.796E-19  3.705E-19  9.089E-21
2.032E+01  5.777E-28  3.114E-19  3.040E-19  7.387E-21
2.014E+01  4.778E-28  2.552E-19  2.492E-19  6.013E-21
1.995E+01  3.947E-28  2.089E-19  2.040E-19  4.881E-21
1.977E+01  3.257E-28  1.708E-19  1.668E-19  3.950E-21
1.959E+01  2.683E-28  1.394E-19  1.362E-19  3.183E-21
1.941E+01  2.207E-28  1.136E-19  1.111E-19  2.554E-21
1.923E+01  1.813E-28  9.250E-20  9.046E-20  2.040E-21
1.905E+01  1.487E-28  7.517E-20  7.355E-20  1.622E-21
1.888E+01  1.218E-28  6.101E-20  5.972E-20  1.284E-21
1.871E+01  9.963E-29  4.944E-20  4.843E-20  1.010E-21
1.854E+01  8.137E-29  4.000E-20  3.921E-20  7.913E-22
1.837E+01  6.635E-29  3.232E-20  3.171E-20  6.166E-22
1.820E+01  5.402E-29  2.608E-20  2.560E-20  4.779E-22
1.803E+01  4.391E-29  2.100E-20  2.063E-20  3.687E-22
1.786E+01  3.564E-29  1.689E-20  1.661E-20  2.830E-22
1.770E+01  2.889E-29  1.356E-20  1.335E-20  2.161E-22
1.754E+01  2.338E-29  1.088E-20  1.071E-20  1.641E-22
1.738E+01  1.890E-29  8.711E-21  8.587E-21  1.240E-22
1.722E+01  1.525E-29  6.964E-21  6.871E-21  9.321E-23
1.706E+01  1.229E-29  5.560E-21  5.490E-21  6.984E-23
1.690E+01  9.882E-30  4.431E-21  4.379E-21  5.211E-23
1.675E+01  7.936E-30  3.526E-21  3.487E-21  3.871E-23
1.660E+01  6.363E-30  2.801E-21  2.772E-21  2.861E-23
1.644E+01  5.093E-30  2.222E-21  2.200E-21  2.106E-23
1.629E+01  4.069E-30  1.758E-21  1.743E-21  1.544E-23
1.614E+01  3.245E-30  1.389E-21  1.378E-21  1.128E-23
1.600E+01  2.583E-30  1.096E-21  1.088E-21  8.222E-24
1.585E+01  2.053E-30  8.631E-22  8.571E-22  5.972E-24
1.570E+01  1.628E-30  6.784E-22  6.740E-22  4.324E-24
1.556E+01  1.289E-30  5.322E-22  5.291E-22  3.122E-24
1.542E+01  1.019E-30  4.167E-22  4.145E-22  2.249E-24
1.528E+01  8.038E-31  3.257E-22  3.241E-22  1.616E-24
1.514E+01  6.328E-31  2.541E-22  2.529E-22  1.158E-24
1.500E+01  4.972E-31  1.978E-22  1.970E-22  8.293E-25
1.486E+01  3.899E-31  1.537E-22  1.531E-22  5.919E-25
1.472E+01  3.052E-31  1.192E-22  1.188E-22  4.214E-25
1.459E+01  2.384E-31  9.224E-23  9.194E-23  2.994E-25
1.445E+01  1.858E-31  7.124E-23  7.102E-23  2.131E-25
1.432E+01  1.445E-31  5.490E-23  5.475E-23  1.520E-25
1.419E+01  1.122E-31  4.222E-23  4.211E-23  1.089E-25
1.406E+01  8.685E-32  3.239E-23  3.231E-23  7.848E-26
1.393E+01  6.709E-32  2.479E-23  2.474E-23  5.699E-26
1.380E+01  5.172E-32  1.894E-23  1.889E-23  4.162E-26
1.368E+01  3.978E-32  1.443E-23  1.440E-23  3.059E-26
1.355E+01  3.053E-32  1.097E-23  1.095E-23  2.255E-26
1.343E+01  2.337E-32  8.324E-24  8.307E-24  1.662E-26
1.330E+01  1.784E-32  6.297E-24  6.285E-24  1.223E-26
1.318E+01  1.359E-32  4.752E-24  4.743E-24  8.977E-27
1.306E+01  1.033E-32  3.578E-24  3.571E-24  6.563E-27
1.294E+01  7.828E-33  2.687E-24  2.683E-24  4.788E-27
1.282E+01  5.918E-33  2.013E-24  2.010E-24  3.493E-27
1.271E+01  4.463E-33  1.504E-24  1.502E-24  2.542E-27
1.259E+01  3.356E-33  1.121E-24  1.119E-24  1.844E-27
1.247E+01  2.516E-33  8.325E-25  8.311E-25  1.332E-27
1.236E+01  1.881E-33  6.165E-25  6.156E-25  9.582E-28
1.225E+01  1.401E-33  4.551E-25  4.544E-25  6.851E-28
1.213E+01  1.041E-33  3.350E-25  3.345E-25  4.893E-28
1.202E+01  7.712E-34  2.460E-25  2.456E-25  3.493E-28
1.191E+01  5.697E-34  1.800E-25  1.798E-25  2.483E-28
1.180E+01  4.195E-34  1.314E-25  1.312E-25  1.757E-28
1.169E+01  3.081E-34  9.558E-26  9.546E-26  1.237E-28
1.159E+01  2.278E-34  7.002E-26  6.993E-26  8.643E-29
1.148E+01  1.843E-34  5.612E-26  5.606E-26  6.010E-29
1.138E+01  1.227E-34  3.703E-26  3.698E-26  4.172E-29
1.127E+01  8.849E-35  2.646E-26  2.643E-26  2.888E-29
1.117E+01  6.385E-35  1.892E-26  1.890E-26  1.995E-29
1.107E+01  4.596E-35  1.349E-26  1.348E-26  1.373E-29
1.096E+01  3.303E-35  9.606E-27  9.597E-27  9.391E-30
1.086E+01  2.368E-35  6.823E-27  6.817E-27  6.406E-30
1.076E+01  1.692E-35  4.831E-27  4.827E-27  4.366E-30
1.067E+01  1.206E-35  3.411E-27  3.408E-27  2.973E-30
1.057E+01  8.562E-36  2.400E-27  2.398E-27  2.021E-30
1.047E+01  6.061E-36  1.684E-27  1.682E-27  1.364E-30
1.038E+01  4.277E-36  1.177E-27  1.176E-27  9.110E-31
1.028E+01  3.008E-36  8.202E-28  8.196E-28  6.008E-31
1.019E+01  2.108E-36  5.696E-28  5.692E-28  3.918E-31
1.009E+01  1.472E-36  3.942E-28  3.939E-28  2.536E-31
1.000E+01  1.025E-36  2.719E-28  2.717E-28  1.635E-31
9.908E+00  7.110E-37  1.869E-28  1.868E-28  1.051E-31
9.817E+00  4.915E-37  1.280E-28  1.279E-28  6.740E-32
9.727E+00  3.386E-37  8.738E-29  8.733E-29  4.305E-32
9.638E+00  2.325E-37  5.944E-29  5.941E-29  2.735E-32
9.550E+00  1.590E-37  4.029E-29  4.027E-29  1.718E-32
9.462E+00  1.084E-37  2.721E-29  2.720E-29  1.064E-32
9.376E+00  7.365E-38  1.832E-29  1.831E-29  6.482E-33
9.290E+00  4.984E-38  1.228E-29  1.228E-29  3.872E-33
9.204E+00  3.361E-38  8.205E-30  8.203E-30  2.267E-33
9.120E+00  2.258E-38  5.462E-30  5.461E-30  1.302E-33
9.036E+00  1.512E-38  3.623E-30  3.622E-30  7.357E-34
8.954E+00  1.008E-38  2.395E-30  2.394E-30  4.104E-34
8.872E+00  6.702E-39  1.577E-30  1.577E-30  2.271E-34
8.790E+00  4.439E-39  1.035E-30  1.035E-30  1.251E-34
8.710E+00  2.931E-39  6.771E-31  6.771E-31  6.884E-35
8.630E+00  1.927E-39  4.412E-31  4.412E-31  3.788E-35
8.551E+00  1.261E-39  2.860E-31  2.859E-31  2.084E-35
8.472E+00  8.207E-40  1.844E-31  1.844E-31  1.140E-35
8.395E+00  5.324E-40  1.185E-31  1.185E-31  6.156E-36
8.318E+00  3.441E-40  7.593E-32  7.592E-32  3.258E-36
8.241E+00  2.217E-40  4.846E-32  4.846E-32  1.683E-36
8.166E+00  1.423E-40  3.082E-32  3.082E-32  8.468E-37
8.091E+00  9.102E-41  1.953E-32  1.953E-32  4.210E-37
8.017E+00  5.805E-41  1.234E-32  1.234E-32  2.068E-37
7.943E+00  3.690E-41  7.775E-33  7.775E-33  1.009E-37
7.870E+00  2.335E-41  4.874E-33  4.874E-33  4.885E-38
7.798E+00  1.468E-41  3.037E-33  3.037E-33  2.355E-38
7.727E+00  9.182E-42  1.882E-33  1.882E-33  1.136E-38
7.656E+00  5.723E-42  1.162E-33  1.162E-33  5.501E-39
7.586E+00  3.546E-42  7.136E-34  7.136E-34  2.679E-39
7.516E+00  2.181E-42  4.349E-34  4.349E-34  1.323E-39
7.447E+00  1.335E-42  2.637E-34  2.637E-34  6.637E-40
7.379E+00  8.145E-43  1.594E-34  1.594E-34  3.368E-40
7.311E+00  4.954E-43  9.607E-35  9.607E-35  1.735E-40
7.244E+00  3.001E-43  5.768E-35  5.768E-35  8.999E-41
7.178E+00  1.811E-43  3.449E-35  3.449E-35  4.679E-41
7.112E+00  1.089E-43  2.054E-35  2.054E-35  2.447E-41
7.047E+00  6.518E-44  1.218E-35  1.218E-35  1.281E-41
6.982E+00  3.885E-44  7.196E-36  7.196E-36  6.683E-42
6.918E+00  2.306E-44  4.232E-36  4.232E-36  3.477E-42
6.855E+00  1.363E-44  2.479E-36  2.479E-36  1.801E-42
6.792E+00  8.026E-45  1.446E-36  1.446E-36  9.279E-43
6.730E+00  4.704E-45  8.397E-37  8.397E-37  4.756E-43
6.668E+00  2.744E-45  4.853E-37  4.853E-37  2.424E-43
6.607E+00  1.593E-45  2.791E-37  2.791E-37  1.228E-43
6.546E+00  9.204E-46  1.598E-37  1.598E-37  6.182E-44
6.486E+00  5.295E-46  9.110E-38  9.110E-38  3.094E-44
6.427E+00  3.034E-46  5.172E-38  5.172E-38  1.538E-44
6.368E+00  1.733E-46  2.927E-38  2.927E-38  7.602E-45
6.310E+00  9.772E-47  1.635E-38  1.635E-38  3.731E-45
6.252E+00  5.657E-47  9.380E-39  9.380E-39  1.820E-45
6.194E+00  3.180E-47  5.226E-39  5.226E-39  8.818E-46
6.138E+00  1.762E-47  2.869E-39  2.869E-39  4.241E-46
6.081E+00  9.746E-48  1.572E-39  1.572E-39  2.027E-46
6.026E+00  5.383E-48  8.605E-40  8.605E-40  9.631E-47
5.970E+00  2.965E-48  4.695E-40  4.695E-40  4.548E-47
5.916E+00  1.626E-48  2.551E-40  2.551E-40  2.135E-47
5.861E+00  8.880E-49  1.381E-40  1.381E-40  9.959E-48
5.808E+00  4.828E-49  7.438E-41  7.438E-41  4.619E-48
5.754E+00  2.614E-49  3.990E-41  3.990E-41  2.129E-48
5.702E+00  1.408E-49  2.129E-41  2.129E-41  9.751E-49
5.649E+00  7.536E-50  1.129E-41  1.129E-41  4.439E-49
5.598E+00  4.012E-50  5.958E-42  5.958E-42  2.008E-49
5.546E+00  2.126E-50  3.128E-42  3.128E-42  9.030E-50
5.495E+00  1.122E-50  1.635E-42  1.635E-42  4.034E-50
5.445E+00  5.887E-51  8.503E-43  8.503E-43  1.791E-50
5.395E+00  3.075E-51  4.400E-43  4.400E-43  7.900E-51
5.346E+00  1.598E-51  2.265E-43  2.265E-43  3.462E-51
5.297E+00  8.260E-52  1.160E-43  1.160E-43  1.507E-51
5.248E+00  4.245E-52  5.910E-44  5.910E-44  6.517E-52
5.200E+00  2.169E-52  2.992E-44  2.992E-44  2.800E-52
5.152E+00  1.102E-52  1.507E-44  1.507E-44  1.195E-52
5.105E+00  5.573E-53  7.547E-45  7.547E-45  5.062E-53
5.058E+00  2.802E-53  3.759E-45  3.759E-45  2.131E-53
5.012E+00  1.401E-53  1.862E-45  1.862E-45  8.907E-54
4.966E+00  6.962E-54  9.171E-46  9.171E-46  3.698E-54
4.920E+00  3.440E-54  4.490E-46  4.490E-46  1.524E-54
4.875E+00  1.690E-54  2.186E-46  2.186E-46  6.237E-55
4.831E+00  8.259E-55  1.058E-46  1.058E-46  2.534E-55
4.786E+00  4.012E-55  5.093E-47  5.093E-47  1.022E-55
4.742E+00  1.937E-55  2.437E-47  2.437E-47  4.091E-56
4.699E+00  9.303E-56  1.159E-47  1.159E-47  1.626E-56
4.656E+00  4.440E-56  5.483E-48  5.483E-48  6.411E-57
4.613E+00  2.106E-56  2.578E-48  2.578E-48  2.509E-57
4.571E+00  9.932E-57  1.204E-48  1.204E-48  9.747E-58
4.529E+00  4.655E-57  5.592E-49  5.592E-49  3.757E-58
4.487E+00  2.168E-57  2.581E-49  2.581E-49  1.437E-58
4.446E+00  1.003E-57  1.183E-49  1.183E-49  5.454E-59
4.406E+00  4.615E-58  5.393E-50  5.393E-50  2.054E-59
4.365E+00  2.109E-58  2.442E-50  2.442E-50  7.675E-60
4.325E+00  9.577E-59  1.099E-50  1.099E-50  2.845E-60
4.285E+00  4.320E-59  4.911E-51  4.911E-51  1.046E-60
4.246E+00  1.936E-59  2.181E-51  2.181E-51  3.817E-61
4.207E+00  8.619E-60  9.619E-52  9.619E-52  1.381E-61
4.169E+00  3.812E-60  4.215E-52  4.215E-52  4.958E-62
4.130E+00  1.674E-60  1.834E-52  1.834E-52  1.765E-62
4.093E+00  7.303E-61  7.928E-53  7.928E-53  6.230E-63
4.055E+00  3.164E-61  3.403E-53  3.403E-53  2.181E-63
4.018E+00  1.361E-61  1.451E-53  1.451E-53  7.570E-64
3.981E+00  5.815E-62  6.141E-54  6.141E-54  2.607E-64
3.945E+00  2.467E-62  2.581E-54  2.581E-54  8.903E-65
3.908E+00  1.039E-62  1.077E-54  1.077E-54  3.016E-65
3.873E+00  4.346E-63  4.464E-55  4.464E-55  1.014E-65
3.837E+00  1.804E-63  1.836E-55  1.836E-55  3.380E-66
3.802E+00  7.438E-64  7.501E-56  7.501E-56  1.118E-66
3.767E+00  3.043E-64  3.041E-56  3.041E-56  3.669E-67
3.733E+00  1.236E-64  1.224E-56  1.224E-56  1.195E-67
3.698E+00  4.984E-65  4.889E-57  4.889E-57  3.861E-68
3.664E+00  1.994E-65  1.938E-57  1.938E-57  1.238E-68
3.631E+00  7.920E-66  7.628E-58  7.628E-58  3.940E-69
3.597E+00  3.121E-66  2.979E-58  2.979E-58  1.245E-69
3.565E+00  1.221E-66  1.154E-58  1.154E-58  3.904E-70
3.532E+00  4.737E-67  4.438E-59  4.438E-59  1.215E-70
3.499E+00  1.824E-67  1.693E-59  1.693E-59  3.758E-71
3.467E+00  6.968E-68  6.409E-60  6.409E-60  1.154E-71
3.436E+00  2.641E-68  2.406E-60  2.406E-60  3.518E-72
3.404E+00  9.928E-69  8.965E-61  8.965E-61  1.065E-72
3.373E+00  3.704E-69  3.314E-61  3.314E-61  3.205E-73
3.342E+00  1.374E-69  1.218E-61  1.218E-61  9.575E-74
3.311E+00  5.194E-70  4.562E-62  4.562E-62  2.842E-74
3.281E+00  1.942E-70  1.690E-62  1.690E-62  8.378E-75
3.251E+00  6.909E-71  5.958E-63  5.958E-63  2.453E-75
3.221E+00  2.503E-71  2.139E-63  2.139E-63  7.130E-76
3.192E+00  9.252E-72  7.832E-64  7.832E-64  2.059E-76
3.162E+00  3.583E-72  3.005E-64  3.005E-64  5.903E-77
3.133E+00  1.538E-72  1.279E-64  1.279E-64  1.681E-77
3.105E+00  7.921E-73  6.523E-65  6.523E-65  4.750E-78
3.076E+00  5.117E-73  4.175E-65  4.175E-65  1.333E-78
3.048E+00  3.999E-73  3.233E-65  3.233E-65  3.714E-79
3.020E+00  3.508E-73  2.810E-65  2.810E-65  1.026E-79
2.992E+00  3.260E-73  2.588E-65  2.588E-65  2.811E-80
2.965E+00  3.117E-73  2.451E-65  2.451E-65  7.633E-81
2.938E+00  3.024E-73  2.357E-65  2.357E-65  2.054E-81
2.911E+00  2.960E-73  2.285E-65  2.285E-65  5.478E-82
2.884E+00  2.913E-73  2.229E-65  2.229E-65  1.447E-82
2.858E+00  2.879E-73  2.183E-65  2.183E-65  3.783E-83
2.831E+00  2.855E-73  2.144E-65  2.144E-65  9.790E-84
2.805E+00  2.837E-73  2.111E-65  2.111E-65  2.507E-84
2.780E+00  2.825E-73  2.083E-65  2.083E-65  6.352E-85
2.754E+00  2.817E-73  2.058E-65  2.058E-65  1.591E-85
2.729E+00  2.812E-73  2.036E-65  2.036E-65  3.942E-86
2.704E+00  2.811E-73  2.016E-65  2.016E-65  9.651E-87
2.679E+00  2.811E-73  1.998E-65  1.998E-65  2.335E-87
2.655E+00  2.813E-73  1.981E-65  1.981E-65  5.581E-88
2.630E+00  2.817E-73  1.965E-65  1.965E-65  1.318E-88
2.606E+00  2.822E-73  1.951E-65  1.951E-65  3.072E-89
2.582E+00  2.827E-73  1.937E-65  1.937E-65  7.073E-90
2.559E+00  2.834E-73  1.923E-65  1.923E-65  1.607E-90
2.535E+00  2.841E-73  1.910E-65  1.910E-65  3.604E-91
2.512E+00  2.848E-73  1.898E-65  1.898E-65  7.976E-92
2.489E+00  2.856E-73  1.885E-65  1.885E-65  1.741E-92
2.466E+00  2.863E-73  1.873E-65  1.873E-65  3.750E-93
2.443E+00  2.870E-73  1.860E-65  1.860E-65  7.965E-94
2.421E+00  2.877E-73  1.848E-65  1.848E-65  1.668E-94
2.399E+00  2.885E-73  1.836E-65  1.836E-65  3.444E-95
2.377E+00  2.893E-73  1.824E-65  1.824E-65  7.008E-96
2.355E+00  2.900E-73  1.812E-65  1.812E-65  1.405E-96
2.333E+00  2.908E-73  1.800E-65  1.800E-65  2.777E-97
2.312E+00  2.915E-73  1.788E-65  1.788E-65  5.406E-98
2.291E+00  2.922E-73  1.776E-65  1.776E-65  1.037E-98
2.270E+00  2.929E-73  1.764E-65  1.764E-65  1.958E-99
2.249E+00  2.935E-73  1.751E-65  1.751E-65  3.640-100
2.228E+00  2.941E-73  1.738E-65  1.738E-65  6.665-101
2.208E+00  2.946E-73  1.725E-65  1.725E-65  1.201-101
2.188E+00  2.950E-73  1.712E-65  1.712E-65  2.131-102
2.168E+00  2.954E-73  1.698E-65  1.698E-65  3.283-103
2.148E+00  2.956E-73  1.684E-65  1.684E-65  5.659-104
2.128E+00  2.956E-73  1.669E-65  1.669E-65  0.000E+00
2.109E+00  2.955E-73  1.653E-65  1.653E-65  0.000E+00
2.089E+00  2.951E-73  1.635E-65  1.635E-65  0.000E+00
2.070E+00  2.945E-73  1.617E-65  1.617E-65  0.000E+00
2.051E+00  2.935E-73  1.597E-65  1.597E-65  0.000E+00
2.032E+00  2.921E-73  1.575E-65  1.575E-65  0.000E+00
2.014E+00  2.901E-73  1.550E-65  1.550E-65  0.000E+00
1.995E+00  2.876E-73  1.522E-65  1.522E-65  0.000E+00
1.977E+00  2.845E-73  1.492E-65  1.492E-65  0.000E+00
1.959E+00  2.808E-73  1.459E-65  1.459E-65  0.000E+00
1.941E+00  2.772E-73  1.427E-65  1.427E-65  0.000E+00
1.923E+00  2.747E-73  1.401E-65  1.401E-65  0.000E+00
1.905E+00  2.742E-73  1.386E-65  1.386E-65  0.000E+00
1.888E+00  2.764E-73  1.384E-65  1.384E-65  0.000E+00
1.871E+00  2.805E-73  1.392E-65  1.392E-65  0.000E+00
1.854E+00  2.853E-73  1.403E-65  1.403E-65  0.000E+00
1.837E+00  2.898E-73  1.412E-65  1.412E-65  0.000E+00
1.820E+00  2.936E-73  1.417E-65  1.417E-65  0.000E+00
1.803E+00  2.966E-73  1.418E-65  1.418E-65  0.000E+00
1.786E+00  2.989E-73  1.417E-65  1.417E-65  0.000E+00
1.770E+00  3.008E-73  1.412E-65  1.412E-65  0.000E+00
1.754E+00  3.022E-73  1.406E-65  1.406E-65  0.000E+00
1.738E+00  3.032E-73  1.398E-65  1.398E-65  0.000E+00
1.722E+00  3.041E-73  1.389E-65  1.389E-65  0.000E+00
1.706E+00  3.048E-73  1.379E-65  1.379E-65  0.000E+00
1.690E+00  3.053E-73  1.369E-65  1.369E-65  0.000E+00
1.675E+00  3.057E-73  1.358E-65  1.358E-65  0.000E+00
1.660E+00  3.061E-73  1.347E-65  1.347E-65  0.000E+00
1.644E+00  3.064E-73  1.336E-65  1.336E-65  0.000E+00
1.629E+00  3.066E-73  1.325E-65  1.325E-65  0.000E+00
1.614E+00  3.068E-73  1.314E-65  1.314E-65  0.000E+00
1.600E+00  3.071E-73  1.303E-65  1.303E-65  0.000E+00
1.585E+00  3.074E-73  1.292E-65  1.292E-65  0.000E+00
1.570E+00  3.078E-73  1.282E-65  1.282E-65  0.000E+00
1.556E+00  3.082E-73  1.272E-65  1.272E-65  0.000E+00
1.542E+00  3.088E-73  1.263E-65  1.263E-65  0.000E+00
1.528E+00  3.096E-73  1.255E-65  1.255E-65  0.000E+00
1.514E+00  3.106E-73  1.247E-65  1.247E-65  0.000E+00
1.500E+00  3.119E-73  1.241E-65  1.241E-65  0.000E+00
1.486E+00  3.134E-73  1.235E-65  1.235E-65  0.000E+00
1.472E+00  3.154E-73  1.232E-65  1.232E-65  0.000E+00
1.459E+00  3.178E-73  1.230E-65  1.230E-65  0.000E+00
1.445E+00  3.209E-73  1.230E-65  1.230E-65  0.000E+00
1.432E+00  3.246E-73  1.233E-65  1.233E-65  0.000E+00
1.419E+00  3.292E-73  1.239E-65  1.239E-65  0.000E+00
1.406E+00  3.349E-73  1.249E-65  1.249E-65  0.000E+00
1.393E+00  3.418E-73  1.263E-65  1.263E-65  0.000E+00
1.380E+00  3.504E-73  1.283E-65  1.283E-65  0.000E+00
1.368E+00  3.608E-73  1.309E-65  1.309E-65  0.000E+00
1.355E+00  3.735E-73  1.343E-65  1.343E-65  0.000E+00
1.343E+00  3.889E-73  1.385E-65  1.385E-65  0.000E+00
1.330E+00  4.071E-73  1.437E-65  1.437E-65  0.000E+00
1.318E+00  4.279E-73  1.496E-65  1.496E-65  0.000E+00
1.306E+00  4.506E-73  1.561E-65  1.561E-65  0.000E+00
1.294E+00  4.727E-73  1.623E-65  1.623E-65  0.000E+00
1.282E+00  4.903E-73  1.668E-65  1.668E-65  0.000E+00
1.271E+00  4.986E-73  1.680E-65  1.680E-65  0.000E+00
1.259E+00  4.937E-73  1.649E-65  1.649E-65  0.000E+00
1.247E+00  4.754E-73  1.573E-65  1.573E-65  0.000E+00
1.236E+00  4.473E-73  1.467E-65  1.467E-65  0.000E+00
1.225E+00  4.154E-73  1.349E-65  1.349E-65  0.000E+00
1.213E+00  3.845E-73  1.237E-65  1.237E-65  0.000E+00
1.202E+00  3.574E-73  1.140E-65  1.140E-65  0.000E+00
1.191E+00  3.352E-73  1.059E-65  1.059E-65  0.000E+00
1.180E+00  3.179E-73  9.954E-66  9.954E-66  0.000E+00
1.169E+00  3.053E-73  9.472E-66  9.472E-66  0.000E+00
1.159E+00  2.971E-73  9.131E-66  9.131E-66  0.000E+00
1.148E+00  2.929E-73  8.922E-66  8.922E-66  0.000E+00
1.138E+00  2.932E-73  8.846E-66  8.846E-66  0.000E+00
1.127E+00  2.983E-73  8.919E-66  8.919E-66  0.000E+00
1.117E+00  3.096E-73  9.174E-66  9.174E-66  0.000E+00
1.107E+00  3.294E-73  9.668E-66  9.668E-66  0.000E+00
1.096E+00  3.610E-73  1.050E-65  1.050E-65  0.000E+00
1.086E+00  4.099E-73  1.181E-65  1.181E-65  0.000E+00
1.076E+00  4.814E-73  1.375E-65  1.375E-65  0.000E+00
1.067E+00  5.726E-73  1.620E-65  1.620E-65  0.000E+00
1.057E+00  6.490E-73  1.819E-65  1.819E-65  0.000E+00
1.047E+00  6.444E-73  1.790E-65  1.790E-65  0.000E+00
1.038E+00  5.496E-73  1.513E-65  1.513E-65  0.000E+00
1.028E+00  4.332E-73  1.181E-65  1.181E-65  0.000E+00
1.019E+00  3.410E-73  9.214E-66  9.214E-66  0.000E+00
1.009E+00  2.776E-73  7.433E-66  7.433E-66  0.000E+00
1.000E+00  2.350E-73  6.234E-66  6.234E-66  0.000E+00
