Dust emission spectrum from Draine,B.T., & Li, A. (2007), ApJ, in press [astro-ph/0608003]
==========================================================
         7 = grain model
 4.000E-08 4.000E-01 4.500E-05 = a_01 (cm) , sigma_1 , b_C1
 2.000E-07 5.500E-01 1.500E-05 = a_02 (cm) , sigma_2 , b_C2
 3.000E+02 3.000E+02 1.000E+00 = Umin , Umax, beta (dN/dU propto U^{-beta})
 3.000E+02 = <U>       mmp83 = radfield
 2.000E-06 1.000E+00 = a_{min} (cm), a_{max} (cm)
 8.440E-22 5.066E-22 3.374E-22 = P(tot)  P(carb)  P(sil) (erg s-1 H-1)
 band     <nu*P_nu> <j_nu(tot)><j_nu(carb)><j_nu(sil)>
 (um)   (erg s-1 H-1)(Jy/(sr*H))(Jy/(sr*H))(Jy/(sr*H))
1.270E+00  1.132E-71  3.812E-64  3.812E-64  1.456-100 COBE-DIRBE
2.220E+00  8.712E-63  5.130E-55  5.130E-55  1.549E-64 COBE-DIRBE
3.530E+00  6.176E-45  5.783E-37  5.783E-37  6.149E-43 COBE-DIRBE
4.880E+00  1.253E-38  1.622E-30  1.622E-30  3.192E-35 COBE-DIRBE
1.229E+01  8.570E-26  2.794E-17  2.241E-17  5.531E-18 COBE-DIRBE
2.079E+01  2.463E-23  1.358E-14  1.006E-14  3.526E-15 COBE-DIRBE
5.599E+01  7.098E-22  1.054E-12  6.175E-13  4.367E-13 COBE-DIRBE
9.770E+01  2.771E-22  7.181E-13  2.748E-13  4.434E-13 COBE-DIRBE
1.479E+02  8.494E-23  3.332E-13  1.113E-13  2.219E-13 COBE-DIRBE
2.479E+02  1.244E-23  8.178E-14  2.271E-14  5.906E-14 COBE-DIRBE
1.200E+01  1.651E-26  5.256E-18  4.660E-18  5.967E-19 IRAS
2.500E+01  7.520E-23  4.987E-14  3.906E-14  1.080E-14 IRAS
6.000E+01  6.638E-22  1.056E-12  5.991E-13  4.573E-13 IRAS
1.000E+02  2.583E-22  6.852E-13  2.566E-13  4.286E-13 IRAS
3.550E+00  1.277E-45  1.202E-37  1.202E-37  8.207E-44 SST-IRAC
4.493E+00  9.925E-40  1.183E-31  1.183E-31  1.424E-36 SST-IRAC
5.731E+00  3.619E-35  5.502E-27  5.501E-27  8.528E-31 SST-IRAC
7.872E+00  3.162E-30  6.603E-22  6.372E-22  2.311E-23 SST-IRAC
2.368E+01  5.492E-23  3.450E-14  2.616E-14  8.337E-15 SST-MIPS
7.142E+01  4.891E-22  9.265E-13  4.377E-13  4.888E-13 SST-MIPS
1.559E+02  6.248E-23  2.584E-13  8.452E-14  1.739E-13 SST-MIPS
1.600E+01  4.186E-24  1.777E-15  1.404E-15  3.724E-16 SST-IRSPU
2.200E+01  4.669E-23  2.724E-14  2.072E-14  6.525E-15 SST-IRSPU
7.500E+01  4.255E-22  8.465E-13  3.994E-13  4.470E-13 Herschel-PACS
1.100E+02  1.806E-22  5.269E-13  1.937E-13  3.333E-13 Herschel-PACS
1.700E+02  4.785E-23  2.158E-13  7.064E-14  1.451E-13 Herschel-PACS
2.500E+02  9.843E-24  6.528E-14  1.784E-14  4.744E-14 Herschel-SPIRE
3.600E+02  1.941E-24  1.854E-14  5.170E-15  1.337E-14 Herschel-SPIRE
5.200E+02  3.831E-25  5.284E-15  1.488E-15  3.796E-15 Herschel-SPIRE
2.400E+00  1.073E-39  6.833E-32  6.833E-32  3.345E-36 Akari IRC NIR N2
3.200E+00  4.333E-40  3.678E-32  3.678E-32  1.481E-36 Akari IRC NIR N3
4.100E+00  3.153E-38  3.429E-30  3.429E-30  1.375E-34 Akari IRC NIR N4
7.000E+00  7.982E-27  1.482E-18  1.010E-18  4.717E-19 Akari IRC MIR-S S7
9.000E+00  5.902E-28  1.409E-19  1.087E-19  3.221E-20 Akari IRC MIR-S S9W
1.100E+01  1.084E-26  3.162E-18  2.515E-18  6.465E-19 Akari IRC MIR-S S11
1.500E+01  1.048E-24  4.168E-16  2.906E-16  1.262E-16 Akari IRC MIR-L L15
1.800E+01  1.635E-23  7.807E-15  5.759E-15  2.048E-15 Akari IRC MIR-L L18W
2.400E+01  4.635E-23  2.950E-14  2.208E-14  7.419E-15 Akari IRC MIR-L L24
6.500E+01  5.988E-22  1.032E-12  5.189E-13  5.135E-13 Akari FIS N60
8.000E+01  3.768E-22  7.996E-13  3.453E-13  4.542E-13 Akari FIS WIDE-S
1.400E+02  8.337E-23  3.096E-13  1.035E-13  2.061E-13 Akari FIS WIDE-L
1.600E+02  5.560E-23  2.360E-13  7.502E-14  1.610E-13 Akari FIS N160
 
 
 
 


lambda    nu*dP/dnu     j_nu    j_nu(carb.) j_nu(sil)
 (um)    (erg/(s*H)) (Jy/(sr*H) (Jy/(sr*H)) (Jy/(sr*H)
1.000E+04  1.255E-30  3.328E-19  5.587E-20  2.769E-19
9.908E+03  1.301E-30  3.419E-19  5.754E-20  2.843E-19
9.817E+03  1.348E-30  3.512E-19  5.925E-20  2.919E-19
9.727E+03  1.398E-30  3.607E-19  6.102E-20  2.997E-19
9.638E+03  1.449E-30  3.705E-19  6.285E-20  3.077E-19
9.550E+03  1.503E-30  3.806E-19  6.473E-20  3.159E-19
9.462E+03  1.558E-30  3.910E-19  6.666E-20  3.243E-19
9.376E+03  1.615E-30  4.016E-19  6.866E-20  3.330E-19
9.290E+03  1.674E-30  4.126E-19  7.071E-20  3.419E-19
9.204E+03  1.736E-30  4.238E-19  7.283E-20  3.510E-19
9.120E+03  1.800E-30  4.354E-19  7.501E-20  3.604E-19
9.036E+03  1.866E-30  4.472E-19  7.726E-20  3.700E-19
8.954E+03  1.934E-30  4.594E-19  7.958E-20  3.798E-19
8.872E+03  2.005E-30  4.718E-19  8.197E-20  3.898E-19
8.790E+03  2.078E-30  4.846E-19  8.443E-20  4.001E-19
8.710E+03  2.154E-30  4.977E-19  8.697E-20  4.107E-19
8.630E+03  2.233E-30  5.112E-19  8.958E-20  4.216E-19
8.551E+03  2.315E-30  5.251E-19  9.228E-20  4.328E-19
8.472E+03  2.400E-30  5.393E-19  9.505E-20  4.443E-19
8.395E+03  2.488E-30  5.540E-19  9.791E-20  4.561E-19
8.318E+03  2.579E-30  5.691E-19  1.009E-19  4.682E-19
8.241E+03  2.674E-30  5.846E-19  1.039E-19  4.807E-19
8.166E+03  2.772E-30  6.005E-19  1.070E-19  4.935E-19
8.091E+03  2.875E-30  6.169E-19  1.103E-19  5.067E-19
8.017E+03  2.980E-30  6.338E-19  1.136E-19  5.202E-19
7.943E+03  3.090E-30  6.511E-19  1.170E-19  5.341E-19
7.870E+03  3.204E-30  6.689E-19  1.206E-19  5.484E-19
7.798E+03  3.322E-30  6.872E-19  1.242E-19  5.630E-19
7.727E+03  3.445E-30  7.061E-19  1.280E-19  5.781E-19
7.656E+03  3.572E-30  7.255E-19  1.318E-19  5.936E-19
7.586E+03  3.704E-30  7.454E-19  1.358E-19  6.096E-19
7.516E+03  3.841E-30  7.659E-19  1.399E-19  6.259E-19
7.447E+03  3.984E-30  7.869E-19  1.442E-19  6.428E-19
7.379E+03  4.131E-30  8.086E-19  1.485E-19  6.601E-19
7.311E+03  4.284E-30  8.309E-19  1.530E-19  6.779E-19
7.244E+03  4.443E-30  8.538E-19  1.577E-19  6.961E-19
7.178E+03  4.608E-30  8.774E-19  1.625E-19  7.149E-19
7.112E+03  4.779E-30  9.016E-19  1.674E-19  7.342E-19
7.047E+03  4.957E-30  9.266E-19  1.725E-19  7.541E-19
6.982E+03  5.141E-30  9.522E-19  1.777E-19  7.744E-19
6.918E+03  5.332E-30  9.785E-19  1.831E-19  7.953E-19
6.855E+03  5.530E-30  1.006E-18  1.887E-19  8.168E-19
6.792E+03  5.736E-30  1.033E-18  1.945E-19  8.389E-19
6.730E+03  5.949E-30  1.062E-18  2.004E-19  8.616E-19
6.668E+03  6.171E-30  1.091E-18  2.065E-19  8.850E-19
6.607E+03  6.401E-30  1.122E-18  2.128E-19  9.090E-19
6.546E+03  6.640E-30  1.153E-18  2.193E-19  9.336E-19
6.486E+03  6.887E-30  1.185E-18  2.260E-19  9.590E-19
6.427E+03  7.145E-30  1.218E-18  2.329E-19  9.851E-19
6.368E+03  7.412E-30  1.252E-18  2.400E-19  1.012E-18
6.310E+03  7.689E-30  1.287E-18  2.474E-19  1.040E-18
6.252E+03  7.977E-30  1.323E-18  2.549E-19  1.068E-18
6.194E+03  8.276E-30  1.360E-18  2.627E-19  1.097E-18
6.138E+03  8.586E-30  1.398E-18  2.708E-19  1.127E-18
6.081E+03  8.908E-30  1.437E-18  2.791E-19  1.158E-18
6.026E+03  9.242E-30  1.477E-18  2.876E-19  1.190E-18
5.970E+03  9.589E-30  1.519E-18  2.965E-19  1.222E-18
5.916E+03  9.950E-30  1.561E-18  3.056E-19  1.256E-18
5.861E+03  1.032E-29  1.605E-18  3.150E-19  1.290E-18
5.808E+03  1.071E-29  1.650E-18  3.246E-19  1.326E-18
5.754E+03  1.112E-29  1.697E-18  3.346E-19  1.362E-18
5.702E+03  1.154E-29  1.745E-18  3.449E-19  1.400E-18
5.649E+03  1.197E-29  1.794E-18  3.555E-19  1.438E-18
5.598E+03  1.242E-29  1.844E-18  3.665E-19  1.478E-18
5.546E+03  1.289E-29  1.897E-18  3.778E-19  1.519E-18
5.495E+03  1.338E-29  1.950E-18  3.894E-19  1.561E-18
5.445E+03  1.389E-29  2.005E-18  4.014E-19  1.604E-18
5.395E+03  1.441E-29  2.062E-18  4.138E-19  1.648E-18
5.346E+03  1.496E-29  2.121E-18  4.266E-19  1.694E-18
5.297E+03  1.552E-29  2.181E-18  4.398E-19  1.741E-18
5.248E+03  1.611E-29  2.243E-18  4.534E-19  1.790E-18
5.200E+03  1.672E-29  2.307E-18  4.674E-19  1.839E-18
5.152E+03  1.736E-29  2.372E-18  4.819E-19  1.890E-18
5.105E+03  1.802E-29  2.440E-18  4.968E-19  1.943E-18
5.058E+03  1.870E-29  2.509E-18  5.122E-19  1.997E-18
5.012E+03  1.941E-29  2.581E-18  5.281E-19  2.053E-18
4.966E+03  2.015E-29  2.655E-18  5.444E-19  2.110E-18
4.920E+03  2.092E-29  2.730E-18  5.613E-19  2.169E-18
4.875E+03  2.172E-29  2.808E-18  5.788E-19  2.230E-18
4.831E+03  2.254E-29  2.889E-18  5.968E-19  2.292E-18
4.786E+03  2.340E-29  2.972E-18  6.153E-19  2.356E-18
4.742E+03  2.430E-29  3.057E-18  6.344E-19  2.422E-18
4.699E+03  2.523E-29  3.144E-18  6.542E-19  2.490E-18
4.656E+03  2.619E-29  3.235E-18  6.745E-19  2.560E-18
4.613E+03  2.719E-29  3.328E-18  6.956E-19  2.632E-18
4.571E+03  2.824E-29  3.423E-18  7.172E-19  2.706E-18
4.529E+03  2.932E-29  3.522E-18  7.396E-19  2.782E-18
4.487E+03  3.044E-29  3.624E-18  7.627E-19  2.861E-18
4.446E+03  3.161E-29  3.728E-18  7.865E-19  2.942E-18
4.406E+03  3.283E-29  3.836E-18  8.111E-19  3.025E-18
4.365E+03  3.409E-29  3.947E-18  8.364E-19  3.111E-18
4.325E+03  3.540E-29  4.061E-18  8.626E-19  3.199E-18
4.285E+03  3.676E-29  4.179E-18  8.895E-19  3.289E-18
4.246E+03  3.818E-29  4.300E-18  9.174E-19  3.383E-18
4.207E+03  3.965E-29  4.425E-18  9.461E-19  3.479E-18
4.169E+03  4.118E-29  4.553E-18  9.758E-19  3.578E-18
4.130E+03  4.277E-29  4.686E-18  1.006E-18  3.680E-18
4.093E+03  4.442E-29  4.822E-18  1.038E-18  3.784E-18
4.055E+03  4.614E-29  4.963E-18  1.070E-18  3.892E-18
4.018E+03  4.792E-29  5.108E-18  1.104E-18  4.004E-18
3.981E+03  4.978E-29  5.257E-18  1.139E-18  4.118E-18
3.945E+03  5.170E-29  5.410E-18  1.175E-18  4.235E-18
3.908E+03  5.370E-29  5.568E-18  1.212E-18  4.356E-18
3.873E+03  5.579E-29  5.730E-18  1.250E-18  4.481E-18
3.837E+03  5.795E-29  5.898E-18  1.289E-18  4.609E-18
3.802E+03  6.020E-29  6.071E-18  1.330E-18  4.741E-18
3.767E+03  6.254E-29  6.249E-18  1.371E-18  4.877E-18
3.733E+03  6.497E-29  6.432E-18  1.415E-18  5.017E-18
3.698E+03  6.749E-29  6.621E-18  1.459E-18  5.162E-18
3.664E+03  7.012E-29  6.816E-18  1.505E-18  5.311E-18
3.631E+03  7.286E-29  7.017E-18  1.553E-18  5.464E-18
3.597E+03  7.570E-29  7.224E-18  1.602E-18  5.622E-18
3.565E+03  7.865E-29  7.437E-18  1.653E-18  5.784E-18
3.532E+03  8.173E-29  7.657E-18  1.705E-18  5.952E-18
3.499E+03  8.492E-29  7.883E-18  1.759E-18  6.124E-18
3.467E+03  8.825E-29  8.117E-18  1.815E-18  6.302E-18
3.436E+03  9.171E-29  8.357E-18  1.872E-18  6.485E-18
3.404E+03  9.530E-29  8.605E-18  1.931E-18  6.674E-18
3.373E+03  9.904E-29  8.861E-18  1.993E-18  6.868E-18
3.342E+03  1.029E-28  9.124E-18  2.056E-18  7.069E-18
3.311E+03  1.070E-28  9.396E-18  2.121E-18  7.275E-18
3.281E+03  1.112E-28  9.676E-18  2.188E-18  7.488E-18
3.251E+03  1.156E-28  9.965E-18  2.258E-18  7.707E-18
3.221E+03  1.201E-28  1.026E-17  2.330E-18  7.933E-18
3.192E+03  1.248E-28  1.057E-17  2.404E-18  8.166E-18
3.162E+03  1.298E-28  1.089E-17  2.480E-18  8.405E-18
3.133E+03  1.349E-28  1.121E-17  2.559E-18  8.652E-18
3.105E+03  1.402E-28  1.155E-17  2.641E-18  8.907E-18
3.076E+03  1.458E-28  1.189E-17  2.725E-18  9.170E-18
3.048E+03  1.515E-28  1.225E-17  2.811E-18  9.440E-18
3.020E+03  1.575E-28  1.262E-17  2.901E-18  9.719E-18
2.992E+03  1.638E-28  1.300E-17  2.994E-18  1.001E-17
2.965E+03  1.703E-28  1.339E-17  3.089E-18  1.030E-17
2.938E+03  1.770E-28  1.379E-17  3.188E-18  1.060E-17
2.911E+03  1.840E-28  1.421E-17  3.290E-18  1.092E-17
2.884E+03  1.913E-28  1.463E-17  3.395E-18  1.124E-17
2.858E+03  1.989E-28  1.507E-17  3.503E-18  1.157E-17
2.831E+03  2.068E-28  1.553E-17  3.615E-18  1.191E-17
2.805E+03  2.150E-28  1.600E-17  3.731E-18  1.227E-17
2.780E+03  2.235E-28  1.648E-17  3.850E-18  1.263E-17
2.754E+03  2.324E-28  1.698E-17  3.974E-18  1.301E-17
2.729E+03  2.417E-28  1.750E-17  4.101E-18  1.339E-17
2.704E+03  2.513E-28  1.803E-17  4.232E-18  1.379E-17
2.679E+03  2.614E-28  1.857E-17  4.368E-18  1.421E-17
2.655E+03  2.718E-28  1.914E-17  4.508E-18  1.463E-17
2.630E+03  2.827E-28  1.972E-17  4.653E-18  1.507E-17
2.606E+03  2.940E-28  2.032E-17  4.802E-18  1.552E-17
2.582E+03  3.057E-28  2.094E-17  4.956E-18  1.598E-17
2.559E+03  3.180E-28  2.158E-17  5.116E-18  1.646E-17
2.535E+03  3.307E-28  2.224E-17  5.280E-18  1.696E-17
2.512E+03  3.440E-28  2.292E-17  5.450E-18  1.747E-17
2.489E+03  3.578E-28  2.362E-17  5.625E-18  1.800E-17
2.466E+03  3.722E-28  2.434E-17  5.806E-18  1.854E-17
2.443E+03  3.871E-28  2.509E-17  5.993E-18  1.910E-17
2.421E+03  4.027E-28  2.586E-17  6.186E-18  1.967E-17
2.399E+03  4.189E-28  2.666E-17  6.385E-18  2.027E-17
2.377E+03  4.358E-28  2.748E-17  6.591E-18  2.088E-17
2.355E+03  4.534E-28  2.832E-17  6.804E-18  2.152E-17
2.333E+03  4.716E-28  2.919E-17  7.023E-18  2.217E-17
2.312E+03  4.907E-28  3.009E-17  7.250E-18  2.284E-17
2.291E+03  5.105E-28  3.102E-17  7.484E-18  2.354E-17
2.270E+03  5.312E-28  3.198E-17  7.725E-18  2.426E-17
2.249E+03  5.526E-28  3.297E-17  7.975E-18  2.499E-17
2.228E+03  5.750E-28  3.399E-17  8.233E-18  2.576E-17
2.208E+03  5.983E-28  3.504E-17  8.499E-18  2.654E-17
2.188E+03  6.226E-28  3.613E-17  8.774E-18  2.735E-17
2.168E+03  6.478E-28  3.725E-17  9.057E-18  2.819E-17
2.148E+03  6.741E-28  3.840E-17  9.350E-18  2.905E-17
2.128E+03  7.015E-28  3.960E-17  9.653E-18  2.994E-17
2.109E+03  7.300E-28  4.083E-17  9.966E-18  3.086E-17
2.089E+03  7.596E-28  4.210E-17  1.029E-17  3.181E-17
2.070E+03  7.905E-28  4.341E-17  1.062E-17  3.279E-17
2.051E+03  8.227E-28  4.476E-17  1.097E-17  3.380E-17
2.032E+03  8.562E-28  4.616E-17  1.132E-17  3.484E-17
2.014E+03  8.911E-28  4.760E-17  1.169E-17  3.591E-17
1.995E+03  9.274E-28  4.908E-17  1.207E-17  3.702E-17
1.977E+03  9.652E-28  5.062E-17  1.246E-17  3.816E-17
1.959E+03  1.005E-27  5.220E-17  1.286E-17  3.933E-17
1.941E+03  1.046E-27  5.383E-17  1.328E-17  4.055E-17
1.923E+03  1.088E-27  5.551E-17  1.371E-17  4.180E-17
1.905E+03  1.133E-27  5.725E-17  1.416E-17  4.309E-17
1.888E+03  1.179E-27  5.905E-17  1.462E-17  4.443E-17
1.871E+03  1.227E-27  6.090E-17  1.509E-17  4.580E-17
1.854E+03  1.277E-27  6.281E-17  1.558E-17  4.722E-17
1.837E+03  1.330E-27  6.478E-17  1.609E-17  4.869E-17
1.820E+03  1.384E-27  6.681E-17  1.662E-17  5.020E-17
1.803E+03  1.441E-27  6.892E-17  1.716E-17  5.176E-17
1.786E+03  1.500E-27  7.108E-17  1.771E-17  5.337E-17
1.770E+03  1.562E-27  7.332E-17  1.829E-17  5.503E-17
1.754E+03  1.626E-27  7.563E-17  1.889E-17  5.674E-17
1.738E+03  1.692E-27  7.801E-17  1.950E-17  5.851E-17
1.722E+03  1.762E-27  8.047E-17  2.014E-17  6.034E-17
1.706E+03  1.834E-27  8.301E-17  2.079E-17  6.222E-17
1.690E+03  1.910E-27  8.564E-17  2.147E-17  6.416E-17
1.675E+03  1.988E-27  8.834E-17  2.217E-17  6.617E-17
1.660E+03  2.070E-27  9.113E-17  2.290E-17  6.824E-17
1.644E+03  2.155E-27  9.401E-17  2.364E-17  7.037E-17
1.629E+03  2.244E-27  9.699E-17  2.442E-17  7.257E-17
1.614E+03  2.337E-27  1.001E-16  2.521E-17  7.484E-17
1.600E+03  2.433E-27  1.032E-16  2.604E-17  7.719E-17
1.585E+03  2.533E-27  1.065E-16  2.689E-17  7.961E-17
1.570E+03  2.638E-27  1.099E-16  2.776E-17  8.211E-17
1.556E+03  2.746E-27  1.134E-16  2.867E-17  8.468E-17
1.542E+03  2.860E-27  1.169E-16  2.961E-17  8.734E-17
1.528E+03  2.978E-27  1.207E-16  3.058E-17  9.008E-17
1.514E+03  3.101E-27  1.245E-16  3.158E-17  9.291E-17
1.500E+03  3.229E-27  1.284E-16  3.261E-17  9.583E-17
1.486E+03  3.362E-27  1.325E-16  3.368E-17  9.885E-17
1.472E+03  3.501E-27  1.367E-16  3.478E-17  1.020E-16
1.459E+03  3.646E-27  1.411E-16  3.592E-17  1.052E-16
1.445E+03  3.797E-27  1.456E-16  3.709E-17  1.085E-16
1.432E+03  3.954E-27  1.502E-16  3.831E-17  1.119E-16
1.419E+03  4.118E-27  1.550E-16  3.956E-17  1.154E-16
1.406E+03  4.289E-27  1.599E-16  4.086E-17  1.191E-16
1.393E+03  4.466E-27  1.650E-16  4.220E-17  1.229E-16
1.380E+03  4.651E-27  1.703E-16  4.358E-17  1.267E-16
1.368E+03  4.844E-27  1.757E-16  4.501E-17  1.307E-16
1.355E+03  5.045E-27  1.814E-16  4.648E-17  1.349E-16
1.343E+03  5.254E-27  1.871E-16  4.800E-17  1.391E-16
1.330E+03  5.472E-27  1.931E-16  4.958E-17  1.435E-16
1.318E+03  5.699E-27  1.993E-16  5.121E-17  1.481E-16
1.306E+03  5.936E-27  2.057E-16  5.288E-17  1.528E-16
1.294E+03  6.182E-27  2.122E-16  5.462E-17  1.576E-16
1.282E+03  6.439E-27  2.190E-16  5.641E-17  1.626E-16
1.271E+03  6.706E-27  2.260E-16  5.826E-17  1.678E-16
1.259E+03  6.985E-27  2.333E-16  6.018E-17  1.731E-16
1.247E+03  7.275E-27  2.407E-16  6.215E-17  1.786E-16
1.236E+03  7.577E-27  2.484E-16  6.419E-17  1.842E-16
1.225E+03  7.892E-27  2.564E-16  6.630E-17  1.901E-16
1.213E+03  8.220E-27  2.646E-16  6.848E-17  1.961E-16
1.202E+03  8.561E-27  2.730E-16  7.073E-17  2.023E-16
1.191E+03  8.917E-27  2.818E-16  7.305E-17  2.087E-16
1.180E+03  9.287E-27  2.908E-16  7.545E-17  2.153E-16
1.169E+03  9.673E-27  3.001E-16  7.793E-17  2.222E-16
1.159E+03  1.008E-26  3.097E-16  8.049E-17  2.292E-16
1.148E+03  1.049E-26  3.196E-16  8.314E-17  2.365E-16
1.138E+03  1.093E-26  3.298E-16  8.587E-17  2.440E-16
1.127E+03  1.138E-26  3.404E-16  8.869E-17  2.517E-16
1.117E+03  1.186E-26  3.513E-16  9.161E-17  2.597E-16
1.107E+03  1.235E-26  3.625E-16  9.462E-17  2.679E-16
1.096E+03  1.286E-26  3.741E-16  9.773E-17  2.764E-16
1.086E+03  1.340E-26  3.861E-16  1.009E-16  2.852E-16
1.076E+03  1.396E-26  3.985E-16  1.043E-16  2.942E-16
1.067E+03  1.454E-26  4.112E-16  1.077E-16  3.035E-16
1.057E+03  1.514E-26  4.244E-16  1.112E-16  3.131E-16
1.047E+03  1.577E-26  4.380E-16  1.149E-16  3.231E-16
1.038E+03  1.642E-26  4.520E-16  1.187E-16  3.333E-16
1.028E+03  1.711E-26  4.664E-16  1.226E-16  3.439E-16
1.019E+03  1.782E-26  4.814E-16  1.266E-16  3.547E-16
1.009E+03  1.856E-26  4.968E-16  1.308E-16  3.660E-16
1.000E+03  1.933E-26  5.126E-16  1.351E-16  3.775E-16
9.908E+02  2.013E-26  5.291E-16  1.395E-16  3.895E-16
9.817E+02  2.097E-26  5.460E-16  1.441E-16  4.019E-16
9.727E+02  2.184E-26  5.635E-16  1.489E-16  4.146E-16
9.638E+02  2.275E-26  5.815E-16  1.538E-16  4.277E-16
9.550E+02  2.369E-26  6.002E-16  1.589E-16  4.413E-16
9.462E+02  2.468E-26  6.194E-16  1.641E-16  4.553E-16
9.376E+02  2.570E-26  6.392E-16  1.695E-16  4.697E-16
9.290E+02  2.677E-26  6.597E-16  1.751E-16  4.846E-16
9.204E+02  2.788E-26  6.808E-16  1.808E-16  4.999E-16
9.120E+02  2.904E-26  7.026E-16  1.868E-16  5.158E-16
9.036E+02  3.025E-26  7.250E-16  1.930E-16  5.321E-16
8.954E+02  3.150E-26  7.482E-16  1.993E-16  5.489E-16
8.872E+02  3.281E-26  7.721E-16  2.059E-16  5.662E-16
8.790E+02  3.417E-26  7.967E-16  2.127E-16  5.841E-16
8.710E+02  3.559E-26  8.221E-16  2.197E-16  6.025E-16
8.630E+02  3.706E-26  8.483E-16  2.269E-16  6.214E-16
8.551E+02  3.859E-26  8.754E-16  2.344E-16  6.410E-16
8.472E+02  4.019E-26  9.033E-16  2.421E-16  6.612E-16
8.395E+02  4.186E-26  9.320E-16  2.501E-16  6.819E-16
8.318E+02  4.359E-26  9.617E-16  2.583E-16  7.034E-16
8.241E+02  4.539E-26  9.923E-16  2.668E-16  7.254E-16
8.166E+02  4.727E-26  1.024E-15  2.756E-16  7.482E-16
8.091E+02  4.922E-26  1.056E-15  2.847E-16  7.716E-16
8.017E+02  5.125E-26  1.090E-15  2.941E-16  7.958E-16
7.943E+02  5.337E-26  1.124E-15  3.038E-16  8.207E-16
7.870E+02  5.557E-26  1.160E-15  3.138E-16  8.463E-16
7.798E+02  5.786E-26  1.197E-15  3.242E-16  8.728E-16
7.727E+02  6.025E-26  1.235E-15  3.348E-16  9.001E-16
7.656E+02  6.274E-26  1.274E-15  3.459E-16  9.282E-16
7.586E+02  6.532E-26  1.314E-15  3.573E-16  9.571E-16
7.516E+02  6.801E-26  1.356E-15  3.691E-16  9.870E-16
7.447E+02  7.082E-26  1.399E-15  3.812E-16  1.018E-15
7.379E+02  7.375E-26  1.443E-15  3.938E-16  1.050E-15
7.311E+02  7.679E-26  1.489E-15  4.068E-16  1.083E-15
7.244E+02  7.997E-26  1.537E-15  4.202E-16  1.117E-15
7.178E+02  8.327E-26  1.586E-15  4.340E-16  1.152E-15
7.112E+02  8.672E-26  1.636E-15  4.483E-16  1.188E-15
7.047E+02  9.031E-26  1.688E-15  4.631E-16  1.225E-15
6.982E+02  9.404E-26  1.742E-15  4.783E-16  1.263E-15
6.918E+02  9.793E-26  1.797E-15  4.941E-16  1.303E-15
6.855E+02  1.020E-25  1.854E-15  5.104E-16  1.344E-15
6.792E+02  1.062E-25  1.913E-15  5.272E-16  1.386E-15
6.730E+02  1.106E-25  1.974E-15  5.446E-16  1.430E-15
6.668E+02  1.152E-25  2.037E-15  5.625E-16  1.474E-15
6.607E+02  1.199E-25  2.102E-15  5.810E-16  1.520E-15
6.546E+02  1.249E-25  2.169E-15  6.002E-16  1.568E-15
6.486E+02  1.301E-25  2.238E-15  6.199E-16  1.618E-15
6.427E+02  1.355E-25  2.309E-15  6.403E-16  1.669E-15
6.368E+02  1.411E-25  2.383E-15  6.614E-16  1.722E-15
6.310E+02  1.470E-25  2.460E-15  6.832E-16  1.776E-15
6.252E+02  1.531E-25  2.538E-15  7.057E-16  1.833E-15
6.194E+02  1.594E-25  2.620E-15  7.289E-16  1.891E-15
6.138E+02  1.661E-25  2.704E-15  7.529E-16  1.951E-15
6.081E+02  1.730E-25  2.791E-15  7.777E-16  2.013E-15
6.026E+02  1.802E-25  2.880E-15  8.033E-16  2.077E-15
5.970E+02  1.877E-25  2.973E-15  8.297E-16  2.143E-15
5.916E+02  1.955E-25  3.068E-15  8.570E-16  2.211E-15
5.861E+02  2.037E-25  3.167E-15  8.852E-16  2.282E-15
5.808E+02  2.122E-25  3.269E-15  9.143E-16  2.355E-15
5.754E+02  2.211E-25  3.374E-15  9.444E-16  2.430E-15
5.702E+02  2.303E-25  3.483E-15  9.754E-16  2.508E-15
5.649E+02  2.399E-25  3.595E-15  1.007E-15  2.588E-15
5.598E+02  2.500E-25  3.711E-15  1.041E-15  2.671E-15
5.546E+02  2.604E-25  3.831E-15  1.075E-15  2.756E-15
5.495E+02  2.713E-25  3.955E-15  1.110E-15  2.845E-15
5.445E+02  2.827E-25  4.083E-15  1.147E-15  2.936E-15
5.395E+02  2.945E-25  4.215E-15  1.184E-15  3.031E-15
5.346E+02  3.069E-25  4.351E-15  1.223E-15  3.128E-15
5.297E+02  3.197E-25  4.492E-15  1.263E-15  3.229E-15
5.248E+02  3.331E-25  4.638E-15  1.305E-15  3.333E-15
5.200E+02  3.471E-25  4.788E-15  1.347E-15  3.441E-15
5.152E+02  3.617E-25  4.943E-15  1.392E-15  3.552E-15
5.105E+02  3.769E-25  5.104E-15  1.437E-15  3.667E-15
5.058E+02  3.927E-25  5.270E-15  1.484E-15  3.785E-15
5.012E+02  4.092E-25  5.441E-15  1.533E-15  3.908E-15
4.966E+02  4.265E-25  5.617E-15  1.583E-15  4.034E-15
4.920E+02  4.444E-25  5.800E-15  1.635E-15  4.165E-15
4.875E+02  4.631E-25  5.989E-15  1.689E-15  4.300E-15
4.831E+02  4.826E-25  6.184E-15  1.744E-15  4.440E-15
4.786E+02  5.029E-25  6.385E-15  1.801E-15  4.584E-15
4.742E+02  5.241E-25  6.593E-15  1.860E-15  4.733E-15
4.699E+02  5.462E-25  6.808E-15  1.921E-15  4.887E-15
4.656E+02  5.692E-25  7.029E-15  1.984E-15  5.046E-15
4.613E+02  5.932E-25  7.259E-15  2.049E-15  5.210E-15
4.571E+02  6.182E-25  7.495E-15  2.115E-15  5.380E-15
4.529E+02  6.443E-25  7.740E-15  2.185E-15  5.555E-15
4.487E+02  6.714E-25  7.992E-15  2.256E-15  5.737E-15
4.446E+02  6.998E-25  8.253E-15  2.329E-15  5.924E-15
4.406E+02  7.293E-25  8.522E-15  2.405E-15  6.117E-15
4.365E+02  7.601E-25  8.801E-15  2.484E-15  6.317E-15
4.325E+02  7.922E-25  9.088E-15  2.565E-15  6.523E-15
4.285E+02  8.256E-25  9.385E-15  2.648E-15  6.737E-15
4.246E+02  8.605E-25  9.692E-15  2.735E-15  6.957E-15
4.207E+02  8.968E-25  1.001E-14  2.824E-15  7.185E-15
4.169E+02  9.348E-25  1.034E-14  2.916E-15  7.421E-15
4.130E+02  9.743E-25  1.067E-14  3.010E-15  7.664E-15
4.093E+02  1.015E-24  1.102E-14  3.108E-15  7.916E-15
4.055E+02  1.058E-24  1.139E-14  3.209E-15  8.176E-15
4.018E+02  1.103E-24  1.176E-14  3.313E-15  8.445E-15
3.981E+02  1.150E-24  1.214E-14  3.421E-15  8.723E-15
3.945E+02  1.199E-24  1.254E-14  3.532E-15  9.010E-15
3.908E+02  1.249E-24  1.295E-14  3.646E-15  9.307E-15
3.873E+02  1.302E-24  1.338E-14  3.765E-15  9.614E-15
3.837E+02  1.358E-24  1.382E-14  3.887E-15  9.932E-15
3.802E+02  1.415E-24  1.427E-14  4.012E-15  1.026E-14
3.767E+02  1.475E-24  1.474E-14  4.142E-15  1.060E-14
3.733E+02  1.538E-24  1.523E-14  4.276E-15  1.095E-14
3.698E+02  1.603E-24  1.573E-14  4.414E-15  1.131E-14
3.664E+02  1.671E-24  1.624E-14  4.557E-15  1.169E-14
3.631E+02  1.742E-24  1.678E-14  4.704E-15  1.207E-14
3.597E+02  1.816E-24  1.733E-14  4.855E-15  1.247E-14
3.565E+02  1.893E-24  1.790E-14  5.012E-15  1.289E-14
3.532E+02  1.973E-24  1.849E-14  5.173E-15  1.331E-14
3.499E+02  2.057E-24  1.909E-14  5.340E-15  1.375E-14
3.467E+02  2.144E-24  1.972E-14  5.511E-15  1.421E-14
3.436E+02  2.235E-24  2.037E-14  5.688E-15  1.468E-14
3.404E+02  2.330E-24  2.104E-14  5.871E-15  1.517E-14
3.373E+02  2.429E-24  2.173E-14  6.059E-15  1.567E-14
3.342E+02  2.532E-24  2.244E-14  6.253E-15  1.619E-14
3.311E+02  2.639E-24  2.318E-14  6.454E-15  1.673E-14
3.281E+02  2.751E-24  2.394E-14  6.660E-15  1.728E-14
3.251E+02  2.868E-24  2.473E-14  6.873E-15  1.785E-14
3.221E+02  2.989E-24  2.554E-14  7.093E-15  1.845E-14
3.192E+02  3.116E-24  2.638E-14  7.319E-15  1.906E-14
3.162E+02  3.248E-24  2.724E-14  7.553E-15  1.969E-14
3.133E+02  3.386E-24  2.814E-14  7.794E-15  2.034E-14
3.105E+02  3.529E-24  2.906E-14  8.042E-15  2.102E-14
3.076E+02  3.678E-24  3.001E-14  8.298E-15  2.172E-14
3.048E+02  3.834E-24  3.100E-14  8.561E-15  2.244E-14
3.020E+02  3.996E-24  3.201E-14  8.833E-15  2.318E-14
2.992E+02  4.165E-24  3.306E-14  9.114E-15  2.395E-14
2.965E+02  4.341E-24  3.414E-14  9.403E-15  2.474E-14
2.938E+02  4.525E-24  3.526E-14  9.700E-15  2.556E-14
2.911E+02  4.716E-24  3.641E-14  1.001E-14  2.641E-14
2.884E+02  4.915E-24  3.760E-14  1.032E-14  2.728E-14
2.858E+02  5.123E-24  3.883E-14  1.065E-14  2.818E-14
2.831E+02  5.339E-24  4.010E-14  1.099E-14  2.911E-14
2.805E+02  5.564E-24  4.141E-14  1.133E-14  3.007E-14
2.780E+02  5.799E-24  4.276E-14  1.169E-14  3.107E-14
2.754E+02  6.043E-24  4.415E-14  1.206E-14  3.209E-14
2.729E+02  6.298E-24  4.559E-14  1.244E-14  3.316E-14
2.704E+02  6.564E-24  4.708E-14  1.283E-14  3.426E-14
2.679E+02  6.842E-24  4.862E-14  1.323E-14  3.539E-14
2.655E+02  7.131E-24  5.021E-14  1.364E-14  3.657E-14
2.630E+02  7.432E-24  5.185E-14  1.407E-14  3.778E-14
2.606E+02  7.745E-24  5.354E-14  1.451E-14  3.903E-14
2.582E+02  8.072E-24  5.529E-14  1.496E-14  4.033E-14
2.559E+02  8.410E-24  5.708E-14  1.543E-14  4.165E-14
2.535E+02  8.762E-24  5.892E-14  1.591E-14  4.301E-14
2.512E+02  9.126E-24  6.081E-14  1.640E-14  4.440E-14
2.489E+02  9.500E-24  6.272E-14  1.692E-14  4.580E-14
2.466E+02  9.883E-24  6.465E-14  1.744E-14  4.721E-14
2.443E+02  1.028E-23  6.662E-14  1.798E-14  4.864E-14
2.421E+02  1.069E-23  6.863E-14  1.854E-14  5.009E-14
2.399E+02  1.111E-23  7.069E-14  1.911E-14  5.158E-14
2.377E+02  1.154E-23  7.277E-14  1.970E-14  5.306E-14
2.355E+02  1.199E-23  7.490E-14  2.031E-14  5.459E-14
2.333E+02  1.245E-23  7.709E-14  2.094E-14  5.615E-14
2.312E+02  1.294E-23  7.934E-14  2.159E-14  5.775E-14
2.291E+02  1.344E-23  8.164E-14  2.225E-14  5.939E-14
2.270E+02  1.395E-23  8.401E-14  2.294E-14  6.107E-14
2.249E+02  1.449E-23  8.644E-14  2.364E-14  6.280E-14
2.228E+02  1.505E-23  8.894E-14  2.437E-14  6.457E-14
2.208E+02  1.562E-23  9.150E-14  2.512E-14  6.638E-14
2.188E+02  1.622E-23  9.413E-14  2.589E-14  6.824E-14
2.168E+02  1.684E-23  9.682E-14  2.668E-14  7.014E-14
2.148E+02  1.748E-23  9.959E-14  2.750E-14  7.209E-14
2.128E+02  1.814E-23  1.024E-13  2.834E-14  7.408E-14
2.109E+02  1.883E-23  1.053E-13  2.921E-14  7.612E-14
2.089E+02  1.954E-23  1.083E-13  3.010E-14  7.821E-14
2.070E+02  2.028E-23  1.114E-13  3.102E-14  8.034E-14
2.051E+02  2.104E-23  1.145E-13  3.197E-14  8.253E-14
2.032E+02  2.183E-23  1.177E-13  3.294E-14  8.476E-14
2.014E+02  2.265E-23  1.210E-13  3.395E-14  8.705E-14
1.995E+02  2.350E-23  1.244E-13  3.499E-14  8.938E-14
1.977E+02  2.438E-23  1.278E-13  3.606E-14  9.177E-14
1.959E+02  2.528E-23  1.314E-13  3.716E-14  9.421E-14
1.941E+02  2.622E-23  1.350E-13  3.829E-14  9.670E-14
1.923E+02  2.719E-23  1.387E-13  3.946E-14  9.924E-14
1.905E+02  2.820E-23  1.425E-13  4.067E-14  1.018E-13
1.888E+02  2.924E-23  1.464E-13  4.192E-14  1.045E-13
1.871E+02  3.031E-23  1.504E-13  4.320E-14  1.072E-13
1.854E+02  3.142E-23  1.545E-13  4.453E-14  1.100E-13
1.837E+02  3.258E-23  1.587E-13  4.590E-14  1.128E-13
1.820E+02  3.377E-23  1.630E-13  4.732E-14  1.157E-13
1.803E+02  3.500E-23  1.674E-13  4.878E-14  1.186E-13
1.786E+02  3.628E-23  1.719E-13  5.030E-14  1.216E-13
1.770E+02  3.760E-23  1.765E-13  5.186E-14  1.247E-13
1.754E+02  3.896E-23  1.813E-13  5.348E-14  1.278E-13
1.738E+02  4.038E-23  1.861E-13  5.516E-14  1.310E-13
1.722E+02  4.184E-23  1.911E-13  5.690E-14  1.342E-13
1.706E+02  4.335E-23  1.962E-13  5.871E-14  1.375E-13
1.690E+02  4.492E-23  2.014E-13  6.059E-14  1.408E-13
1.675E+02  4.655E-23  2.068E-13  6.254E-14  1.443E-13
1.660E+02  4.823E-23  2.123E-13  6.457E-14  1.477E-13
1.644E+02  4.997E-23  2.180E-13  6.668E-14  1.513E-13
1.629E+02  5.178E-23  2.238E-13  6.889E-14  1.549E-13
1.614E+02  5.365E-23  2.297E-13  7.119E-14  1.586E-13
1.600E+02  5.559E-23  2.359E-13  7.361E-14  1.623E-13
1.585E+02  5.761E-23  2.422E-13  7.613E-14  1.661E-13
1.570E+02  5.971E-23  2.487E-13  7.878E-14  1.699E-13
1.556E+02  6.188E-23  2.554E-13  8.157E-14  1.738E-13
1.542E+02  6.415E-23  2.623E-13  8.450E-14  1.778E-13
1.528E+02  6.650E-23  2.694E-13  8.758E-14  1.819E-13
1.514E+02  6.894E-23  2.768E-13  9.082E-14  1.860E-13
1.500E+02  7.148E-23  2.844E-13  9.421E-14  1.901E-13
1.486E+02  7.412E-23  2.921E-13  9.777E-14  1.944E-13
1.472E+02  7.685E-23  3.001E-13  1.015E-13  1.987E-13
1.459E+02  7.967E-23  3.083E-13  1.053E-13  2.030E-13
1.445E+02  8.257E-23  3.166E-13  1.091E-13  2.074E-13
1.432E+02  8.551E-23  3.249E-13  1.129E-13  2.119E-13
1.419E+02  8.849E-23  3.331E-13  1.166E-13  2.165E-13
1.406E+02  9.145E-23  3.411E-13  1.200E-13  2.211E-13
1.393E+02  9.438E-23  3.488E-13  1.231E-13  2.257E-13
1.380E+02  9.725E-23  3.561E-13  1.257E-13  2.304E-13
1.368E+02  1.001E-22  3.631E-13  1.278E-13  2.352E-13
1.355E+02  1.028E-22  3.697E-13  1.297E-13  2.400E-13
1.343E+02  1.056E-22  3.762E-13  1.313E-13  2.449E-13
1.330E+02  1.084E-22  3.825E-13  1.327E-13  2.498E-13
1.318E+02  1.112E-22  3.889E-13  1.341E-13  2.548E-13
1.306E+02  1.141E-22  3.954E-13  1.355E-13  2.598E-13
1.294E+02  1.171E-22  4.020E-13  1.371E-13  2.649E-13
1.282E+02  1.202E-22  4.087E-13  1.387E-13  2.700E-13
1.271E+02  1.233E-22  4.157E-13  1.405E-13  2.752E-13
1.259E+02  1.266E-22  4.228E-13  1.425E-13  2.803E-13
1.247E+02  1.300E-22  4.302E-13  1.446E-13  2.856E-13
1.236E+02  1.335E-22  4.377E-13  1.468E-13  2.908E-13
1.225E+02  1.371E-22  4.454E-13  1.493E-13  2.962E-13
1.213E+02  1.408E-22  4.533E-13  1.518E-13  3.015E-13
1.202E+02  1.447E-22  4.614E-13  1.545E-13  3.069E-13
1.191E+02  1.486E-22  4.697E-13  1.574E-13  3.123E-13
1.180E+02  1.527E-22  4.781E-13  1.604E-13  3.177E-13
1.169E+02  1.568E-22  4.866E-13  1.634E-13  3.231E-13
1.159E+02  1.611E-22  4.952E-13  1.667E-13  3.286E-13
1.148E+02  1.655E-22  5.040E-13  1.700E-13  3.340E-13
1.138E+02  1.700E-22  5.130E-13  1.735E-13  3.395E-13
1.127E+02  1.746E-22  5.220E-13  1.770E-13  3.450E-13
1.117E+02  1.793E-22  5.313E-13  1.807E-13  3.505E-13
1.107E+02  1.842E-22  5.406E-13  1.846E-13  3.561E-13
1.096E+02  1.891E-22  5.501E-13  1.885E-13  3.616E-13
1.086E+02  1.942E-22  5.597E-13  1.925E-13  3.672E-13
1.076E+02  1.994E-22  5.694E-13  1.967E-13  3.727E-13
1.067E+02  2.047E-22  5.792E-13  2.009E-13  3.782E-13
1.057E+02  2.101E-22  5.891E-13  2.053E-13  3.838E-13
1.047E+02  2.157E-22  5.991E-13  2.098E-13  3.893E-13
1.038E+02  2.213E-22  6.091E-13  2.143E-13  3.948E-13
1.028E+02  2.271E-22  6.193E-13  2.190E-13  4.003E-13
1.019E+02  2.330E-22  6.294E-13  2.238E-13  4.057E-13
1.009E+02  2.389E-22  6.397E-13  2.286E-13  4.110E-13
1.000E+02  2.450E-22  6.499E-13  2.336E-13  4.164E-13
9.908E+01  2.512E-22  6.602E-13  2.386E-13  4.217E-13
9.817E+01  2.575E-22  6.706E-13  2.437E-13  4.269E-13
9.727E+01  2.639E-22  6.810E-13  2.488E-13  4.321E-13
9.638E+01  2.704E-22  6.913E-13  2.541E-13  4.373E-13
9.550E+01  2.770E-22  7.017E-13  2.594E-13  4.423E-13
9.462E+01  2.837E-22  7.121E-13  2.648E-13  4.474E-13
9.376E+01  2.905E-22  7.225E-13  2.702E-13  4.523E-13
9.290E+01  2.974E-22  7.329E-13  2.757E-13  4.572E-13
9.204E+01  3.044E-22  7.433E-13  2.813E-13  4.620E-13
9.120E+01  3.115E-22  7.536E-13  2.870E-13  4.667E-13
9.036E+01  3.187E-22  7.640E-13  2.927E-13  4.713E-13
8.954E+01  3.260E-22  7.743E-13  2.985E-13  4.758E-13
8.872E+01  3.334E-22  7.845E-13  3.044E-13  4.802E-13
8.790E+01  3.409E-22  7.948E-13  3.103E-13  4.845E-13
8.710E+01  3.485E-22  8.050E-13  3.164E-13  4.887E-13
8.630E+01  3.561E-22  8.152E-13  3.225E-13  4.928E-13
8.551E+01  3.639E-22  8.254E-13  3.286E-13  4.967E-13
8.472E+01  3.717E-22  8.354E-13  3.349E-13  5.005E-13
8.395E+01  3.796E-22  8.454E-13  3.412E-13  5.042E-13
8.318E+01  3.876E-22  8.552E-13  3.475E-13  5.077E-13
8.241E+01  3.957E-22  8.650E-13  3.540E-13  5.110E-13
8.166E+01  4.038E-22  8.747E-13  3.604E-13  5.143E-13
8.091E+01  4.120E-22  8.843E-13  3.669E-13  5.174E-13
8.017E+01  4.203E-22  8.938E-13  3.734E-13  5.204E-13
7.943E+01  4.286E-22  9.031E-13  3.800E-13  5.231E-13
7.870E+01  4.370E-22  9.123E-13  3.866E-13  5.257E-13
7.798E+01  4.454E-22  9.213E-13  3.932E-13  5.281E-13
7.727E+01  4.538E-22  9.301E-13  3.998E-13  5.303E-13
7.656E+01  4.623E-22  9.389E-13  4.064E-13  5.324E-13
7.586E+01  4.708E-22  9.474E-13  4.131E-13  5.343E-13
7.516E+01  4.794E-22  9.558E-13  4.197E-13  5.361E-13
7.447E+01  4.879E-22  9.639E-13  4.263E-13  5.375E-13
7.379E+01  4.965E-22  9.718E-13  4.330E-13  5.388E-13
7.311E+01  5.050E-22  9.795E-13  4.396E-13  5.399E-13
7.244E+01  5.136E-22  9.869E-13  4.462E-13  5.407E-13
7.178E+01  5.221E-22  9.941E-13  4.528E-13  5.413E-13
7.112E+01  5.306E-22  1.001E-12  4.594E-13  5.416E-13
7.047E+01  5.392E-22  1.008E-12  4.660E-13  5.419E-13
6.982E+01  5.478E-22  1.015E-12  4.725E-13  5.421E-13
6.918E+01  5.563E-22  1.021E-12  4.790E-13  5.419E-13
6.855E+01  5.648E-22  1.027E-12  4.854E-13  5.415E-13
6.792E+01  5.731E-22  1.033E-12  4.919E-13  5.407E-13
6.730E+01  5.815E-22  1.038E-12  4.982E-13  5.398E-13
6.668E+01  5.898E-22  1.043E-12  5.046E-13  5.387E-13
6.607E+01  5.981E-22  1.048E-12  5.108E-13  5.373E-13
6.546E+01  6.063E-22  1.053E-12  5.171E-13  5.358E-13
6.486E+01  6.144E-22  1.057E-12  5.232E-13  5.340E-13
6.427E+01  6.225E-22  1.061E-12  5.293E-13  5.319E-13
6.368E+01  6.304E-22  1.065E-12  5.353E-13  5.295E-13
6.310E+01  6.383E-22  1.068E-12  5.412E-13  5.271E-13
6.252E+01  6.461E-22  1.071E-12  5.471E-13  5.244E-13
6.194E+01  6.538E-22  1.074E-12  5.528E-13  5.215E-13
6.138E+01  6.614E-22  1.077E-12  5.585E-13  5.184E-13
6.081E+01  6.689E-22  1.079E-12  5.641E-13  5.150E-13
6.026E+01  6.763E-22  1.081E-12  5.695E-13  5.114E-13
5.970E+01  6.835E-22  1.082E-12  5.749E-13  5.075E-13
5.916E+01  6.906E-22  1.084E-12  5.802E-13  5.035E-13
5.861E+01  6.975E-22  1.084E-12  5.853E-13  4.991E-13
5.808E+01  7.043E-22  1.085E-12  5.904E-13  4.946E-13
5.754E+01  7.109E-22  1.085E-12  5.953E-13  4.898E-13
5.702E+01  7.174E-22  1.085E-12  6.001E-13  4.848E-13
5.649E+01  7.237E-22  1.084E-12  6.048E-13  4.796E-13
5.598E+01  7.298E-22  1.084E-12  6.094E-13  4.743E-13
5.546E+01  7.359E-22  1.083E-12  6.138E-13  4.688E-13
5.495E+01  7.417E-22  1.081E-12  6.181E-13  4.631E-13
5.445E+01  7.474E-22  1.080E-12  6.222E-13  4.573E-13
5.395E+01  7.529E-22  1.078E-12  6.263E-13  4.513E-13
5.346E+01  7.583E-22  1.075E-12  6.301E-13  4.451E-13
5.297E+01  7.634E-22  1.073E-12  6.339E-13  4.388E-13
5.248E+01  7.684E-22  1.070E-12  6.374E-13  4.323E-13
5.200E+01  7.732E-22  1.066E-12  6.408E-13  4.256E-13
5.152E+01  7.777E-22  1.063E-12  6.441E-13  4.188E-13
5.105E+01  7.821E-22  1.059E-12  6.472E-13  4.119E-13
5.058E+01  7.862E-22  1.055E-12  6.501E-13  4.048E-13
5.012E+01  7.901E-22  1.050E-12  6.529E-13  3.976E-13
4.966E+01  7.938E-22  1.046E-12  6.554E-13  3.903E-13
4.920E+01  7.972E-22  1.041E-12  6.577E-13  3.828E-13
4.875E+01  8.005E-22  1.035E-12  6.598E-13  3.753E-13
4.831E+01  8.035E-22  1.030E-12  6.618E-13  3.677E-13
4.786E+01  8.063E-22  1.024E-12  6.636E-13  3.601E-13
4.742E+01  8.089E-22  1.018E-12  6.652E-13  3.524E-13
4.699E+01  8.113E-22  1.011E-12  6.665E-13  3.446E-13
4.656E+01  8.134E-22  1.005E-12  6.677E-13  3.368E-13
4.613E+01  8.153E-22  9.976E-13  6.686E-13  3.290E-13
4.571E+01  8.169E-22  9.905E-13  6.693E-13  3.212E-13
4.529E+01  8.183E-22  9.831E-13  6.698E-13  3.133E-13
4.487E+01  8.194E-22  9.754E-13  6.700E-13  3.054E-13
4.446E+01  8.203E-22  9.675E-13  6.699E-13  2.976E-13
4.406E+01  8.209E-22  9.593E-13  6.695E-13  2.898E-13
4.365E+01  8.211E-22  9.508E-13  6.688E-13  2.820E-13
4.325E+01  8.211E-22  9.420E-13  6.678E-13  2.742E-13
4.285E+01  8.206E-22  9.329E-13  6.665E-13  2.664E-13
4.246E+01  8.198E-22  9.234E-13  6.648E-13  2.586E-13
4.207E+01  8.187E-22  9.136E-13  6.627E-13  2.510E-13
4.169E+01  8.171E-22  9.035E-13  6.602E-13  2.433E-13
4.130E+01  8.150E-22  8.930E-13  6.572E-13  2.358E-13
4.093E+01  8.125E-22  8.820E-13  6.538E-13  2.282E-13
4.055E+01  8.094E-22  8.707E-13  6.499E-13  2.207E-13
4.018E+01  8.059E-22  8.589E-13  6.455E-13  2.134E-13
3.981E+01  8.017E-22  8.467E-13  6.406E-13  2.061E-13
3.945E+01  7.970E-22  8.339E-13  6.351E-13  1.989E-13
3.908E+01  7.917E-22  8.207E-13  6.290E-13  1.918E-13
3.873E+01  7.856E-22  8.070E-13  6.222E-13  1.848E-13
3.837E+01  7.789E-22  7.928E-13  6.149E-13  1.779E-13
3.802E+01  7.714E-22  7.780E-13  6.068E-13  1.712E-13
3.767E+01  7.632E-22  7.626E-13  5.981E-13  1.645E-13
3.733E+01  7.541E-22  7.466E-13  5.887E-13  1.579E-13
3.698E+01  7.441E-22  7.300E-13  5.785E-13  1.515E-13
3.664E+01  7.333E-22  7.128E-13  5.676E-13  1.452E-13
3.631E+01  7.217E-22  6.950E-13  5.560E-13  1.390E-13
3.597E+01  7.091E-22  6.767E-13  5.437E-13  1.330E-13
3.565E+01  6.957E-22  6.578E-13  5.306E-13  1.272E-13
3.532E+01  6.814E-22  6.384E-13  5.169E-13  1.215E-13
3.499E+01  6.663E-22  6.185E-13  5.024E-13  1.160E-13
3.467E+01  6.502E-22  5.980E-13  4.873E-13  1.107E-13
3.436E+01  6.334E-22  5.772E-13  4.717E-13  1.055E-13
3.404E+01  6.157E-22  5.560E-13  4.554E-13  1.005E-13
3.373E+01  5.973E-22  5.344E-13  4.387E-13  9.567E-14
3.342E+01  5.782E-22  5.126E-13  4.216E-13  9.100E-14
3.311E+01  5.586E-22  4.906E-13  4.041E-13  8.652E-14
3.281E+01  5.384E-22  4.685E-13  3.863E-13  8.220E-14
3.251E+01  5.177E-22  4.464E-13  3.684E-13  7.803E-14
3.221E+01  4.967E-22  4.244E-13  3.504E-13  7.401E-14
3.192E+01  4.755E-22  4.025E-13  3.324E-13  7.014E-14
3.162E+01  4.541E-22  3.809E-13  3.145E-13  6.642E-14
3.133E+01  4.326E-22  3.596E-13  2.967E-13  6.285E-14
3.105E+01  4.113E-22  3.387E-13  2.793E-13  5.942E-14
3.076E+01  3.900E-22  3.183E-13  2.621E-13  5.613E-14
3.048E+01  3.691E-22  2.984E-13  2.454E-13  5.298E-14
3.020E+01  3.485E-22  2.792E-13  2.292E-13  4.996E-14
2.992E+01  3.284E-22  2.606E-13  2.136E-13  4.707E-14
2.965E+01  3.087E-22  2.428E-13  1.985E-13  4.429E-14
2.938E+01  2.897E-22  2.257E-13  1.841E-13  4.164E-14
2.911E+01  2.713E-22  2.095E-13  1.703E-13  3.911E-14
2.884E+01  2.536E-22  1.940E-13  1.573E-13  3.671E-14
2.858E+01  2.366E-22  1.793E-13  1.449E-13  3.441E-14
2.831E+01  2.204E-22  1.655E-13  1.333E-13  3.223E-14
2.805E+01  2.050E-22  1.525E-13  1.224E-13  3.016E-14
2.780E+01  1.903E-22  1.403E-13  1.121E-13  2.820E-14
2.754E+01  1.764E-22  1.289E-13  1.026E-13  2.634E-14
2.729E+01  1.634E-22  1.183E-13  9.368E-14  2.458E-14
2.704E+01  1.511E-22  1.083E-13  8.543E-14  2.292E-14
2.679E+01  1.395E-22  9.915E-14  7.780E-14  2.134E-14
2.655E+01  1.287E-22  9.062E-14  7.076E-14  1.986E-14
2.630E+01  1.186E-22  8.273E-14  6.427E-14  1.846E-14
2.606E+01  1.091E-22  7.545E-14  5.831E-14  1.714E-14
2.582E+01  1.004E-22  6.875E-14  5.285E-14  1.590E-14
2.559E+01  9.221E-23  6.258E-14  4.784E-14  1.474E-14
2.535E+01  8.463E-23  5.691E-14  4.327E-14  1.364E-14
2.512E+01  7.761E-23  5.171E-14  3.910E-14  1.262E-14
2.489E+01  7.112E-23  4.695E-14  3.530E-14  1.165E-14
2.466E+01  6.511E-23  4.259E-14  3.184E-14  1.075E-14
2.443E+01  5.957E-23  3.861E-14  2.870E-14  9.907E-15
2.421E+01  5.445E-23  3.497E-14  2.585E-14  9.116E-15
2.399E+01  4.973E-23  3.164E-14  2.327E-14  8.373E-15
2.377E+01  4.538E-23  2.861E-14  2.092E-14  7.687E-15
2.355E+01  4.140E-23  2.586E-14  1.881E-14  7.056E-15
2.333E+01  3.773E-23  2.336E-14  1.689E-14  6.466E-15
2.312E+01  3.436E-23  2.107E-14  1.516E-14  5.910E-15
2.291E+01  3.126E-23  1.900E-14  1.360E-14  5.398E-15
2.270E+01  2.845E-23  1.713E-14  1.219E-14  4.933E-15
2.249E+01  2.587E-23  1.544E-14  1.093E-14  4.508E-15
2.228E+01  2.352E-23  1.391E-14  9.787E-15  4.118E-15
2.208E+01  2.137E-23  1.252E-14  8.762E-15  3.754E-15
2.188E+01  1.939E-23  1.125E-14  7.840E-15  3.413E-15
2.168E+01  1.758E-23  1.011E-14  7.012E-15  3.095E-15
2.148E+01  1.592E-23  9.072E-15  6.268E-15  2.804E-15
2.128E+01  1.442E-23  8.141E-15  5.601E-15  2.540E-15
2.109E+01  1.306E-23  7.303E-15  5.002E-15  2.301E-15
2.089E+01  1.181E-23  6.546E-15  4.466E-15  2.080E-15
2.070E+01  1.067E-23  5.862E-15  3.985E-15  1.876E-15
2.051E+01  9.639E-24  5.244E-15  3.555E-15  1.689E-15
2.032E+01  8.699E-24  4.690E-15  3.169E-15  1.521E-15
2.014E+01  7.856E-24  4.197E-15  2.824E-15  1.372E-15
1.995E+01  7.088E-24  3.752E-15  2.516E-15  1.236E-15
1.977E+01  6.389E-24  3.350E-15  2.240E-15  1.110E-15
1.959E+01  5.750E-24  2.988E-15  1.993E-15  9.941E-16
1.941E+01  5.167E-24  2.660E-15  1.773E-15  8.873E-16
1.923E+01  4.635E-24  2.364E-15  1.576E-15  7.889E-16
1.905E+01  4.151E-24  2.098E-15  1.399E-15  6.988E-16
1.888E+01  3.711E-24  1.859E-15  1.242E-15  6.165E-16
1.871E+01  3.312E-24  1.644E-15  1.102E-15  5.417E-16
1.854E+01  2.951E-24  1.451E-15  9.770E-16  4.739E-16
1.837E+01  2.624E-24  1.279E-15  8.657E-16  4.128E-16
1.820E+01  2.330E-24  1.125E-15  7.666E-16  3.581E-16
1.803E+01  2.065E-24  9.876E-16  6.782E-16  3.094E-16
1.786E+01  1.827E-24  8.659E-16  5.997E-16  2.663E-16
1.770E+01  1.614E-24  7.580E-16  5.299E-16  2.282E-16
1.754E+01  1.424E-24  6.626E-16  4.680E-16  1.946E-16
1.738E+01  1.255E-24  5.783E-16  4.131E-16  1.653E-16
1.722E+01  1.104E-24  5.042E-16  3.643E-16  1.398E-16
1.706E+01  9.704E-25  4.392E-16  3.211E-16  1.180E-16
1.690E+01  8.522E-25  3.821E-16  2.828E-16  9.928E-17
1.675E+01  7.476E-25  3.322E-16  2.489E-16  8.324E-17
1.660E+01  6.551E-25  2.884E-16  2.189E-16  6.950E-17
1.644E+01  5.736E-25  2.502E-16  1.923E-16  5.785E-17
1.629E+01  5.017E-25  2.168E-16  1.688E-16  4.801E-17
1.614E+01  4.386E-25  1.878E-16  1.481E-16  3.977E-17
1.600E+01  3.832E-25  1.626E-16  1.297E-16  3.287E-17
1.585E+01  3.346E-25  1.407E-16  1.136E-16  2.711E-17
1.570E+01  2.920E-25  1.216E-16  9.933E-17  2.231E-17
1.556E+01  2.547E-25  1.051E-16  8.679E-17  1.833E-17
1.542E+01  2.220E-25  9.080E-17  7.576E-17  1.504E-17
1.528E+01  1.935E-25  7.839E-17  6.607E-17  1.232E-17
1.514E+01  1.685E-25  6.764E-17  5.756E-17  1.008E-17
1.500E+01  1.467E-25  5.834E-17  5.009E-17  8.249E-18
1.486E+01  1.276E-25  5.028E-17  4.355E-17  6.735E-18
1.472E+01  1.109E-25  4.331E-17  3.782E-17  5.492E-18
1.459E+01  9.636E-26  3.729E-17  3.281E-17  4.473E-18
1.445E+01  8.370E-26  3.209E-17  2.844E-17  3.655E-18
1.432E+01  7.268E-26  2.761E-17  2.462E-17  2.996E-18
1.419E+01  6.310E-26  2.375E-17  2.128E-17  2.470E-18
1.406E+01  5.477E-26  2.043E-17  1.838E-17  2.050E-18
1.393E+01  4.753E-26  1.756E-17  1.585E-17  1.716E-18
1.380E+01  4.123E-26  1.509E-17  1.365E-17  1.447E-18
1.368E+01  3.575E-26  1.297E-17  1.174E-17  1.229E-18
1.355E+01  3.098E-26  1.114E-17  1.009E-17  1.048E-18
1.343E+01  2.682E-26  9.551E-18  8.656E-18  8.957E-19
1.330E+01  2.318E-26  8.180E-18  7.416E-18  7.642E-19
1.318E+01  2.001E-26  6.996E-18  6.344E-18  6.516E-19
1.306E+01  1.725E-26  5.975E-18  5.421E-18  5.539E-19
1.294E+01  1.485E-26  5.096E-18  4.626E-18  4.705E-19
1.282E+01  1.276E-26  4.341E-18  3.941E-18  4.000E-19
1.271E+01  1.096E-26  3.692E-18  3.353E-18  3.399E-19
1.259E+01  9.389E-27  3.135E-18  2.847E-18  2.881E-19
1.247E+01  8.032E-27  2.658E-18  2.414E-18  2.435E-19
1.236E+01  6.858E-27  2.248E-18  2.043E-18  2.052E-19
1.225E+01  5.841E-27  1.897E-18  1.725E-18  1.721E-19
1.213E+01  4.968E-27  1.599E-18  1.455E-18  1.444E-19
1.202E+01  4.220E-27  1.346E-18  1.225E-18  1.212E-19
1.191E+01  3.577E-27  1.130E-18  1.029E-18  1.015E-19
1.180E+01  3.027E-27  9.477E-19  8.630E-19  8.468E-20
1.169E+01  2.556E-27  7.930E-19  7.226E-19  7.040E-20
1.159E+01  2.172E-27  6.677E-19  6.096E-19  5.814E-20
1.148E+01  1.998E-27  6.084E-19  5.605E-19  4.786E-20
1.138E+01  1.552E-27  4.683E-19  4.289E-19  3.939E-20
1.127E+01  1.293E-27  3.867E-19  3.544E-19  3.238E-20
1.117E+01  1.080E-27  3.200E-19  2.935E-19  2.658E-20
1.107E+01  9.012E-28  2.645E-19  2.428E-19  2.177E-20
1.096E+01  7.510E-28  2.184E-19  2.007E-19  1.776E-20
1.086E+01  6.250E-28  1.801E-19  1.657E-19  1.446E-20
1.076E+01  5.193E-28  1.483E-19  1.365E-19  1.178E-20
1.067E+01  4.307E-28  1.219E-19  1.123E-19  9.603E-21
1.057E+01  3.566E-28  9.997E-20  9.214E-20  7.824E-21
1.047E+01  2.946E-28  8.183E-20  7.549E-20  6.342E-21
1.038E+01  2.428E-28  6.682E-20  6.172E-20  5.091E-21
1.028E+01  1.995E-28  5.441E-20  5.037E-20  4.042E-21
1.019E+01  1.635E-28  4.419E-20  4.101E-20  3.178E-21
1.009E+01  1.337E-28  3.581E-20  3.332E-20  2.484E-21
1.000E+01  1.091E-28  2.895E-20  2.702E-20  1.936E-21
9.908E+00  8.891E-29  2.337E-20  2.186E-20  1.508E-21
9.817E+00  7.228E-29  1.882E-20  1.765E-20  1.173E-21
9.727E+00  5.863E-29  1.513E-20  1.422E-20  9.098E-22
9.638E+00  4.746E-29  1.213E-20  1.143E-20  7.031E-22
9.550E+00  3.832E-29  9.707E-21  9.169E-21  5.382E-22
9.462E+00  3.086E-29  7.745E-21  7.338E-21  4.068E-22
9.376E+00  2.478E-29  6.163E-21  5.860E-21  3.027E-22
9.290E+00  1.984E-29  4.889E-21  4.668E-21  2.213E-22
9.204E+00  1.585E-29  3.869E-21  3.710E-21  1.588E-22
9.120E+00  1.263E-29  3.054E-21  2.942E-21  1.120E-22
9.036E+00  1.004E-29  2.406E-21  2.328E-21  7.782E-23
8.954E+00  7.961E-30  1.891E-21  1.837E-21  5.345E-23
8.872E+00  6.303E-30  1.483E-21  1.447E-21  3.649E-23
8.790E+00  4.982E-30  1.162E-21  1.137E-21  2.484E-23
8.710E+00  3.930E-30  9.079E-22  8.910E-22  1.691E-23
8.630E+00  3.093E-30  7.081E-22  6.966E-22  1.153E-23
8.551E+00  2.428E-30  5.508E-22  5.429E-22  7.873E-24
8.472E+00  1.901E-30  4.273E-22  4.219E-22  5.355E-24
8.395E+00  1.485E-30  3.307E-22  3.271E-22  3.602E-24
8.318E+00  1.157E-30  2.553E-22  2.529E-22  2.378E-24
8.241E+00  8.995E-31  1.966E-22  1.951E-22  1.535E-24
8.166E+00  6.975E-31  1.511E-22  1.501E-22  9.664E-25
8.091E+00  5.397E-31  1.158E-22  1.152E-22  6.023E-25
8.017E+00  4.166E-31  8.859E-23  8.822E-23  3.715E-25
7.943E+00  3.208E-31  6.760E-23  6.737E-23  2.279E-25
7.870E+00  2.463E-31  5.143E-23  5.129E-23  1.390E-25
7.798E+00  1.885E-31  3.899E-23  3.891E-23  8.457E-26
7.727E+00  1.438E-31  2.947E-23  2.941E-23  5.157E-26
7.656E+00  1.094E-31  2.221E-23  2.218E-23  3.162E-26
7.586E+00  8.293E-32  1.669E-23  1.667E-23  1.953E-26
7.516E+00  6.263E-32  1.249E-23  1.248E-23  1.225E-26
7.447E+00  4.716E-32  9.316E-24  9.309E-24  7.823E-27
7.379E+00  3.542E-32  6.933E-24  6.928E-24  5.060E-27
7.311E+00  2.653E-32  5.146E-24  5.142E-24  3.330E-27
7.244E+00  1.982E-32  3.809E-24  3.806E-24  2.209E-27
7.178E+00  1.476E-32  2.811E-24  2.809E-24  1.472E-27
7.112E+00  1.096E-32  2.068E-24  2.067E-24  9.880E-28
7.047E+00  8.115E-33  1.517E-24  1.516E-24  6.654E-28
6.982E+00  5.989E-33  1.109E-24  1.109E-24  4.470E-28
6.918E+00  4.406E-33  8.085E-25  8.082E-25  3.001E-28
6.855E+00  3.231E-33  5.876E-25  5.874E-25  2.009E-28
6.792E+00  2.362E-33  4.256E-25  4.255E-25  1.341E-28
6.730E+00  1.721E-33  3.073E-25  3.072E-25  8.917E-29
6.668E+00  1.250E-33  2.211E-25  2.211E-25  5.907E-29
6.607E+00  9.046E-34  1.585E-25  1.585E-25  3.896E-29
6.546E+00  6.524E-34  1.133E-25  1.133E-25  2.558E-29
6.486E+00  4.688E-34  8.066E-26  8.065E-26  1.673E-29
6.427E+00  3.357E-34  5.724E-26  5.722E-26  1.089E-29
6.368E+00  2.396E-34  4.048E-26  4.047E-26  7.058E-30
6.310E+00  1.690E-34  2.828E-26  2.827E-26  4.552E-30
6.252E+00  1.217E-34  2.017E-26  2.017E-26  2.923E-30
6.194E+00  8.587E-35  1.411E-26  1.411E-26  1.868E-30
6.138E+00  6.026E-35  9.810E-27  9.809E-27  1.187E-30
6.081E+00  4.216E-35  6.802E-27  6.801E-27  7.508E-31
6.026E+00  2.942E-35  4.703E-27  4.702E-27  4.731E-31
5.970E+00  2.047E-35  3.241E-27  3.241E-27  2.969E-31
5.916E+00  1.419E-35  2.226E-27  2.226E-27  1.855E-31
5.861E+00  9.797E-36  1.523E-27  1.523E-27  1.154E-31
5.808E+00  6.741E-36  1.038E-27  1.038E-27  7.152E-32
5.754E+00  4.621E-36  7.053E-28  7.052E-28  4.413E-32
5.702E+00  3.155E-36  4.771E-28  4.771E-28  2.712E-32
5.649E+00  2.145E-36  3.214E-28  3.214E-28  1.659E-32
5.598E+00  1.452E-36  2.157E-28  2.157E-28  1.011E-32
5.546E+00  9.797E-37  1.441E-28  1.441E-28  6.131E-33
5.495E+00  6.582E-37  9.594E-29  9.594E-29  3.703E-33
5.445E+00  4.404E-37  6.361E-29  6.361E-29  2.226E-33
5.395E+00  2.935E-37  4.200E-29  4.200E-29  1.333E-33
5.346E+00  1.948E-37  2.762E-29  2.762E-29  7.941E-34
5.297E+00  1.287E-37  1.809E-29  1.808E-29  4.710E-34
5.248E+00  8.470E-38  1.179E-29  1.179E-29  2.780E-34
5.200E+00  5.548E-38  7.653E-30  7.653E-30  1.634E-34
5.152E+00  3.619E-38  4.946E-30  4.946E-30  9.554E-35
5.105E+00  2.350E-38  3.182E-30  3.182E-30  5.560E-35
5.058E+00  1.519E-38  2.038E-30  2.038E-30  3.220E-35
5.012E+00  9.777E-39  1.300E-30  1.300E-30  1.856E-35
4.966E+00  6.262E-39  8.249E-31  8.249E-31  1.065E-35
4.920E+00  3.993E-39  5.211E-31  5.211E-31  6.075E-36
4.875E+00  2.534E-39  3.277E-31  3.277E-31  3.448E-36
4.831E+00  1.601E-39  2.051E-31  2.051E-31  1.947E-36
4.786E+00  1.007E-39  1.278E-31  1.278E-31  1.094E-36
4.742E+00  6.301E-40  7.927E-32  7.927E-32  6.110E-37
4.699E+00  3.926E-40  4.893E-32  4.893E-32  3.395E-37
4.656E+00  2.434E-40  3.006E-32  3.006E-32  1.876E-37
4.613E+00  1.502E-40  1.838E-32  1.838E-32  1.031E-37
4.571E+00  9.225E-41  1.118E-32  1.118E-32  5.635E-38
4.529E+00  5.637E-41  6.772E-33  6.772E-33  3.062E-38
4.487E+00  3.428E-41  4.080E-33  4.080E-33  1.654E-38
4.446E+00  2.074E-41  2.446E-33  2.446E-33  8.886E-39
4.406E+00  1.248E-41  1.459E-33  1.459E-33  4.746E-39
4.365E+00  7.476E-42  8.656E-34  8.656E-34  2.520E-39
4.325E+00  4.454E-42  5.110E-34  5.110E-34  1.330E-39
4.285E+00  2.640E-42  3.001E-34  3.001E-34  6.978E-40
4.246E+00  1.556E-42  1.753E-34  1.753E-34  3.638E-40
4.207E+00  9.128E-43  1.019E-34  1.019E-34  1.885E-40
4.169E+00  5.324E-43  5.888E-35  5.888E-35  9.704E-41
4.130E+00  3.089E-43  3.384E-35  3.384E-35  4.965E-41
4.093E+00  1.782E-43  1.935E-35  1.935E-35  2.522E-41
4.055E+00  1.023E-43  1.100E-35  1.100E-35  1.273E-41
4.018E+00  5.835E-44  6.218E-36  6.218E-36  6.383E-42
3.981E+00  3.310E-44  3.496E-36  3.496E-36  3.179E-42
3.945E+00  1.868E-44  1.954E-36  1.954E-36  1.573E-42
3.908E+00  1.048E-44  1.086E-36  1.086E-36  7.730E-43
3.873E+00  5.843E-45  6.003E-37  6.003E-37  3.773E-43
3.837E+00  3.240E-45  3.298E-37  3.298E-37  1.829E-43
3.802E+00  1.786E-45  1.802E-37  1.802E-37  8.809E-44
3.767E+00  9.790E-46  9.783E-38  9.783E-38  4.212E-44
3.733E+00  5.334E-46  5.281E-38  5.281E-38  2.000E-44
3.698E+00  2.888E-46  2.833E-38  2.833E-38  9.428E-45
3.664E+00  1.555E-46  1.511E-38  1.511E-38  4.413E-45
3.631E+00  8.317E-47  8.010E-39  8.010E-39  2.051E-45
3.597E+00  4.422E-47  4.220E-39  4.220E-39  9.460E-46
3.565E+00  2.336E-47  2.209E-39  2.209E-39  4.332E-46
3.532E+00  1.227E-47  1.149E-39  1.149E-39  1.969E-46
3.499E+00  6.400E-48  5.941E-40  5.941E-40  8.880E-47
3.467E+00  3.317E-48  3.051E-40  3.051E-40  3.975E-47
3.436E+00  1.709E-48  1.557E-40  1.557E-40  1.766E-47
3.404E+00  8.742E-49  7.894E-41  7.894E-41  7.783E-48
3.373E+00  4.444E-49  3.976E-41  3.976E-41  3.404E-48
3.342E+00  2.244E-49  1.989E-41  1.989E-41  1.477E-48
3.311E+00  1.126E-49  9.886E-42  9.886E-42  6.355E-49
3.281E+00  5.606E-50  4.879E-42  4.879E-42  2.713E-49
3.251E+00  2.772E-50  2.391E-42  2.391E-42  1.148E-49
3.221E+00  1.362E-50  1.164E-42  1.164E-42  4.819E-50
3.192E+00  6.643E-51  5.623E-43  5.623E-43  2.006E-50
3.162E+00  3.217E-51  2.699E-43  2.699E-43  8.281E-51
3.133E+00  1.547E-51  1.286E-43  1.286E-43  3.390E-51
3.105E+00  7.389E-52  6.085E-44  6.085E-44  1.376E-51
3.076E+00  3.503E-52  2.858E-44  2.858E-44  5.543E-52
3.048E+00  1.649E-52  1.333E-44  1.333E-44  2.214E-52
3.020E+00  7.703E-53  6.170E-45  6.170E-45  8.763E-53
2.992E+00  3.572E-53  2.835E-45  2.835E-45  3.439E-53
2.965E+00  1.644E-53  1.293E-45  1.293E-45  1.338E-53
2.938E+00  7.509E-54  5.852E-46  5.852E-46  5.156E-54
2.911E+00  3.404E-54  2.628E-46  2.628E-46  1.970E-54
2.884E+00  1.531E-54  1.171E-46  1.171E-46  7.456E-55
2.858E+00  6.834E-55  5.180E-47  5.180E-47  2.797E-55
2.831E+00  3.026E-55  2.273E-47  2.273E-47  1.039E-55
2.805E+00  1.329E-55  9.892E-48  9.892E-48  3.826E-56
2.780E+00  5.793E-56  4.272E-48  4.272E-48  1.395E-56
2.754E+00  2.504E-56  1.830E-48  1.830E-48  5.041E-57
2.729E+00  1.074E-56  7.772E-49  7.772E-49  1.803E-57
2.704E+00  4.566E-57  3.275E-49  3.275E-49  6.389E-58
2.679E+00  1.925E-57  1.368E-49  1.368E-49  2.242E-58
2.655E+00  8.052E-58  5.670E-50  5.670E-50  7.787E-59
2.630E+00  3.338E-58  2.329E-50  2.329E-50  2.678E-59
2.606E+00  1.372E-58  9.488E-51  9.488E-51  9.119E-60
2.582E+00  5.594E-59  3.831E-51  3.831E-51  3.074E-60
2.559E+00  2.260E-59  1.534E-51  1.534E-51  1.025E-60
2.535E+00  9.051E-60  6.086E-52  6.086E-52  3.385E-61
2.512E+00  3.592E-60  2.394E-52  2.394E-52  1.106E-61
2.489E+00  1.413E-60  9.330E-53  9.330E-53  3.576E-62
2.466E+00  5.509E-61  3.603E-53  3.603E-53  1.144E-62
2.443E+00  2.128E-61  1.379E-53  1.379E-53  3.621E-63
2.421E+00  8.142E-62  5.229E-54  5.229E-54  1.134E-63
2.399E+00  3.088E-62  1.965E-54  1.965E-54  3.511E-64
2.377E+00  1.160E-62  7.314E-55  7.314E-55  1.075E-64
2.355E+00  4.318E-63  2.697E-55  2.697E-55  3.256E-65
2.333E+00  1.592E-63  9.852E-56  9.852E-56  9.751E-66
2.312E+00  5.812E-64  3.565E-56  3.565E-56  2.887E-66
2.291E+00  2.102E-64  1.277E-56  1.277E-56  8.448E-67
2.270E+00  7.527E-65  4.532E-57  4.532E-57  2.444E-67
2.249E+00  2.669E-65  1.592E-57  1.592E-57  6.988E-68
2.228E+00  9.371E-66  5.539E-58  5.539E-58  1.974E-68
2.208E+00  3.257E-66  1.908E-58  1.908E-58  5.513E-69
2.188E+00  1.121E-66  6.504E-59  6.504E-59  1.521E-69
2.168E+00  3.817E-67  2.195E-59  2.195E-59  4.145E-70
2.148E+00  1.286E-67  7.329E-60  7.329E-60  1.116E-70
2.128E+00  4.291E-68  2.422E-60  2.422E-60  2.968E-71
2.109E+00  1.417E-68  7.924E-61  7.924E-61  7.796E-72
2.089E+00  4.631E-69  2.567E-61  2.567E-61  2.022E-72
2.070E+00  1.502E-69  8.247E-62  8.247E-62  5.178E-73
2.051E+00  4.859E-70  2.644E-62  2.644E-62  1.309E-73
2.032E+00  1.595E-70  8.600E-63  8.600E-63  3.267E-74
2.014E+00  5.583E-71  2.982E-63  2.982E-63  8.047E-75
1.995E+00  2.319E-71  1.228E-63  1.228E-63  1.956E-75
1.977E+00  1.298E-71  6.808E-64  6.808E-64  4.693E-76
1.959E+00  9.767E-72  5.075E-64  5.075E-64  1.111E-76
1.941E+00  8.715E-72  4.487E-64  4.487E-64  2.593E-77
1.923E+00  8.354E-72  4.262E-64  4.262E-64  5.973E-78
1.905E+00  8.257E-72  4.174E-64  4.174E-64  1.357E-78
1.888E+00  8.298E-72  4.156E-64  4.156E-64  3.039E-79
1.871E+00  8.414E-72  4.175E-64  4.175E-64  6.713E-80
1.854E+00  8.555E-72  4.206E-64  4.206E-64  1.462E-80
1.837E+00  8.689E-72  4.233E-64  4.233E-64  3.139E-81
1.820E+00  8.803E-72  4.249E-64  4.249E-64  6.641E-82
1.803E+00  8.893E-72  4.253E-64  4.253E-64  1.385E-82
1.786E+00  8.964E-72  4.248E-64  4.248E-64  2.846E-83
1.770E+00  9.019E-72  4.235E-64  4.235E-64  5.763E-84
1.754E+00  9.061E-72  4.215E-64  4.215E-64  1.150E-84
1.738E+00  9.093E-72  4.192E-64  4.192E-64  2.259E-85
1.722E+00  9.119E-72  4.165E-64  4.165E-64  4.371E-86
1.706E+00  9.139E-72  4.136E-64  4.136E-64  8.330E-87
1.690E+00  9.155E-72  4.105E-64  4.105E-64  1.563E-87
1.675E+00  9.168E-72  4.073E-64  4.073E-64  2.887E-88
1.660E+00  9.178E-72  4.040E-64  4.040E-64  5.248E-89
1.644E+00  9.187E-72  4.007E-64  4.007E-64  9.390E-90
1.629E+00  9.194E-72  3.974E-64  3.974E-64  1.653E-90
1.614E+00  9.201E-72  3.940E-64  3.940E-64  2.863E-91
1.600E+00  9.209E-72  3.907E-64  3.907E-64  4.877E-92
1.585E+00  9.218E-72  3.875E-64  3.875E-64  8.171E-93
1.570E+00  9.230E-72  3.845E-64  3.845E-64  1.346E-93
1.556E+00  9.244E-72  3.815E-64  3.815E-64  2.181E-94
1.542E+00  9.262E-72  3.788E-64  3.788E-64  3.473E-95
1.528E+00  9.285E-72  3.762E-64  3.762E-64  5.436E-96
1.514E+00  9.315E-72  3.740E-64  3.740E-64  8.361E-97
1.500E+00  9.353E-72  3.721E-64  3.721E-64  1.264E-97
1.486E+00  9.400E-72  3.705E-64  3.705E-64  1.876E-98
1.472E+00  9.459E-72  3.694E-64  3.694E-64  2.736E-99
1.459E+00  9.532E-72  3.689E-64  3.689E-64  3.920-100
1.445E+00  9.624E-72  3.690E-64  3.690E-64  5.513-101
1.432E+00  9.736E-72  3.699E-64  3.699E-64  7.614-102
1.419E+00  9.874E-72  3.717E-64  3.717E-64  1.032-102
1.406E+00  1.004E-71  3.746E-64  3.746E-64  1.373-103
1.393E+00  1.025E-71  3.789E-64  3.789E-64  1.793-104
1.380E+00  1.051E-71  3.848E-64  3.848E-64  2.296-105
1.368E+00  1.082E-71  3.927E-64  3.927E-64  2.885-106
1.355E+00  1.120E-71  4.028E-64  4.028E-64  3.554-107
1.343E+00  1.167E-71  4.155E-64  4.155E-64  4.294-108
1.330E+00  1.221E-71  4.310E-64  4.310E-64  5.085-109
1.318E+00  1.284E-71  4.490E-64  4.490E-64  5.904-110
1.306E+00  1.352E-71  4.684E-64  4.684E-64  6.718-111
1.294E+00  1.418E-71  4.868E-64  4.868E-64  7.490-112
1.282E+00  1.471E-71  5.004E-64  5.004E-64  8.182-113
1.271E+00  1.496E-71  5.042E-64  5.042E-64  8.755-114
1.259E+00  1.481E-71  4.947E-64  4.947E-64  9.174-115
1.247E+00  1.426E-71  4.719E-64  4.719E-64  9.414-116
1.236E+00  1.342E-71  4.400E-64  4.400E-64  9.459-117
1.225E+00  1.246E-71  4.049E-64  4.049E-64  9.302-118
1.213E+00  1.154E-71  3.713E-64  3.713E-64  8.951-119
1.202E+00  1.072E-71  3.419E-64  3.419E-64  8.426-120
1.191E+00  1.006E-71  3.177E-64  3.177E-64  7.759-121
1.180E+00  9.538E-72  2.986E-64  2.986E-64  6.987-122
1.169E+00  9.160E-72  2.842E-64  2.842E-64  6.152-123
1.159E+00  8.912E-72  2.739E-64  2.739E-64  5.294-124
1.148E+00  8.789E-72  2.677E-64  2.677E-64  4.453-125
1.138E+00  8.795E-72  2.654E-64  2.654E-64  3.660-126
1.127E+00  8.950E-72  2.676E-64  2.676E-64  2.939-127
1.117E+00  9.291E-72  2.752E-64  2.752E-64  2.304-128
1.107E+00  9.883E-72  2.901E-64  2.901E-64  1.765-129
1.096E+00  1.083E-71  3.151E-64  3.151E-64  1.319-130
1.086E+00  1.230E-71  3.545E-64  3.545E-64  9.626-132
1.076E+00  1.445E-71  4.125E-64  4.125E-64  6.854-133
1.067E+00  1.718E-71  4.862E-64  4.862E-64  4.761-134
1.057E+00  1.948E-71  5.460E-64  5.460E-64  3.226-135
1.047E+00  1.934E-71  5.372E-64  5.372E-64  2.131-136
1.038E+00  1.649E-71  4.539E-64  4.539E-64  1.373-137
1.028E+00  1.300E-71  3.545E-64  3.545E-64  8.621-139
1.019E+00  1.023E-71  2.765E-64  2.765E-64  5.274-140
1.009E+00  8.331E-72  2.230E-64  2.230E-64  3.144-141
1.000E+00  7.053E-72  1.871E-64  1.871E-64  1.825-142
