Dust emission spectrum from Draine,B.T., & Li, A. (2007), ApJ, in press [astro-ph/0608003]
==========================================================
         7 = grain model
 4.000E-08 4.000E-01 4.500E-05 = a_01 (cm) , sigma_1 , b_C1
 2.000E-07 5.500E-01 1.500E-05 = a_02 (cm) , sigma_2 , b_C2
 1.000E+05 1.000E+05 1.000E+00 = Umin , Umax, beta (dN/dU propto U^{-beta})
 1.000E+05 = <U>       mmp83 = radfield
 2.000E-06 1.000E+00 = a_{min} (cm), a_{max} (cm)
 2.806E-19 1.682E-19 1.124E-19 = P(tot)  P(carb)  P(sil) (erg s-1 H-1)
 band     <nu*P_nu> <j_nu(tot)><j_nu(carb)><j_nu(sil)>
 (um)   (erg s-1 H-1)(Jy/(sr*H))(Jy/(sr*H))(Jy/(sr*H))
1.270E+00  1.242E-37  4.184E-30  4.184E-30  4.151E-43 COBE-DIRBE
2.220E+00  8.444E-29  4.972E-21  4.972E-21  3.350E-29 COBE-DIRBE
3.530E+00  3.897E-24  3.649E-16  3.649E-16  2.949E-21 COBE-DIRBE
4.880E+00  2.103E-22  2.722E-14  2.722E-14  3.228E-18 COBE-DIRBE
1.229E+01  5.653E-20  1.843E-11  1.238E-11  6.052E-12 COBE-DIRBE
2.079E+01  2.088E-19  1.151E-10  5.595E-11  5.919E-11 COBE-DIRBE
5.599E+01  4.988E-20  7.408E-11  4.100E-11  3.309E-11 COBE-DIRBE
9.770E+01  4.159E-21  1.078E-11  4.023E-12  6.755E-12 COBE-DIRBE
1.479E+02  6.689E-22  2.624E-12  8.932E-13  1.731E-12 COBE-DIRBE
2.479E+02  6.259E-23  4.115E-13  1.224E-13  2.891E-13 COBE-DIRBE
1.200E+01  4.245E-20  1.351E-11  9.942E-12  3.571E-12 IRAS
2.500E+01  2.420E-19  1.605E-10  8.710E-11  7.340E-11 IRAS
6.000E+01  4.534E-20  7.216E-11  4.050E-11  3.166E-11 IRAS
1.000E+02  3.591E-21  9.525E-12  3.476E-12  6.049E-12 IRAS
3.550E+00  3.360E-24  3.164E-16  3.164E-16  1.898E-21 SST-IRAC
4.493E+00  9.490E-23  1.131E-14  1.131E-14  8.171E-19 SST-IRAC
5.731E+00  1.038E-21  1.578E-13  1.577E-13  1.037E-16 SST-IRAC
7.872E+00  1.048E-20  2.188E-12  2.020E-12  1.680E-13 SST-IRAC
2.368E+01  2.389E-19  1.501E-10  7.987E-11  7.019E-11 SST-MIPS
7.142E+01  1.419E-20  2.689E-11  1.179E-11  1.510E-11 SST-MIPS
1.559E+02  4.331E-22  1.791E-12  6.058E-13  1.185E-12 SST-MIPS
1.600E+01  1.149E-19  4.876E-11  2.630E-11  2.246E-11 SST-IRSPU
2.200E+01  2.367E-19  1.381E-10  7.040E-11  6.773E-11 SST-IRSPU
7.500E+01  1.218E-20  2.422E-11  1.055E-11  1.367E-11 Herschel-PACS
1.100E+02  2.357E-21  6.876E-12  2.459E-12  4.418E-12 Herschel-PACS
1.700E+02  3.378E-22  1.523E-12  5.161E-13  1.007E-12 Herschel-PACS
2.500E+02  4.721E-23  3.131E-13  9.200E-14  2.211E-13 Herschel-SPIRE
3.600E+02  7.734E-24  7.386E-14  2.252E-14  5.134E-14 Herschel-SPIRE
5.200E+02  1.364E-24  1.881E-14  5.841E-15  1.297E-14 Herschel-SPIRE
2.400E+00  2.002E-24  1.274E-16  1.274E-16  2.204E-20 Akari IRC NIR N2
3.200E+00  2.812E-24  2.387E-16  2.387E-16  1.911E-20 Akari IRC NIR N3
4.100E+00  1.151E-22  1.252E-14  1.252E-14  1.769E-18 Akari IRC NIR N4
7.000E+00  6.692E-21  1.243E-12  1.156E-12  8.612E-14 Akari IRC MIR-S S7
9.000E+00  2.093E-20  4.996E-12  3.974E-12  1.022E-12 Akari IRC MIR-S S9W
1.100E+01  3.796E-20  1.108E-11  8.232E-12  2.844E-12 Akari IRC MIR-S S11
1.500E+01  1.153E-19  4.589E-11  2.410E-11  2.179E-11 Akari IRC MIR-L L15
1.800E+01  1.770E-19  8.449E-11  4.199E-11  4.250E-11 Akari IRC MIR-L L18W
2.400E+01  2.432E-19  1.548E-10  8.029E-11  7.452E-11 Akari IRC MIR-L L24
6.500E+01  2.192E-20  3.779E-11  1.766E-11  2.013E-11 Akari FIS N60
8.000E+01  8.938E-21  1.897E-11  8.175E-12  1.079E-11 Akari FIS WIDE-S
1.400E+02  6.414E-22  2.382E-12  8.127E-13  1.569E-12 Akari FIS WIDE-L
1.600E+02  3.663E-22  1.555E-12  5.135E-13  1.041E-12 Akari FIS N160
 
 
 
 


lambda    nu*dP/dnu     j_nu    j_nu(carb.) j_nu(sil)
 (um)    (erg/(s*H)) (Jy/(sr*H) (Jy/(sr*H)) (Jy/(sr*H)
1.000E+04  3.435E-30  9.113E-19  1.703E-19  7.409E-19
9.908E+03  3.562E-30  9.362E-19  1.754E-19  7.608E-19
9.817E+03  3.694E-30  9.619E-19  1.807E-19  7.812E-19
9.727E+03  3.830E-30  9.882E-19  1.861E-19  8.021E-19
9.638E+03  3.971E-30  1.015E-18  1.917E-19  8.236E-19
9.550E+03  4.118E-30  1.043E-18  1.975E-19  8.457E-19
9.462E+03  4.270E-30  1.072E-18  2.034E-19  8.683E-19
9.376E+03  4.427E-30  1.101E-18  2.095E-19  8.916E-19
9.290E+03  4.591E-30  1.131E-18  2.158E-19  9.155E-19
9.204E+03  4.761E-30  1.162E-18  2.223E-19  9.400E-19
9.120E+03  4.936E-30  1.194E-18  2.290E-19  9.652E-19
9.036E+03  5.119E-30  1.227E-18  2.359E-19  9.911E-19
8.954E+03  5.307E-30  1.260E-18  2.430E-19  1.018E-18
8.872E+03  5.502E-30  1.295E-18  2.503E-19  1.045E-18
8.790E+03  5.705E-30  1.330E-18  2.578E-19  1.072E-18
8.710E+03  5.914E-30  1.366E-18  2.656E-19  1.101E-18
8.630E+03  6.132E-30  1.404E-18  2.736E-19  1.130E-18
8.551E+03  6.358E-30  1.442E-18  2.819E-19  1.160E-18
8.472E+03  6.593E-30  1.482E-18  2.904E-19  1.191E-18
8.395E+03  6.836E-30  1.522E-18  2.992E-19  1.223E-18
8.318E+03  7.088E-30  1.564E-18  3.083E-19  1.256E-18
8.241E+03  7.350E-30  1.607E-18  3.176E-19  1.289E-18
8.166E+03  7.622E-30  1.651E-18  3.272E-19  1.324E-18
8.091E+03  7.904E-30  1.696E-18  3.371E-19  1.359E-18
8.017E+03  8.197E-30  1.743E-18  3.474E-19  1.396E-18
7.943E+03  8.501E-30  1.791E-18  3.579E-19  1.433E-18
7.870E+03  8.816E-30  1.840E-18  3.688E-19  1.472E-18
7.798E+03  9.143E-30  1.891E-18  3.800E-19  1.511E-18
7.727E+03  9.482E-30  1.944E-18  3.915E-19  1.552E-18
7.656E+03  9.835E-30  1.997E-18  4.034E-19  1.594E-18
7.586E+03  1.020E-29  2.053E-18  4.157E-19  1.637E-18
7.516E+03  1.058E-29  2.109E-18  4.283E-19  1.681E-18
7.447E+03  1.097E-29  2.168E-18  4.414E-19  1.727E-18
7.379E+03  1.138E-29  2.228E-18  4.548E-19  1.773E-18
7.311E+03  1.181E-29  2.290E-18  4.687E-19  1.821E-18
7.244E+03  1.225E-29  2.354E-18  4.830E-19  1.871E-18
7.178E+03  1.271E-29  2.419E-18  4.977E-19  1.921E-18
7.112E+03  1.318E-29  2.486E-18  5.129E-19  1.974E-18
7.047E+03  1.367E-29  2.556E-18  5.286E-19  2.027E-18
6.982E+03  1.418E-29  2.627E-18  5.448E-19  2.082E-18
6.918E+03  1.471E-29  2.700E-18  5.614E-19  2.139E-18
6.855E+03  1.526E-29  2.776E-18  5.786E-19  2.197E-18
6.792E+03  1.584E-29  2.853E-18  5.963E-19  2.257E-18
6.730E+03  1.643E-29  2.933E-18  6.146E-19  2.318E-18
6.668E+03  1.704E-29  3.015E-18  6.335E-19  2.381E-18
6.607E+03  1.768E-29  3.099E-18  6.529E-19  2.446E-18
6.546E+03  1.835E-29  3.186E-18  6.730E-19  2.513E-18
6.486E+03  1.904E-29  3.275E-18  6.936E-19  2.582E-18
6.427E+03  1.975E-29  3.367E-18  7.149E-19  2.652E-18
6.368E+03  2.050E-29  3.462E-18  7.369E-19  2.725E-18
6.310E+03  2.127E-29  3.559E-18  7.596E-19  2.800E-18
6.252E+03  2.207E-29  3.660E-18  7.830E-19  2.877E-18
6.194E+03  2.290E-29  3.763E-18  8.071E-19  2.956E-18
6.138E+03  2.377E-29  3.869E-18  8.320E-19  3.037E-18
6.081E+03  2.466E-29  3.978E-18  8.577E-19  3.121E-18
6.026E+03  2.560E-29  4.091E-18  8.841E-19  3.207E-18
5.970E+03  2.656E-29  4.207E-18  9.115E-19  3.295E-18
5.916E+03  2.757E-29  4.326E-18  9.396E-19  3.386E-18
5.861E+03  2.861E-29  4.449E-18  9.687E-19  3.480E-18
5.808E+03  2.970E-29  4.575E-18  9.986E-19  3.576E-18
5.754E+03  3.082E-29  4.705E-18  1.030E-18  3.675E-18
5.702E+03  3.199E-29  4.839E-18  1.061E-18  3.777E-18
5.649E+03  3.321E-29  4.977E-18  1.094E-18  3.882E-18
5.598E+03  3.447E-29  5.118E-18  1.128E-18  3.990E-18
5.546E+03  3.578E-29  5.264E-18  1.163E-18  4.101E-18
5.495E+03  3.715E-29  5.415E-18  1.199E-18  4.215E-18
5.445E+03  3.856E-29  5.570E-18  1.237E-18  4.333E-18
5.395E+03  4.003E-29  5.729E-18  1.275E-18  4.454E-18
5.346E+03  4.156E-29  5.893E-18  1.315E-18  4.578E-18
5.297E+03  4.315E-29  6.062E-18  1.356E-18  4.706E-18
5.248E+03  4.479E-29  6.236E-18  1.398E-18  4.838E-18
5.200E+03  4.651E-29  6.415E-18  1.442E-18  4.973E-18
5.152E+03  4.829E-29  6.599E-18  1.487E-18  5.113E-18
5.105E+03  5.013E-29  6.789E-18  1.533E-18  5.256E-18
5.058E+03  5.206E-29  6.984E-18  1.581E-18  5.404E-18
5.012E+03  5.405E-29  7.186E-18  1.630E-18  5.556E-18
4.966E+03  5.612E-29  7.393E-18  1.681E-18  5.712E-18
4.920E+03  5.828E-29  7.606E-18  1.734E-18  5.872E-18
4.875E+03  6.051E-29  7.826E-18  1.788E-18  6.038E-18
4.831E+03  6.284E-29  8.052E-18  1.844E-18  6.208E-18
4.786E+03  6.526E-29  8.285E-18  1.902E-18  6.383E-18
4.742E+03  6.777E-29  8.525E-18  1.961E-18  6.563E-18
4.699E+03  7.038E-29  8.772E-18  2.023E-18  6.749E-18
4.656E+03  7.309E-29  9.027E-18  2.086E-18  6.940E-18
4.613E+03  7.591E-29  9.289E-18  2.152E-18  7.137E-18
4.571E+03  7.884E-29  9.559E-18  2.220E-18  7.340E-18
4.529E+03  8.189E-29  9.838E-18  2.290E-18  7.548E-18
4.487E+03  8.506E-29  1.012E-17  2.362E-18  7.763E-18
4.446E+03  8.835E-29  1.042E-17  2.436E-18  7.984E-18
4.406E+03  9.177E-29  1.072E-17  2.513E-18  8.212E-18
4.365E+03  9.533E-29  1.104E-17  2.592E-18  8.446E-18
4.325E+03  9.903E-29  1.136E-17  2.674E-18  8.688E-18
4.285E+03  1.029E-28  1.169E-17  2.758E-18  8.936E-18
4.246E+03  1.069E-28  1.204E-17  2.845E-18  9.192E-18
4.207E+03  1.110E-28  1.239E-17  2.935E-18  9.456E-18
4.169E+03  1.153E-28  1.276E-17  3.028E-18  9.727E-18
4.130E+03  1.198E-28  1.313E-17  3.124E-18  1.001E-17
4.093E+03  1.245E-28  1.352E-17  3.223E-18  1.029E-17
4.055E+03  1.294E-28  1.392E-17  3.325E-18  1.059E-17
4.018E+03  1.344E-28  1.433E-17  3.431E-18  1.090E-17
3.981E+03  1.397E-28  1.475E-17  3.539E-18  1.121E-17
3.945E+03  1.451E-28  1.518E-17  3.652E-18  1.153E-17
3.908E+03  1.508E-28  1.563E-17  3.768E-18  1.187E-17
3.873E+03  1.567E-28  1.610E-17  3.888E-18  1.221E-17
3.837E+03  1.628E-28  1.657E-17  4.011E-18  1.256E-17
3.802E+03  1.692E-28  1.706E-17  4.139E-18  1.292E-17
3.767E+03  1.758E-28  1.757E-17  4.271E-18  1.330E-17
3.733E+03  1.827E-28  1.809E-17  4.407E-18  1.369E-17
3.698E+03  1.899E-28  1.863E-17  4.547E-18  1.408E-17
3.664E+03  1.974E-28  1.919E-17  4.692E-18  1.449E-17
3.631E+03  2.052E-28  1.976E-17  4.842E-18  1.492E-17
3.597E+03  2.132E-28  2.035E-17  4.997E-18  1.535E-17
3.565E+03  2.216E-28  2.096E-17  5.157E-18  1.580E-17
3.532E+03  2.304E-28  2.158E-17  5.322E-18  1.626E-17
3.499E+03  2.395E-28  2.223E-17  5.492E-18  1.674E-17
3.467E+03  2.490E-28  2.290E-17  5.668E-18  1.723E-17
3.436E+03  2.588E-28  2.359E-17  5.849E-18  1.774E-17
3.404E+03  2.691E-28  2.429E-17  6.037E-18  1.826E-17
3.373E+03  2.797E-28  2.503E-17  6.231E-18  1.880E-17
3.342E+03  2.908E-28  2.578E-17  6.431E-18  1.935E-17
3.311E+03  3.024E-28  2.656E-17  6.637E-18  1.992E-17
3.281E+03  3.144E-28  2.736E-17  6.850E-18  2.051E-17
3.251E+03  3.269E-28  2.819E-17  7.071E-18  2.112E-17
3.221E+03  3.399E-28  2.904E-17  7.298E-18  2.174E-17
3.192E+03  3.534E-28  2.992E-17  7.533E-18  2.239E-17
3.162E+03  3.675E-28  3.083E-17  7.776E-18  2.305E-17
3.133E+03  3.822E-28  3.177E-17  8.026E-18  2.374E-17
3.105E+03  3.975E-28  3.273E-17  8.285E-18  2.445E-17
3.076E+03  4.134E-28  3.373E-17  8.553E-18  2.518E-17
3.048E+03  4.299E-28  3.476E-17  8.829E-18  2.593E-17
3.020E+03  4.471E-28  3.582E-17  9.114E-18  2.670E-17
2.992E+03  4.650E-28  3.691E-17  9.409E-18  2.750E-17
2.965E+03  4.836E-28  3.803E-17  9.713E-18  2.832E-17
2.938E+03  5.030E-28  3.919E-17  1.003E-17  2.917E-17
2.911E+03  5.231E-28  4.039E-17  1.035E-17  3.004E-17
2.884E+03  5.441E-28  4.162E-17  1.069E-17  3.094E-17
2.858E+03  5.659E-28  4.290E-17  1.103E-17  3.186E-17
2.831E+03  5.887E-28  4.421E-17  1.139E-17  3.282E-17
2.805E+03  6.123E-28  4.557E-17  1.176E-17  3.381E-17
2.780E+03  6.370E-28  4.697E-17  1.214E-17  3.482E-17
2.754E+03  6.626E-28  4.841E-17  1.254E-17  3.587E-17
2.729E+03  6.893E-28  4.990E-17  1.295E-17  3.696E-17
2.704E+03  7.172E-28  5.144E-17  1.337E-17  3.807E-17
2.679E+03  7.461E-28  5.303E-17  1.380E-17  3.922E-17
2.655E+03  7.763E-28  5.466E-17  1.425E-17  4.041E-17
2.630E+03  8.077E-28  5.635E-17  1.472E-17  4.164E-17
2.606E+03  8.404E-28  5.810E-17  1.520E-17  4.290E-17
2.582E+03  8.745E-28  5.990E-17  1.569E-17  4.421E-17
2.559E+03  9.099E-28  6.176E-17  1.620E-17  4.555E-17
2.535E+03  9.469E-28  6.367E-17  1.673E-17  4.694E-17
2.512E+03  9.853E-28  6.565E-17  1.728E-17  4.837E-17
2.489E+03  1.025E-27  6.770E-17  1.784E-17  4.985E-17
2.466E+03  1.067E-27  6.981E-17  1.843E-17  5.138E-17
2.443E+03  1.111E-27  7.198E-17  1.903E-17  5.295E-17
2.421E+03  1.156E-27  7.423E-17  1.965E-17  5.458E-17
2.399E+03  1.203E-27  7.655E-17  2.030E-17  5.625E-17
2.377E+03  1.252E-27  7.895E-17  2.096E-17  5.798E-17
2.355E+03  1.303E-27  8.142E-17  2.165E-17  5.977E-17
2.333E+03  1.357E-27  8.397E-17  2.236E-17  6.161E-17
2.312E+03  1.412E-27  8.661E-17  2.309E-17  6.351E-17
2.291E+03  1.470E-27  8.933E-17  2.385E-17  6.547E-17
2.270E+03  1.530E-27  9.214E-17  2.464E-17  6.750E-17
2.249E+03  1.593E-27  9.504E-17  2.545E-17  6.959E-17
2.228E+03  1.658E-27  9.803E-17  2.628E-17  7.175E-17
2.208E+03  1.727E-27  1.011E-16  2.715E-17  7.397E-17
2.188E+03  1.798E-27  1.043E-16  2.804E-17  7.627E-17
2.168E+03  1.871E-27  1.076E-16  2.897E-17  7.864E-17
2.148E+03  1.949E-27  1.110E-16  2.992E-17  8.109E-17
2.128E+03  2.029E-27  1.145E-16  3.091E-17  8.362E-17
2.109E+03  2.112E-27  1.182E-16  3.193E-17  8.623E-17
2.089E+03  2.200E-27  1.219E-16  3.298E-17  8.892E-17
2.070E+03  2.290E-27  1.258E-16  3.407E-17  9.170E-17
2.051E+03  2.385E-27  1.298E-16  3.520E-17  9.457E-17
2.032E+03  2.484E-27  1.339E-16  3.636E-17  9.753E-17
2.014E+03  2.586E-27  1.382E-16  3.756E-17  1.006E-16
1.995E+03  2.693E-27  1.426E-16  3.881E-17  1.037E-16
1.977E+03  2.805E-27  1.471E-16  4.009E-17  1.070E-16
1.959E+03  2.921E-27  1.518E-16  4.142E-17  1.104E-16
1.941E+03  3.042E-27  1.566E-16  4.279E-17  1.138E-16
1.923E+03  3.168E-27  1.616E-16  4.421E-17  1.174E-16
1.905E+03  3.300E-27  1.668E-16  4.568E-17  1.211E-16
1.888E+03  3.437E-27  1.721E-16  4.719E-17  1.249E-16
1.871E+03  3.580E-27  1.776E-16  4.876E-17  1.289E-16
1.854E+03  3.729E-27  1.833E-16  5.038E-17  1.330E-16
1.837E+03  3.884E-27  1.892E-16  5.205E-17  1.372E-16
1.820E+03  4.046E-27  1.953E-16  5.378E-17  1.415E-16
1.803E+03  4.214E-27  2.016E-16  5.557E-17  1.460E-16
1.786E+03  4.390E-27  2.080E-16  5.742E-17  1.506E-16
1.770E+03  4.573E-27  2.147E-16  5.933E-17  1.554E-16
1.754E+03  4.764E-27  2.216E-16  6.131E-17  1.603E-16
1.738E+03  4.963E-27  2.288E-16  6.335E-17  1.654E-16
1.722E+03  5.171E-27  2.362E-16  6.546E-17  1.707E-16
1.706E+03  5.387E-27  2.438E-16  6.765E-17  1.761E-16
1.690E+03  5.613E-27  2.517E-16  6.991E-17  1.818E-16
1.675E+03  5.848E-27  2.598E-16  7.224E-17  1.876E-16
1.660E+03  6.093E-27  2.682E-16  7.465E-17  1.936E-16
1.644E+03  6.348E-27  2.769E-16  7.715E-17  1.997E-16
1.629E+03  6.614E-27  2.859E-16  7.972E-17  2.061E-16
1.614E+03  6.892E-27  2.951E-16  8.239E-17  2.127E-16
1.600E+03  7.181E-27  3.047E-16  8.515E-17  2.195E-16
1.585E+03  7.483E-27  3.146E-16  8.800E-17  2.266E-16
1.570E+03  7.797E-27  3.248E-16  9.094E-17  2.338E-16
1.556E+03  8.125E-27  3.353E-16  9.399E-17  2.414E-16
1.542E+03  8.467E-27  3.462E-16  9.714E-17  2.491E-16
1.528E+03  8.823E-27  3.575E-16  1.004E-16  2.571E-16
1.514E+03  9.194E-27  3.691E-16  1.038E-16  2.654E-16
1.500E+03  9.582E-27  3.812E-16  1.072E-16  2.739E-16
1.486E+03  9.986E-27  3.936E-16  1.108E-16  2.827E-16
1.472E+03  1.041E-26  4.064E-16  1.146E-16  2.919E-16
1.459E+03  1.085E-26  4.197E-16  1.184E-16  3.013E-16
1.445E+03  1.130E-26  4.334E-16  1.224E-16  3.110E-16
1.432E+03  1.178E-26  4.476E-16  1.265E-16  3.211E-16
1.419E+03  1.228E-26  4.623E-16  1.308E-16  3.315E-16
1.406E+03  1.280E-26  4.774E-16  1.352E-16  3.422E-16
1.393E+03  1.334E-26  4.930E-16  1.397E-16  3.533E-16
1.380E+03  1.391E-26  5.092E-16  1.444E-16  3.648E-16
1.368E+03  1.450E-26  5.259E-16  1.493E-16  3.766E-16
1.355E+03  1.511E-26  5.431E-16  1.543E-16  3.888E-16
1.343E+03  1.575E-26  5.610E-16  1.595E-16  4.014E-16
1.330E+03  1.642E-26  5.794E-16  1.649E-16  4.145E-16
1.318E+03  1.711E-26  5.984E-16  1.705E-16  4.280E-16
1.306E+03  1.784E-26  6.181E-16  1.762E-16  4.419E-16
1.294E+03  1.860E-26  6.385E-16  1.822E-16  4.563E-16
1.282E+03  1.939E-26  6.595E-16  1.883E-16  4.711E-16
1.271E+03  2.021E-26  6.812E-16  1.947E-16  4.865E-16
1.259E+03  2.107E-26  7.036E-16  2.013E-16  5.023E-16
1.247E+03  2.197E-26  7.268E-16  2.081E-16  5.187E-16
1.236E+03  2.290E-26  7.508E-16  2.152E-16  5.356E-16
1.225E+03  2.387E-26  7.755E-16  2.224E-16  5.531E-16
1.213E+03  2.489E-26  8.011E-16  2.300E-16  5.711E-16
1.202E+03  2.595E-26  8.276E-16  2.378E-16  5.898E-16
1.191E+03  2.705E-26  8.549E-16  2.458E-16  6.091E-16
1.180E+03  2.821E-26  8.831E-16  2.542E-16  6.290E-16
1.169E+03  2.941E-26  9.123E-16  2.628E-16  6.495E-16
1.159E+03  3.066E-26  9.424E-16  2.717E-16  6.708E-16
1.148E+03  3.197E-26  9.736E-16  2.809E-16  6.927E-16
1.138E+03  3.333E-26  1.006E-15  2.905E-16  7.154E-16
1.127E+03  3.475E-26  1.039E-15  3.003E-16  7.388E-16
1.117E+03  3.623E-26  1.073E-15  3.105E-16  7.630E-16
1.107E+03  3.778E-26  1.109E-15  3.211E-16  7.879E-16
1.096E+03  3.939E-26  1.146E-15  3.320E-16  8.137E-16
1.086E+03  4.107E-26  1.184E-15  3.433E-16  8.404E-16
1.076E+03  4.283E-26  1.223E-15  3.550E-16  8.679E-16
1.067E+03  4.466E-26  1.263E-15  3.671E-16  8.964E-16
1.057E+03  4.656E-26  1.305E-15  3.796E-16  9.258E-16
1.047E+03  4.855E-26  1.349E-15  3.925E-16  9.561E-16
1.038E+03  5.063E-26  1.393E-15  4.059E-16  9.875E-16
1.028E+03  5.279E-26  1.440E-15  4.197E-16  1.020E-15
1.019E+03  5.505E-26  1.487E-15  4.340E-16  1.053E-15
1.009E+03  5.740E-26  1.537E-15  4.488E-16  1.088E-15
1.000E+03  5.985E-26  1.588E-15  4.642E-16  1.123E-15
9.908E+02  6.241E-26  1.640E-15  4.800E-16  1.160E-15
9.817E+02  6.509E-26  1.695E-15  4.964E-16  1.199E-15
9.727E+02  6.788E-26  1.751E-15  5.134E-16  1.238E-15
9.638E+02  7.078E-26  1.810E-15  5.309E-16  1.279E-15
9.550E+02  7.382E-26  1.870E-15  5.491E-16  1.321E-15
9.462E+02  7.698E-26  1.932E-15  5.679E-16  1.364E-15
9.376E+02  8.028E-26  1.997E-15  5.873E-16  1.409E-15
9.290E+02  8.372E-26  2.063E-15  6.074E-16  1.456E-15
9.204E+02  8.731E-26  2.132E-15  6.282E-16  1.504E-15
9.120E+02  9.105E-26  2.203E-15  6.497E-16  1.553E-15
9.036E+02  9.496E-26  2.276E-15  6.720E-16  1.604E-15
8.954E+02  9.903E-26  2.352E-15  6.950E-16  1.657E-15
8.872E+02  1.033E-25  2.430E-15  7.189E-16  1.711E-15
8.790E+02  1.077E-25  2.511E-15  7.435E-16  1.768E-15
8.710E+02  1.123E-25  2.595E-15  7.690E-16  1.826E-15
8.630E+02  1.171E-25  2.681E-15  7.954E-16  1.886E-15
8.551E+02  1.221E-25  2.770E-15  8.227E-16  1.948E-15
8.472E+02  1.274E-25  2.863E-15  8.510E-16  2.012E-15
8.395E+02  1.328E-25  2.958E-15  8.803E-16  2.078E-15
8.318E+02  1.385E-25  3.056E-15  9.105E-16  2.146E-15
8.241E+02  1.445E-25  3.158E-15  9.418E-16  2.216E-15
8.166E+02  1.507E-25  3.263E-15  9.742E-16  2.289E-15
8.091E+02  1.571E-25  3.372E-15  1.008E-15  2.364E-15
8.017E+02  1.638E-25  3.484E-15  1.042E-15  2.442E-15
7.943E+02  1.709E-25  3.600E-15  1.078E-15  2.522E-15
7.870E+02  1.782E-25  3.720E-15  1.116E-15  2.604E-15
7.798E+02  1.858E-25  3.844E-15  1.154E-15  2.690E-15
7.727E+02  1.938E-25  3.971E-15  1.194E-15  2.778E-15
7.656E+02  2.021E-25  4.104E-15  1.235E-15  2.869E-15
7.586E+02  2.107E-25  4.240E-15  1.278E-15  2.963E-15
7.516E+02  2.198E-25  4.381E-15  1.322E-15  3.060E-15
7.447E+02  2.292E-25  4.528E-15  1.367E-15  3.160E-15
7.379E+02  2.390E-25  4.679E-15  1.414E-15  3.264E-15
7.311E+02  2.493E-25  4.835E-15  1.463E-15  3.372E-15
7.244E+02  2.600E-25  4.997E-15  1.514E-15  3.483E-15
7.178E+02  2.712E-25  5.165E-15  1.566E-15  3.598E-15
7.112E+02  2.829E-25  5.338E-15  1.620E-15  3.717E-15
7.047E+02  2.951E-25  5.517E-15  1.677E-15  3.840E-15
6.982E+02  3.079E-25  5.702E-15  1.735E-15  3.967E-15
6.918E+02  3.211E-25  5.893E-15  1.795E-15  4.099E-15
6.855E+02  3.350E-25  6.091E-15  1.857E-15  4.235E-15
6.792E+02  3.495E-25  6.296E-15  1.921E-15  4.375E-15
6.730E+02  3.645E-25  6.508E-15  1.988E-15  4.520E-15
6.668E+02  3.803E-25  6.726E-15  2.057E-15  4.669E-15
6.607E+02  3.967E-25  6.952E-15  2.128E-15  4.824E-15
6.546E+02  4.139E-25  7.187E-15  2.202E-15  4.985E-15
6.486E+02  4.318E-25  7.430E-15  2.278E-15  5.152E-15
6.427E+02  4.506E-25  7.682E-15  2.357E-15  5.324E-15
6.368E+02  4.702E-25  7.942E-15  2.439E-15  5.503E-15
6.310E+02  4.906E-25  8.212E-15  2.524E-15  5.688E-15
6.252E+02  5.120E-25  8.491E-15  2.612E-15  5.879E-15
6.194E+02  5.343E-25  8.780E-15  2.703E-15  6.077E-15
6.138E+02  5.576E-25  9.079E-15  2.797E-15  6.282E-15
6.081E+02  5.820E-25  9.388E-15  2.894E-15  6.494E-15
6.026E+02  6.074E-25  9.709E-15  2.995E-15  6.714E-15
5.970E+02  6.340E-25  1.004E-14  3.099E-15  6.941E-15
5.916E+02  6.617E-25  1.038E-14  3.207E-15  7.177E-15
5.861E+02  6.907E-25  1.074E-14  3.319E-15  7.421E-15
5.808E+02  7.210E-25  1.111E-14  3.434E-15  7.673E-15
5.754E+02  7.527E-25  1.149E-14  3.554E-15  7.934E-15
5.702E+02  7.857E-25  1.188E-14  3.678E-15  8.205E-15
5.649E+02  8.203E-25  1.229E-14  3.807E-15  8.485E-15
5.598E+02  8.564E-25  1.272E-14  3.939E-15  8.776E-15
5.546E+02  8.941E-25  1.315E-14  4.077E-15  9.077E-15
5.495E+02  9.335E-25  1.361E-14  4.220E-15  9.388E-15
5.445E+02  9.747E-25  1.408E-14  4.367E-15  9.711E-15
5.395E+02  1.018E-24  1.457E-14  4.520E-15  1.005E-14
5.346E+02  1.063E-24  1.507E-14  4.678E-15  1.039E-14
5.297E+02  1.110E-24  1.559E-14  4.841E-15  1.075E-14
5.248E+02  1.159E-24  1.613E-14  5.011E-15  1.112E-14
5.200E+02  1.210E-24  1.669E-14  5.186E-15  1.151E-14
5.152E+02  1.264E-24  1.728E-14  5.368E-15  1.191E-14
5.105E+02  1.320E-24  1.788E-14  5.556E-15  1.232E-14
5.058E+02  1.379E-24  1.850E-14  5.751E-15  1.275E-14
5.012E+02  1.440E-24  1.915E-14  5.952E-15  1.319E-14
4.966E+02  1.504E-24  1.982E-14  6.161E-15  1.366E-14
4.920E+02  1.571E-24  2.051E-14  6.377E-15  1.413E-14
4.875E+02  1.641E-24  2.123E-14  6.601E-15  1.463E-14
4.831E+02  1.715E-24  2.197E-14  6.833E-15  1.514E-14
4.786E+02  1.791E-24  2.274E-14  7.073E-15  1.567E-14
4.742E+02  1.872E-24  2.354E-14  7.321E-15  1.622E-14
4.699E+02  1.955E-24  2.437E-14  7.579E-15  1.679E-14
4.656E+02  2.043E-24  2.523E-14  7.845E-15  1.738E-14
4.613E+02  2.134E-24  2.612E-14  8.121E-15  1.800E-14
4.571E+02  2.230E-24  2.704E-14  8.407E-15  1.863E-14
4.529E+02  2.330E-24  2.800E-14  8.703E-15  1.929E-14
4.487E+02  2.435E-24  2.899E-14  9.009E-15  1.998E-14
4.446E+02  2.545E-24  3.001E-14  9.326E-15  2.069E-14
4.406E+02  2.659E-24  3.108E-14  9.655E-15  2.142E-14
4.365E+02  2.779E-24  3.218E-14  9.995E-15  2.218E-14
4.325E+02  2.904E-24  3.332E-14  1.035E-14  2.297E-14
4.285E+02  3.036E-24  3.451E-14  1.071E-14  2.379E-14
4.246E+02  3.173E-24  3.573E-14  1.109E-14  2.464E-14
4.207E+02  3.316E-24  3.701E-14  1.148E-14  2.553E-14
4.169E+02  3.466E-24  3.833E-14  1.189E-14  2.644E-14
4.130E+02  3.623E-24  3.970E-14  1.231E-14  2.739E-14
4.093E+02  3.788E-24  4.112E-14  1.274E-14  2.838E-14
4.055E+02  3.960E-24  4.259E-14  1.319E-14  2.940E-14
4.018E+02  4.140E-24  4.412E-14  1.366E-14  3.046E-14
3.981E+02  4.328E-24  4.570E-14  1.414E-14  3.156E-14
3.945E+02  4.525E-24  4.735E-14  1.464E-14  3.271E-14
3.908E+02  4.731E-24  4.905E-14  1.516E-14  3.389E-14
3.873E+02  4.947E-24  5.082E-14  1.569E-14  3.512E-14
3.837E+02  5.173E-24  5.265E-14  1.625E-14  3.640E-14
3.802E+02  5.410E-24  5.455E-14  1.683E-14  3.773E-14
3.767E+02  5.657E-24  5.653E-14  1.742E-14  3.911E-14
3.733E+02  5.916E-24  5.857E-14  1.804E-14  4.054E-14
3.698E+02  6.187E-24  6.070E-14  1.868E-14  4.202E-14
3.664E+02  6.471E-24  6.290E-14  1.934E-14  4.356E-14
3.631E+02  6.768E-24  6.518E-14  2.003E-14  4.516E-14
3.597E+02  7.079E-24  6.755E-14  2.074E-14  4.682E-14
3.565E+02  7.405E-24  7.001E-14  2.147E-14  4.854E-14
3.532E+02  7.746E-24  7.256E-14  2.223E-14  5.033E-14
3.499E+02  8.102E-24  7.521E-14  2.302E-14  5.219E-14
3.467E+02  8.476E-24  7.796E-14  2.384E-14  5.412E-14
3.436E+02  8.867E-24  8.081E-14  2.469E-14  5.612E-14
3.404E+02  9.277E-24  8.376E-14  2.557E-14  5.820E-14
3.373E+02  9.705E-24  8.683E-14  2.647E-14  6.036E-14
3.342E+02  1.015E-23  9.002E-14  2.742E-14  6.260E-14
3.311E+02  1.062E-23  9.332E-14  2.839E-14  6.493E-14
3.281E+02  1.112E-23  9.675E-14  2.940E-14  6.735E-14
3.251E+02  1.163E-23  1.003E-13  3.045E-14  6.986E-14
3.221E+02  1.217E-23  1.040E-13  3.153E-14  7.247E-14
3.192E+02  1.274E-23  1.078E-13  3.265E-14  7.518E-14
3.162E+02  1.333E-23  1.118E-13  3.382E-14  7.799E-14
3.133E+02  1.395E-23  1.159E-13  3.502E-14  8.091E-14
3.105E+02  1.460E-23  1.202E-13  3.627E-14  8.394E-14
3.076E+02  1.528E-23  1.247E-13  3.756E-14  8.710E-14
3.048E+02  1.599E-23  1.293E-13  3.890E-14  9.037E-14
3.020E+02  1.674E-23  1.341E-13  4.029E-14  9.377E-14
2.992E+02  1.752E-23  1.390E-13  4.173E-14  9.731E-14
2.965E+02  1.833E-23  1.442E-13  4.322E-14  1.010E-13
2.938E+02  1.919E-23  1.495E-13  4.476E-14  1.048E-13
2.911E+02  2.009E-23  1.551E-13  4.636E-14  1.087E-13
2.884E+02  2.103E-23  1.609E-13  4.802E-14  1.129E-13
2.858E+02  2.201E-23  1.669E-13  4.974E-14  1.171E-13
2.831E+02  2.305E-23  1.731E-13  5.152E-14  1.216E-13
2.805E+02  2.413E-23  1.795E-13  5.336E-14  1.262E-13
2.780E+02  2.526E-23  1.863E-13  5.527E-14  1.310E-13
2.754E+02  2.645E-23  1.932E-13  5.725E-14  1.360E-13
2.729E+02  2.769E-23  2.005E-13  5.930E-14  1.412E-13
2.704E+02  2.900E-23  2.080E-13  6.142E-14  1.466E-13
2.679E+02  3.037E-23  2.158E-13  6.363E-14  1.522E-13
2.655E+02  3.180E-23  2.239E-13  6.591E-14  1.580E-13
2.630E+02  3.331E-23  2.324E-13  6.827E-14  1.641E-13
2.606E+02  3.489E-23  2.412E-13  7.072E-14  1.704E-13
2.582E+02  3.654E-23  2.503E-13  7.326E-14  1.770E-13
2.559E+02  3.826E-23  2.597E-13  7.590E-14  1.838E-13
2.535E+02  4.007E-23  2.694E-13  7.863E-14  1.908E-13
2.512E+02  4.195E-23  2.795E-13  8.145E-14  1.981E-13
2.489E+02  4.390E-23  2.898E-13  8.438E-14  2.054E-13
2.466E+02  4.591E-23  3.003E-13  8.742E-14  2.129E-13
2.443E+02  4.801E-23  3.112E-13  9.057E-14  2.206E-13
2.421E+02  5.019E-23  3.223E-13  9.384E-14  2.285E-13
2.399E+02  5.246E-23  3.338E-13  9.722E-14  2.366E-13
2.377E+02  5.481E-23  3.456E-13  1.007E-13  2.448E-13
2.355E+02  5.726E-23  3.577E-13  1.044E-13  2.533E-13
2.333E+02  5.982E-23  3.703E-13  1.081E-13  2.621E-13
2.312E+02  6.250E-23  3.833E-13  1.121E-13  2.712E-13
2.291E+02  6.529E-23  3.968E-13  1.161E-13  2.806E-13
2.270E+02  6.821E-23  4.107E-13  1.203E-13  2.904E-13
2.249E+02  7.126E-23  4.251E-13  1.247E-13  3.004E-13
2.228E+02  7.444E-23  4.400E-13  1.292E-13  3.108E-13
2.208E+02  7.777E-23  4.555E-13  1.339E-13  3.216E-13
2.188E+02  8.125E-23  4.715E-13  1.388E-13  3.327E-13
2.168E+02  8.488E-23  4.881E-13  1.438E-13  3.442E-13
2.148E+02  8.867E-23  5.052E-13  1.491E-13  3.561E-13
2.128E+02  9.263E-23  5.229E-13  1.545E-13  3.684E-13
2.109E+02  9.677E-23  5.412E-13  1.601E-13  3.811E-13
2.089E+02  1.011E-22  5.602E-13  1.660E-13  3.942E-13
2.070E+02  1.056E-22  5.799E-13  1.721E-13  4.078E-13
2.051E+02  1.103E-22  6.002E-13  1.784E-13  4.218E-13
2.032E+02  1.152E-22  6.212E-13  1.850E-13  4.363E-13
2.014E+02  1.204E-22  6.430E-13  1.918E-13  4.512E-13
1.995E+02  1.257E-22  6.655E-13  1.988E-13  4.667E-13
1.977E+02  1.313E-22  6.888E-13  2.062E-13  4.826E-13
1.959E+02  1.372E-22  7.129E-13  2.138E-13  4.991E-13
1.941E+02  1.433E-22  7.379E-13  2.218E-13  5.161E-13
1.923E+02  1.497E-22  7.637E-13  2.300E-13  5.337E-13
1.905E+02  1.564E-22  7.905E-13  2.386E-13  5.519E-13
1.888E+02  1.634E-22  8.182E-13  2.475E-13  5.706E-13
1.871E+02  1.707E-22  8.468E-13  2.568E-13  5.900E-13
1.854E+02  1.783E-22  8.765E-13  2.665E-13  6.100E-13
1.837E+02  1.862E-22  9.073E-13  2.766E-13  6.307E-13
1.820E+02  1.946E-22  9.391E-13  2.871E-13  6.520E-13
1.803E+02  2.032E-22  9.721E-13  2.980E-13  6.741E-13
1.786E+02  2.123E-22  1.006E-12  3.094E-13  6.968E-13
1.770E+02  2.218E-22  1.042E-12  3.213E-13  7.203E-13
1.754E+02  2.318E-22  1.078E-12  3.337E-13  7.446E-13
1.738E+02  2.422E-22  1.116E-12  3.467E-13  7.697E-13
1.722E+02  2.530E-22  1.156E-12  3.603E-13  7.955E-13
1.706E+02  2.644E-22  1.197E-12  3.745E-13  8.222E-13
1.690E+02  2.763E-22  1.239E-12  3.893E-13  8.497E-13
1.675E+02  2.888E-22  1.283E-12  4.049E-13  8.782E-13
1.660E+02  3.019E-22  1.329E-12  4.213E-13  9.075E-13
1.644E+02  3.155E-22  1.376E-12  4.384E-13  9.378E-13
1.629E+02  3.299E-22  1.426E-12  4.565E-13  9.691E-13
1.614E+02  3.449E-22  1.477E-12  4.756E-13  1.001E-12
1.600E+02  3.607E-22  1.530E-12  4.956E-13  1.035E-12
1.585E+02  3.772E-22  1.586E-12  5.168E-13  1.069E-12
1.570E+02  3.946E-22  1.644E-12  5.392E-13  1.105E-12
1.556E+02  4.129E-22  1.704E-12  5.629E-13  1.141E-12
1.542E+02  4.321E-22  1.767E-12  5.881E-13  1.179E-12
1.528E+02  4.523E-22  1.833E-12  6.147E-13  1.218E-12
1.514E+02  4.735E-22  1.901E-12  6.430E-13  1.258E-12
1.500E+02  4.958E-22  1.972E-12  6.729E-13  1.300E-12
1.486E+02  5.193E-22  2.047E-12  7.045E-13  1.342E-12
1.472E+02  5.440E-22  2.124E-12  7.378E-13  1.387E-12
1.459E+02  5.697E-22  2.205E-12  7.725E-13  1.432E-12
1.445E+02  5.966E-22  2.287E-12  8.082E-13  1.479E-12
1.432E+02  6.244E-22  2.372E-12  8.443E-13  1.528E-12
1.419E+02  6.530E-22  2.458E-12  8.801E-13  1.578E-12
1.406E+02  6.821E-22  2.544E-12  9.146E-13  1.629E-12
1.393E+02  7.115E-22  2.629E-12  9.468E-13  1.683E-12
1.380E+02  7.412E-22  2.714E-12  9.764E-13  1.737E-12
1.368E+02  7.710E-22  2.797E-12  1.003E-12  1.794E-12
1.355E+02  8.011E-22  2.880E-12  1.028E-12  1.852E-12
1.343E+02  8.318E-22  2.963E-12  1.050E-12  1.912E-12
1.330E+02  8.634E-22  3.047E-12  1.073E-12  1.974E-12
1.318E+02  8.960E-22  3.133E-12  1.095E-12  2.038E-12
1.306E+02  9.299E-22  3.222E-12  1.118E-12  2.104E-12
1.294E+02  9.654E-22  3.314E-12  1.143E-12  2.171E-12
1.282E+02  1.002E-21  3.410E-12  1.169E-12  2.241E-12
1.271E+02  1.041E-21  3.510E-12  1.197E-12  2.313E-12
1.259E+02  1.082E-21  3.613E-12  1.226E-12  2.387E-12
1.247E+02  1.125E-21  3.721E-12  1.258E-12  2.463E-12
1.236E+02  1.169E-21  3.834E-12  1.292E-12  2.542E-12
1.225E+02  1.216E-21  3.951E-12  1.328E-12  2.623E-12
1.213E+02  1.265E-21  4.073E-12  1.366E-12  2.706E-12
1.202E+02  1.317E-21  4.199E-12  1.407E-12  2.792E-12
1.191E+02  1.370E-21  4.330E-12  1.449E-12  2.881E-12
1.180E+02  1.426E-21  4.466E-12  1.494E-12  2.972E-12
1.169E+02  1.485E-21  4.606E-12  1.541E-12  3.065E-12
1.159E+02  1.546E-21  4.752E-12  1.590E-12  3.161E-12
1.148E+02  1.610E-21  4.903E-12  1.642E-12  3.261E-12
1.138E+02  1.676E-21  5.059E-12  1.696E-12  3.363E-12
1.127E+02  1.746E-21  5.221E-12  1.753E-12  3.468E-12
1.117E+02  1.819E-21  5.389E-12  1.813E-12  3.576E-12
1.107E+02  1.895E-21  5.562E-12  1.875E-12  3.688E-12
1.096E+02  1.974E-21  5.742E-12  1.940E-12  3.803E-12
1.086E+02  2.057E-21  5.928E-12  2.007E-12  3.921E-12
1.076E+02  2.143E-21  6.120E-12  2.078E-12  4.043E-12
1.067E+02  2.234E-21  6.319E-12  2.151E-12  4.168E-12
1.057E+02  2.328E-21  6.525E-12  2.228E-12  4.297E-12
1.047E+02  2.426E-21  6.738E-12  2.308E-12  4.430E-12
1.038E+02  2.528E-21  6.958E-12  2.392E-12  4.566E-12
1.028E+02  2.635E-21  7.185E-12  2.478E-12  4.706E-12
1.019E+02  2.746E-21  7.419E-12  2.568E-12  4.850E-12
1.009E+02  2.861E-21  7.660E-12  2.662E-12  4.998E-12
1.000E+02  2.982E-21  7.910E-12  2.759E-12  5.150E-12
9.908E+01  3.107E-21  8.167E-12  2.861E-12  5.307E-12
9.817E+01  3.238E-21  8.433E-12  2.966E-12  5.467E-12
9.727E+01  3.375E-21  8.707E-12  3.075E-12  5.633E-12
9.638E+01  3.516E-21  8.990E-12  3.188E-12  5.803E-12
9.550E+01  3.664E-21  9.282E-12  3.305E-12  5.977E-12
9.462E+01  3.818E-21  9.583E-12  3.426E-12  6.157E-12
9.376E+01  3.978E-21  9.893E-12  3.553E-12  6.341E-12
9.290E+01  4.145E-21  1.021E-11  3.683E-12  6.530E-12
9.204E+01  4.318E-21  1.054E-11  3.819E-12  6.725E-12
9.120E+01  4.499E-21  1.088E-11  3.960E-12  6.924E-12
9.036E+01  4.687E-21  1.124E-11  4.107E-12  7.129E-12
8.954E+01  4.883E-21  1.160E-11  4.259E-12  7.339E-12
8.872E+01  5.087E-21  1.197E-11  4.416E-12  7.555E-12
8.790E+01  5.300E-21  1.236E-11  4.581E-12  7.777E-12
8.710E+01  5.522E-21  1.276E-11  4.751E-12  8.005E-12
8.630E+01  5.752E-21  1.317E-11  4.929E-12  8.239E-12
8.551E+01  5.993E-21  1.359E-11  5.113E-12  8.479E-12
8.472E+01  6.242E-21  1.403E-11  5.305E-12  8.724E-12
8.395E+01  6.502E-21  1.448E-11  5.503E-12  8.976E-12
8.318E+01  6.773E-21  1.494E-11  5.710E-12  9.234E-12
8.241E+01  7.055E-21  1.542E-11  5.924E-12  9.498E-12
8.166E+01  7.348E-21  1.592E-11  6.146E-12  9.771E-12
8.091E+01  7.654E-21  1.643E-11  6.377E-12  1.005E-11
8.017E+01  7.972E-21  1.695E-11  6.616E-12  1.034E-11
7.943E+01  8.302E-21  1.749E-11  6.865E-12  1.063E-11
7.870E+01  8.646E-21  1.805E-11  7.122E-12  1.093E-11
7.798E+01  9.003E-21  1.862E-11  7.389E-12  1.123E-11
7.727E+01  9.374E-21  1.921E-11  7.665E-12  1.155E-11
7.656E+01  9.761E-21  1.982E-11  7.952E-12  1.187E-11
7.586E+01  1.016E-20  2.045E-11  8.248E-12  1.220E-11
7.516E+01  1.058E-20  2.110E-11  8.556E-12  1.254E-11
7.447E+01  1.102E-20  2.176E-11  8.875E-12  1.289E-11
7.379E+01  1.147E-20  2.245E-11  9.206E-12  1.324E-11
7.311E+01  1.194E-20  2.315E-11  9.549E-12  1.360E-11
7.244E+01  1.242E-20  2.387E-11  9.904E-12  1.397E-11
7.178E+01  1.293E-20  2.462E-11  1.027E-11  1.435E-11
7.112E+01  1.346E-20  2.539E-11  1.065E-11  1.473E-11
7.047E+01  1.400E-20  2.618E-11  1.105E-11  1.513E-11
6.982E+01  1.458E-20  2.700E-11  1.146E-11  1.554E-11
6.918E+01  1.517E-20  2.784E-11  1.189E-11  1.595E-11
6.855E+01  1.578E-20  2.870E-11  1.233E-11  1.637E-11
6.792E+01  1.642E-20  2.959E-11  1.278E-11  1.680E-11
6.730E+01  1.708E-20  3.050E-11  1.326E-11  1.724E-11
6.668E+01  1.777E-20  3.144E-11  1.375E-11  1.769E-11
6.607E+01  1.849E-20  3.241E-11  1.426E-11  1.815E-11
6.546E+01  1.924E-20  3.340E-11  1.479E-11  1.862E-11
6.486E+01  2.001E-20  3.443E-11  1.533E-11  1.910E-11
6.427E+01  2.081E-20  3.548E-11  1.590E-11  1.958E-11
6.368E+01  2.165E-20  3.656E-11  1.649E-11  2.008E-11
6.310E+01  2.251E-20  3.768E-11  1.710E-11  2.058E-11
6.252E+01  2.341E-20  3.883E-11  1.773E-11  2.110E-11
6.194E+01  2.435E-20  4.001E-11  1.838E-11  2.163E-11
6.138E+01  2.532E-20  4.123E-11  1.906E-11  2.217E-11
6.081E+01  2.633E-20  4.248E-11  1.977E-11  2.271E-11
6.026E+01  2.738E-20  4.377E-11  2.050E-11  2.327E-11
5.970E+01  2.847E-20  4.509E-11  2.125E-11  2.384E-11
5.916E+01  2.960E-20  4.645E-11  2.204E-11  2.441E-11
5.861E+01  3.077E-20  4.784E-11  2.285E-11  2.499E-11
5.808E+01  3.199E-20  4.928E-11  2.370E-11  2.558E-11
5.754E+01  3.325E-20  5.076E-11  2.457E-11  2.618E-11
5.702E+01  3.456E-20  5.227E-11  2.548E-11  2.679E-11
5.649E+01  3.593E-20  5.384E-11  2.643E-11  2.741E-11
5.598E+01  3.734E-20  5.545E-11  2.740E-11  2.804E-11
5.546E+01  3.881E-20  5.710E-11  2.842E-11  2.868E-11
5.495E+01  4.034E-20  5.881E-11  2.947E-11  2.933E-11
5.445E+01  4.193E-20  6.056E-11  3.057E-11  3.000E-11
5.395E+01  4.358E-20  6.237E-11  3.170E-11  3.067E-11
5.346E+01  4.530E-20  6.423E-11  3.288E-11  3.134E-11
5.297E+01  4.708E-20  6.614E-11  3.411E-11  3.203E-11
5.248E+01  4.892E-20  6.811E-11  3.538E-11  3.273E-11
5.200E+01  5.085E-20  7.013E-11  3.670E-11  3.343E-11
5.152E+01  5.284E-20  7.222E-11  3.807E-11  3.414E-11
5.105E+01  5.491E-20  7.436E-11  3.950E-11  3.486E-11
5.058E+01  5.706E-20  7.656E-11  4.098E-11  3.558E-11
5.012E+01  5.929E-20  7.883E-11  4.251E-11  3.632E-11
4.966E+01  6.161E-20  8.116E-11  4.411E-11  3.705E-11
4.920E+01  6.402E-20  8.355E-11  4.576E-11  3.779E-11
4.875E+01  6.652E-20  8.602E-11  4.748E-11  3.854E-11
4.831E+01  6.912E-20  8.856E-11  4.926E-11  3.930E-11
4.786E+01  7.182E-20  9.118E-11  5.112E-11  4.006E-11
4.742E+01  7.463E-20  9.388E-11  5.305E-11  4.083E-11
4.699E+01  7.754E-20  9.665E-11  5.505E-11  4.160E-11
4.656E+01  8.058E-20  9.952E-11  5.713E-11  4.238E-11
4.613E+01  8.373E-20  1.025E-10  5.930E-11  4.317E-11
4.571E+01  8.701E-20  1.055E-10  6.154E-11  4.395E-11
4.529E+01  9.041E-20  1.086E-10  6.387E-11  4.475E-11
4.487E+01  9.396E-20  1.118E-10  6.629E-11  4.554E-11
4.446E+01  9.764E-20  1.152E-10  6.881E-11  4.635E-11
4.406E+01  1.015E-19  1.186E-10  7.141E-11  4.715E-11
4.365E+01  1.054E-19  1.221E-10  7.410E-11  4.796E-11
4.325E+01  1.095E-19  1.257E-10  7.690E-11  4.877E-11
4.285E+01  1.138E-19  1.294E-10  7.978E-11  4.958E-11
4.246E+01  1.182E-19  1.332E-10  8.276E-11  5.039E-11
4.207E+01  1.228E-19  1.370E-10  8.584E-11  5.119E-11
4.169E+01  1.275E-19  1.410E-10  8.902E-11  5.200E-11
4.130E+01  1.324E-19  1.451E-10  9.228E-11  5.280E-11
4.093E+01  1.375E-19  1.492E-10  9.564E-11  5.360E-11
4.055E+01  1.427E-19  1.535E-10  9.909E-11  5.438E-11
4.018E+01  1.480E-19  1.578E-10  1.026E-10  5.517E-11
3.981E+01  1.536E-19  1.622E-10  1.062E-10  5.594E-11
3.945E+01  1.592E-19  1.666E-10  1.099E-10  5.672E-11
3.908E+01  1.651E-19  1.711E-10  1.136E-10  5.748E-11
3.873E+01  1.710E-19  1.757E-10  1.174E-10  5.823E-11
3.837E+01  1.771E-19  1.802E-10  1.213E-10  5.898E-11
3.802E+01  1.833E-19  1.848E-10  1.251E-10  5.971E-11
3.767E+01  1.895E-19  1.894E-10  1.290E-10  6.044E-11
3.733E+01  1.959E-19  1.939E-10  1.328E-10  6.111E-11
3.698E+01  2.023E-19  1.984E-10  1.366E-10  6.177E-11
3.664E+01  2.087E-19  2.029E-10  1.404E-10  6.242E-11
3.631E+01  2.151E-19  2.072E-10  1.441E-10  6.306E-11
3.597E+01  2.216E-19  2.114E-10  1.478E-10  6.369E-11
3.565E+01  2.280E-19  2.156E-10  1.512E-10  6.432E-11
3.532E+01  2.343E-19  2.195E-10  1.546E-10  6.493E-11
3.499E+01  2.406E-19  2.233E-10  1.578E-10  6.553E-11
3.467E+01  2.467E-19  2.269E-10  1.607E-10  6.612E-11
3.436E+01  2.526E-19  2.302E-10  1.635E-10  6.669E-11
3.404E+01  2.583E-19  2.332E-10  1.660E-10  6.726E-11
3.373E+01  2.638E-19  2.360E-10  1.682E-10  6.781E-11
3.342E+01  2.690E-19  2.384E-10  1.701E-10  6.835E-11
3.311E+01  2.739E-19  2.406E-10  1.717E-10  6.891E-11
3.281E+01  2.785E-19  2.424E-10  1.729E-10  6.946E-11
3.251E+01  2.827E-19  2.438E-10  1.738E-10  6.999E-11
3.221E+01  2.866E-19  2.449E-10  1.743E-10  7.051E-11
3.192E+01  2.900E-19  2.455E-10  1.745E-10  7.102E-11
3.162E+01  2.930E-19  2.458E-10  1.743E-10  7.150E-11
3.133E+01  2.956E-19  2.457E-10  1.737E-10  7.197E-11
3.105E+01  2.978E-19  2.452E-10  1.728E-10  7.243E-11
3.076E+01  2.995E-19  2.444E-10  1.715E-10  7.287E-11
3.048E+01  3.008E-19  2.432E-10  1.699E-10  7.329E-11
3.020E+01  3.017E-19  2.417E-10  1.680E-10  7.369E-11
2.992E+01  3.022E-19  2.398E-10  1.658E-10  7.406E-11
2.965E+01  3.022E-19  2.377E-10  1.633E-10  7.439E-11
2.938E+01  3.020E-19  2.353E-10  1.606E-10  7.470E-11
2.911E+01  3.013E-19  2.326E-10  1.577E-10  7.498E-11
2.884E+01  3.004E-19  2.298E-10  1.546E-10  7.524E-11
2.858E+01  2.992E-19  2.268E-10  1.513E-10  7.548E-11
2.831E+01  2.977E-19  2.236E-10  1.479E-10  7.569E-11
2.805E+01  2.960E-19  2.202E-10  1.444E-10  7.587E-11
2.780E+01  2.940E-19  2.168E-10  1.408E-10  7.603E-11
2.754E+01  2.920E-19  2.133E-10  1.371E-10  7.616E-11
2.729E+01  2.897E-19  2.097E-10  1.335E-10  7.627E-11
2.704E+01  2.874E-19  2.061E-10  1.298E-10  7.636E-11
2.679E+01  2.849E-19  2.025E-10  1.261E-10  7.641E-11
2.655E+01  2.824E-19  1.988E-10  1.224E-10  7.644E-11
2.630E+01  2.798E-19  1.952E-10  1.188E-10  7.645E-11
2.606E+01  2.772E-19  1.916E-10  1.152E-10  7.642E-11
2.582E+01  2.745E-19  1.880E-10  1.116E-10  7.637E-11
2.559E+01  2.718E-19  1.845E-10  1.082E-10  7.629E-11
2.535E+01  2.691E-19  1.810E-10  1.048E-10  7.617E-11
2.512E+01  2.664E-19  1.775E-10  1.015E-10  7.603E-11
2.489E+01  2.637E-19  1.741E-10  9.825E-11  7.585E-11
2.466E+01  2.610E-19  1.707E-10  9.512E-11  7.563E-11
2.443E+01  2.584E-19  1.675E-10  9.208E-11  7.537E-11
2.421E+01  2.557E-19  1.642E-10  8.914E-11  7.505E-11
2.399E+01  2.529E-19  1.609E-10  8.628E-11  7.466E-11
2.377E+01  2.502E-19  1.578E-10  8.351E-11  7.427E-11
2.355E+01  2.477E-19  1.548E-10  8.083E-11  7.393E-11
2.333E+01  2.452E-19  1.518E-10  7.824E-11  7.351E-11
2.312E+01  2.425E-19  1.487E-10  7.575E-11  7.297E-11
2.291E+01  2.399E-19  1.458E-10  7.334E-11  7.242E-11
2.270E+01  2.375E-19  1.430E-10  7.103E-11  7.198E-11
2.249E+01  2.353E-19  1.404E-10  6.880E-11  7.158E-11
2.228E+01  2.332E-19  1.379E-10  6.666E-11  7.121E-11
2.208E+01  2.311E-19  1.353E-10  6.460E-11  7.075E-11
2.188E+01  2.288E-19  1.328E-10  6.262E-11  7.014E-11
2.168E+01  2.263E-19  1.301E-10  6.071E-11  6.943E-11
2.148E+01  2.239E-19  1.276E-10  5.889E-11  6.870E-11
2.128E+01  2.217E-19  1.251E-10  5.713E-11  6.802E-11
2.109E+01  2.196E-19  1.228E-10  5.545E-11  6.739E-11
2.089E+01  2.175E-19  1.205E-10  5.383E-11  6.669E-11
2.070E+01  2.152E-19  1.182E-10  5.228E-11  6.591E-11
2.051E+01  2.129E-19  1.159E-10  5.079E-11  6.506E-11
2.032E+01  2.107E-19  1.136E-10  4.936E-11  6.426E-11
2.014E+01  2.090E-19  1.117E-10  4.799E-11  6.367E-11
1.995E+01  2.072E-19  1.097E-10  4.667E-11  6.301E-11
1.977E+01  2.053E-19  1.077E-10  4.540E-11  6.226E-11
1.959E+01  2.031E-19  1.056E-10  4.418E-11  6.137E-11
1.941E+01  2.007E-19  1.033E-10  4.301E-11  6.033E-11
1.923E+01  1.980E-19  1.010E-10  4.187E-11  5.914E-11
1.905E+01  1.950E-19  9.857E-11  4.077E-11  5.780E-11
1.888E+01  1.917E-19  9.603E-11  3.971E-11  5.631E-11
1.871E+01  1.882E-19  9.337E-11  3.869E-11  5.468E-11
1.854E+01  1.843E-19  9.062E-11  3.771E-11  5.291E-11
1.837E+01  1.802E-19  8.778E-11  3.675E-11  5.103E-11
1.820E+01  1.758E-19  8.487E-11  3.583E-11  4.904E-11
1.803E+01  1.713E-19  8.193E-11  3.493E-11  4.699E-11
1.786E+01  1.666E-19  7.895E-11  3.407E-11  4.489E-11
1.770E+01  1.618E-19  7.596E-11  3.323E-11  4.273E-11
1.754E+01  1.568E-19  7.294E-11  3.242E-11  4.051E-11
1.738E+01  1.517E-19  6.994E-11  3.165E-11  3.830E-11
1.722E+01  1.467E-19  6.698E-11  3.090E-11  3.609E-11
1.706E+01  1.417E-19  6.413E-11  3.017E-11  3.396E-11
1.690E+01  1.368E-19  6.134E-11  2.946E-11  3.188E-11
1.675E+01  1.320E-19  5.863E-11  2.877E-11  2.985E-11
1.660E+01  1.271E-19  5.597E-11  2.811E-11  2.786E-11
1.644E+01  1.224E-19  5.341E-11  2.746E-11  2.595E-11
1.629E+01  1.179E-19  5.094E-11  2.682E-11  2.412E-11
1.614E+01  1.135E-19  4.860E-11  2.621E-11  2.240E-11
1.600E+01  1.093E-19  4.638E-11  2.560E-11  2.077E-11
1.585E+01  1.053E-19  4.426E-11  2.502E-11  1.924E-11
1.570E+01  1.014E-19  4.225E-11  2.444E-11  1.781E-11
1.556E+01  9.777E-20  4.035E-11  2.388E-11  1.647E-11
1.542E+01  9.428E-20  3.856E-11  2.334E-11  1.522E-11
1.528E+01  9.098E-20  3.687E-11  2.280E-11  1.406E-11
1.514E+01  8.785E-20  3.527E-11  2.228E-11  1.299E-11
1.500E+01  8.492E-20  3.378E-11  2.177E-11  1.201E-11
1.486E+01  8.211E-20  3.236E-11  2.127E-11  1.109E-11
1.472E+01  7.944E-20  3.102E-11  2.078E-11  1.024E-11
1.459E+01  7.691E-20  2.976E-11  2.030E-11  9.457E-12
1.445E+01  7.460E-20  2.860E-11  1.984E-11  8.767E-12
1.432E+01  7.249E-20  2.754E-11  1.938E-11  8.163E-12
1.419E+01  7.061E-20  2.658E-11  1.893E-11  7.653E-12
1.406E+01  6.894E-20  2.571E-11  1.848E-11  7.231E-12
1.393E+01  6.749E-20  2.494E-11  1.804E-11  6.900E-12
1.380E+01  6.622E-20  2.425E-11  1.761E-11  6.636E-12
1.368E+01  6.513E-20  2.363E-11  1.719E-11  6.440E-12
1.355E+01  6.414E-20  2.306E-11  1.678E-11  6.280E-12
1.343E+01  6.320E-20  2.251E-11  1.637E-11  6.141E-12
1.330E+01  6.225E-20  2.197E-11  1.597E-11  6.005E-12
1.318E+01  6.132E-20  2.144E-11  1.557E-11  5.874E-12
1.306E+01  6.037E-20  2.092E-11  1.518E-11  5.736E-12
1.294E+01  5.943E-20  2.040E-11  1.480E-11  5.603E-12
1.282E+01  5.852E-20  1.991E-11  1.442E-11  5.486E-12
1.271E+01  5.762E-20  1.942E-11  1.405E-11  5.372E-12
1.259E+01  5.670E-20  1.894E-11  1.368E-11  5.256E-12
1.247E+01  5.576E-20  1.845E-11  1.332E-11  5.134E-12
1.236E+01  5.478E-20  1.796E-11  1.295E-11  5.005E-12
1.225E+01  5.374E-20  1.746E-11  1.259E-11  4.863E-12
1.213E+01  5.272E-20  1.697E-11  1.224E-11  4.731E-12
1.202E+01  5.174E-20  1.650E-11  1.189E-11  4.613E-12
1.191E+01  5.073E-20  1.603E-11  1.154E-11  4.490E-12
1.180E+01  4.971E-20  1.556E-11  1.120E-11  4.363E-12
1.169E+01  4.865E-20  1.509E-11  1.086E-11  4.229E-12
1.159E+01  4.782E-20  1.470E-11  1.062E-11  4.077E-12
1.148E+01  4.980E-20  1.517E-11  1.124E-11  3.923E-12
1.138E+01  4.593E-20  1.386E-11  1.008E-11  3.779E-12
1.127E+01  4.464E-20  1.335E-11  9.708E-12  3.640E-12
1.117E+01  4.350E-20  1.289E-11  9.379E-12  3.508E-12
1.107E+01  4.239E-20  1.244E-11  9.065E-12  3.377E-12
1.096E+01  4.128E-20  1.201E-11  8.765E-12  3.241E-12
1.086E+01  4.020E-20  1.158E-11  8.474E-12  3.111E-12
1.076E+01  3.916E-20  1.118E-11  8.189E-12  2.992E-12
1.067E+01  3.815E-20  1.079E-11  7.910E-12  2.882E-12
1.057E+01  3.716E-20  1.042E-11  7.638E-12  2.780E-12
1.047E+01  3.616E-20  1.004E-11  7.371E-12  2.671E-12
1.038E+01  3.509E-20  9.656E-12  7.110E-12  2.545E-12
1.028E+01  3.395E-20  9.258E-12  6.855E-12  2.403E-12
1.019E+01  3.277E-20  8.855E-12  6.605E-12  2.250E-12
1.009E+01  3.159E-20  8.458E-12  6.360E-12  2.097E-12
1.000E+01  3.044E-20  8.074E-12  6.121E-12  1.952E-12
9.908E+00  2.932E-20  7.707E-12  5.888E-12  1.819E-12
9.817E+00  2.825E-20  7.356E-12  5.661E-12  1.695E-12
9.727E+00  2.719E-20  7.017E-12  5.439E-12  1.578E-12
9.638E+00  2.616E-20  6.689E-12  5.223E-12  1.466E-12
9.550E+00  2.512E-20  6.363E-12  5.012E-12  1.351E-12
9.462E+00  2.406E-20  6.039E-12  4.807E-12  1.232E-12
9.376E+00  2.298E-20  5.715E-12  4.608E-12  1.107E-12
9.290E+00  2.189E-20  5.393E-12  4.414E-12  9.793E-13
9.204E+00  2.079E-20  5.077E-12  4.225E-12  8.518E-13
9.120E+00  1.973E-20  4.772E-12  4.042E-12  7.296E-13
9.036E+00  1.870E-20  4.481E-12  3.865E-12  6.164E-13
8.954E+00  1.772E-20  4.209E-12  3.693E-12  5.160E-13
8.872E+00  1.681E-20  3.956E-12  3.526E-12  4.300E-13
8.790E+00  1.597E-20  3.724E-12  3.365E-12  3.580E-13
8.710E+00  1.519E-20  3.509E-12  3.210E-12  2.987E-13
8.630E+00  1.446E-20  3.309E-12  3.059E-12  2.500E-13
8.551E+00  1.377E-20  3.123E-12  2.913E-12  2.100E-13
8.472E+00  1.311E-20  2.946E-12  2.770E-12  1.760E-13
8.395E+00  1.248E-20  2.779E-12  2.633E-12  1.461E-13
8.318E+00  1.188E-20  2.621E-12  2.501E-12  1.193E-13
8.241E+00  1.130E-20  2.470E-12  2.374E-12  9.543E-14
8.166E+00  1.074E-20  2.327E-12  2.252E-12  7.462E-14
8.091E+00  1.022E-20  2.193E-12  2.135E-12  5.786E-14
8.017E+00  9.723E-21  2.068E-12  2.023E-12  4.450E-14
7.943E+00  9.252E-21  1.949E-12  1.915E-12  3.409E-14
7.870E+00  8.802E-21  1.838E-12  1.812E-12  2.604E-14
7.798E+00  8.368E-21  1.731E-12  1.711E-12  1.987E-14
7.727E+00  7.951E-21  1.630E-12  1.614E-12  1.523E-14
7.656E+00  7.553E-21  1.534E-12  1.522E-12  1.176E-14
7.586E+00  7.169E-21  1.442E-12  1.433E-12  9.175E-15
7.516E+00  6.796E-21  1.355E-12  1.348E-12  7.279E-15
7.447E+00  6.438E-21  1.272E-12  1.266E-12  5.893E-15
7.379E+00  6.097E-21  1.193E-12  1.189E-12  4.844E-15
7.311E+00  5.771E-21  1.119E-12  1.115E-12  4.058E-15
7.244E+00  5.458E-21  1.049E-12  1.045E-12  3.436E-15
7.178E+00  5.159E-21  9.823E-13  9.794E-13  2.928E-15
7.112E+00  4.873E-21  9.193E-13  9.167E-13  2.520E-15
7.047E+00  4.598E-21  8.595E-13  8.573E-13  2.181E-15
6.982E+00  4.335E-21  8.029E-13  8.010E-13  1.887E-15
6.918E+00  4.083E-21  7.493E-13  7.477E-13  1.636E-15
6.855E+00  3.843E-21  6.988E-13  6.974E-13  1.417E-15
6.792E+00  3.614E-21  6.511E-13  6.499E-13  1.227E-15
6.730E+00  3.395E-21  6.061E-13  6.050E-13  1.061E-15
6.668E+00  3.186E-21  5.636E-13  5.627E-13  9.160E-16
6.607E+00  2.987E-21  5.235E-13  5.227E-13  7.894E-16
6.546E+00  2.797E-21  4.857E-13  4.850E-13  6.791E-16
6.486E+00  2.617E-21  4.502E-13  4.496E-13  5.832E-16
6.427E+00  2.445E-21  4.168E-13  4.163E-13  4.999E-16
6.368E+00  2.283E-21  3.856E-13  3.851E-13  4.277E-16
6.310E+00  2.113E-21  3.537E-13  3.533E-13  3.651E-16
6.252E+00  1.994E-21  3.307E-13  3.304E-13  3.110E-16
6.194E+00  1.855E-21  3.049E-13  3.046E-13  2.644E-16
6.138E+00  1.722E-21  2.803E-13  2.801E-13  2.241E-16
6.081E+00  1.597E-21  2.577E-13  2.575E-13  1.897E-16
6.026E+00  1.481E-21  2.367E-13  2.365E-13  1.603E-16
5.970E+00  1.372E-21  2.173E-13  2.172E-13  1.353E-16
5.916E+00  1.270E-21  1.993E-13  1.992E-13  1.140E-16
5.861E+00  1.174E-21  1.826E-13  1.825E-13  9.597E-17
5.808E+00  1.085E-21  1.671E-13  1.670E-13  8.067E-17
5.754E+00  1.001E-21  1.528E-13  1.527E-13  6.771E-17
5.702E+00  9.225E-22  1.395E-13  1.395E-13  5.676E-17
5.649E+00  8.490E-22  1.272E-13  1.272E-13  4.752E-17
5.598E+00  7.805E-22  1.159E-13  1.158E-13  3.973E-17
5.546E+00  7.167E-22  1.054E-13  1.054E-13  3.317E-17
5.495E+00  6.573E-22  9.582E-14  9.579E-14  2.765E-17
5.445E+00  6.022E-22  8.698E-14  8.695E-14  2.303E-17
5.395E+00  5.510E-22  7.886E-14  7.884E-14  1.915E-17
5.346E+00  5.036E-22  7.141E-14  7.139E-14  1.589E-17
5.297E+00  4.597E-22  6.458E-14  6.457E-14  1.318E-17
5.248E+00  4.190E-22  5.833E-14  5.832E-14  1.091E-17
5.200E+00  3.814E-22  5.261E-14  5.261E-14  9.013E-18
5.152E+00  3.468E-22  4.739E-14  4.739E-14  7.438E-18
5.105E+00  3.149E-22  4.264E-14  4.263E-14  6.128E-18
5.058E+00  2.855E-22  3.830E-14  3.830E-14  5.041E-18
5.012E+00  2.585E-22  3.436E-14  3.436E-14  4.140E-18
4.966E+00  2.337E-22  3.078E-14  3.078E-14  3.395E-18
4.920E+00  2.110E-22  2.753E-14  2.753E-14  2.780E-18
4.875E+00  1.902E-22  2.459E-14  2.459E-14  2.271E-18
4.831E+00  1.712E-22  2.194E-14  2.194E-14  1.853E-18
4.786E+00  1.540E-22  1.955E-14  1.954E-14  1.508E-18
4.742E+00  1.382E-22  1.739E-14  1.739E-14  1.226E-18
4.699E+00  1.240E-22  1.545E-14  1.545E-14  9.943E-19
4.656E+00  1.110E-22  1.371E-14  1.371E-14  8.049E-19
4.613E+00  9.926E-23  1.215E-14  1.215E-14  6.504E-19
4.571E+00  8.863E-23  1.075E-14  1.075E-14  5.244E-19
4.529E+00  7.903E-23  9.494E-15  9.493E-15  4.220E-19
4.487E+00  7.036E-23  8.375E-15  8.375E-15  3.389E-19
4.446E+00  6.255E-23  7.377E-15  7.377E-15  2.716E-19
4.406E+00  5.552E-23  6.488E-15  6.488E-15  2.173E-19
4.365E+00  4.921E-23  5.698E-15  5.698E-15  1.735E-19
4.325E+00  4.355E-23  4.996E-15  4.996E-15  1.382E-19
4.285E+00  3.848E-23  4.374E-15  4.374E-15  1.098E-19
4.246E+00  3.394E-23  3.823E-15  3.823E-15  8.707E-20
4.207E+00  2.989E-23  3.336E-15  3.336E-15  6.888E-20
4.169E+00  2.629E-23  2.907E-15  2.907E-15  5.437E-20
4.130E+00  2.308E-23  2.529E-15  2.529E-15  4.281E-20
4.093E+00  2.023E-23  2.196E-15  2.196E-15  3.361E-20
4.055E+00  1.770E-23  1.904E-15  1.904E-15  2.633E-20
4.018E+00  1.546E-23  1.648E-15  1.648E-15  2.057E-20
3.981E+00  1.348E-23  1.424E-15  1.424E-15  1.603E-20
3.945E+00  1.174E-23  1.228E-15  1.228E-15  1.246E-20
3.908E+00  1.020E-23  1.058E-15  1.058E-15  9.665E-21
3.873E+00  8.851E-24  9.092E-16  9.092E-16  7.476E-21
3.837E+00  7.666E-24  7.803E-16  7.803E-16  5.769E-21
3.802E+00  6.629E-24  6.685E-16  6.685E-16  4.441E-21
3.767E+00  5.721E-24  5.717E-16  5.717E-16  3.409E-21
3.733E+00  4.930E-24  4.881E-16  4.881E-16  2.611E-21
3.698E+00  4.240E-24  4.160E-16  4.160E-16  1.994E-21
3.664E+00  3.640E-24  3.538E-16  3.538E-16  1.519E-21
3.631E+00  3.120E-24  3.005E-16  3.005E-16  1.154E-21
3.597E+00  2.669E-24  2.547E-16  2.547E-16  8.741E-22
3.565E+00  2.279E-24  2.155E-16  2.155E-16  6.604E-22
3.532E+00  1.942E-24  1.819E-16  1.819E-16  4.976E-22
3.499E+00  1.652E-24  1.534E-16  1.534E-16  3.738E-22
3.467E+00  1.403E-24  1.290E-16  1.290E-16  2.801E-22
3.436E+00  1.189E-24  1.083E-16  1.083E-16  2.092E-22
3.404E+00  1.005E-24  9.078E-17  9.078E-17  1.558E-22
3.373E+00  8.486E-25  7.592E-17  7.592E-17  1.157E-22
3.342E+00  7.149E-25  6.337E-17  6.337E-17  8.567E-23
3.311E+00  6.011E-25  5.280E-17  5.280E-17  6.323E-23
3.281E+00  5.043E-25  4.389E-17  4.389E-17  4.653E-23
3.251E+00  4.222E-25  3.640E-17  3.640E-17  3.412E-23
3.221E+00  3.527E-25  3.013E-17  3.013E-17  2.494E-23
3.192E+00  2.940E-25  2.489E-17  2.489E-17  1.817E-23
3.162E+00  2.446E-25  2.052E-17  2.052E-17  1.320E-23
3.133E+00  2.031E-25  1.688E-17  1.688E-17  9.560E-24
3.105E+00  1.682E-25  1.386E-17  1.386E-17  6.902E-24
3.076E+00  1.391E-25  1.135E-17  1.135E-17  4.971E-24
3.048E+00  1.147E-25  9.277E-18  9.277E-18  3.568E-24
3.020E+00  9.445E-26  7.566E-18  7.566E-18  2.553E-24
2.992E+00  7.757E-26  6.157E-18  6.157E-18  1.821E-24
2.965E+00  6.357E-26  4.999E-18  4.999E-18  1.295E-24
2.938E+00  5.198E-26  4.050E-18  4.050E-18  9.172E-25
2.911E+00  4.240E-26  3.274E-18  3.274E-18  6.476E-25
2.884E+00  3.451E-26  2.640E-18  2.640E-18  4.558E-25
2.858E+00  2.802E-26  2.124E-18  2.124E-18  3.196E-25
2.831E+00  2.270E-26  1.705E-18  1.705E-18  2.234E-25
2.805E+00  1.834E-26  1.365E-18  1.365E-18  1.556E-25
2.780E+00  1.479E-26  1.091E-18  1.091E-18  1.080E-25
2.754E+00  1.190E-26  8.690E-19  8.690E-19  7.468E-26
2.729E+00  9.544E-27  6.909E-19  6.909E-19  5.146E-26
2.704E+00  7.638E-27  5.478E-19  5.478E-19  3.533E-26
2.679E+00  6.098E-27  4.333E-19  4.333E-19  2.417E-26
2.655E+00  4.856E-27  3.419E-19  3.419E-19  1.647E-26
2.630E+00  3.857E-27  2.691E-19  2.691E-19  1.118E-26
2.606E+00  3.056E-27  2.112E-19  2.112E-19  7.566E-27
2.582E+00  2.415E-27  1.654E-19  1.654E-19  5.099E-27
2.559E+00  1.903E-27  1.292E-19  1.292E-19  3.423E-27
2.535E+00  1.496E-27  1.006E-19  1.006E-19  2.289E-27
2.512E+00  1.173E-27  7.814E-20  7.814E-20  1.525E-27
2.489E+00  9.169E-28  6.053E-20  6.053E-20  1.012E-27
2.466E+00  7.149E-28  4.676E-20  4.676E-20  6.688E-28
2.443E+00  5.558E-28  3.603E-20  3.603E-20  4.403E-28
2.421E+00  4.310E-28  2.768E-20  2.768E-20  2.887E-28
2.399E+00  3.333E-28  2.121E-20  2.121E-20  1.885E-28
2.377E+00  2.570E-28  1.621E-20  1.621E-20  1.226E-28
2.355E+00  1.977E-28  1.235E-20  1.235E-20  7.938E-29
2.333E+00  1.516E-28  9.384E-21  9.384E-21  5.118E-29
2.312E+00  1.159E-28  7.110E-21  7.110E-21  3.286E-29
2.291E+00  8.840E-29  5.372E-21  5.372E-21  2.101E-29
2.270E+00  6.722E-29  4.047E-21  4.047E-21  1.337E-29
2.249E+00  5.096E-29  3.040E-21  3.040E-21  8.472E-30
2.228E+00  3.852E-29  2.277E-21  2.277E-21  5.345E-30
2.208E+00  2.903E-29  1.700E-21  1.700E-21  3.357E-30
2.188E+00  2.181E-29  1.266E-21  1.266E-21  2.099E-30
2.168E+00  1.634E-29  9.393E-22  9.393E-22  1.306E-30
2.148E+00  1.220E-29  6.950E-22  6.950E-22  8.093E-31
2.128E+00  9.080E-30  5.126E-22  5.126E-22  4.991E-31
2.109E+00  6.737E-30  3.768E-22  3.768E-22  3.064E-31
2.089E+00  4.983E-30  2.762E-22  2.762E-22  1.872E-31
2.070E+00  3.674E-30  2.017E-22  2.017E-22  1.138E-31
2.051E+00  2.700E-30  1.469E-22  1.469E-22  6.888E-32
2.032E+00  1.977E-30  1.066E-22  1.066E-22  4.148E-32
2.014E+00  1.444E-30  7.711E-23  7.711E-23  2.485E-32
1.995E+00  1.050E-30  5.559E-23  5.559E-23  1.482E-32
1.977E+00  7.617E-31  3.995E-23  3.995E-23  8.792E-33
1.959E+00  5.506E-31  2.861E-23  2.861E-23  5.190E-33
1.941E+00  3.966E-31  2.042E-23  2.042E-23  3.048E-33
1.923E+00  2.847E-31  1.452E-23  1.452E-23  1.781E-33
1.905E+00  2.037E-31  1.029E-23  1.029E-23  1.035E-33
1.888E+00  1.452E-31  7.272E-24  7.272E-24  5.985E-34
1.871E+00  1.032E-31  5.119E-24  5.119E-24  3.443E-34
1.854E+00  7.302E-32  3.590E-24  3.590E-24  1.970E-34
1.837E+00  5.151E-32  2.509E-24  2.509E-24  1.121E-34
1.820E+00  3.620E-32  1.747E-24  1.747E-24  6.343E-35
1.803E+00  2.535E-32  1.212E-24  1.212E-24  3.571E-35
1.786E+00  1.768E-32  8.380E-25  8.380E-25  1.999E-35
1.770E+00  1.229E-32  5.771E-25  5.771E-25  1.113E-35
1.754E+00  8.511E-33  3.960E-25  3.960E-25  6.161E-36
1.738E+00  5.871E-33  2.706E-25  2.706E-25  3.392E-36
1.722E+00  4.034E-33  1.843E-25  1.843E-25  1.857E-36
1.706E+00  2.761E-33  1.250E-25  1.250E-25  1.010E-36
1.690E+00  1.883E-33  8.442E-26  8.442E-26  5.467E-37
1.675E+00  1.278E-33  5.680E-26  5.680E-26  2.941E-37
1.660E+00  8.648E-34  3.807E-26  3.807E-26  1.572E-37
1.644E+00  5.825E-34  2.541E-26  2.541E-26  8.356E-38
1.629E+00  3.908E-34  1.689E-26  1.689E-26  4.414E-38
1.614E+00  2.611E-34  1.118E-26  1.118E-26  2.317E-38
1.600E+00  1.737E-34  7.369E-27  7.369E-27  1.209E-38
1.585E+00  1.151E-34  4.838E-27  4.838E-27  6.269E-39
1.570E+00  7.592E-35  3.162E-27  3.162E-27  3.230E-39
1.556E+00  4.987E-35  2.058E-27  2.058E-27  1.653E-39
1.542E+00  3.263E-35  1.334E-27  1.334E-27  8.409E-40
1.528E+00  2.125E-35  8.612E-28  8.612E-28  4.249E-40
1.514E+00  1.378E-35  5.534E-28  5.534E-28  2.133E-40
1.500E+00  8.901E-36  3.541E-28  3.541E-28  1.064E-40
1.486E+00  5.723E-36  2.256E-28  2.256E-28  5.269E-41
1.472E+00  3.663E-36  1.431E-28  1.431E-28  2.593E-41
1.459E+00  2.334E-36  9.032E-29  9.032E-29  1.267E-41
1.445E+00  1.481E-36  5.677E-29  5.677E-29  6.150E-42
1.432E+00  9.350E-37  3.552E-29  3.552E-29  2.964E-42
1.419E+00  5.877E-37  2.212E-29  2.212E-29  1.419E-42
1.406E+00  3.677E-37  1.371E-29  1.371E-29  6.744E-43
1.393E+00  2.290E-37  8.462E-30  8.462E-30  3.183E-43
1.380E+00  1.419E-37  5.196E-30  5.196E-30  1.491E-43
1.368E+00  8.753E-38  3.175E-30  3.175E-30  6.935E-44
1.355E+00  5.372E-38  1.931E-30  1.931E-30  3.202E-44
1.343E+00  3.281E-38  1.169E-30  1.169E-30  1.467E-44
1.330E+00  1.994E-38  7.038E-31  7.038E-31  6.674E-45
1.318E+00  1.206E-38  4.217E-31  4.217E-31  3.013E-45
1.306E+00  7.257E-39  2.514E-31  2.514E-31  1.350E-45
1.294E+00  4.344E-39  1.491E-31  1.491E-31  6.002E-46
1.282E+00  2.587E-39  8.800E-32  8.800E-32  2.648E-46
1.271E+00  1.533E-39  5.165E-32  5.165E-32  1.159E-46
1.259E+00  9.031E-40  3.016E-32  3.016E-32  5.037E-47
1.247E+00  5.293E-40  1.751E-32  1.751E-32  2.171E-47
1.236E+00  3.085E-40  1.011E-32  1.011E-32  9.283E-48
1.225E+00  1.789E-40  5.810E-33  5.810E-33  3.938E-48
1.213E+00  1.031E-40  3.319E-33  3.319E-33  1.657E-48
1.202E+00  5.914E-41  1.886E-33  1.886E-33  6.913E-49
1.191E+00  3.373E-41  1.066E-33  1.066E-33  2.861E-49
1.180E+00  1.913E-41  5.991E-34  5.991E-34  1.174E-49
1.169E+00  1.079E-41  3.348E-34  3.348E-34  4.776E-50
1.159E+00  6.054E-42  1.861E-34  1.861E-34  1.927E-50
1.148E+00  3.376E-42  1.028E-34  1.028E-34  7.704E-51
1.138E+00  1.872E-42  5.650E-35  5.650E-35  3.054E-51
1.127E+00  1.032E-42  3.087E-35  3.087E-35  1.200E-51
1.117E+00  5.661E-43  1.677E-35  1.677E-35  4.674E-52
1.107E+00  3.086E-43  9.057E-36  9.057E-36  1.804E-52
1.096E+00  1.672E-43  4.863E-36  4.863E-36  6.901E-53
1.086E+00  9.009E-44  2.596E-36  2.596E-36  2.616E-53
1.076E+00  4.826E-44  1.378E-36  1.378E-36  9.822E-54
1.067E+00  2.570E-44  7.272E-37  7.272E-37  3.654E-54
1.057E+00  1.360E-44  3.813E-37  3.813E-37  1.347E-54
1.047E+00  7.146E-45  1.985E-37  1.985E-37  4.917E-55
1.038E+00  3.726E-45  1.025E-37  1.025E-37  1.778E-55
1.028E+00  1.930E-45  5.262E-38  5.262E-38  6.367E-56
1.019E+00  9.931E-46  2.683E-38  2.683E-38  2.258E-56
1.009E+00  5.080E-46  1.360E-38  1.360E-38  7.930E-57
1.000E+00  2.582E-46  6.849E-39  6.849E-39  2.757E-57
