Dust emission spectrum from Draine,B.T., & Li, A. (2007), ApJ, in press [astro-ph/0608003]
==========================================================
         7 = grain model
 4.000E-08 4.000E-01 4.500E-05 = a_01 (cm) , sigma_1 , b_C1
 2.000E-07 5.500E-01 1.500E-05 = a_02 (cm) , sigma_2 , b_C2
 1.000E+04 1.000E+04 1.000E+00 = Umin , Umax, beta (dN/dU propto U^{-beta})
 1.000E+04 = <U>       mmp83 = radfield
 2.000E-06 1.000E+00 = a_{min} (cm), a_{max} (cm)
 2.809E-20 1.684E-20 1.124E-20 = P(tot)  P(carb)  P(sil) (erg s-1 H-1)
 band     <nu*P_nu> <j_nu(tot)><j_nu(carb)><j_nu(sil)>
 (um)   (erg s-1 H-1)(Jy/(sr*H))(Jy/(sr*H))(Jy/(sr*H))
1.270E+00  7.155E-56  2.410E-48  2.410E-48  1.255E-60 COBE-DIRBE
2.220E+00  5.456E-40  3.213E-32  3.213E-32  5.608E-40 COBE-DIRBE
3.530E+00  5.270E-31  4.934E-23  4.934E-23  7.164E-28 COBE-DIRBE
4.880E+00  9.599E-28  1.243E-19  1.242E-19  2.080E-23 COBE-DIRBE
1.229E+01  6.083E-22  1.983E-13  1.243E-13  7.398E-14 COBE-DIRBE
2.079E+01  1.044E-20  5.758E-12  2.961E-12  2.796E-12 COBE-DIRBE
5.599E+01  1.211E-20  1.798E-11  9.449E-12  8.533E-12 COBE-DIRBE
9.770E+01  1.658E-21  4.298E-12  1.493E-12  2.804E-12 COBE-DIRBE
1.479E+02  3.219E-22  1.263E-12  3.973E-13  8.653E-13 COBE-DIRBE
2.479E+02  3.428E-23  2.254E-13  6.126E-14  1.641E-13 COBE-DIRBE
1.200E+01  2.822E-22  8.982E-14  6.466E-14  2.515E-14 IRAS
2.500E+01  1.644E-20  1.090E-11  6.323E-12  4.581E-12 IRAS
6.000E+01  1.083E-20  1.724E-11  9.061E-12  8.182E-12 IRAS
1.000E+02  1.468E-21  3.894E-12  1.323E-12  2.571E-12 IRAS
3.550E+00  3.001E-31  2.826E-23  2.826E-23  2.966E-28 SST-IRAC
4.493E+00  2.336E-28  2.784E-20  2.784E-20  3.093E-24 SST-IRAC
5.731E+00  3.539E-26  5.380E-18  5.375E-18  4.927E-21 SST-IRAC
7.872E+00  7.063E-24  1.475E-15  1.316E-15  1.585E-16 SST-IRAC
2.368E+01  1.586E-20  9.965E-12  5.511E-12  4.454E-12 SST-MIPS
7.142E+01  4.659E-21  8.827E-12  3.660E-12  5.166E-12 SST-MIPS
1.559E+02  2.163E-22  8.943E-13  2.789E-13  6.154E-13 SST-MIPS
1.600E+01  2.759E-21  1.171E-12  6.267E-13  5.442E-13 SST-IRSPU
2.200E+01  1.430E-20  8.347E-12  4.513E-12  3.834E-12 SST-IRSPU
7.500E+01  4.025E-21  8.007E-12  3.302E-12  4.705E-12 Herschel-PACS
1.100E+02  9.840E-22  2.871E-12  9.561E-13  1.915E-12 Herschel-PACS
1.700E+02  1.677E-22  7.563E-13  2.362E-13  5.201E-13 Herschel-PACS
2.500E+02  2.623E-23  1.739E-13  4.668E-14  1.272E-13 Herschel-SPIRE
3.600E+02  4.523E-24  4.319E-14  1.203E-14  3.116E-14 Herschel-SPIRE
5.200E+02  8.235E-25  1.136E-14  3.226E-15  8.133E-15 Herschel-SPIRE
2.400E+00  1.485E-29  9.451E-22  9.448E-22  2.802E-25 Akari IRC NIR N2
3.200E+00  9.240E-30  7.843E-22  7.841E-22  1.990E-25 Akari IRC NIR N3
4.100E+00  6.725E-28  7.314E-20  7.312E-20  1.845E-23 Akari IRC NIR N4
7.000E+00  1.962E-23  3.644E-15  1.820E-15  1.824E-15 Akari IRC MIR-S S7
9.000E+00  4.461E-23  1.065E-14  8.038E-15  2.613E-15 Akari IRC MIR-S S9W
1.100E+01  1.807E-22  5.273E-14  3.771E-14  1.502E-14 Akari IRC MIR-S S11
1.500E+01  2.593E-21  1.032E-12  5.109E-13  5.207E-13 Akari IRC MIR-L L15
1.800E+01  7.792E-21  3.720E-12  1.904E-12  1.816E-12 Akari IRC MIR-L L18W
2.400E+01  1.529E-20  9.735E-12  5.246E-12  4.489E-12 Akari IRC MIR-L L24
6.500E+01  6.660E-21  1.148E-11  5.079E-12  6.405E-12 Akari FIS N60
8.000E+01  3.042E-21  6.455E-12  2.578E-12  3.877E-12 Akari FIS WIDE-S
1.400E+02  3.108E-22  1.154E-12  3.640E-13  7.903E-13 Akari FIS WIDE-L
1.600E+02  1.857E-22  7.881E-13  2.396E-13  5.485E-13 Akari FIS N160
 
 
 
 


lambda    nu*dP/dnu     j_nu    j_nu(carb.) j_nu(sil)
 (um)    (erg/(s*H)) (Jy/(sr*H) (Jy/(sr*H)) (Jy/(sr*H)
1.000E+04  2.266E-30  6.011E-19  1.029E-19  4.982E-19
9.908E+03  2.349E-30  6.175E-19  1.059E-19  5.116E-19
9.817E+03  2.436E-30  6.343E-19  1.091E-19  5.252E-19
9.727E+03  2.526E-30  6.517E-19  1.124E-19  5.393E-19
9.638E+03  2.619E-30  6.695E-19  1.157E-19  5.537E-19
9.550E+03  2.715E-30  6.877E-19  1.192E-19  5.685E-19
9.462E+03  2.815E-30  7.065E-19  1.228E-19  5.838E-19
9.376E+03  2.919E-30  7.258E-19  1.265E-19  5.994E-19
9.290E+03  3.026E-30  7.457E-19  1.303E-19  6.154E-19
9.204E+03  3.138E-30  7.661E-19  1.342E-19  6.319E-19
9.120E+03  3.253E-30  7.870E-19  1.382E-19  6.488E-19
9.036E+03  3.373E-30  8.085E-19  1.424E-19  6.662E-19
8.954E+03  3.497E-30  8.306E-19  1.466E-19  6.839E-19
8.872E+03  3.625E-30  8.531E-19  1.511E-19  7.020E-19
8.790E+03  3.758E-30  8.763E-19  1.556E-19  7.207E-19
8.710E+03  3.896E-30  9.001E-19  1.603E-19  7.398E-19
8.630E+03  4.039E-30  9.246E-19  1.651E-19  7.595E-19
8.551E+03  4.188E-30  9.498E-19  1.701E-19  7.797E-19
8.472E+03  4.342E-30  9.757E-19  1.752E-19  8.005E-19
8.395E+03  4.501E-30  1.002E-18  1.805E-19  8.218E-19
8.318E+03  4.667E-30  1.030E-18  1.860E-19  8.437E-19
8.241E+03  4.839E-30  1.058E-18  1.916E-19  8.663E-19
8.166E+03  5.018E-30  1.087E-18  1.974E-19  8.894E-19
8.091E+03  5.203E-30  1.117E-18  2.034E-19  9.132E-19
8.017E+03  5.395E-30  1.147E-18  2.095E-19  9.377E-19
7.943E+03  5.594E-30  1.179E-18  2.159E-19  9.629E-19
7.870E+03  5.801E-30  1.211E-18  2.224E-19  9.887E-19
7.798E+03  6.016E-30  1.244E-18  2.292E-19  1.015E-18
7.727E+03  6.239E-30  1.279E-18  2.361E-19  1.043E-18
7.656E+03  6.470E-30  1.314E-18  2.433E-19  1.071E-18
7.586E+03  6.710E-30  1.350E-18  2.507E-19  1.099E-18
7.516E+03  6.959E-30  1.387E-18  2.583E-19  1.129E-18
7.447E+03  7.217E-30  1.426E-18  2.661E-19  1.160E-18
7.379E+03  7.485E-30  1.465E-18  2.742E-19  1.191E-18
7.311E+03  7.764E-30  1.506E-18  2.826E-19  1.223E-18
7.244E+03  8.053E-30  1.547E-18  2.912E-19  1.256E-18
7.178E+03  8.352E-30  1.590E-18  3.000E-19  1.290E-18
7.112E+03  8.664E-30  1.634E-18  3.092E-19  1.325E-18
7.047E+03  8.987E-30  1.680E-18  3.186E-19  1.361E-18
6.982E+03  9.322E-30  1.726E-18  3.283E-19  1.398E-18
6.918E+03  9.669E-30  1.774E-18  3.384E-19  1.436E-18
6.855E+03  1.003E-29  1.824E-18  3.487E-19  1.475E-18
6.792E+03  1.040E-29  1.874E-18  3.594E-19  1.515E-18
6.730E+03  1.079E-29  1.927E-18  3.703E-19  1.556E-18
6.668E+03  1.120E-29  1.980E-18  3.817E-19  1.599E-18
6.607E+03  1.161E-29  2.035E-18  3.934E-19  1.642E-18
6.546E+03  1.205E-29  2.092E-18  4.054E-19  1.687E-18
6.486E+03  1.250E-29  2.151E-18  4.178E-19  1.733E-18
6.427E+03  1.297E-29  2.211E-18  4.307E-19  1.780E-18
6.368E+03  1.346E-29  2.273E-18  4.439E-19  1.829E-18
6.310E+03  1.396E-29  2.336E-18  4.575E-19  1.879E-18
6.252E+03  1.448E-29  2.402E-18  4.716E-19  1.930E-18
6.194E+03  1.503E-29  2.470E-18  4.861E-19  1.983E-18
6.138E+03  1.559E-29  2.539E-18  5.010E-19  2.038E-18
6.081E+03  1.618E-29  2.610E-18  5.164E-19  2.094E-18
6.026E+03  1.679E-29  2.684E-18  5.323E-19  2.152E-18
5.970E+03  1.742E-29  2.760E-18  5.487E-19  2.211E-18
5.916E+03  1.808E-29  2.837E-18  5.656E-19  2.272E-18
5.861E+03  1.877E-29  2.918E-18  5.831E-19  2.334E-18
5.808E+03  1.947E-29  3.000E-18  6.011E-19  2.399E-18
5.754E+03  2.021E-29  3.085E-18  6.196E-19  2.465E-18
5.702E+03  2.098E-29  3.172E-18  6.388E-19  2.534E-18
5.649E+03  2.177E-29  3.262E-18  6.585E-19  2.604E-18
5.598E+03  2.260E-29  3.355E-18  6.789E-19  2.676E-18
5.546E+03  2.345E-29  3.450E-18  6.999E-19  2.750E-18
5.495E+03  2.434E-29  3.548E-18  7.216E-19  2.827E-18
5.445E+03  2.527E-29  3.649E-18  7.440E-19  2.905E-18
5.395E+03  2.623E-29  3.753E-18  7.670E-19  2.986E-18
5.346E+03  2.722E-29  3.860E-18  7.908E-19  3.069E-18
5.297E+03  2.826E-29  3.970E-18  8.154E-19  3.155E-18
5.248E+03  2.934E-29  4.084E-18  8.407E-19  3.243E-18
5.200E+03  3.045E-29  4.201E-18  8.669E-19  3.334E-18
5.152E+03  3.162E-29  4.321E-18  8.938E-19  3.427E-18
5.105E+03  3.282E-29  4.445E-18  9.216E-19  3.523E-18
5.058E+03  3.408E-29  4.572E-18  9.503E-19  3.622E-18
5.012E+03  3.538E-29  4.703E-18  9.799E-19  3.723E-18
4.966E+03  3.673E-29  4.838E-18  1.010E-18  3.828E-18
4.920E+03  3.813E-29  4.977E-18  1.042E-18  3.935E-18
4.875E+03  3.959E-29  5.120E-18  1.075E-18  4.046E-18
4.831E+03  4.111E-29  5.267E-18  1.108E-18  4.159E-18
4.786E+03  4.268E-29  5.419E-18  1.143E-18  4.277E-18
4.742E+03  4.432E-29  5.575E-18  1.178E-18  4.397E-18
4.699E+03  4.602E-29  5.736E-18  1.215E-18  4.521E-18
4.656E+03  4.779E-29  5.902E-18  1.253E-18  4.649E-18
4.613E+03  4.963E-29  6.073E-18  1.293E-18  4.780E-18
4.571E+03  5.154E-29  6.249E-18  1.333E-18  4.916E-18
4.529E+03  5.352E-29  6.430E-18  1.375E-18  5.055E-18
4.487E+03  5.559E-29  6.617E-18  1.418E-18  5.199E-18
4.446E+03  5.773E-29  6.809E-18  1.463E-18  5.346E-18
4.406E+03  5.996E-29  7.007E-18  1.508E-18  5.498E-18
4.365E+03  6.227E-29  7.211E-18  1.556E-18  5.655E-18
4.325E+03  6.468E-29  7.421E-18  1.605E-18  5.816E-18
4.285E+03  6.718E-29  7.637E-18  1.655E-18  5.982E-18
4.246E+03  6.979E-29  7.860E-18  1.707E-18  6.153E-18
4.207E+03  7.249E-29  8.090E-18  1.761E-18  6.329E-18
4.169E+03  7.530E-29  8.327E-18  1.817E-18  6.510E-18
4.130E+03  7.822E-29  8.571E-18  1.874E-18  6.697E-18
4.093E+03  8.126E-29  8.822E-18  1.933E-18  6.889E-18
4.055E+03  8.442E-29  9.081E-18  1.994E-18  7.086E-18
4.018E+03  8.770E-29  9.347E-18  2.057E-18  7.290E-18
3.981E+03  9.112E-29  9.622E-18  2.122E-18  7.500E-18
3.945E+03  9.466E-29  9.904E-18  2.189E-18  7.715E-18
3.908E+03  9.834E-29  1.020E-17  2.259E-18  7.937E-18
3.873E+03  1.022E-28  1.050E-17  2.330E-18  8.165E-18
3.837E+03  1.062E-28  1.080E-17  2.404E-18  8.401E-18
3.802E+03  1.103E-28  1.112E-17  2.480E-18  8.643E-18
3.767E+03  1.146E-28  1.145E-17  2.559E-18  8.893E-18
3.733E+03  1.191E-28  1.179E-17  2.640E-18  9.151E-18
3.698E+03  1.238E-28  1.214E-17  2.724E-18  9.416E-18
3.664E+03  1.286E-28  1.250E-17  2.811E-18  9.689E-18
3.631E+03  1.336E-28  1.287E-17  2.900E-18  9.971E-18
3.597E+03  1.389E-28  1.325E-17  2.992E-18  1.026E-17
3.565E+03  1.443E-28  1.365E-17  3.087E-18  1.056E-17
3.532E+03  1.500E-28  1.405E-17  3.186E-18  1.087E-17
3.499E+03  1.559E-28  1.447E-17  3.287E-18  1.119E-17
3.467E+03  1.621E-28  1.490E-17  3.392E-18  1.151E-17
3.436E+03  1.684E-28  1.535E-17  3.500E-18  1.185E-17
3.404E+03  1.751E-28  1.581E-17  3.612E-18  1.220E-17
3.373E+03  1.820E-28  1.628E-17  3.727E-18  1.256E-17
3.342E+03  1.892E-28  1.677E-17  3.847E-18  1.292E-17
3.311E+03  1.967E-28  1.727E-17  3.970E-18  1.331E-17
3.281E+03  2.045E-28  1.779E-17  4.097E-18  1.370E-17
3.251E+03  2.126E-28  1.833E-17  4.228E-18  1.410E-17
3.221E+03  2.210E-28  1.888E-17  4.363E-18  1.452E-17
3.192E+03  2.298E-28  1.945E-17  4.503E-18  1.495E-17
3.162E+03  2.389E-28  2.004E-17  4.647E-18  1.539E-17
3.133E+03  2.484E-28  2.064E-17  4.796E-18  1.585E-17
3.105E+03  2.583E-28  2.127E-17  4.950E-18  1.632E-17
3.076E+03  2.685E-28  2.191E-17  5.109E-18  1.680E-17
3.048E+03  2.792E-28  2.258E-17  5.273E-18  1.730E-17
3.020E+03  2.904E-28  2.326E-17  5.443E-18  1.782E-17
2.992E+03  3.019E-28  2.397E-17  5.618E-18  1.835E-17
2.965E+03  3.140E-28  2.469E-17  5.799E-18  1.889E-17
2.938E+03  3.265E-28  2.544E-17  5.985E-18  1.945E-17
2.911E+03  3.395E-28  2.621E-17  6.178E-18  2.003E-17
2.884E+03  3.530E-28  2.701E-17  6.377E-18  2.063E-17
2.858E+03  3.672E-28  2.783E-17  6.583E-18  2.125E-17
2.831E+03  3.818E-28  2.868E-17  6.795E-18  2.188E-17
2.805E+03  3.971E-28  2.955E-17  7.015E-18  2.254E-17
2.780E+03  4.130E-28  3.045E-17  7.241E-18  2.321E-17
2.754E+03  4.296E-28  3.138E-17  7.475E-18  2.391E-17
2.729E+03  4.468E-28  3.235E-17  7.717E-18  2.463E-17
2.704E+03  4.648E-28  3.334E-17  7.967E-18  2.537E-17
2.679E+03  4.835E-28  3.436E-17  8.224E-18  2.613E-17
2.655E+03  5.029E-28  3.541E-17  8.491E-18  2.692E-17
2.630E+03  5.232E-28  3.650E-17  8.766E-18  2.774E-17
2.606E+03  5.443E-28  3.762E-17  9.050E-18  2.857E-17
2.582E+03  5.662E-28  3.878E-17  9.343E-18  2.944E-17
2.559E+03  5.891E-28  3.998E-17  9.646E-18  3.033E-17
2.535E+03  6.129E-28  4.121E-17  9.960E-18  3.125E-17
2.512E+03  6.377E-28  4.249E-17  1.028E-17  3.220E-17
2.489E+03  6.635E-28  4.380E-17  1.062E-17  3.318E-17
2.466E+03  6.903E-28  4.516E-17  1.096E-17  3.420E-17
2.443E+03  7.183E-28  4.656E-17  1.132E-17  3.524E-17
2.421E+03  7.475E-28  4.800E-17  1.169E-17  3.631E-17
2.399E+03  7.778E-28  4.949E-17  1.207E-17  3.743E-17
2.377E+03  8.094E-28  5.103E-17  1.246E-17  3.857E-17
2.355E+03  8.423E-28  5.262E-17  1.287E-17  3.975E-17
2.333E+03  8.766E-28  5.426E-17  1.329E-17  4.097E-17
2.312E+03  9.123E-28  5.595E-17  1.372E-17  4.223E-17
2.291E+03  9.495E-28  5.770E-17  1.417E-17  4.353E-17
2.270E+03  9.882E-28  5.950E-17  1.463E-17  4.487E-17
2.249E+03  1.029E-27  6.136E-17  1.511E-17  4.625E-17
2.228E+03  1.071E-27  6.328E-17  1.560E-17  4.768E-17
2.208E+03  1.114E-27  6.526E-17  1.611E-17  4.915E-17
2.188E+03  1.160E-27  6.731E-17  1.664E-17  5.067E-17
2.168E+03  1.207E-27  6.942E-17  1.718E-17  5.224E-17
2.148E+03  1.257E-27  7.161E-17  1.774E-17  5.386E-17
2.128E+03  1.308E-27  7.386E-17  1.832E-17  5.553E-17
2.109E+03  1.362E-27  7.618E-17  1.893E-17  5.726E-17
2.089E+03  1.418E-27  7.858E-17  1.955E-17  5.904E-17
2.070E+03  1.476E-27  8.106E-17  2.019E-17  6.087E-17
2.051E+03  1.537E-27  8.362E-17  2.085E-17  6.277E-17
2.032E+03  1.600E-27  8.626E-17  2.153E-17  6.472E-17
2.014E+03  1.666E-27  8.898E-17  2.224E-17  6.674E-17
1.995E+03  1.734E-27  9.179E-17  2.297E-17  6.882E-17
1.977E+03  1.806E-27  9.470E-17  2.372E-17  7.097E-17
1.959E+03  1.880E-27  9.770E-17  2.450E-17  7.319E-17
1.941E+03  1.958E-27  1.008E-16  2.531E-17  7.548E-17
1.923E+03  2.038E-27  1.040E-16  2.614E-17  7.784E-17
1.905E+03  2.123E-27  1.073E-16  2.700E-17  8.028E-17
1.888E+03  2.210E-27  1.107E-16  2.789E-17  8.280E-17
1.871E+03  2.302E-27  1.142E-16  2.881E-17  8.540E-17
1.854E+03  2.397E-27  1.178E-16  2.976E-17  8.809E-17
1.837E+03  2.496E-27  1.216E-16  3.074E-17  9.086E-17
1.820E+03  2.599E-27  1.255E-16  3.176E-17  9.372E-17
1.803E+03  2.707E-27  1.295E-16  3.280E-17  9.667E-17
1.786E+03  2.819E-27  1.336E-16  3.389E-17  9.972E-17
1.770E+03  2.936E-27  1.379E-16  3.500E-17  1.029E-16
1.754E+03  3.058E-27  1.423E-16  3.616E-17  1.061E-16
1.738E+03  3.185E-27  1.468E-16  3.736E-17  1.095E-16
1.722E+03  3.318E-27  1.515E-16  3.859E-17  1.129E-16
1.706E+03  3.456E-27  1.564E-16  3.987E-17  1.165E-16
1.690E+03  3.599E-27  1.614E-16  4.119E-17  1.202E-16
1.675E+03  3.749E-27  1.666E-16  4.255E-17  1.240E-16
1.660E+03  3.905E-27  1.719E-16  4.396E-17  1.280E-16
1.644E+03  4.068E-27  1.774E-16  4.541E-17  1.320E-16
1.629E+03  4.238E-27  1.831E-16  4.692E-17  1.362E-16
1.614E+03  4.414E-27  1.890E-16  4.847E-17  1.406E-16
1.600E+03  4.598E-27  1.951E-16  5.008E-17  1.450E-16
1.585E+03  4.790E-27  2.014E-16  5.174E-17  1.496E-16
1.570E+03  4.990E-27  2.079E-16  5.346E-17  1.544E-16
1.556E+03  5.199E-27  2.146E-16  5.523E-17  1.593E-16
1.542E+03  5.416E-27  2.215E-16  5.707E-17  1.644E-16
1.528E+03  5.643E-27  2.286E-16  5.896E-17  1.697E-16
1.514E+03  5.878E-27  2.360E-16  6.092E-17  1.751E-16
1.500E+03  6.124E-27  2.436E-16  6.295E-17  1.807E-16
1.486E+03  6.381E-27  2.515E-16  6.504E-17  1.865E-16
1.472E+03  6.648E-27  2.597E-16  6.720E-17  1.924E-16
1.459E+03  6.927E-27  2.681E-16  6.944E-17  1.986E-16
1.445E+03  7.218E-27  2.767E-16  7.175E-17  2.050E-16
1.432E+03  7.521E-27  2.857E-16  7.414E-17  2.116E-16
1.419E+03  7.837E-27  2.950E-16  7.661E-17  2.184E-16
1.406E+03  8.166E-27  3.046E-16  7.916E-17  2.254E-16
1.393E+03  8.509E-27  3.144E-16  8.180E-17  2.326E-16
1.380E+03  8.867E-27  3.247E-16  8.453E-17  2.401E-16
1.368E+03  9.240E-27  3.352E-16  8.735E-17  2.479E-16
1.355E+03  9.628E-27  3.461E-16  9.026E-17  2.559E-16
1.343E+03  1.003E-26  3.574E-16  9.327E-17  2.641E-16
1.330E+03  1.046E-26  3.690E-16  9.639E-17  2.726E-16
1.318E+03  1.090E-26  3.810E-16  9.961E-17  2.814E-16
1.306E+03  1.136E-26  3.934E-16  1.029E-16  2.905E-16
1.294E+03  1.183E-26  4.063E-16  1.064E-16  2.999E-16
1.282E+03  1.233E-26  4.195E-16  1.099E-16  3.096E-16
1.271E+03  1.285E-26  4.332E-16  1.136E-16  3.196E-16
1.259E+03  1.339E-26  4.473E-16  1.174E-16  3.299E-16
1.247E+03  1.396E-26  4.619E-16  1.213E-16  3.406E-16
1.236E+03  1.455E-26  4.770E-16  1.254E-16  3.516E-16
1.225E+03  1.516E-26  4.926E-16  1.296E-16  3.630E-16
1.213E+03  1.580E-26  5.086E-16  1.339E-16  3.747E-16
1.202E+03  1.647E-26  5.253E-16  1.384E-16  3.868E-16
1.191E+03  1.717E-26  5.424E-16  1.431E-16  3.994E-16
1.180E+03  1.789E-26  5.602E-16  1.479E-16  4.123E-16
1.169E+03  1.865E-26  5.785E-16  1.528E-16  4.257E-16
1.159E+03  1.944E-26  5.974E-16  1.579E-16  4.395E-16
1.148E+03  2.026E-26  6.170E-16  1.632E-16  4.537E-16
1.138E+03  2.111E-26  6.371E-16  1.687E-16  4.684E-16
1.127E+03  2.201E-26  6.580E-16  1.744E-16  4.836E-16
1.117E+03  2.294E-26  6.796E-16  1.802E-16  4.993E-16
1.107E+03  2.391E-26  7.018E-16  1.863E-16  5.155E-16
1.096E+03  2.492E-26  7.248E-16  1.926E-16  5.322E-16
1.086E+03  2.597E-26  7.485E-16  1.990E-16  5.495E-16
1.076E+03  2.707E-26  7.731E-16  2.057E-16  5.674E-16
1.067E+03  2.822E-26  7.984E-16  2.126E-16  5.858E-16
1.057E+03  2.941E-26  8.246E-16  2.198E-16  6.048E-16
1.047E+03  3.066E-26  8.516E-16  2.272E-16  6.244E-16
1.038E+03  3.196E-26  8.795E-16  2.348E-16  6.447E-16
1.028E+03  3.331E-26  9.084E-16  2.427E-16  6.656E-16
1.019E+03  3.472E-26  9.381E-16  2.509E-16  6.872E-16
1.009E+03  3.619E-26  9.689E-16  2.594E-16  7.095E-16
1.000E+03  3.772E-26  1.001E-15  2.681E-16  7.326E-16
9.908E+02  3.932E-26  1.034E-15  2.771E-16  7.564E-16
9.817E+02  4.099E-26  1.068E-15  2.865E-16  7.810E-16
9.727E+02  4.273E-26  1.103E-15  2.962E-16  8.065E-16
9.638E+02  4.455E-26  1.139E-15  3.061E-16  8.327E-16
9.550E+02  4.644E-26  1.176E-15  3.165E-16  8.599E-16
9.462E+02  4.841E-26  1.215E-15  3.272E-16  8.879E-16
9.376E+02  5.046E-26  1.255E-15  3.382E-16  9.168E-16
9.290E+02  5.260E-26  1.296E-15  3.496E-16  9.466E-16
9.204E+02  5.484E-26  1.339E-15  3.614E-16  9.774E-16
9.120E+02  5.717E-26  1.383E-15  3.737E-16  1.009E-15
9.036E+02  5.959E-26  1.428E-15  3.863E-16  1.042E-15
8.954E+02  6.212E-26  1.475E-15  3.994E-16  1.076E-15
8.872E+02  6.476E-26  1.524E-15  4.129E-16  1.111E-15
8.790E+02  6.750E-26  1.574E-15  4.268E-16  1.147E-15
8.710E+02  7.036E-26  1.626E-15  4.413E-16  1.184E-15
8.630E+02  7.335E-26  1.679E-15  4.562E-16  1.223E-15
8.551E+02  7.646E-26  1.734E-15  4.717E-16  1.262E-15
8.472E+02  7.970E-26  1.791E-15  4.876E-16  1.303E-15
8.395E+02  8.308E-26  1.850E-15  5.041E-16  1.346E-15
8.318E+02  8.660E-26  1.911E-15  5.212E-16  1.389E-15
8.241E+02  9.026E-26  1.973E-15  5.389E-16  1.434E-15
8.166E+02  9.409E-26  2.038E-15  5.572E-16  1.481E-15
8.091E+02  9.807E-26  2.105E-15  5.761E-16  1.529E-15
8.017E+02  1.022E-25  2.174E-15  5.956E-16  1.578E-15
7.943E+02  1.066E-25  2.245E-15  6.158E-16  1.629E-15
7.870E+02  1.111E-25  2.319E-15  6.367E-16  1.682E-15
7.798E+02  1.158E-25  2.395E-15  6.583E-16  1.736E-15
7.727E+02  1.207E-25  2.473E-15  6.807E-16  1.793E-15
7.656E+02  1.258E-25  2.554E-15  7.038E-16  1.850E-15
7.586E+02  1.311E-25  2.638E-15  7.277E-16  1.910E-15
7.516E+02  1.367E-25  2.724E-15  7.524E-16  1.972E-15
7.447E+02  1.424E-25  2.814E-15  7.780E-16  2.036E-15
7.379E+02  1.485E-25  2.907E-15  8.044E-16  2.102E-15
7.311E+02  1.548E-25  3.002E-15  8.318E-16  2.170E-15
7.244E+02  1.614E-25  3.101E-15  8.601E-16  2.241E-15
7.178E+02  1.682E-25  3.203E-15  8.894E-16  2.314E-15
7.112E+02  1.754E-25  3.309E-15  9.196E-16  2.389E-15
7.047E+02  1.829E-25  3.418E-15  9.509E-16  2.467E-15
6.982E+02  1.906E-25  3.531E-15  9.833E-16  2.548E-15
6.918E+02  1.988E-25  3.648E-15  1.017E-15  2.631E-15
6.855E+02  2.072E-25  3.768E-15  1.051E-15  2.717E-15
6.792E+02  2.161E-25  3.893E-15  1.087E-15  2.805E-15
6.730E+02  2.253E-25  4.021E-15  1.124E-15  2.897E-15
6.668E+02  2.348E-25  4.154E-15  1.163E-15  2.991E-15
6.607E+02  2.449E-25  4.291E-15  1.202E-15  3.089E-15
6.546E+02  2.553E-25  4.433E-15  1.243E-15  3.190E-15
6.486E+02  2.662E-25  4.581E-15  1.286E-15  3.295E-15
6.427E+02  2.777E-25  4.733E-15  1.330E-15  3.404E-15
6.368E+02  2.896E-25  4.891E-15  1.375E-15  3.516E-15
6.310E+02  3.020E-25  5.054E-15  1.422E-15  3.632E-15
6.252E+02  3.150E-25  5.223E-15  1.470E-15  3.753E-15
6.194E+02  3.285E-25  5.398E-15  1.521E-15  3.877E-15
6.138E+02  3.426E-25  5.578E-15  1.573E-15  4.006E-15
6.081E+02  3.574E-25  5.765E-15  1.626E-15  4.139E-15
6.026E+02  3.728E-25  5.958E-15  1.682E-15  4.276E-15
5.970E+02  3.889E-25  6.158E-15  1.740E-15  4.419E-15
5.916E+02  4.056E-25  6.365E-15  1.799E-15  4.566E-15
5.861E+02  4.231E-25  6.579E-15  1.861E-15  4.718E-15
5.808E+02  4.414E-25  6.800E-15  1.924E-15  4.876E-15
5.754E+02  4.605E-25  7.029E-15  1.990E-15  5.039E-15
5.702E+02  4.804E-25  7.266E-15  2.058E-15  5.208E-15
5.649E+02  5.013E-25  7.511E-15  2.129E-15  5.383E-15
5.598E+02  5.230E-25  7.765E-15  2.201E-15  5.564E-15
5.546E+02  5.457E-25  8.028E-15  2.277E-15  5.751E-15
5.495E+02  5.694E-25  8.300E-15  2.355E-15  5.945E-15
5.445E+02  5.941E-25  8.581E-15  2.436E-15  6.145E-15
5.395E+02  6.200E-25  8.872E-15  2.519E-15  6.353E-15
5.346E+02  6.469E-25  9.173E-15  2.605E-15  6.568E-15
5.297E+02  6.751E-25  9.485E-15  2.695E-15  6.791E-15
5.248E+02  7.046E-25  9.808E-15  2.787E-15  7.021E-15
5.200E+02  7.353E-25  1.014E-14  2.883E-15  7.260E-15
5.152E+02  7.674E-25  1.049E-14  2.982E-15  7.507E-15
5.105E+02  8.010E-25  1.085E-14  3.084E-15  7.762E-15
5.058E+02  8.360E-25  1.122E-14  3.190E-15  8.027E-15
5.012E+02  8.726E-25  1.160E-14  3.299E-15  8.301E-15
4.966E+02  9.108E-25  1.200E-14  3.412E-15  8.585E-15
4.920E+02  9.507E-25  1.241E-14  3.530E-15  8.879E-15
4.875E+02  9.924E-25  1.283E-14  3.651E-15  9.184E-15
4.831E+02  1.036E-24  1.327E-14  3.776E-15  9.499E-15
4.786E+02  1.082E-24  1.373E-14  3.906E-15  9.825E-15
4.742E+02  1.129E-24  1.420E-14  4.040E-15  1.016E-14
4.699E+02  1.179E-24  1.469E-14  4.179E-15  1.051E-14
4.656E+02  1.231E-24  1.520E-14  4.322E-15  1.088E-14
4.613E+02  1.285E-24  1.572E-14  4.471E-15  1.125E-14
4.571E+02  1.342E-24  1.627E-14  4.625E-15  1.164E-14
4.529E+02  1.401E-24  1.683E-14  4.784E-15  1.204E-14
4.487E+02  1.463E-24  1.741E-14  4.948E-15  1.246E-14
4.446E+02  1.527E-24  1.801E-14  5.118E-15  1.289E-14
4.406E+02  1.595E-24  1.864E-14  5.294E-15  1.334E-14
4.365E+02  1.665E-24  1.928E-14  5.477E-15  1.380E-14
4.325E+02  1.739E-24  1.995E-14  5.665E-15  1.429E-14
4.285E+02  1.816E-24  2.064E-14  5.860E-15  1.478E-14
4.246E+02  1.896E-24  2.136E-14  6.062E-15  1.530E-14
4.207E+02  1.981E-24  2.210E-14  6.270E-15  1.583E-14
4.169E+02  2.069E-24  2.287E-14  6.486E-15  1.639E-14
4.130E+02  2.161E-24  2.367E-14  6.709E-15  1.696E-14
4.093E+02  2.257E-24  2.450E-14  6.940E-15  1.756E-14
4.055E+02  2.357E-24  2.535E-14  7.179E-15  1.818E-14
4.018E+02  2.462E-24  2.624E-14  7.426E-15  1.881E-14
3.981E+02  2.572E-24  2.716E-14  7.682E-15  1.948E-14
3.945E+02  2.687E-24  2.811E-14  7.947E-15  2.017E-14
3.908E+02  2.807E-24  2.910E-14  8.221E-15  2.088E-14
3.873E+02  2.932E-24  3.012E-14  8.504E-15  2.162E-14
3.837E+02  3.064E-24  3.118E-14  8.797E-15  2.238E-14
3.802E+02  3.201E-24  3.228E-14  9.100E-15  2.318E-14
3.767E+02  3.344E-24  3.342E-14  9.413E-15  2.400E-14
3.733E+02  3.494E-24  3.459E-14  9.738E-15  2.486E-14
3.698E+02  3.651E-24  3.582E-14  1.007E-14  2.574E-14
3.664E+02  3.815E-24  3.708E-14  1.042E-14  2.666E-14
3.631E+02  3.986E-24  3.839E-14  1.078E-14  2.761E-14
3.597E+02  4.166E-24  3.975E-14  1.115E-14  2.860E-14
3.565E+02  4.353E-24  4.116E-14  1.153E-14  2.962E-14
3.532E+02  4.549E-24  4.262E-14  1.193E-14  3.068E-14
3.499E+02  4.754E-24  4.413E-14  1.234E-14  3.179E-14
3.467E+02  4.968E-24  4.570E-14  1.277E-14  3.293E-14
3.436E+02  5.192E-24  4.732E-14  1.321E-14  3.411E-14
3.404E+02  5.427E-24  4.900E-14  1.366E-14  3.534E-14
3.373E+02  5.672E-24  5.075E-14  1.414E-14  3.661E-14
3.342E+02  5.928E-24  5.255E-14  1.462E-14  3.793E-14
3.311E+02  6.196E-24  5.443E-14  1.513E-14  3.930E-14
3.281E+02  6.477E-24  5.637E-14  1.565E-14  4.072E-14
3.251E+02  6.770E-24  5.838E-14  1.619E-14  4.219E-14
3.221E+02  7.076E-24  6.046E-14  1.675E-14  4.372E-14
3.192E+02  7.397E-24  6.262E-14  1.732E-14  4.530E-14
3.162E+02  7.733E-24  6.486E-14  1.792E-14  4.694E-14
3.133E+02  8.083E-24  6.718E-14  1.854E-14  4.865E-14
3.105E+02  8.450E-24  6.959E-14  1.918E-14  5.041E-14
3.076E+02  8.834E-24  7.208E-14  1.984E-14  5.224E-14
3.048E+02  9.235E-24  7.467E-14  2.052E-14  5.414E-14
3.020E+02  9.655E-24  7.734E-14  2.123E-14  5.611E-14
2.992E+02  1.009E-23  8.012E-14  2.196E-14  5.816E-14
2.965E+02  1.055E-23  8.300E-14  2.272E-14  6.028E-14
2.938E+02  1.103E-23  8.598E-14  2.350E-14  6.248E-14
2.911E+02  1.154E-23  8.907E-14  2.431E-14  6.476E-14
2.884E+02  1.206E-23  9.227E-14  2.515E-14  6.712E-14
2.858E+02  1.261E-23  9.559E-14  2.602E-14  6.958E-14
2.831E+02  1.319E-23  9.903E-14  2.691E-14  7.212E-14
2.805E+02  1.379E-23  1.026E-13  2.784E-14  7.476E-14
2.780E+02  1.442E-23  1.063E-13  2.880E-14  7.750E-14
2.754E+02  1.507E-23  1.101E-13  2.979E-14  8.034E-14
2.729E+02  1.577E-23  1.141E-13  3.082E-14  8.330E-14
2.704E+02  1.649E-23  1.183E-13  3.188E-14  8.637E-14
2.679E+02  1.724E-23  1.225E-13  3.298E-14  8.956E-14
2.655E+02  1.804E-23  1.270E-13  3.412E-14  9.288E-14
2.630E+02  1.886E-23  1.316E-13  3.530E-14  9.632E-14
2.606E+02  1.973E-23  1.364E-13  3.651E-14  9.989E-14
2.582E+02  2.064E-23  1.414E-13  3.777E-14  1.036E-13
2.559E+02  2.158E-23  1.465E-13  3.908E-14  1.074E-13
2.535E+02  2.257E-23  1.518E-13  4.042E-14  1.113E-13
2.512E+02  2.360E-23  1.572E-13  4.182E-14  1.154E-13
2.489E+02  2.466E-23  1.628E-13  4.326E-14  1.195E-13
2.466E+02  2.575E-23  1.684E-13  4.475E-14  1.237E-13
2.443E+02  2.688E-23  1.742E-13  4.630E-14  1.279E-13
2.421E+02  2.806E-23  1.802E-13  4.790E-14  1.323E-13
2.399E+02  2.929E-23  1.864E-13  4.955E-14  1.368E-13
2.377E+02  3.055E-23  1.926E-13  5.126E-14  1.413E-13
2.355E+02  3.187E-23  1.991E-13  5.303E-14  1.460E-13
2.333E+02  3.324E-23  2.057E-13  5.486E-14  1.509E-13
2.312E+02  3.466E-23  2.126E-13  5.676E-14  1.558E-13
2.291E+02  3.615E-23  2.197E-13  5.872E-14  1.610E-13
2.270E+02  3.771E-23  2.270E-13  6.075E-14  1.663E-13
2.249E+02  3.932E-23  2.346E-13  6.286E-14  1.717E-13
2.228E+02  4.101E-23  2.424E-13  6.503E-14  1.774E-13
2.208E+02  4.277E-23  2.505E-13  6.728E-14  1.832E-13
2.188E+02  4.460E-23  2.588E-13  6.961E-14  1.892E-13
2.168E+02  4.651E-23  2.675E-13  7.203E-14  1.954E-13
2.148E+02  4.851E-23  2.763E-13  7.453E-14  2.018E-13
2.128E+02  5.058E-23  2.855E-13  7.712E-14  2.084E-13
2.109E+02  5.274E-23  2.950E-13  7.979E-14  2.152E-13
2.089E+02  5.499E-23  3.048E-13  8.257E-14  2.222E-13
2.070E+02  5.734E-23  3.149E-13  8.544E-14  2.294E-13
2.051E+02  5.978E-23  3.253E-13  8.842E-14  2.369E-13
2.032E+02  6.233E-23  3.360E-13  9.151E-14  2.445E-13
2.014E+02  6.499E-23  3.471E-13  9.470E-14  2.524E-13
1.995E+02  6.775E-23  3.586E-13  9.802E-14  2.606E-13
1.977E+02  7.063E-23  3.704E-13  1.015E-13  2.689E-13
1.959E+02  7.363E-23  3.826E-13  1.050E-13  2.776E-13
1.941E+02  7.675E-23  3.952E-13  1.087E-13  2.865E-13
1.923E+02  8.001E-23  4.081E-13  1.125E-13  2.956E-13
1.905E+02  8.340E-23  4.216E-13  1.165E-13  3.051E-13
1.888E+02  8.694E-23  4.354E-13  1.206E-13  3.148E-13
1.871E+02  9.062E-23  4.497E-13  1.249E-13  3.248E-13
1.854E+02  9.446E-23  4.644E-13  1.294E-13  3.351E-13
1.837E+02  9.846E-23  4.797E-13  1.340E-13  3.457E-13
1.820E+02  1.026E-22  4.954E-13  1.388E-13  3.566E-13
1.803E+02  1.070E-22  5.116E-13  1.438E-13  3.679E-13
1.786E+02  1.115E-22  5.284E-13  1.490E-13  3.794E-13
1.770E+02  1.162E-22  5.457E-13  1.544E-13  3.914E-13
1.754E+02  1.212E-22  5.636E-13  1.600E-13  4.036E-13
1.738E+02  1.263E-22  5.821E-13  1.659E-13  4.162E-13
1.722E+02  1.316E-22  6.012E-13  1.720E-13  4.292E-13
1.706E+02  1.372E-22  6.210E-13  1.784E-13  4.426E-13
1.690E+02  1.430E-22  6.414E-13  1.850E-13  4.563E-13
1.675E+02  1.491E-22  6.625E-13  1.920E-13  4.705E-13
1.660E+02  1.555E-22  6.844E-13  1.993E-13  4.850E-13
1.644E+02  1.621E-22  7.070E-13  2.070E-13  5.000E-13
1.629E+02  1.690E-22  7.304E-13  2.150E-13  5.154E-13
1.614E+02  1.762E-22  7.547E-13  2.235E-13  5.312E-13
1.600E+02  1.838E-22  7.799E-13  2.324E-13  5.475E-13
1.585E+02  1.917E-22  8.060E-13  2.418E-13  5.643E-13
1.570E+02  2.000E-22  8.331E-13  2.516E-13  5.815E-13
1.556E+02  2.087E-22  8.613E-13  2.621E-13  5.992E-13
1.542E+02  2.178E-22  8.905E-13  2.731E-13  6.174E-13
1.528E+02  2.273E-22  9.209E-13  2.848E-13  6.361E-13
1.514E+02  2.372E-22  9.525E-13  2.972E-13  6.553E-13
1.500E+02  2.477E-22  9.853E-13  3.103E-13  6.750E-13
1.486E+02  2.586E-22  1.019E-12  3.241E-13  6.953E-13
1.472E+02  2.701E-22  1.055E-12  3.385E-13  7.162E-13
1.459E+02  2.820E-22  1.091E-12  3.536E-13  7.376E-13
1.445E+02  2.944E-22  1.129E-12  3.690E-13  7.597E-13
1.432E+02  3.071E-22  1.167E-12  3.845E-13  7.823E-13
1.419E+02  3.202E-22  1.205E-12  3.997E-13  8.055E-13
1.406E+02  3.334E-22  1.244E-12  4.143E-13  8.294E-13
1.393E+02  3.468E-22  1.282E-12  4.277E-13  8.539E-13
1.380E+02  3.602E-22  1.319E-12  4.398E-13  8.791E-13
1.368E+02  3.736E-22  1.355E-12  4.505E-13  9.049E-13
1.355E+02  3.871E-22  1.391E-12  4.601E-13  9.314E-13
1.343E+02  4.008E-22  1.427E-12  4.689E-13  9.586E-13
1.330E+02  4.148E-22  1.464E-12  4.773E-13  9.864E-13
1.318E+02  4.292E-22  1.501E-12  4.858E-13  1.015E-12
1.306E+02  4.441E-22  1.539E-12  4.945E-13  1.044E-12
1.294E+02  4.597E-22  1.578E-12  5.038E-13  1.074E-12
1.282E+02  4.759E-22  1.619E-12  5.136E-13  1.105E-12
1.271E+02  4.928E-22  1.661E-12  5.241E-13  1.137E-12
1.259E+02  5.105E-22  1.705E-12  5.354E-13  1.169E-12
1.247E+02  5.289E-22  1.750E-12  5.475E-13  1.202E-12
1.236E+02  5.481E-22  1.797E-12  5.604E-13  1.236E-12
1.225E+02  5.681E-22  1.845E-12  5.742E-13  1.271E-12
1.213E+02  5.890E-22  1.896E-12  5.887E-13  1.307E-12
1.202E+02  6.107E-22  1.948E-12  6.041E-13  1.344E-12
1.191E+02  6.334E-22  2.001E-12  6.203E-13  1.381E-12
1.180E+02  6.569E-22  2.057E-12  6.373E-13  1.420E-12
1.169E+02  6.814E-22  2.114E-12  6.550E-13  1.459E-12
1.159E+02  7.068E-22  2.172E-12  6.736E-13  1.499E-12
1.148E+02  7.332E-22  2.233E-12  6.931E-13  1.540E-12
1.138E+02  7.606E-22  2.295E-12  7.134E-13  1.582E-12
1.127E+02  7.891E-22  2.359E-12  7.346E-13  1.625E-12
1.117E+02  8.188E-22  2.426E-12  7.568E-13  1.669E-12
1.107E+02  8.496E-22  2.494E-12  7.798E-13  1.714E-12
1.096E+02  8.816E-22  2.564E-12  8.037E-13  1.760E-12
1.086E+02  9.148E-22  2.636E-12  8.286E-13  1.808E-12
1.076E+02  9.493E-22  2.711E-12  8.545E-13  1.856E-12
1.067E+02  9.850E-22  2.787E-12  8.814E-13  1.906E-12
1.057E+02  1.022E-21  2.865E-12  9.092E-13  1.956E-12
1.047E+02  1.061E-21  2.946E-12  9.381E-13  2.008E-12
1.038E+02  1.101E-21  3.029E-12  9.681E-13  2.061E-12
1.028E+02  1.142E-21  3.114E-12  9.991E-13  2.115E-12
1.019E+02  1.185E-21  3.201E-12  1.031E-12  2.170E-12
1.009E+02  1.229E-21  3.290E-12  1.064E-12  2.226E-12
1.000E+02  1.275E-21  3.382E-12  1.099E-12  2.283E-12
9.908E+01  1.322E-21  3.476E-12  1.134E-12  2.341E-12
9.817E+01  1.372E-21  3.572E-12  1.171E-12  2.401E-12
9.727E+01  1.422E-21  3.670E-12  1.208E-12  2.462E-12
9.638E+01  1.475E-21  3.771E-12  1.247E-12  2.524E-12
9.550E+01  1.530E-21  3.875E-12  1.287E-12  2.587E-12
9.462E+01  1.586E-21  3.981E-12  1.329E-12  2.652E-12
9.376E+01  1.644E-21  4.089E-12  1.371E-12  2.718E-12
9.290E+01  1.705E-21  4.200E-12  1.415E-12  2.785E-12
9.204E+01  1.767E-21  4.314E-12  1.461E-12  2.853E-12
9.120E+01  1.831E-21  4.430E-12  1.507E-12  2.923E-12
9.036E+01  1.898E-21  4.549E-12  1.556E-12  2.994E-12
8.954E+01  1.967E-21  4.671E-12  1.605E-12  3.066E-12
8.872E+01  2.038E-21  4.796E-12  1.657E-12  3.139E-12
8.790E+01  2.112E-21  4.924E-12  1.710E-12  3.214E-12
8.710E+01  2.188E-21  5.055E-12  1.765E-12  3.290E-12
8.630E+01  2.267E-21  5.189E-12  1.821E-12  3.368E-12
8.551E+01  2.348E-21  5.326E-12  1.880E-12  3.447E-12
8.472E+01  2.432E-21  5.466E-12  1.940E-12  3.527E-12
8.395E+01  2.519E-21  5.610E-12  2.002E-12  3.608E-12
8.318E+01  2.609E-21  5.756E-12  2.066E-12  3.690E-12
8.241E+01  2.701E-21  5.906E-12  2.132E-12  3.774E-12
8.166E+01  2.797E-21  6.059E-12  2.200E-12  3.859E-12
8.091E+01  2.896E-21  6.215E-12  2.270E-12  3.945E-12
8.017E+01  2.998E-21  6.375E-12  2.342E-12  4.033E-12
7.943E+01  3.103E-21  6.538E-12  2.416E-12  4.122E-12
7.870E+01  3.211E-21  6.704E-12  2.493E-12  4.212E-12
7.798E+01  3.323E-21  6.874E-12  2.571E-12  4.303E-12
7.727E+01  3.438E-21  7.047E-12  2.652E-12  4.395E-12
7.656E+01  3.557E-21  7.223E-12  2.734E-12  4.489E-12
7.586E+01  3.679E-21  7.404E-12  2.819E-12  4.584E-12
7.516E+01  3.806E-21  7.588E-12  2.907E-12  4.681E-12
7.447E+01  3.936E-21  7.775E-12  2.997E-12  4.778E-12
7.379E+01  4.069E-21  7.965E-12  3.089E-12  4.876E-12
7.311E+01  4.207E-21  8.159E-12  3.184E-12  4.975E-12
7.244E+01  4.349E-21  8.357E-12  3.282E-12  5.075E-12
7.178E+01  4.495E-21  8.558E-12  3.383E-12  5.175E-12
7.112E+01  4.645E-21  8.763E-12  3.486E-12  5.277E-12
7.047E+01  4.800E-21  8.972E-12  3.591E-12  5.380E-12
6.982E+01  4.960E-21  9.186E-12  3.700E-12  5.486E-12
6.918E+01  5.124E-21  9.404E-12  3.812E-12  5.592E-12
6.855E+01  5.293E-21  9.624E-12  3.927E-12  5.697E-12
6.792E+01  5.466E-21  9.847E-12  4.044E-12  5.803E-12
6.730E+01  5.644E-21  1.007E-11  4.165E-12  5.910E-12
6.668E+01  5.827E-21  1.031E-11  4.289E-12  6.018E-12
6.607E+01  6.016E-21  1.054E-11  4.417E-12  6.126E-12
6.546E+01  6.210E-21  1.078E-11  4.547E-12  6.236E-12
6.486E+01  6.409E-21  1.103E-11  4.682E-12  6.345E-12
6.427E+01  6.613E-21  1.127E-11  4.819E-12  6.454E-12
6.368E+01  6.823E-21  1.152E-11  4.961E-12  6.564E-12
6.310E+01  7.039E-21  1.178E-11  5.106E-12  6.675E-12
6.252E+01  7.261E-21  1.204E-11  5.254E-12  6.786E-12
6.194E+01  7.489E-21  1.230E-11  5.407E-12  6.898E-12
6.138E+01  7.723E-21  1.257E-11  5.563E-12  7.010E-12
6.081E+01  7.963E-21  1.285E-11  5.724E-12  7.122E-12
6.026E+01  8.210E-21  1.312E-11  5.888E-12  7.233E-12
5.970E+01  8.462E-21  1.340E-11  6.057E-12  7.344E-12
5.916E+01  8.721E-21  1.369E-11  6.230E-12  7.455E-12
5.861E+01  8.987E-21  1.397E-11  6.408E-12  7.564E-12
5.808E+01  9.259E-21  1.426E-11  6.590E-12  7.673E-12
5.754E+01  9.538E-21  1.456E-11  6.777E-12  7.781E-12
5.702E+01  9.824E-21  1.486E-11  6.969E-12  7.889E-12
5.649E+01  1.012E-20  1.516E-11  7.166E-12  7.996E-12
5.598E+01  1.042E-20  1.547E-11  7.367E-12  8.102E-12
5.546E+01  1.073E-20  1.578E-11  7.574E-12  8.209E-12
5.495E+01  1.104E-20  1.610E-11  7.786E-12  8.314E-12
5.445E+01  1.137E-20  1.642E-11  8.003E-12  8.418E-12
5.395E+01  1.170E-20  1.675E-11  8.226E-12  8.521E-12
5.346E+01  1.204E-20  1.708E-11  8.455E-12  8.623E-12
5.297E+01  1.239E-20  1.741E-11  8.689E-12  8.723E-12
5.248E+01  1.275E-20  1.775E-11  8.930E-12  8.821E-12
5.200E+01  1.312E-20  1.809E-11  9.177E-12  8.918E-12
5.152E+01  1.349E-20  1.844E-11  9.429E-12  9.013E-12
5.105E+01  1.388E-20  1.879E-11  9.689E-12  9.105E-12
5.058E+01  1.427E-20  1.915E-11  9.954E-12  9.195E-12
5.012E+01  1.467E-20  1.951E-11  1.023E-11  9.282E-12
4.966E+01  1.509E-20  1.987E-11  1.050E-11  9.367E-12
4.920E+01  1.551E-20  2.024E-11  1.079E-11  9.450E-12
4.875E+01  1.594E-20  2.061E-11  1.108E-11  9.530E-12
4.831E+01  1.638E-20  2.099E-11  1.138E-11  9.607E-12
4.786E+01  1.683E-20  2.137E-11  1.169E-11  9.682E-12
4.742E+01  1.729E-20  2.176E-11  1.200E-11  9.754E-12
4.699E+01  1.777E-20  2.215E-11  1.233E-11  9.823E-12
4.656E+01  1.825E-20  2.254E-11  1.265E-11  9.889E-12
4.613E+01  1.875E-20  2.294E-11  1.299E-11  9.952E-12
4.571E+01  1.926E-20  2.335E-11  1.334E-11  1.001E-11
4.529E+01  1.978E-20  2.376E-11  1.369E-11  1.007E-11
4.487E+01  2.031E-20  2.417E-11  1.405E-11  1.012E-11
4.446E+01  2.085E-20  2.459E-11  1.442E-11  1.017E-11
4.406E+01  2.140E-20  2.501E-11  1.479E-11  1.022E-11
4.365E+01  2.197E-20  2.544E-11  1.518E-11  1.026E-11
4.325E+01  2.254E-20  2.586E-11  1.556E-11  1.030E-11
4.285E+01  2.313E-20  2.629E-11  1.596E-11  1.034E-11
4.246E+01  2.373E-20  2.672E-11  1.636E-11  1.037E-11
4.207E+01  2.433E-20  2.716E-11  1.676E-11  1.039E-11
4.169E+01  2.495E-20  2.759E-11  1.717E-11  1.042E-11
4.130E+01  2.557E-20  2.801E-11  1.758E-11  1.044E-11
4.093E+01  2.620E-20  2.844E-11  1.799E-11  1.045E-11
4.055E+01  2.683E-20  2.886E-11  1.841E-11  1.045E-11
4.018E+01  2.747E-20  2.928E-11  1.882E-11  1.046E-11
3.981E+01  2.811E-20  2.968E-11  1.923E-11  1.046E-11
3.945E+01  2.875E-20  3.008E-11  1.964E-11  1.045E-11
3.908E+01  2.939E-20  3.047E-11  2.004E-11  1.044E-11
3.873E+01  3.003E-20  3.085E-11  2.043E-11  1.042E-11
3.837E+01  3.066E-20  3.121E-11  2.081E-11  1.040E-11
3.802E+01  3.129E-20  3.155E-11  2.118E-11  1.037E-11
3.767E+01  3.190E-20  3.187E-11  2.153E-11  1.034E-11
3.733E+01  3.249E-20  3.217E-11  2.187E-11  1.030E-11
3.698E+01  3.306E-20  3.243E-11  2.218E-11  1.025E-11
3.664E+01  3.361E-20  3.267E-11  2.247E-11  1.020E-11
3.631E+01  3.414E-20  3.288E-11  2.274E-11  1.014E-11
3.597E+01  3.463E-20  3.305E-11  2.297E-11  1.008E-11
3.565E+01  3.510E-20  3.319E-11  2.317E-11  1.002E-11
3.532E+01  3.552E-20  3.328E-11  2.333E-11  9.952E-12
3.499E+01  3.591E-20  3.333E-11  2.345E-11  9.881E-12
3.467E+01  3.624E-20  3.334E-11  2.353E-11  9.807E-12
3.436E+01  3.653E-20  3.329E-11  2.356E-11  9.729E-12
3.404E+01  3.677E-20  3.320E-11  2.355E-11  9.647E-12
3.373E+01  3.695E-20  3.305E-11  2.349E-11  9.562E-12
3.342E+01  3.707E-20  3.286E-11  2.338E-11  9.474E-12
3.311E+01  3.713E-20  3.261E-11  2.322E-11  9.388E-12
3.281E+01  3.713E-20  3.231E-11  2.301E-11  9.298E-12
3.251E+01  3.706E-20  3.196E-11  2.276E-11  9.205E-12
3.221E+01  3.693E-20  3.156E-11  2.245E-11  9.108E-12
3.192E+01  3.674E-20  3.110E-11  2.209E-11  9.009E-12
3.162E+01  3.648E-20  3.060E-11  2.170E-11  8.907E-12
3.133E+01  3.617E-20  3.006E-11  2.126E-11  8.802E-12
3.105E+01  3.579E-20  2.947E-11  2.078E-11  8.695E-12
3.076E+01  3.536E-20  2.885E-11  2.027E-11  8.585E-12
3.048E+01  3.487E-20  2.820E-11  1.972E-11  8.472E-12
3.020E+01  3.434E-20  2.751E-11  1.915E-11  8.357E-12
2.992E+01  3.377E-20  2.680E-11  1.856E-11  8.239E-12
2.965E+01  3.315E-20  2.607E-11  1.795E-11  8.116E-12
2.938E+01  3.250E-20  2.532E-11  1.733E-11  7.990E-12
2.911E+01  3.181E-20  2.456E-11  1.670E-11  7.863E-12
2.884E+01  3.111E-20  2.380E-11  1.607E-11  7.733E-12
2.858E+01  3.038E-20  2.303E-11  1.543E-11  7.601E-12
2.831E+01  2.964E-20  2.226E-11  1.479E-11  7.468E-12
2.805E+01  2.889E-20  2.150E-11  1.416E-11  7.333E-12
2.780E+01  2.813E-20  2.074E-11  1.354E-11  7.197E-12
2.754E+01  2.736E-20  1.999E-11  1.293E-11  7.059E-12
2.729E+01  2.660E-20  1.925E-11  1.233E-11  6.921E-12
2.704E+01  2.584E-20  1.853E-11  1.175E-11  6.782E-12
2.679E+01  2.508E-20  1.782E-11  1.118E-11  6.642E-12
2.655E+01  2.433E-20  1.713E-11  1.063E-11  6.501E-12
2.630E+01  2.360E-20  1.646E-11  1.010E-11  6.359E-12
2.606E+01  2.287E-20  1.581E-11  9.592E-12  6.217E-12
2.582E+01  2.215E-20  1.518E-11  9.100E-12  6.075E-12
2.559E+01  2.145E-20  1.456E-11  8.629E-12  5.932E-12
2.535E+01  2.077E-20  1.397E-11  8.177E-12  5.790E-12
2.512E+01  2.010E-20  1.339E-11  7.745E-12  5.647E-12
2.489E+01  1.944E-20  1.284E-11  7.333E-12  5.504E-12
2.466E+01  1.881E-20  1.230E-11  6.941E-12  5.360E-12
2.443E+01  1.818E-20  1.178E-11  6.567E-12  5.217E-12
2.421E+01  1.757E-20  1.128E-11  6.212E-12  5.072E-12
2.399E+01  1.697E-20  1.080E-11  5.874E-12  4.925E-12
2.377E+01  1.639E-20  1.033E-11  5.553E-12  4.781E-12
2.355E+01  1.583E-20  9.892E-12  5.248E-12  4.644E-12
2.333E+01  1.529E-20  9.464E-12  4.959E-12  4.504E-12
2.312E+01  1.475E-20  9.046E-12  4.686E-12  4.360E-12
2.291E+01  1.423E-20  8.647E-12  4.427E-12  4.220E-12
2.270E+01  1.374E-20  8.270E-12  4.182E-12  4.088E-12
2.249E+01  1.326E-20  7.913E-12  3.951E-12  3.962E-12
2.228E+01  1.281E-20  7.572E-12  3.732E-12  3.841E-12
2.208E+01  1.237E-20  7.242E-12  3.525E-12  3.717E-12
2.188E+01  1.192E-20  6.919E-12  3.330E-12  3.589E-12
2.168E+01  1.149E-20  6.605E-12  3.146E-12  3.459E-12
2.148E+01  1.106E-20  6.303E-12  2.972E-12  3.332E-12
2.128E+01  1.066E-20  6.018E-12  2.807E-12  3.211E-12
2.109E+01  1.028E-20  5.747E-12  2.652E-12  3.095E-12
2.089E+01  9.898E-21  5.485E-12  2.506E-12  2.979E-12
2.070E+01  9.527E-21  5.231E-12  2.368E-12  2.863E-12
2.051E+01  9.164E-21  4.986E-12  2.238E-12  2.748E-12
2.032E+01  8.817E-21  4.753E-12  2.115E-12  2.638E-12
2.014E+01  8.498E-21  4.539E-12  1.999E-12  2.540E-12
1.995E+01  8.185E-21  4.332E-12  1.889E-12  2.442E-12
1.977E+01  7.876E-21  4.130E-12  1.786E-12  2.344E-12
1.959E+01  7.567E-21  3.932E-12  1.688E-12  2.244E-12
1.941E+01  7.259E-21  3.737E-12  1.596E-12  2.141E-12
1.923E+01  6.951E-21  3.546E-12  1.508E-12  2.037E-12
1.905E+01  6.643E-21  3.357E-12  1.425E-12  1.932E-12
1.888E+01  6.336E-21  3.173E-12  1.347E-12  1.826E-12
1.871E+01  6.031E-21  2.992E-12  1.273E-12  1.719E-12
1.854E+01  5.728E-21  2.816E-12  1.203E-12  1.613E-12
1.837E+01  5.429E-21  2.645E-12  1.137E-12  1.508E-12
1.820E+01  5.134E-21  2.478E-12  1.074E-12  1.404E-12
1.803E+01  4.847E-21  2.318E-12  1.015E-12  1.303E-12
1.786E+01  4.567E-21  2.164E-12  9.584E-13  1.206E-12
1.770E+01  4.295E-21  2.017E-12  9.052E-13  1.111E-12
1.754E+01  4.030E-21  1.875E-12  8.551E-13  1.020E-12
1.738E+01  3.776E-21  1.741E-12  8.077E-13  9.329E-13
1.722E+01  3.532E-21  1.613E-12  7.629E-13  8.504E-13
1.706E+01  3.302E-21  1.494E-12  7.205E-13  7.739E-13
1.690E+01  3.084E-21  1.383E-12  6.803E-13  7.024E-13
1.675E+01  2.876E-21  1.278E-12  6.423E-13  6.357E-13
1.660E+01  2.680E-21  1.180E-12  6.062E-13  5.734E-13
1.644E+01  2.494E-21  1.088E-12  5.721E-13  5.158E-13
1.629E+01  2.320E-21  1.003E-12  5.398E-13  4.630E-13
1.614E+01  2.158E-21  9.242E-13  5.091E-13  4.151E-13
1.600E+01  2.007E-21  8.516E-13  4.801E-13  3.715E-13
1.585E+01  1.866E-21  7.846E-13  4.525E-13  3.321E-13
1.570E+01  1.735E-21  7.229E-13  4.265E-13  2.964E-13
1.556E+01  1.614E-21  6.661E-13  4.018E-13  2.643E-13
1.542E+01  1.501E-21  6.139E-13  3.785E-13  2.354E-13
1.528E+01  1.397E-21  5.659E-13  3.563E-13  2.096E-13
1.514E+01  1.300E-21  5.219E-13  3.354E-13  1.865E-13
1.500E+01  1.211E-21  4.816E-13  3.156E-13  1.661E-13
1.486E+01  1.128E-21  4.445E-13  2.968E-13  1.477E-13
1.472E+01  1.050E-21  4.103E-13  2.791E-13  1.312E-13
1.459E+01  9.790E-22  3.788E-13  2.623E-13  1.165E-13
1.445E+01  9.138E-22  3.504E-13  2.464E-13  1.039E-13
1.432E+01  8.541E-22  3.245E-13  2.314E-13  9.302E-14
1.419E+01  7.998E-22  3.011E-13  2.172E-13  8.381E-14
1.406E+01  7.504E-22  2.799E-13  2.038E-13  7.608E-14
1.393E+01  7.058E-22  2.608E-13  1.911E-13  6.973E-14
1.380E+01  6.649E-22  2.435E-13  1.791E-13  6.439E-14
1.368E+01  6.277E-22  2.277E-13  1.677E-13  5.998E-14
1.355E+01  5.930E-22  2.132E-13  1.571E-13  5.611E-14
1.343E+01  5.604E-22  1.996E-13  1.470E-13  5.263E-14
1.330E+01  5.292E-22  1.868E-13  1.374E-13  4.935E-14
1.318E+01  4.995E-22  1.747E-13  1.284E-13  4.627E-14
1.306E+01  4.711E-22  1.632E-13  1.199E-13  4.329E-14
1.294E+01  4.441E-22  1.525E-13  1.120E-13  4.050E-14
1.282E+01  4.186E-22  1.424E-13  1.044E-13  3.796E-14
1.271E+01  3.944E-22  1.329E-13  9.734E-14  3.558E-14
1.259E+01  3.712E-22  1.240E-13  9.067E-14  3.330E-14
1.247E+01  3.490E-22  1.155E-13  8.437E-14  3.111E-14
1.236E+01  3.277E-22  1.074E-13  7.845E-14  2.899E-14
1.225E+01  3.071E-22  9.976E-14  7.284E-14  2.692E-14
1.213E+01  2.877E-22  9.261E-14  6.758E-14  2.502E-14
1.202E+01  2.695E-22  8.596E-14  6.266E-14  2.330E-14
1.191E+01  2.522E-22  7.969E-14  5.805E-14  2.165E-14
1.180E+01  2.357E-22  7.379E-14  5.372E-14  2.007E-14
1.169E+01  2.199E-22  6.823E-14  4.967E-14  1.856E-14
1.159E+01  2.061E-22  6.336E-14  4.630E-14  1.706E-14
1.148E+01  2.053E-22  6.252E-14  4.688E-14  1.564E-14
1.138E+01  1.797E-22  5.423E-14  3.987E-14  1.436E-14
1.127E+01  1.662E-22  4.970E-14  3.653E-14  1.317E-14
1.117E+01  1.541E-22  4.565E-14  3.356E-14  1.208E-14
1.107E+01  1.428E-22  4.191E-14  3.084E-14  1.107E-14
1.096E+01  1.322E-22  3.844E-14  2.833E-14  1.010E-14
1.086E+01  1.223E-22  3.524E-14  2.602E-14  9.219E-15
1.076E+01  1.131E-22  3.230E-14  2.388E-14  8.427E-15
1.067E+01  1.046E-22  2.960E-14  2.189E-14  7.712E-15
1.057E+01  9.672E-23  2.711E-14  2.005E-14  7.063E-15
1.047E+01  8.925E-23  2.479E-14  1.835E-14  6.441E-15
1.038E+01  8.211E-23  2.260E-14  1.677E-14  5.824E-15
1.028E+01  7.529E-23  2.053E-14  1.532E-14  5.213E-15
1.019E+01  6.884E-23  1.860E-14  1.397E-14  4.627E-15
1.009E+01  6.283E-23  1.682E-14  1.273E-14  4.087E-15
1.000E+01  5.728E-23  1.519E-14  1.159E-14  3.603E-15
9.908E+00  5.220E-23  1.372E-14  1.054E-14  3.178E-15
9.817E+00  4.753E-23  1.238E-14  9.576E-15  2.802E-15
9.727E+00  4.323E-23  1.116E-14  8.689E-15  2.467E-15
9.638E+00  3.928E-23  1.004E-14  7.876E-15  2.167E-15
9.550E+00  3.560E-23  9.018E-15  7.131E-15  1.887E-15
9.462E+00  3.217E-23  8.074E-15  6.449E-15  1.624E-15
9.376E+00  2.897E-23  7.204E-15  5.826E-15  1.378E-15
9.290E+00  2.600E-23  6.407E-15  5.257E-15  1.150E-15
9.204E+00  2.327E-23  5.681E-15  4.737E-15  9.437E-16
9.120E+00  2.078E-23  5.026E-15  4.265E-15  7.618E-16
9.036E+00  1.853E-23  4.441E-15  3.834E-15  6.064E-16
8.954E+00  1.651E-23  3.922E-15  3.444E-15  4.780E-16
8.872E+00  1.472E-23  3.464E-15  3.089E-15  3.749E-16
8.790E+00  1.313E-23  3.061E-15  2.768E-15  2.935E-16
8.710E+00  1.172E-23  2.707E-15  2.477E-15  2.302E-16
8.630E+00  1.046E-23  2.395E-15  2.214E-15  1.811E-16
8.551E+00  9.339E-24  2.118E-15  1.975E-15  1.428E-16
8.472E+00  8.330E-24  1.872E-15  1.760E-15  1.123E-16
8.395E+00  7.424E-24  1.653E-15  1.566E-15  8.748E-17
8.318E+00  6.609E-24  1.458E-15  1.391E-15  6.698E-17
8.241E+00  5.878E-24  1.285E-15  1.235E-15  5.020E-17
8.166E+00  5.222E-24  1.131E-15  1.094E-15  3.676E-17
8.091E+00  4.639E-24  9.956E-16  9.689E-16  2.668E-17
8.017E+00  4.119E-24  8.759E-16  8.567E-16  1.919E-17
7.943E+00  3.656E-24  7.703E-16  7.565E-16  1.375E-17
7.870E+00  3.242E-24  6.768E-16  6.670E-16  9.811E-18
7.798E+00  2.870E-24  5.937E-16  5.867E-16  6.990E-18
7.727E+00  2.538E-24  5.202E-16  5.152E-16  5.000E-18
7.656E+00  2.242E-24  4.554E-16  4.518E-16  3.602E-18
7.586E+00  1.978E-24  3.981E-16  3.954E-16  2.618E-18
7.516E+00  1.741E-24  3.472E-16  3.453E-16  1.935E-18
7.447E+00  1.531E-24  3.024E-16  3.010E-16  1.458E-18
7.379E+00  1.345E-24  2.632E-16  2.621E-16  1.115E-18
7.311E+00  1.179E-24  2.288E-16  2.279E-16  8.687E-19
7.244E+00  1.033E-24  1.986E-16  1.979E-16  6.834E-19
7.178E+00  9.040E-25  1.721E-16  1.716E-16  5.408E-19
7.112E+00  7.897E-25  1.490E-16  1.485E-16  4.319E-19
7.047E+00  6.887E-25  1.287E-16  1.284E-16  3.466E-19
6.982E+00  5.997E-25  1.111E-16  1.108E-16  2.779E-19
6.918E+00  5.214E-25  9.568E-17  9.546E-17  2.231E-19
6.855E+00  4.526E-25  8.230E-17  8.212E-17  1.789E-19
6.792E+00  3.922E-25  7.067E-17  7.052E-17  1.432E-19
6.730E+00  3.393E-25  6.058E-17  6.046E-17  1.145E-19
6.668E+00  2.931E-25  5.183E-17  5.174E-17  9.128E-20
6.607E+00  2.526E-25  4.427E-17  4.420E-17  7.259E-20
6.546E+00  2.173E-25  3.774E-17  3.768E-17  5.760E-20
6.486E+00  1.866E-25  3.211E-17  3.207E-17  4.558E-20
6.427E+00  1.600E-25  2.727E-17  2.724E-17  3.598E-20
6.368E+00  1.369E-25  2.313E-17  2.310E-17  2.832E-20
6.310E+00  1.160E-25  1.941E-17  1.939E-17  2.223E-20
6.252E+00  1.003E-25  1.664E-17  1.662E-17  1.740E-20
6.194E+00  8.535E-26  1.402E-17  1.401E-17  1.358E-20
6.138E+00  7.234E-26  1.178E-17  1.177E-17  1.056E-20
6.081E+00  6.123E-26  9.878E-18  9.870E-18  8.193E-21
6.026E+00  5.178E-26  8.276E-18  8.269E-18  6.343E-21
5.970E+00  4.371E-26  6.922E-18  6.918E-18  4.899E-21
5.916E+00  3.684E-26  5.780E-18  5.777E-18  3.775E-21
5.861E+00  3.099E-26  4.818E-18  4.815E-18  2.903E-21
5.808E+00  2.602E-26  4.008E-18  4.006E-18  2.227E-21
5.754E+00  2.180E-26  3.328E-18  3.326E-18  1.705E-21
5.702E+00  1.823E-26  2.757E-18  2.756E-18  1.303E-21
5.649E+00  1.521E-26  2.279E-18  2.278E-18  9.932E-22
5.598E+00  1.266E-26  1.880E-18  1.879E-18  7.555E-22
5.546E+00  1.052E-26  1.548E-18  1.547E-18  5.733E-22
5.495E+00  8.723E-27  1.272E-18  1.271E-18  4.341E-22
5.445E+00  7.218E-27  1.043E-18  1.042E-18  3.280E-22
5.395E+00  5.960E-27  8.529E-19  8.527E-19  2.472E-22
5.346E+00  4.910E-27  6.962E-19  6.961E-19  1.859E-22
5.297E+00  4.037E-27  5.671E-19  5.670E-19  1.394E-22
5.248E+00  3.311E-27  4.609E-19  4.608E-19  1.043E-22
5.200E+00  2.709E-27  3.736E-19  3.735E-19  7.788E-23
5.152E+00  2.211E-27  3.022E-19  3.022E-19  5.799E-23
5.105E+00  1.801E-27  2.439E-19  2.438E-19  4.307E-23
5.058E+00  1.463E-27  1.963E-19  1.963E-19  3.191E-23
5.012E+00  1.186E-27  1.577E-19  1.577E-19  2.358E-23
4.966E+00  9.590E-28  1.263E-19  1.263E-19  1.738E-23
4.920E+00  7.734E-28  1.009E-19  1.009E-19  1.277E-23
4.875E+00  6.223E-28  8.047E-20  8.046E-20  9.362E-24
4.831E+00  4.995E-28  6.400E-20  6.399E-20  6.842E-24
4.786E+00  3.999E-28  5.078E-20  5.077E-20  4.986E-24
4.742E+00  3.195E-28  4.019E-20  4.018E-20  3.623E-24
4.699E+00  2.546E-28  3.173E-20  3.173E-20  2.625E-24
4.656E+00  2.024E-28  2.499E-20  2.499E-20  1.897E-24
4.613E+00  1.605E-28  1.963E-20  1.963E-20  1.366E-24
4.571E+00  1.269E-28  1.539E-20  1.539E-20  9.805E-25
4.529E+00  1.001E-28  1.203E-20  1.203E-20  7.018E-25
4.487E+00  7.876E-29  9.375E-21  9.375E-21  5.007E-25
4.446E+00  6.181E-29  7.290E-21  7.289E-21  3.561E-25
4.406E+00  4.837E-29  5.653E-21  5.653E-21  2.525E-25
4.365E+00  3.776E-29  4.372E-21  4.372E-21  1.784E-25
4.325E+00  2.939E-29  3.372E-21  3.372E-21  1.257E-25
4.285E+00  2.282E-29  2.594E-21  2.594E-21  8.823E-26
4.246E+00  1.766E-29  1.989E-21  1.989E-21  6.172E-26
4.207E+00  1.364E-29  1.522E-21  1.522E-21  4.303E-26
4.169E+00  1.050E-29  1.161E-21  1.161E-21  2.989E-26
4.130E+00  8.058E-30  8.828E-22  8.828E-22  2.069E-26
4.093E+00  6.167E-30  6.695E-22  6.695E-22  1.427E-26
4.055E+00  4.706E-30  5.062E-22  5.062E-22  9.798E-27
4.018E+00  3.581E-30  3.816E-22  3.816E-22  6.705E-27
3.981E+00  2.717E-30  2.869E-22  2.869E-22  4.571E-27
3.945E+00  2.055E-30  2.150E-22  2.150E-22  3.104E-27
3.908E+00  1.550E-30  1.607E-22  1.606E-22  2.100E-27
3.873E+00  1.165E-30  1.197E-22  1.197E-22  1.416E-27
3.837E+00  8.733E-31  8.888E-23  8.888E-23  9.507E-28
3.802E+00  6.526E-31  6.581E-23  6.581E-23  6.360E-28
3.767E+00  4.862E-31  4.858E-23  4.858E-23  4.238E-28
3.733E+00  3.611E-31  3.575E-23  3.575E-23  2.813E-28
3.698E+00  2.673E-31  2.622E-23  2.622E-23  1.859E-28
3.664E+00  1.973E-31  1.917E-23  1.917E-23  1.224E-28
3.631E+00  1.451E-31  1.397E-23  1.397E-23  8.028E-29
3.597E+00  1.064E-31  1.015E-23  1.015E-23  5.243E-29
3.565E+00  7.776E-32  7.352E-24  7.352E-24  3.410E-29
3.532E+00  5.664E-32  5.306E-24  5.306E-24  2.208E-29
3.499E+00  4.112E-32  3.817E-24  3.817E-24  1.424E-29
3.467E+00  2.975E-32  2.737E-24  2.737E-24  9.143E-30
3.436E+00  2.146E-32  1.955E-24  1.955E-24  5.846E-30
3.404E+00  1.542E-32  1.392E-24  1.392E-24  3.721E-30
3.373E+00  1.104E-32  9.880E-25  9.879E-25  2.358E-30
3.342E+00  7.881E-33  6.986E-25  6.986E-25  1.487E-30
3.311E+00  5.605E-33  4.923E-25  4.923E-25  9.340E-31
3.281E+00  3.971E-33  3.456E-25  3.456E-25  5.838E-31
3.251E+00  2.803E-33  2.417E-25  2.417E-25  3.631E-31
3.221E+00  1.971E-33  1.684E-25  1.684E-25  2.248E-31
3.192E+00  1.381E-33  1.169E-25  1.169E-25  1.385E-31
3.162E+00  9.645E-34  8.090E-26  8.090E-26  8.492E-32
3.133E+00  6.709E-34  5.576E-26  5.576E-26  5.183E-32
3.105E+00  4.649E-34  3.828E-26  3.828E-26  3.149E-32
3.076E+00  3.210E-34  2.619E-26  2.619E-26  1.905E-32
3.048E+00  2.207E-34  1.785E-26  1.785E-26  1.147E-32
3.020E+00  1.512E-34  1.211E-26  1.211E-26  6.873E-33
2.992E+00  1.032E-34  8.192E-27  8.192E-27  4.098E-33
2.965E+00  7.015E-35  5.517E-27  5.517E-27  2.431E-33
2.938E+00  4.750E-35  3.701E-27  3.701E-27  1.435E-33
2.911E+00  3.203E-35  2.473E-27  2.473E-27  8.428E-34
2.884E+00  2.151E-35  1.646E-27  1.646E-27  4.924E-34
2.858E+00  1.439E-35  1.090E-27  1.090E-27  2.862E-34
2.831E+00  9.583E-36  7.197E-28  7.197E-28  1.655E-34
2.805E+00  6.356E-36  4.730E-28  4.730E-28  9.521E-35
2.780E+00  4.198E-36  3.096E-28  3.096E-28  5.448E-35
2.754E+00  2.761E-36  2.017E-28  2.017E-28  3.100E-35
2.729E+00  1.808E-36  1.309E-28  1.309E-28  1.755E-35
2.704E+00  1.179E-36  8.457E-29  8.457E-29  9.879E-36
2.679E+00  7.654E-37  5.440E-29  5.440E-29  5.530E-36
2.655E+00  4.947E-37  3.484E-29  3.484E-29  3.079E-36
2.630E+00  3.183E-37  2.221E-29  2.221E-29  1.705E-36
2.606E+00  2.039E-37  1.410E-29  1.410E-29  9.384E-37
2.582E+00  1.300E-37  8.905E-30  8.905E-30  5.136E-37
2.559E+00  8.252E-38  5.601E-30  5.601E-30  2.795E-37
2.535E+00  5.213E-38  3.506E-30  3.506E-30  1.512E-37
2.512E+00  3.278E-38  2.184E-30  2.184E-30  8.135E-38
2.489E+00  2.052E-38  1.355E-30  1.355E-30  4.350E-38
2.466E+00  1.278E-38  8.359E-31  8.359E-31  2.312E-38
2.443E+00  7.920E-39  5.133E-31  5.133E-31  1.222E-38
2.421E+00  4.885E-39  3.137E-31  3.137E-31  6.416E-39
2.399E+00  2.999E-39  1.908E-31  1.908E-31  3.349E-39
2.377E+00  1.832E-39  1.155E-31  1.155E-31  1.737E-39
2.355E+00  1.114E-39  6.958E-32  6.958E-32  8.951E-40
2.333E+00  6.737E-40  4.170E-32  4.170E-32  4.584E-40
2.312E+00  4.055E-40  2.487E-32  2.487E-32  2.333E-40
2.291E+00  2.428E-40  1.476E-32  1.476E-32  1.179E-40
2.270E+00  1.447E-40  8.711E-33  8.711E-33  5.922E-41
2.249E+00  8.575E-41  5.116E-33  5.116E-33  2.955E-41
2.228E+00  5.056E-41  2.989E-33  2.989E-33  1.465E-41
2.208E+00  2.965E-41  1.737E-33  1.737E-33  7.210E-42
2.188E+00  1.730E-41  1.004E-33  1.004E-33  3.526E-42
2.168E+00  1.004E-41  5.772E-34  5.772E-34  1.712E-42
2.148E+00  5.793E-42  3.300E-34  3.300E-34  8.260E-43
2.128E+00  3.325E-42  1.877E-34  1.877E-34  3.956E-43
2.109E+00  1.897E-42  1.061E-34  1.061E-34  1.882E-43
2.089E+00  1.077E-42  5.968E-35  5.968E-35  8.889E-44
2.070E+00  6.077E-43  3.337E-35  3.337E-35  4.168E-44
2.051E+00  3.410E-43  1.855E-35  1.855E-35  1.940E-44
2.032E+00  1.902E-43  1.026E-35  1.026E-35  8.968E-45
2.014E+00  1.055E-43  5.636E-36  5.636E-36  4.114E-45
1.995E+00  5.819E-44  3.080E-36  3.080E-36  1.873E-45
1.977E+00  3.190E-44  1.673E-36  1.673E-36  8.466E-46
1.959E+00  1.738E-44  9.033E-37  9.033E-37  3.798E-46
1.941E+00  9.418E-45  4.849E-37  4.849E-37  1.690E-46
1.923E+00  5.071E-45  2.587E-37  2.587E-37  7.467E-47
1.905E+00  2.714E-45  1.372E-37  1.372E-37  3.272E-47
1.888E+00  1.444E-45  7.230E-38  7.230E-38  1.423E-47
1.871E+00  7.632E-46  3.787E-38  3.787E-38  6.139E-48
1.854E+00  4.009E-46  1.971E-38  1.971E-38  2.627E-48
1.837E+00  2.093E-46  1.020E-38  1.020E-38  1.115E-48
1.820E+00  1.086E-46  5.240E-39  5.240E-39  4.697E-49
1.803E+00  5.594E-47  2.676E-39  2.676E-39  1.962E-49
1.786E+00  2.864E-47  1.357E-39  1.357E-39  8.126E-50
1.770E+00  1.457E-47  6.841E-40  6.841E-40  3.338E-50
1.754E+00  7.362E-48  3.425E-40  3.425E-40  1.360E-50
1.738E+00  3.695E-48  1.703E-40  1.703E-40  5.493E-51
1.722E+00  1.842E-48  8.414E-41  8.414E-41  2.200E-51
1.706E+00  9.121E-49  4.128E-41  4.128E-41  8.733E-52
1.690E+00  4.485E-49  2.011E-41  2.011E-41  3.437E-52
1.675E+00  2.190E-49  9.731E-42  9.731E-42  1.341E-52
1.660E+00  1.062E-49  4.675E-42  4.675E-42  5.184E-53
1.644E+00  5.113E-50  2.230E-42  2.230E-42  1.986E-53
1.629E+00  2.444E-50  1.056E-42  1.056E-42  7.540E-54
1.614E+00  1.160E-50  4.966E-43  4.966E-43  2.836E-54
1.600E+00  5.463E-51  2.318E-43  2.318E-43  1.057E-54
1.585E+00  2.555E-51  1.074E-43  1.074E-43  3.903E-55
1.570E+00  1.186E-51  4.940E-44  4.940E-44  1.427E-55
1.556E+00  5.463E-52  2.255E-44  2.255E-44  5.170E-56
1.542E+00  2.498E-52  1.022E-44  1.022E-44  1.855E-56
1.528E+00  1.134E-52  4.595E-45  4.595E-45  6.590E-57
1.514E+00  5.107E-53  2.050E-45  2.050E-45  2.318E-57
1.500E+00  2.283E-53  9.080E-46  9.080E-46  8.075E-58
1.486E+00  1.012E-53  3.990E-46  3.990E-46  2.785E-58
1.472E+00  4.454E-54  1.740E-46  1.740E-46  9.506E-59
1.459E+00  1.945E-54  7.525E-47  7.525E-47  3.212E-59
1.445E+00  8.422E-55  3.229E-47  3.229E-47  1.075E-59
1.432E+00  3.619E-55  1.375E-47  1.375E-47  3.557E-60
1.419E+00  1.542E-55  5.805E-48  5.805E-48  1.165E-60
1.406E+00  6.518E-56  2.431E-48  2.431E-48  3.777E-61
1.393E+00  2.732E-56  1.010E-48  1.010E-48  1.211E-61
1.380E+00  1.136E-56  4.158E-49  4.158E-49  3.843E-62
1.368E+00  4.681E-57  1.698E-49  1.698E-49  1.206E-62
1.355E+00  1.913E-57  6.877E-50  6.877E-50  3.743E-63
1.343E+00  7.750E-58  2.761E-50  2.761E-50  1.149E-63
1.330E+00  3.113E-58  1.099E-50  1.099E-50  3.487E-64
1.318E+00  1.239E-58  4.334E-51  4.334E-51  1.046E-64
1.306E+00  4.891E-59  1.695E-51  1.695E-51  3.105E-65
1.294E+00  1.913E-59  6.567E-52  6.567E-52  9.110E-66
1.282E+00  7.414E-60  2.522E-52  2.522E-52  2.642E-66
1.271E+00  2.847E-60  9.596E-53  9.596E-53  7.572E-67
1.259E+00  1.083E-60  3.617E-53  3.617E-53  2.145E-67
1.247E+00  4.082E-61  1.351E-53  1.351E-53  6.005E-68
1.236E+00  1.524E-61  4.995E-54  4.995E-54  1.662E-68
1.225E+00  5.634E-62  1.830E-54  1.830E-54  4.542E-69
1.213E+00  2.063E-62  6.641E-55  6.641E-55  1.226E-69
1.202E+00  7.484E-63  2.387E-55  2.387E-55  3.270E-70
1.191E+00  2.689E-63  8.496E-56  8.496E-56  8.614E-71
1.180E+00  9.566E-64  2.995E-56  2.995E-56  2.240E-71
1.169E+00  3.370E-64  1.045E-56  1.045E-56  5.753E-72
1.159E+00  1.176E-64  3.613E-57  3.613E-57  1.459E-72
1.148E+00  4.060E-65  1.236E-57  1.236E-57  3.650E-73
1.138E+00  1.388E-65  4.189E-58  4.189E-58  9.017E-74
1.127E+00  4.698E-66  1.405E-58  1.405E-58  2.198E-74
1.117E+00  1.574E-66  4.664E-59  4.664E-59  5.287E-75
1.107E+00  5.223E-67  1.533E-59  1.533E-59  1.255E-75
1.096E+00  1.717E-67  4.993E-60  4.993E-60  2.938E-76
1.086E+00  5.606E-68  1.616E-60  1.616E-60  6.786E-77
1.076E+00  1.838E-68  5.248E-61  5.248E-61  1.546E-77
1.067E+00  6.270E-69  1.774E-61  1.774E-61  3.472E-78
1.057E+00  2.445E-69  6.853E-62  6.853E-62  7.691E-79
1.047E+00  1.205E-69  3.348E-62  3.348E-62  1.679E-79
1.038E+00  7.237E-70  1.992E-62  1.992E-62  3.615E-80
1.028E+00  4.876E-70  1.330E-62  1.330E-62  7.670E-81
1.019E+00  3.586E-70  9.689E-63  9.689E-63  1.604E-81
1.009E+00  2.839E-70  7.601E-63  7.601E-63  3.305E-82
1.000E+00  2.378E-70  6.308E-63  6.308E-63  6.708E-83
