Dust emission spectrum from Draine,B.T., & Li, A. (2007), ApJ, in press [astro-ph/0608003]
==========================================================
         7 = grain model
 4.000E-08 4.000E-01 4.500E-05 = a_01 (cm) , sigma_1 , b_C1
 2.000E-07 5.500E-01 1.500E-05 = a_02 (cm) , sigma_2 , b_C2
 3.000E+04 3.000E+04 1.000E+00 = Umin , Umax, beta (dN/dU propto U^{-beta})
 3.000E+04 = <U>       mmp83 = radfield
 2.000E-07 2.000E-06 = a_{min} (cm), a_{max} (cm)
 2.064E-20 1.308E-20 7.560E-21 = P(tot)  P(carb)  P(sil) (erg s-1 H-1)
 band     <nu*P_nu> <j_nu(tot)><j_nu(carb)><j_nu(sil)>
 (um)   (erg s-1 H-1)(Jy/(sr*H))(Jy/(sr*H))(Jy/(sr*H))
1.270E+00  3.032E-33  1.022E-25  1.022E-25  1.538E-36 COBE-DIRBE
2.220E+00  8.783E-28  5.172E-20  5.172E-20  6.339E-28 COBE-DIRBE
3.530E+00  1.759E-24  1.647E-16  1.647E-16  2.309E-22 COBE-DIRBE
4.880E+00  4.270E-23  5.527E-15  5.527E-15  8.103E-20 COBE-DIRBE
1.229E+01  6.429E-21  2.096E-12  1.811E-12  2.846E-13 COBE-DIRBE
2.079E+01  1.259E-20  6.941E-12  3.288E-12  3.653E-12 COBE-DIRBE
5.599E+01  3.259E-21  4.841E-12  2.068E-12  2.773E-12 COBE-DIRBE
9.770E+01  3.224E-22  8.356E-13  2.208E-13  6.148E-13 COBE-DIRBE
1.479E+02  5.350E-23  2.099E-13  4.722E-14  1.627E-13 COBE-DIRBE
2.479E+02  5.368E-24  3.529E-14  7.521E-15  2.777E-14 COBE-DIRBE
1.200E+01  6.321E-21  2.012E-12  1.861E-12  1.511E-13 IRAS
2.500E+01  1.393E-20  9.240E-12  4.478E-12  4.763E-12 IRAS
6.000E+01  2.935E-21  4.671E-12  2.022E-12  2.649E-12 IRAS
1.000E+02  2.808E-22  7.450E-13  1.921E-13  5.528E-13 IRAS
3.550E+00  1.838E-24  1.730E-16  1.730E-16  1.777E-22 SST-IRAC
4.493E+00  1.563E-23  1.863E-15  1.862E-15  2.351E-20 SST-IRAC
5.731E+00  1.025E-21  1.559E-13  1.559E-13  2.158E-18 SST-IRAC
7.872E+00  7.454E-21  1.557E-12  1.552E-12  4.960E-15 SST-IRAC
2.368E+01  1.369E-20  8.601E-12  3.996E-12  4.605E-12 SST-MIPS
7.142E+01  1.028E-21  1.948E-12  6.182E-13  1.330E-12 SST-MIPS
1.559E+02  3.471E-23  1.436E-13  3.145E-14  1.121E-13 SST-MIPS
1.600E+01  8.188E-21  3.475E-12  2.255E-12  1.220E-12 SST-IRSPU
2.200E+01  1.371E-20  7.999E-12  3.663E-12  4.337E-12 SST-IRSPU
7.500E+01  8.842E-22  1.759E-12  5.535E-13  1.206E-12 Herschel-PACS
1.100E+02  1.858E-22  5.421E-13  1.370E-13  4.052E-13 Herschel-PACS
1.700E+02  2.707E-23  1.221E-13  2.686E-14  9.519E-14 Herschel-PACS
2.500E+02  4.076E-24  2.703E-14  5.748E-15  2.128E-14 Herschel-SPIRE
3.600E+02  6.757E-25  6.453E-15  1.463E-15  4.989E-15 Herschel-SPIRE
5.200E+02  1.195E-25  1.649E-15  3.808E-16  1.268E-15 Herschel-SPIRE
2.400E+00  5.242E-25  3.337E-17  3.337E-17  5.104E-22 Akari IRC NIR N2
3.200E+00  1.288E-24  1.093E-16  1.093E-16  4.981E-22 Akari IRC NIR N3
4.100E+00  2.633E-23  2.864E-15  2.864E-15  4.249E-20 Akari IRC NIR N4
7.000E+00  7.480E-21  1.389E-12  1.385E-12  4.239E-15 Akari IRC MIR-S S7
9.000E+00  6.138E-21  1.465E-12  1.429E-12  3.593E-14 Akari IRC MIR-S S9W
1.100E+01  5.539E-21  1.616E-12  1.504E-12  1.124E-13 Akari IRC MIR-S S11
1.500E+01  8.359E-21  3.326E-12  2.138E-12  1.188E-12 Akari IRC MIR-L L15
1.800E+01  1.100E-20  5.254E-12  2.690E-12  2.564E-12 Akari IRC MIR-L L18W
2.400E+01  1.402E-20  8.925E-12  4.081E-12  4.843E-12 Akari IRC MIR-L L24
6.500E+01  1.547E-21  2.667E-12  9.168E-13  1.750E-12 Akari FIS N60
8.000E+01  6.550E-22  1.390E-12  4.328E-13  9.571E-13 Akari FIS WIDE-S
1.400E+02  5.121E-23  1.902E-13  4.252E-14  1.477E-13 Akari FIS WIDE-L
1.600E+02  2.972E-23  1.261E-13  2.740E-14  9.872E-14 Akari FIS N160
 
 
 
 


lambda    nu*dP/dnu     j_nu    j_nu(carb.) j_nu(sil)
 (um)    (erg/(s*H)) (Jy/(sr*H) (Jy/(sr*H)) (Jy/(sr*H)
1.000E+04  3.051E-31  8.093E-20  7.610E-21  7.332E-20
9.908E+03  3.163E-31  8.313E-20  7.840E-21  7.529E-20
9.817E+03  3.279E-31  8.538E-20  8.076E-21  7.730E-20
9.727E+03  3.399E-31  8.769E-20  8.320E-21  7.937E-20
9.638E+03  3.523E-31  9.007E-20  8.571E-21  8.150E-20
9.550E+03  3.652E-31  9.251E-20  8.829E-21  8.368E-20
9.462E+03  3.786E-31  9.502E-20  9.096E-21  8.592E-20
9.376E+03  3.924E-31  9.760E-20  9.371E-21  8.823E-20
9.290E+03  4.068E-31  1.002E-19  9.655E-21  9.059E-20
9.204E+03  4.217E-31  1.030E-19  9.947E-21  9.302E-20
9.120E+03  4.372E-31  1.058E-19  1.025E-20  9.551E-20
9.036E+03  4.532E-31  1.086E-19  1.056E-20  9.807E-20
8.954E+03  4.697E-31  1.116E-19  1.088E-20  1.007E-19
8.872E+03  4.868E-31  1.146E-19  1.121E-20  1.034E-19
8.790E+03  5.046E-31  1.176E-19  1.155E-20  1.061E-19
8.710E+03  5.230E-31  1.208E-19  1.190E-20  1.089E-19
8.630E+03  5.420E-31  1.241E-19  1.226E-20  1.118E-19
8.551E+03  5.618E-31  1.274E-19  1.263E-20  1.148E-19
8.472E+03  5.824E-31  1.309E-19  1.302E-20  1.179E-19
8.395E+03  6.037E-31  1.344E-19  1.342E-20  1.210E-19
8.318E+03  6.258E-31  1.381E-19  1.383E-20  1.242E-19
8.241E+03  6.487E-31  1.418E-19  1.425E-20  1.276E-19
8.166E+03  6.725E-31  1.457E-19  1.468E-20  1.310E-19
8.091E+03  6.971E-31  1.496E-19  1.513E-20  1.345E-19
8.017E+03  7.227E-31  1.537E-19  1.559E-20  1.381E-19
7.943E+03  7.493E-31  1.579E-19  1.607E-20  1.418E-19
7.870E+03  7.768E-31  1.622E-19  1.656E-20  1.456E-19
7.798E+03  8.054E-31  1.666E-19  1.707E-20  1.495E-19
7.727E+03  8.350E-31  1.711E-19  1.759E-20  1.536E-19
7.656E+03  8.658E-31  1.758E-19  1.813E-20  1.577E-19
7.586E+03  8.977E-31  1.806E-19  1.869E-20  1.619E-19
7.516E+03  9.308E-31  1.856E-19  1.926E-20  1.663E-19
7.447E+03  9.652E-31  1.907E-19  1.985E-20  1.708E-19
7.379E+03  1.001E-30  1.959E-19  2.046E-20  1.754E-19
7.311E+03  1.038E-30  2.013E-19  2.109E-20  1.802E-19
7.244E+03  1.076E-30  2.068E-19  2.174E-20  1.851E-19
7.178E+03  1.116E-30  2.125E-19  2.241E-20  1.901E-19
7.112E+03  1.157E-30  2.184E-19  2.310E-20  1.952E-19
7.047E+03  1.200E-30  2.244E-19  2.382E-20  2.006E-19
6.982E+03  1.245E-30  2.306E-19  2.455E-20  2.060E-19
6.918E+03  1.291E-30  2.369E-19  2.531E-20  2.116E-19
6.855E+03  1.339E-30  2.434E-19  2.609E-20  2.173E-19
6.792E+03  1.388E-30  2.502E-19  2.690E-20  2.232E-19
6.730E+03  1.440E-30  2.571E-19  2.774E-20  2.293E-19
6.668E+03  1.494E-30  2.642E-19  2.860E-20  2.356E-19
6.607E+03  1.549E-30  2.715E-19  2.948E-20  2.420E-19
6.546E+03  1.607E-30  2.790E-19  3.040E-20  2.486E-19
6.486E+03  1.667E-30  2.867E-19  3.134E-20  2.554E-19
6.427E+03  1.729E-30  2.947E-19  3.232E-20  2.624E-19
6.368E+03  1.793E-30  3.029E-19  3.332E-20  2.696E-19
6.310E+03  1.860E-30  3.113E-19  3.436E-20  2.770E-19
6.252E+03  1.930E-30  3.200E-19  3.543E-20  2.846E-19
6.194E+03  2.002E-30  3.289E-19  3.654E-20  2.924E-19
6.138E+03  2.077E-30  3.381E-19  3.768E-20  3.004E-19
6.081E+03  2.155E-30  3.476E-19  3.886E-20  3.087E-19
6.026E+03  2.235E-30  3.573E-19  4.007E-20  3.172E-19
5.970E+03  2.319E-30  3.673E-19  4.133E-20  3.260E-19
5.916E+03  2.406E-30  3.776E-19  4.262E-20  3.350E-19
5.861E+03  2.497E-30  3.882E-19  4.396E-20  3.442E-19
5.808E+03  2.591E-30  3.991E-19  4.533E-20  3.538E-19
5.754E+03  2.688E-30  4.103E-19  4.676E-20  3.636E-19
5.702E+03  2.789E-30  4.219E-19  4.823E-20  3.736E-19
5.649E+03  2.894E-30  4.337E-19  4.974E-20  3.840E-19
5.598E+03  3.004E-30  4.460E-19  5.131E-20  3.947E-19
5.546E+03  3.117E-30  4.586E-19  5.293E-20  4.056E-19
5.495E+03  3.235E-30  4.715E-19  5.460E-20  4.169E-19
5.445E+03  3.357E-30  4.849E-19  5.632E-20  4.286E-19
5.395E+03  3.484E-30  4.986E-19  5.810E-20  4.405E-19
5.346E+03  3.616E-30  5.127E-19  5.993E-20  4.528E-19
5.297E+03  3.753E-30  5.273E-19  6.183E-20  4.655E-19
5.248E+03  3.895E-30  5.423E-19  6.379E-20  4.785E-19
5.200E+03  4.043E-30  5.577E-19  6.581E-20  4.919E-19
5.152E+03  4.197E-30  5.735E-19  6.789E-20  5.057E-19
5.105E+03  4.356E-30  5.899E-19  7.005E-20  5.198E-19
5.058E+03  4.522E-30  6.067E-19  7.228E-20  5.344E-19
5.012E+03  4.694E-30  6.240E-19  7.457E-20  5.494E-19
4.966E+03  4.872E-30  6.418E-19  7.695E-20  5.649E-19
4.920E+03  5.058E-30  6.602E-19  7.940E-20  5.808E-19
4.875E+03  5.251E-30  6.790E-19  8.193E-20  5.971E-19
4.831E+03  5.451E-30  6.985E-19  8.455E-20  6.139E-19
4.786E+03  5.659E-30  7.185E-19  8.725E-20  6.312E-19
4.742E+03  5.875E-30  7.391E-19  9.003E-20  6.491E-19
4.699E+03  6.100E-30  7.603E-19  9.292E-20  6.674E-19
4.656E+03  6.334E-30  7.822E-19  9.589E-20  6.863E-19
4.613E+03  6.576E-30  8.047E-19  9.897E-20  7.058E-19
4.571E+03  6.829E-30  8.279E-19  1.021E-19  7.258E-19
4.529E+03  7.091E-30  8.518E-19  1.054E-19  7.464E-19
4.487E+03  7.363E-30  8.765E-19  1.088E-19  7.676E-19
4.446E+03  7.646E-30  9.018E-19  1.123E-19  7.895E-19
4.406E+03  7.940E-30  9.279E-19  1.159E-19  8.120E-19
4.365E+03  8.246E-30  9.548E-19  1.197E-19  8.352E-19
4.325E+03  8.564E-30  9.825E-19  1.235E-19  8.590E-19
4.285E+03  8.895E-30  1.011E-18  1.275E-19  8.836E-19
4.246E+03  9.238E-30  1.041E-18  1.316E-19  9.089E-19
4.207E+03  9.595E-30  1.071E-18  1.359E-19  9.349E-19
4.169E+03  9.966E-30  1.102E-18  1.403E-19  9.617E-19
4.130E+03  1.035E-29  1.134E-18  1.448E-19  9.894E-19
4.093E+03  1.075E-29  1.167E-18  1.495E-19  1.018E-18
4.055E+03  1.117E-29  1.202E-18  1.544E-19  1.047E-18
4.018E+03  1.160E-29  1.237E-18  1.594E-19  1.077E-18
3.981E+03  1.205E-29  1.273E-18  1.646E-19  1.108E-18
3.945E+03  1.252E-29  1.310E-18  1.700E-19  1.140E-18
3.908E+03  1.301E-29  1.349E-18  1.755E-19  1.173E-18
3.873E+03  1.351E-29  1.388E-18  1.812E-19  1.207E-18
3.837E+03  1.404E-29  1.429E-18  1.871E-19  1.242E-18
3.802E+03  1.459E-29  1.471E-18  1.933E-19  1.278E-18
3.767E+03  1.516E-29  1.514E-18  1.996E-19  1.315E-18
3.733E+03  1.575E-29  1.559E-18  2.061E-19  1.353E-18
3.698E+03  1.636E-29  1.605E-18  2.129E-19  1.392E-18
3.664E+03  1.700E-29  1.653E-18  2.199E-19  1.433E-18
3.631E+03  1.767E-29  1.702E-18  2.271E-19  1.474E-18
3.597E+03  1.836E-29  1.752E-18  2.346E-19  1.517E-18
3.565E+03  1.908E-29  1.804E-18  2.423E-19  1.562E-18
3.532E+03  1.983E-29  1.858E-18  2.503E-19  1.608E-18
3.499E+03  2.061E-29  1.913E-18  2.585E-19  1.655E-18
3.467E+03  2.142E-29  1.970E-18  2.670E-19  1.703E-18
3.436E+03  2.226E-29  2.029E-18  2.759E-19  1.753E-18
3.404E+03  2.314E-29  2.090E-18  2.850E-19  1.805E-18
3.373E+03  2.406E-29  2.152E-18  2.944E-19  1.858E-18
3.342E+03  2.501E-29  2.217E-18  3.042E-19  1.913E-18
3.311E+03  2.600E-29  2.283E-18  3.143E-19  1.969E-18
3.281E+03  2.702E-29  2.352E-18  3.247E-19  2.027E-18
3.251E+03  2.809E-29  2.423E-18  3.355E-19  2.087E-18
3.221E+03  2.921E-29  2.496E-18  3.467E-19  2.149E-18
3.192E+03  3.037E-29  2.571E-18  3.582E-19  2.213E-18
3.162E+03  3.158E-29  2.649E-18  3.701E-19  2.278E-18
3.133E+03  3.283E-29  2.729E-18  3.825E-19  2.346E-18
3.105E+03  3.414E-29  2.811E-18  3.953E-19  2.416E-18
3.076E+03  3.550E-29  2.897E-18  4.085E-19  2.488E-18
3.048E+03  3.691E-29  2.984E-18  4.221E-19  2.562E-18
3.020E+03  3.839E-29  3.075E-18  4.363E-19  2.639E-18
2.992E+03  3.992E-29  3.169E-18  4.509E-19  2.718E-18
2.965E+03  4.151E-29  3.265E-18  4.660E-19  2.799E-18
2.938E+03  4.317E-29  3.364E-18  4.817E-19  2.882E-18
2.911E+03  4.489E-29  3.466E-18  4.979E-19  2.968E-18
2.884E+03  4.669E-29  3.572E-18  5.147E-19  3.057E-18
2.858E+03  4.855E-29  3.680E-18  5.320E-19  3.148E-18
2.831E+03  5.050E-29  3.793E-18  5.499E-19  3.243E-18
2.805E+03  5.253E-29  3.909E-18  5.685E-19  3.340E-18
2.780E+03  5.463E-29  4.028E-18  5.877E-19  3.441E-18
2.754E+03  5.683E-29  4.152E-18  6.076E-19  3.544E-18
2.729E+03  5.912E-29  4.279E-18  6.281E-19  3.651E-18
2.704E+03  6.150E-29  4.411E-18  6.494E-19  3.761E-18
2.679E+03  6.398E-29  4.547E-18  6.715E-19  3.875E-18
2.655E+03  6.656E-29  4.687E-18  6.943E-19  3.992E-18
2.630E+03  6.925E-29  4.831E-18  7.178E-19  4.113E-18
2.606E+03  7.205E-29  4.981E-18  7.423E-19  4.238E-18
2.582E+03  7.496E-29  5.135E-18  7.675E-19  4.367E-18
2.559E+03  7.800E-29  5.294E-18  7.937E-19  4.500E-18
2.535E+03  8.116E-29  5.458E-18  8.208E-19  4.637E-18
2.512E+03  8.446E-29  5.627E-18  8.488E-19  4.778E-18
2.489E+03  8.789E-29  5.802E-18  8.778E-19  4.924E-18
2.466E+03  9.146E-29  5.983E-18  9.078E-19  5.075E-18
2.443E+03  9.518E-29  6.169E-18  9.389E-19  5.230E-18
2.421E+03  9.906E-29  6.362E-18  9.711E-19  5.391E-18
2.399E+03  1.031E-28  6.561E-18  1.004E-18  5.556E-18
2.377E+03  1.073E-28  6.766E-18  1.039E-18  5.727E-18
2.355E+03  1.117E-28  6.978E-18  1.075E-18  5.903E-18
2.333E+03  1.163E-28  7.196E-18  1.112E-18  6.085E-18
2.312E+03  1.210E-28  7.422E-18  1.150E-18  6.273E-18
2.291E+03  1.260E-28  7.656E-18  1.189E-18  6.466E-18
2.270E+03  1.311E-28  7.896E-18  1.230E-18  6.666E-18
2.249E+03  1.365E-28  8.145E-18  1.273E-18  6.872E-18
2.228E+03  1.421E-28  8.402E-18  1.317E-18  7.085E-18
2.208E+03  1.480E-28  8.667E-18  1.362E-18  7.305E-18
2.188E+03  1.541E-28  8.941E-18  1.410E-18  7.532E-18
2.168E+03  1.604E-28  9.224E-18  1.458E-18  7.766E-18
2.148E+03  1.670E-28  9.516E-18  1.509E-18  8.007E-18
2.128E+03  1.739E-28  9.818E-18  1.561E-18  8.257E-18
2.109E+03  1.811E-28  1.013E-17  1.616E-18  8.514E-18
2.089E+03  1.886E-28  1.045E-17  1.672E-18  8.780E-18
2.070E+03  1.964E-28  1.078E-17  1.730E-18  9.054E-18
2.051E+03  2.045E-28  1.113E-17  1.790E-18  9.337E-18
2.032E+03  2.130E-28  1.148E-17  1.853E-18  9.629E-18
2.014E+03  2.218E-28  1.185E-17  1.917E-18  9.931E-18
1.995E+03  2.310E-28  1.223E-17  1.984E-18  1.024E-17
1.977E+03  2.406E-28  1.262E-17  2.053E-18  1.056E-17
1.959E+03  2.506E-28  1.302E-17  2.125E-18  1.089E-17
1.941E+03  2.610E-28  1.344E-17  2.200E-18  1.124E-17
1.923E+03  2.718E-28  1.387E-17  2.277E-18  1.159E-17
1.905E+03  2.831E-28  1.431E-17  2.356E-18  1.195E-17
1.888E+03  2.949E-28  1.477E-17  2.439E-18  1.233E-17
1.871E+03  3.072E-28  1.525E-17  2.525E-18  1.272E-17
1.854E+03  3.200E-28  1.574E-17  2.613E-18  1.312E-17
1.837E+03  3.334E-28  1.624E-17  2.705E-18  1.354E-17
1.820E+03  3.473E-28  1.677E-17  2.801E-18  1.397E-17
1.803E+03  3.619E-28  1.731E-17  2.899E-18  1.441E-17
1.786E+03  3.770E-28  1.787E-17  3.001E-18  1.486E-17
1.770E+03  3.928E-28  1.844E-17  3.107E-18  1.534E-17
1.754E+03  4.092E-28  1.904E-17  3.217E-18  1.582E-17
1.738E+03  4.264E-28  1.966E-17  3.330E-18  1.632E-17
1.722E+03  4.443E-28  2.029E-17  3.448E-18  1.684E-17
1.706E+03  4.629E-28  2.095E-17  3.570E-18  1.738E-17
1.690E+03  4.824E-28  2.163E-17  3.696E-18  1.793E-17
1.675E+03  5.027E-28  2.233E-17  3.827E-18  1.851E-17
1.660E+03  5.238E-28  2.306E-17  3.963E-18  1.910E-17
1.644E+03  5.458E-28  2.381E-17  4.103E-18  1.971E-17
1.629E+03  5.688E-28  2.458E-17  4.249E-18  2.034E-17
1.614E+03  5.928E-28  2.538E-17  4.400E-18  2.099E-17
1.600E+03  6.178E-28  2.621E-17  4.556E-18  2.166E-17
1.585E+03  6.439E-28  2.707E-17  4.718E-18  2.235E-17
1.570E+03  6.710E-28  2.795E-17  4.885E-18  2.307E-17
1.556E+03  6.994E-28  2.887E-17  5.059E-18  2.381E-17
1.542E+03  7.289E-28  2.981E-17  5.239E-18  2.457E-17
1.528E+03  7.597E-28  3.078E-17  5.426E-18  2.536E-17
1.514E+03  7.919E-28  3.179E-17  5.620E-18  2.617E-17
1.500E+03  8.254E-28  3.283E-17  5.820E-18  2.701E-17
1.486E+03  8.603E-28  3.391E-17  6.028E-18  2.788E-17
1.472E+03  8.968E-28  3.502E-17  6.243E-18  2.878E-17
1.459E+03  9.349E-28  3.618E-17  6.466E-18  2.971E-17
1.445E+03  9.746E-28  3.737E-17  6.697E-18  3.067E-17
1.432E+03  1.016E-27  3.860E-17  6.936E-18  3.166E-17
1.419E+03  1.059E-27  3.987E-17  7.184E-18  3.268E-17
1.406E+03  1.104E-27  4.118E-17  7.442E-18  3.374E-17
1.393E+03  1.151E-27  4.254E-17  7.708E-18  3.483E-17
1.380E+03  1.200E-27  4.394E-17  7.984E-18  3.596E-17
1.368E+03  1.251E-27  4.539E-17  8.270E-18  3.712E-17
1.355E+03  1.305E-27  4.689E-17  8.567E-18  3.833E-17
1.343E+03  1.360E-27  4.845E-17  8.874E-18  3.957E-17
1.330E+03  1.418E-27  5.005E-17  9.192E-18  4.086E-17
1.318E+03  1.479E-27  5.170E-17  9.522E-18  4.218E-17
1.306E+03  1.542E-27  5.342E-17  9.864E-18  4.355E-17
1.294E+03  1.608E-27  5.519E-17  1.022E-17  4.497E-17
1.282E+03  1.676E-27  5.702E-17  1.059E-17  4.643E-17
1.271E+03  1.748E-27  5.891E-17  1.097E-17  4.794E-17
1.259E+03  1.823E-27  6.086E-17  1.136E-17  4.950E-17
1.247E+03  1.900E-27  6.288E-17  1.177E-17  5.111E-17
1.236E+03  1.982E-27  6.497E-17  1.219E-17  5.278E-17
1.225E+03  2.066E-27  6.713E-17  1.263E-17  5.450E-17
1.213E+03  2.155E-27  6.936E-17  1.309E-17  5.627E-17
1.202E+03  2.247E-27  7.166E-17  1.356E-17  5.811E-17
1.191E+03  2.343E-27  7.405E-17  1.405E-17  6.000E-17
1.180E+03  2.444E-27  7.651E-17  1.455E-17  6.196E-17
1.169E+03  2.548E-27  7.906E-17  1.508E-17  6.398E-17
1.159E+03  2.658E-27  8.169E-17  1.562E-17  6.607E-17
1.148E+03  2.772E-27  8.441E-17  1.618E-17  6.823E-17
1.138E+03  2.890E-27  8.722E-17  1.677E-17  7.046E-17
1.127E+03  3.014E-27  9.013E-17  1.737E-17  7.276E-17
1.117E+03  3.144E-27  9.314E-17  1.800E-17  7.514E-17
1.107E+03  3.279E-27  9.624E-17  1.865E-17  7.759E-17
1.096E+03  3.419E-27  9.945E-17  1.932E-17  8.013E-17
1.086E+03  3.566E-27  1.028E-16  2.002E-17  8.275E-17
1.076E+03  3.719E-27  1.062E-16  2.074E-17  8.546E-17
1.067E+03  3.879E-27  1.097E-16  2.149E-17  8.825E-17
1.057E+03  4.045E-27  1.134E-16  2.227E-17  9.114E-17
1.047E+03  4.219E-27  1.172E-16  2.307E-17  9.412E-17
1.038E+03  4.400E-27  1.211E-16  2.390E-17  9.720E-17
1.028E+03  4.590E-27  1.252E-16  2.477E-17  1.004E-16
1.019E+03  4.787E-27  1.293E-16  2.566E-17  1.037E-16
1.009E+03  4.992E-27  1.337E-16  2.659E-17  1.071E-16
1.000E+03  5.207E-27  1.381E-16  2.755E-17  1.106E-16
9.908E+02  5.431E-27  1.427E-16  2.854E-17  1.142E-16
9.817E+02  5.665E-27  1.475E-16  2.957E-17  1.179E-16
9.727E+02  5.909E-27  1.525E-16  3.064E-17  1.218E-16
9.638E+02  6.163E-27  1.576E-16  3.175E-17  1.258E-16
9.550E+02  6.429E-27  1.629E-16  3.290E-17  1.300E-16
9.462E+02  6.706E-27  1.683E-16  3.408E-17  1.342E-16
9.376E+02  6.995E-27  1.740E-16  3.531E-17  1.386E-16
9.290E+02  7.296E-27  1.798E-16  3.659E-17  1.432E-16
9.204E+02  7.610E-27  1.858E-16  3.791E-17  1.479E-16
9.120E+02  7.938E-27  1.920E-16  3.928E-17  1.528E-16
9.036E+02  8.280E-27  1.985E-16  4.070E-17  1.578E-16
8.954E+02  8.637E-27  2.051E-16  4.217E-17  1.630E-16
8.872E+02  9.009E-27  2.120E-16  4.369E-17  1.683E-16
8.790E+02  9.396E-27  2.191E-16  4.527E-17  1.738E-16
8.710E+02  9.801E-27  2.264E-16  4.690E-17  1.795E-16
8.630E+02  1.022E-26  2.340E-16  4.860E-17  1.854E-16
8.551E+02  1.066E-26  2.418E-16  5.035E-17  1.915E-16
8.472E+02  1.112E-26  2.499E-16  5.217E-17  1.978E-16
8.395E+02  1.160E-26  2.583E-16  5.405E-17  2.042E-16
8.318E+02  1.210E-26  2.669E-16  5.600E-17  2.109E-16
8.241E+02  1.262E-26  2.759E-16  5.802E-17  2.178E-16
8.166E+02  1.316E-26  2.851E-16  6.011E-17  2.250E-16
8.091E+02  1.373E-26  2.946E-16  6.228E-17  2.323E-16
8.017E+02  1.432E-26  3.044E-16  6.452E-17  2.399E-16
7.943E+02  1.493E-26  3.146E-16  6.685E-17  2.478E-16
7.870E+02  1.557E-26  3.251E-16  6.926E-17  2.559E-16
7.798E+02  1.624E-26  3.360E-16  7.175E-17  2.642E-16
7.727E+02  1.694E-26  3.472E-16  7.434E-17  2.729E-16
7.656E+02  1.767E-26  3.588E-16  7.702E-17  2.818E-16
7.586E+02  1.843E-26  3.708E-16  7.979E-17  2.910E-16
7.516E+02  1.922E-26  3.832E-16  8.266E-17  3.005E-16
7.447E+02  2.005E-26  3.960E-16  8.564E-17  3.104E-16
7.379E+02  2.091E-26  4.093E-16  8.872E-17  3.206E-16
7.311E+02  2.181E-26  4.230E-16  9.191E-17  3.311E-16
7.244E+02  2.275E-26  4.372E-16  9.522E-17  3.420E-16
7.178E+02  2.373E-26  4.519E-16  9.864E-17  3.533E-16
7.112E+02  2.476E-26  4.671E-16  1.022E-16  3.649E-16
7.047E+02  2.583E-26  4.828E-16  1.059E-16  3.769E-16
6.982E+02  2.695E-26  4.991E-16  1.097E-16  3.894E-16
6.918E+02  2.811E-26  5.159E-16  1.136E-16  4.023E-16
6.855E+02  2.933E-26  5.332E-16  1.177E-16  4.156E-16
6.792E+02  3.060E-26  5.512E-16  1.219E-16  4.293E-16
6.730E+02  3.192E-26  5.697E-16  1.263E-16  4.435E-16
6.668E+02  3.330E-26  5.889E-16  1.308E-16  4.581E-16
6.607E+02  3.473E-26  6.087E-16  1.355E-16  4.732E-16
6.546E+02  3.624E-26  6.293E-16  1.404E-16  4.890E-16
6.486E+02  3.782E-26  6.507E-16  1.454E-16  5.053E-16
6.427E+02  3.946E-26  6.728E-16  1.506E-16  5.222E-16
6.368E+02  4.118E-26  6.956E-16  1.560E-16  5.396E-16
6.310E+02  4.298E-26  7.193E-16  1.616E-16  5.577E-16
6.252E+02  4.485E-26  7.438E-16  1.674E-16  5.764E-16
6.194E+02  4.681E-26  7.691E-16  1.734E-16  5.958E-16
6.138E+02  4.885E-26  7.954E-16  1.796E-16  6.158E-16
6.081E+02  5.099E-26  8.225E-16  1.860E-16  6.366E-16
6.026E+02  5.322E-26  8.507E-16  1.926E-16  6.580E-16
5.970E+02  5.555E-26  8.798E-16  1.995E-16  6.803E-16
5.916E+02  5.799E-26  9.099E-16  2.066E-16  7.033E-16
5.861E+02  6.053E-26  9.411E-16  2.140E-16  7.271E-16
5.808E+02  6.319E-26  9.734E-16  2.217E-16  7.517E-16
5.754E+02  6.596E-26  1.007E-15  2.296E-16  7.772E-16
5.702E+02  6.886E-26  1.041E-15  2.378E-16  8.037E-16
5.649E+02  7.189E-26  1.077E-15  2.463E-16  8.311E-16
5.598E+02  7.506E-26  1.114E-15  2.550E-16  8.594E-16
5.546E+02  7.837E-26  1.153E-15  2.641E-16  8.888E-16
5.495E+02  8.182E-26  1.193E-15  2.735E-16  9.192E-16
5.445E+02  8.543E-26  1.234E-15  2.833E-16  9.507E-16
5.395E+02  8.921E-26  1.277E-15  2.934E-16  9.833E-16
5.346E+02  9.316E-26  1.321E-15  3.038E-16  1.017E-15
5.297E+02  9.728E-26  1.367E-15  3.146E-16  1.052E-15
5.248E+02  1.016E-25  1.414E-15  3.258E-16  1.088E-15
5.200E+02  1.061E-25  1.463E-15  3.374E-16  1.126E-15
5.152E+02  1.108E-25  1.514E-15  3.494E-16  1.165E-15
5.105E+02  1.157E-25  1.567E-15  3.618E-16  1.205E-15
5.058E+02  1.209E-25  1.622E-15  3.747E-16  1.247E-15
5.012E+02  1.262E-25  1.678E-15  3.880E-16  1.290E-15
4.966E+02  1.319E-25  1.737E-15  4.018E-16  1.335E-15
4.920E+02  1.377E-25  1.798E-15  4.160E-16  1.382E-15
4.875E+02  1.439E-25  1.861E-15  4.308E-16  1.430E-15
4.831E+02  1.503E-25  1.926E-15  4.461E-16  1.480E-15
4.786E+02  1.570E-25  1.993E-15  4.619E-16  1.532E-15
4.742E+02  1.640E-25  2.063E-15  4.782E-16  1.585E-15
4.699E+02  1.714E-25  2.136E-15  4.952E-16  1.641E-15
4.656E+02  1.790E-25  2.211E-15  5.127E-16  1.698E-15
4.613E+02  1.871E-25  2.289E-15  5.309E-16  1.758E-15
4.571E+02  1.955E-25  2.370E-15  5.497E-16  1.820E-15
4.529E+02  2.042E-25  2.453E-15  5.691E-16  1.884E-15
4.487E+02  2.134E-25  2.540E-15  5.892E-16  1.951E-15
4.446E+02  2.230E-25  2.630E-15  6.101E-16  2.020E-15
4.406E+02  2.330E-25  2.723E-15  6.316E-16  2.091E-15
4.365E+02  2.435E-25  2.819E-15  6.539E-16  2.165E-15
4.325E+02  2.544E-25  2.919E-15  6.770E-16  2.242E-15
4.285E+02  2.659E-25  3.023E-15  7.009E-16  2.322E-15
4.246E+02  2.779E-25  3.130E-15  7.257E-16  2.405E-15
4.207E+02  2.905E-25  3.242E-15  7.513E-16  2.490E-15
4.169E+02  3.036E-25  3.357E-15  7.778E-16  2.579E-15
4.130E+02  3.173E-25  3.477E-15  8.052E-16  2.671E-15
4.093E+02  3.317E-25  3.601E-15  8.336E-16  2.767E-15
4.055E+02  3.467E-25  3.729E-15  8.629E-16  2.866E-15
4.018E+02  3.624E-25  3.863E-15  8.933E-16  2.969E-15
3.981E+02  3.789E-25  4.001E-15  9.248E-16  3.076E-15
3.945E+02  3.961E-25  4.145E-15  9.574E-16  3.187E-15
3.908E+02  4.141E-25  4.293E-15  9.910E-16  3.302E-15
3.873E+02  4.330E-25  4.448E-15  1.026E-15  3.422E-15
3.837E+02  4.527E-25  4.608E-15  1.062E-15  3.546E-15
3.802E+02  4.734E-25  4.774E-15  1.099E-15  3.674E-15
3.767E+02  4.950E-25  4.946E-15  1.138E-15  3.808E-15
3.733E+02  5.176E-25  5.124E-15  1.178E-15  3.946E-15
3.698E+02  5.412E-25  5.309E-15  1.219E-15  4.090E-15
3.664E+02  5.660E-25  5.502E-15  1.262E-15  4.239E-15
3.631E+02  5.919E-25  5.701E-15  1.306E-15  4.394E-15
3.597E+02  6.190E-25  5.907E-15  1.352E-15  4.555E-15
3.565E+02  6.474E-25  6.122E-15  1.400E-15  4.722E-15
3.532E+02  6.771E-25  6.344E-15  1.449E-15  4.895E-15
3.499E+02  7.083E-25  6.574E-15  1.500E-15  5.075E-15
3.467E+02  7.408E-25  6.814E-15  1.552E-15  5.261E-15
3.436E+02  7.749E-25  7.062E-15  1.607E-15  5.455E-15
3.404E+02  8.106E-25  7.319E-15  1.663E-15  5.656E-15
3.373E+02  8.479E-25  7.586E-15  1.721E-15  5.865E-15
3.342E+02  8.870E-25  7.863E-15  1.781E-15  6.082E-15
3.311E+02  9.279E-25  8.150E-15  1.844E-15  6.307E-15
3.281E+02  9.708E-25  8.449E-15  1.908E-15  6.540E-15
3.251E+02  1.016E-24  8.758E-15  1.975E-15  6.783E-15
3.221E+02  1.063E-24  9.079E-15  2.044E-15  7.035E-15
3.192E+02  1.112E-24  9.412E-15  2.115E-15  7.296E-15
3.162E+02  1.163E-24  9.757E-15  2.189E-15  7.568E-15
3.133E+02  1.217E-24  1.012E-14  2.266E-15  7.850E-15
3.105E+02  1.274E-24  1.049E-14  2.345E-15  8.143E-15
3.076E+02  1.333E-24  1.087E-14  2.427E-15  8.447E-15
3.048E+02  1.394E-24  1.127E-14  2.511E-15  8.763E-15
3.020E+02  1.459E-24  1.169E-14  2.599E-15  9.090E-15
2.992E+02  1.527E-24  1.212E-14  2.689E-15  9.431E-15
2.965E+02  1.598E-24  1.257E-14  2.783E-15  9.784E-15
2.938E+02  1.672E-24  1.303E-14  2.880E-15  1.015E-14
2.911E+02  1.750E-24  1.351E-14  2.981E-15  1.053E-14
2.884E+02  1.832E-24  1.401E-14  3.084E-15  1.093E-14
2.858E+02  1.917E-24  1.453E-14  3.192E-15  1.134E-14
2.831E+02  2.007E-24  1.507E-14  3.303E-15  1.177E-14
2.805E+02  2.100E-24  1.563E-14  3.418E-15  1.221E-14
2.780E+02  2.198E-24  1.621E-14  3.537E-15  1.267E-14
2.754E+02  2.301E-24  1.681E-14  3.660E-15  1.315E-14
2.729E+02  2.409E-24  1.744E-14  3.787E-15  1.365E-14
2.704E+02  2.522E-24  1.809E-14  3.919E-15  1.417E-14
2.679E+02  2.641E-24  1.877E-14  4.055E-15  1.471E-14
2.655E+02  2.765E-24  1.947E-14  4.196E-15  1.527E-14
2.630E+02  2.895E-24  2.020E-14  4.342E-15  1.586E-14
2.606E+02  3.031E-24  2.096E-14  4.492E-15  1.646E-14
2.582E+02  3.174E-24  2.174E-14  4.648E-15  1.709E-14
2.559E+02  3.323E-24  2.255E-14  4.810E-15  1.774E-14
2.535E+02  3.479E-24  2.339E-14  4.976E-15  1.842E-14
2.512E+02  3.641E-24  2.426E-14  5.149E-15  1.911E-14
2.489E+02  3.809E-24  2.514E-14  5.328E-15  1.982E-14
2.466E+02  3.982E-24  2.604E-14  5.512E-15  2.053E-14
2.443E+02  4.161E-24  2.697E-14  5.704E-15  2.127E-14
2.421E+02  4.348E-24  2.793E-14  5.901E-15  2.202E-14
2.399E+02  4.543E-24  2.891E-14  6.106E-15  2.280E-14
2.377E+02  4.743E-24  2.990E-14  6.317E-15  2.359E-14
2.355E+02  4.952E-24  3.094E-14  6.536E-15  2.440E-14
2.333E+02  5.170E-24  3.200E-14  6.762E-15  2.524E-14
2.312E+02  5.398E-24  3.311E-14  6.996E-15  2.611E-14
2.291E+02  5.635E-24  3.424E-14  7.238E-15  2.701E-14
2.270E+02  5.883E-24  3.542E-14  7.489E-15  2.793E-14
2.249E+02  6.142E-24  3.664E-14  7.748E-15  2.889E-14
2.228E+02  6.412E-24  3.790E-14  8.016E-15  2.989E-14
2.208E+02  6.694E-24  3.920E-14  8.293E-15  3.091E-14
2.188E+02  6.988E-24  4.055E-14  8.579E-15  3.197E-14
2.168E+02  7.294E-24  4.194E-14  8.876E-15  3.307E-14
2.148E+02  7.614E-24  4.338E-14  9.182E-15  3.420E-14
2.128E+02  7.948E-24  4.487E-14  9.500E-15  3.537E-14
2.109E+02  8.296E-24  4.640E-14  9.828E-15  3.657E-14
2.089E+02  8.659E-24  4.799E-14  1.017E-14  3.782E-14
2.070E+02  9.037E-24  4.963E-14  1.052E-14  3.911E-14
2.051E+02  9.432E-24  5.132E-14  1.088E-14  4.044E-14
2.032E+02  9.844E-24  5.307E-14  1.126E-14  4.181E-14
2.014E+02  1.027E-23  5.488E-14  1.164E-14  4.323E-14
1.995E+02  1.072E-23  5.674E-14  1.205E-14  4.470E-14
1.977E+02  1.119E-23  5.867E-14  1.246E-14  4.621E-14
1.959E+02  1.167E-23  6.066E-14  1.289E-14  4.777E-14
1.941E+02  1.218E-23  6.272E-14  1.334E-14  4.938E-14
1.923E+02  1.271E-23  6.484E-14  1.380E-14  5.105E-14
1.905E+02  1.326E-23  6.704E-14  1.427E-14  5.277E-14
1.888E+02  1.384E-23  6.930E-14  1.476E-14  5.454E-14
1.871E+02  1.444E-23  7.164E-14  1.527E-14  5.637E-14
1.854E+02  1.506E-23  7.406E-14  1.580E-14  5.826E-14
1.837E+02  1.572E-23  7.656E-14  1.634E-14  6.022E-14
1.820E+02  1.639E-23  7.914E-14  1.690E-14  6.223E-14
1.803E+02  1.710E-23  8.180E-14  1.749E-14  6.431E-14
1.786E+02  1.784E-23  8.455E-14  1.809E-14  6.646E-14
1.770E+02  1.861E-23  8.738E-14  1.871E-14  6.867E-14
1.754E+02  1.941E-23  9.031E-14  1.936E-14  7.096E-14
1.738E+02  2.025E-23  9.334E-14  2.002E-14  7.331E-14
1.722E+02  2.112E-23  9.646E-14  2.071E-14  7.575E-14
1.706E+02  2.203E-23  9.968E-14  2.143E-14  7.826E-14
1.690E+02  2.297E-23  1.030E-13  2.216E-14  8.085E-14
1.675E+02  2.396E-23  1.064E-13  2.293E-14  8.352E-14
1.660E+02  2.499E-23  1.100E-13  2.372E-14  8.627E-14
1.644E+02  2.606E-23  1.137E-13  2.453E-14  8.912E-14
1.629E+02  2.717E-23  1.174E-13  2.538E-14  9.205E-14
1.614E+02  2.833E-23  1.213E-13  2.625E-14  9.507E-14
1.600E+02  2.954E-23  1.254E-13  2.716E-14  9.819E-14
1.585E+02  3.081E-23  1.295E-13  2.809E-14  1.014E-13
1.570E+02  3.212E-23  1.338E-13  2.906E-14  1.047E-13
1.556E+02  3.349E-23  1.382E-13  3.006E-14  1.082E-13
1.542E+02  3.491E-23  1.428E-13  3.110E-14  1.117E-13
1.528E+02  3.640E-23  1.475E-13  3.217E-14  1.153E-13
1.514E+02  3.795E-23  1.524E-13  3.328E-14  1.191E-13
1.500E+02  3.956E-23  1.574E-13  3.443E-14  1.229E-13
1.486E+02  4.124E-23  1.626E-13  3.562E-14  1.269E-13
1.472E+02  4.299E-23  1.679E-13  3.685E-14  1.310E-13
1.459E+02  4.481E-23  1.734E-13  3.812E-14  1.353E-13
1.445E+02  4.671E-23  1.791E-13  3.944E-14  1.397E-13
1.432E+02  4.869E-23  1.850E-13  4.080E-14  1.442E-13
1.419E+02  5.075E-23  1.910E-13  4.221E-14  1.488E-13
1.406E+02  5.289E-23  1.973E-13  4.367E-14  1.536E-13
1.393E+02  5.513E-23  2.037E-13  4.518E-14  1.585E-13
1.380E+02  5.745E-23  2.104E-13  4.674E-14  1.636E-13
1.368E+02  5.987E-23  2.172E-13  4.836E-14  1.689E-13
1.355E+02  6.239E-23  2.243E-13  5.003E-14  1.743E-13
1.343E+02  6.502E-23  2.316E-13  5.177E-14  1.798E-13
1.330E+02  6.775E-23  2.391E-13  5.356E-14  1.855E-13
1.318E+02  7.059E-23  2.468E-13  5.542E-14  1.914E-13
1.306E+02  7.355E-23  2.548E-13  5.734E-14  1.975E-13
1.294E+02  7.662E-23  2.630E-13  5.933E-14  2.037E-13
1.282E+02  7.983E-23  2.715E-13  6.140E-14  2.101E-13
1.271E+02  8.316E-23  2.803E-13  6.353E-14  2.168E-13
1.259E+02  8.663E-23  2.893E-13  6.574E-14  2.236E-13
1.247E+02  9.024E-23  2.986E-13  6.803E-14  2.306E-13
1.236E+02  9.400E-23  3.082E-13  7.040E-14  2.378E-13
1.225E+02  9.791E-23  3.181E-13  7.285E-14  2.452E-13
1.213E+02  1.020E-22  3.282E-13  7.539E-14  2.529E-13
1.202E+02  1.062E-22  3.387E-13  7.802E-14  2.607E-13
1.191E+02  1.106E-22  3.496E-13  8.075E-14  2.688E-13
1.180E+02  1.152E-22  3.607E-13  8.357E-14  2.771E-13
1.169E+02  1.200E-22  3.721E-13  8.648E-14  2.857E-13
1.159E+02  1.249E-22  3.839E-13  8.951E-14  2.944E-13
1.148E+02  1.301E-22  3.961E-13  9.264E-14  3.035E-13
1.138E+02  1.354E-22  4.086E-13  9.588E-14  3.128E-13
1.127E+02  1.410E-22  4.216E-13  9.924E-14  3.223E-13
1.117E+02  1.468E-22  4.349E-13  1.027E-13  3.322E-13
1.107E+02  1.528E-22  4.486E-13  1.063E-13  3.423E-13
1.096E+02  1.591E-22  4.628E-13  1.101E-13  3.527E-13
1.086E+02  1.656E-22  4.774E-13  1.139E-13  3.634E-13
1.076E+02  1.724E-22  4.924E-13  1.179E-13  3.745E-13
1.067E+02  1.795E-22  5.079E-13  1.221E-13  3.858E-13
1.057E+02  1.868E-22  5.238E-13  1.264E-13  3.974E-13
1.047E+02  1.945E-22  5.402E-13  1.308E-13  4.094E-13
1.038E+02  2.024E-22  5.571E-13  1.354E-13  4.217E-13
1.028E+02  2.107E-22  5.745E-13  1.402E-13  4.343E-13
1.019E+02  2.192E-22  5.924E-13  1.451E-13  4.473E-13
1.009E+02  2.282E-22  6.108E-13  1.502E-13  4.606E-13
1.000E+02  2.374E-22  6.297E-13  1.555E-13  4.742E-13
9.908E+01  2.470E-22  6.492E-13  1.610E-13  4.882E-13
9.817E+01  2.570E-22  6.693E-13  1.667E-13  5.026E-13
9.727E+01  2.674E-22  6.899E-13  1.725E-13  5.174E-13
9.638E+01  2.782E-22  7.112E-13  1.786E-13  5.326E-13
9.550E+01  2.894E-22  7.331E-13  1.849E-13  5.481E-13
9.462E+01  3.010E-22  7.556E-13  1.914E-13  5.641E-13
9.376E+01  3.131E-22  7.787E-13  1.982E-13  5.805E-13
9.290E+01  3.257E-22  8.025E-13  2.051E-13  5.974E-13
9.204E+01  3.387E-22  8.270E-13  2.124E-13  6.146E-13
9.120E+01  3.522E-22  8.521E-13  2.198E-13  6.323E-13
9.036E+01  3.663E-22  8.780E-13  2.276E-13  6.504E-13
8.954E+01  3.809E-22  9.046E-13  2.356E-13  6.690E-13
8.872E+01  3.960E-22  9.320E-13  2.439E-13  6.881E-13
8.790E+01  4.118E-22  9.601E-13  2.525E-13  7.076E-13
8.710E+01  4.281E-22  9.891E-13  2.614E-13  7.277E-13
8.630E+01  4.451E-22  1.019E-12  2.706E-13  7.483E-13
8.551E+01  4.627E-22  1.049E-12  2.801E-13  7.693E-13
8.472E+01  4.810E-22  1.081E-12  2.900E-13  7.908E-13
8.395E+01  4.999E-22  1.113E-12  3.003E-13  8.129E-13
8.318E+01  5.195E-22  1.146E-12  3.109E-13  8.354E-13
8.241E+01  5.399E-22  1.180E-12  3.219E-13  8.585E-13
8.166E+01  5.611E-22  1.215E-12  3.332E-13  8.822E-13
8.091E+01  5.831E-22  1.252E-12  3.450E-13  9.065E-13
8.017E+01  6.060E-22  1.289E-12  3.572E-13  9.313E-13
7.943E+01  6.296E-22  1.327E-12  3.699E-13  9.567E-13
7.870E+01  6.541E-22  1.366E-12  3.830E-13  9.826E-13
7.798E+01  6.795E-22  1.406E-12  3.966E-13  1.009E-12
7.727E+01  7.059E-22  1.447E-12  4.106E-13  1.036E-12
7.656E+01  7.333E-22  1.489E-12  4.252E-13  1.064E-12
7.586E+01  7.618E-22  1.533E-12  4.403E-13  1.093E-12
7.516E+01  7.913E-22  1.578E-12  4.559E-13  1.122E-12
7.447E+01  8.218E-22  1.623E-12  4.721E-13  1.151E-12
7.379E+01  8.534E-22  1.670E-12  4.889E-13  1.181E-12
7.311E+01  8.862E-22  1.719E-12  5.063E-13  1.212E-12
7.244E+01  9.201E-22  1.768E-12  5.243E-13  1.244E-12
7.178E+01  9.552E-22  1.819E-12  5.430E-13  1.276E-12
7.112E+01  9.916E-22  1.871E-12  5.623E-13  1.308E-12
7.047E+01  1.030E-21  1.924E-12  5.824E-13  1.342E-12
6.982E+01  1.069E-21  1.980E-12  6.032E-13  1.377E-12
6.918E+01  1.110E-21  2.036E-12  6.247E-13  1.412E-12
6.855E+01  1.152E-21  2.094E-12  6.470E-13  1.447E-12
6.792E+01  1.195E-21  2.153E-12  6.702E-13  1.483E-12
6.730E+01  1.240E-21  2.214E-12  6.942E-13  1.520E-12
6.668E+01  1.287E-21  2.277E-12  7.190E-13  1.558E-12
6.607E+01  1.336E-21  2.341E-12  7.448E-13  1.596E-12
6.546E+01  1.386E-21  2.407E-12  7.715E-13  1.635E-12
6.486E+01  1.438E-21  2.474E-12  7.992E-13  1.675E-12
6.427E+01  1.492E-21  2.543E-12  8.280E-13  1.715E-12
6.368E+01  1.547E-21  2.614E-12  8.577E-13  1.756E-12
6.310E+01  1.605E-21  2.686E-12  8.886E-13  1.798E-12
6.252E+01  1.665E-21  2.761E-12  9.207E-13  1.840E-12
6.194E+01  1.727E-21  2.838E-12  9.539E-13  1.884E-12
6.138E+01  1.791E-21  2.916E-12  9.884E-13  1.928E-12
6.081E+01  1.858E-21  2.997E-12  1.024E-12  1.973E-12
6.026E+01  1.926E-21  3.079E-12  1.061E-12  2.018E-12
5.970E+01  1.998E-21  3.164E-12  1.100E-12  2.064E-12
5.916E+01  2.071E-21  3.250E-12  1.139E-12  2.111E-12
5.861E+01  2.147E-21  3.338E-12  1.181E-12  2.158E-12
5.808E+01  2.226E-21  3.429E-12  1.224E-12  2.205E-12
5.754E+01  2.307E-21  3.522E-12  1.268E-12  2.253E-12
5.702E+01  2.391E-21  3.617E-12  1.314E-12  2.302E-12
5.649E+01  2.478E-21  3.714E-12  1.362E-12  2.352E-12
5.598E+01  2.569E-21  3.814E-12  1.412E-12  2.402E-12
5.546E+01  2.662E-21  3.916E-12  1.464E-12  2.453E-12
5.495E+01  2.759E-21  4.021E-12  1.517E-12  2.504E-12
5.445E+01  2.859E-21  4.129E-12  1.572E-12  2.557E-12
5.395E+01  2.962E-21  4.239E-12  1.630E-12  2.609E-12
5.346E+01  3.069E-21  4.352E-12  1.690E-12  2.663E-12
5.297E+01  3.180E-21  4.468E-12  1.752E-12  2.716E-12
5.248E+01  3.294E-21  4.586E-12  1.816E-12  2.771E-12
5.200E+01  3.413E-21  4.707E-12  1.882E-12  2.825E-12
5.152E+01  3.535E-21  4.831E-12  1.951E-12  2.880E-12
5.105E+01  3.661E-21  4.958E-12  2.023E-12  2.935E-12
5.058E+01  3.792E-21  5.088E-12  2.097E-12  2.991E-12
5.012E+01  3.927E-21  5.221E-12  2.174E-12  3.047E-12
4.966E+01  4.066E-21  5.356E-12  2.254E-12  3.103E-12
4.920E+01  4.210E-21  5.495E-12  2.336E-12  3.159E-12
4.875E+01  4.359E-21  5.638E-12  2.422E-12  3.215E-12
4.831E+01  4.513E-21  5.783E-12  2.511E-12  3.272E-12
4.786E+01  4.672E-21  5.932E-12  2.603E-12  3.329E-12
4.742E+01  4.836E-21  6.084E-12  2.698E-12  3.386E-12
4.699E+01  5.006E-21  6.240E-12  2.796E-12  3.444E-12
4.656E+01  5.181E-21  6.399E-12  2.897E-12  3.501E-12
4.613E+01  5.362E-21  6.561E-12  3.002E-12  3.559E-12
4.571E+01  5.548E-21  6.727E-12  3.111E-12  3.616E-12
4.529E+01  5.741E-21  6.896E-12  3.223E-12  3.674E-12
4.487E+01  5.939E-21  7.070E-12  3.338E-12  3.731E-12
4.446E+01  6.144E-21  7.246E-12  3.457E-12  3.789E-12
4.406E+01  6.355E-21  7.427E-12  3.580E-12  3.847E-12
4.365E+01  6.572E-21  7.610E-12  3.706E-12  3.904E-12
4.325E+01  6.796E-21  7.797E-12  3.836E-12  3.961E-12
4.285E+01  7.026E-21  7.987E-12  3.969E-12  4.018E-12
4.246E+01  7.262E-21  8.180E-12  4.106E-12  4.074E-12
4.207E+01  7.505E-21  8.375E-12  4.245E-12  4.130E-12
4.169E+01  7.754E-21  8.574E-12  4.388E-12  4.185E-12
4.130E+01  8.009E-21  8.775E-12  4.534E-12  4.240E-12
4.093E+01  8.269E-21  8.977E-12  4.683E-12  4.294E-12
4.055E+01  8.535E-21  9.181E-12  4.835E-12  4.347E-12
4.018E+01  8.807E-21  9.387E-12  4.988E-12  4.399E-12
3.981E+01  9.085E-21  9.593E-12  5.144E-12  4.450E-12
3.945E+01  9.367E-21  9.801E-12  5.301E-12  4.500E-12
3.908E+01  9.654E-21  1.001E-11  5.459E-12  4.549E-12
3.873E+01  9.944E-21  1.022E-11  5.618E-12  4.598E-12
3.837E+01  1.024E-20  1.042E-11  5.777E-12  4.645E-12
3.802E+01  1.054E-20  1.063E-11  5.935E-12  4.690E-12
3.767E+01  1.084E-20  1.083E-11  6.092E-12  4.735E-12
3.733E+01  1.113E-20  1.102E-11  6.247E-12  4.776E-12
3.698E+01  1.143E-20  1.121E-11  6.400E-12  4.814E-12
3.664E+01  1.173E-20  1.140E-11  6.549E-12  4.852E-12
3.631E+01  1.203E-20  1.158E-11  6.694E-12  4.888E-12
3.597E+01  1.232E-20  1.176E-11  6.834E-12  4.924E-12
3.565E+01  1.261E-20  1.193E-11  6.968E-12  4.958E-12
3.532E+01  1.290E-20  1.209E-11  7.094E-12  4.991E-12
3.499E+01  1.318E-20  1.224E-11  7.213E-12  5.023E-12
3.467E+01  1.346E-20  1.238E-11  7.323E-12  5.054E-12
3.436E+01  1.372E-20  1.251E-11  7.424E-12  5.083E-12
3.404E+01  1.398E-20  1.262E-11  7.513E-12  5.112E-12
3.373E+01  1.423E-20  1.273E-11  7.592E-12  5.138E-12
3.342E+01  1.447E-20  1.282E-11  7.659E-12  5.164E-12
3.311E+01  1.469E-20  1.290E-11  7.713E-12  5.191E-12
3.281E+01  1.490E-20  1.297E-11  7.754E-12  5.216E-12
3.251E+01  1.510E-20  1.302E-11  7.782E-12  5.240E-12
3.221E+01  1.528E-20  1.306E-11  7.797E-12  5.263E-12
3.192E+01  1.545E-20  1.308E-11  7.797E-12  5.284E-12
3.162E+01  1.560E-20  1.309E-11  7.784E-12  5.303E-12
3.133E+01  1.574E-20  1.308E-11  7.758E-12  5.321E-12
3.105E+01  1.585E-20  1.306E-11  7.718E-12  5.337E-12
3.076E+01  1.595E-20  1.302E-11  7.666E-12  5.352E-12
3.048E+01  1.604E-20  1.297E-11  7.602E-12  5.365E-12
3.020E+01  1.611E-20  1.290E-11  7.526E-12  5.377E-12
2.992E+01  1.616E-20  1.282E-11  7.439E-12  5.386E-12
2.965E+01  1.619E-20  1.273E-11  7.343E-12  5.391E-12
2.938E+01  1.621E-20  1.263E-11  7.237E-12  5.395E-12
2.911E+01  1.622E-20  1.252E-11  7.123E-12  5.396E-12
2.884E+01  1.621E-20  1.240E-11  7.002E-12  5.396E-12
2.858E+01  1.619E-20  1.227E-11  6.875E-12  5.394E-12
2.831E+01  1.615E-20  1.213E-11  6.742E-12  5.389E-12
2.805E+01  1.611E-20  1.199E-11  6.605E-12  5.383E-12
2.780E+01  1.606E-20  1.184E-11  6.464E-12  5.374E-12
2.754E+01  1.599E-20  1.168E-11  6.321E-12  5.364E-12
2.729E+01  1.592E-20  1.153E-11  6.176E-12  5.352E-12
2.704E+01  1.585E-20  1.137E-11  6.030E-12  5.337E-12
2.679E+01  1.577E-20  1.120E-11  5.884E-12  5.321E-12
2.655E+01  1.568E-20  1.104E-11  5.737E-12  5.303E-12
2.630E+01  1.559E-20  1.087E-11  5.592E-12  5.282E-12
2.606E+01  1.549E-20  1.071E-11  5.448E-12  5.260E-12
2.582E+01  1.539E-20  1.054E-11  5.307E-12  5.235E-12
2.559E+01  1.529E-20  1.038E-11  5.167E-12  5.209E-12
2.535E+01  1.518E-20  1.021E-11  5.030E-12  5.180E-12
2.512E+01  1.508E-20  1.005E-11  4.896E-12  5.149E-12
2.489E+01  1.497E-20  9.881E-12  4.766E-12  5.116E-12
2.466E+01  1.486E-20  9.718E-12  4.638E-12  5.079E-12
2.443E+01  1.474E-20  9.555E-12  4.514E-12  5.041E-12
2.421E+01  1.462E-20  9.392E-12  4.394E-12  4.998E-12
2.399E+01  1.450E-20  9.228E-12  4.277E-12  4.950E-12
2.377E+01  1.438E-20  9.068E-12  4.165E-12  4.903E-12
2.355E+01  1.427E-20  8.915E-12  4.056E-12  4.859E-12
2.333E+01  1.415E-20  8.761E-12  3.950E-12  4.811E-12
2.312E+01  1.403E-20  8.603E-12  3.849E-12  4.754E-12
2.291E+01  1.390E-20  8.449E-12  3.753E-12  4.697E-12
2.270E+01  1.380E-20  8.306E-12  3.660E-12  4.647E-12
2.249E+01  1.370E-20  8.170E-12  3.571E-12  4.600E-12
2.228E+01  1.360E-20  8.040E-12  3.485E-12  4.554E-12
2.208E+01  1.350E-20  7.908E-12  3.404E-12  4.504E-12
2.188E+01  1.339E-20  7.770E-12  3.327E-12  4.444E-12
2.168E+01  1.327E-20  7.631E-12  3.253E-12  4.378E-12
2.148E+01  1.315E-20  7.493E-12  3.182E-12  4.311E-12
2.128E+01  1.304E-20  7.363E-12  3.116E-12  4.247E-12
2.109E+01  1.294E-20  7.239E-12  3.052E-12  4.187E-12
2.089E+01  1.284E-20  7.115E-12  2.992E-12  4.123E-12
2.070E+01  1.273E-20  6.990E-12  2.936E-12  4.054E-12
2.051E+01  1.262E-20  6.864E-12  2.882E-12  3.982E-12
2.032E+01  1.251E-20  6.744E-12  2.831E-12  3.912E-12
2.014E+01  1.243E-20  6.640E-12  2.784E-12  3.856E-12
1.995E+01  1.235E-20  6.537E-12  2.740E-12  3.796E-12
1.977E+01  1.226E-20  6.431E-12  2.699E-12  3.731E-12
1.959E+01  1.217E-20  6.321E-12  2.663E-12  3.658E-12
1.941E+01  1.206E-20  6.209E-12  2.632E-12  3.577E-12
1.923E+01  1.196E-20  6.100E-12  2.613E-12  3.488E-12
1.905E+01  1.190E-20  6.016E-12  2.626E-12  3.390E-12
1.888E+01  1.182E-20  5.918E-12  2.633E-12  3.284E-12
1.871E+01  1.153E-20  5.720E-12  2.548E-12  3.171E-12
1.854E+01  1.130E-20  5.555E-12  2.503E-12  3.051E-12
1.837E+01  1.110E-20  5.409E-12  2.483E-12  2.926E-12
1.820E+01  1.093E-20  5.275E-12  2.480E-12  2.796E-12
1.803E+01  1.081E-20  5.169E-12  2.505E-12  2.664E-12
1.786E+01  1.076E-20  5.098E-12  2.569E-12  2.529E-12
1.770E+01  1.056E-20  4.956E-12  2.563E-12  2.393E-12
1.754E+01  1.051E-20  4.889E-12  2.633E-12  2.255E-12
1.738E+01  1.073E-20  4.948E-12  2.829E-12  2.119E-12
1.722E+01  1.045E-20  4.773E-12  2.788E-12  1.985E-12
1.706E+01  1.025E-20  4.641E-12  2.785E-12  1.856E-12
1.690E+01  9.940E-21  4.457E-12  2.726E-12  1.731E-12
1.675E+01  9.556E-21  4.245E-12  2.635E-12  1.611E-12
1.660E+01  9.402E-21  4.139E-12  2.645E-12  1.494E-12
1.644E+01  9.812E-21  4.280E-12  2.897E-12  1.383E-12
1.629E+01  8.556E-21  3.698E-12  2.421E-12  1.277E-12
1.614E+01  7.923E-21  3.393E-12  2.215E-12  1.178E-12
1.600E+01  7.580E-21  3.216E-12  2.131E-12  1.085E-12
1.585E+01  7.303E-21  3.070E-12  2.072E-12  9.982E-13
1.570E+01  7.018E-21  2.923E-12  2.006E-12  9.175E-13
1.556E+01  6.783E-21  2.800E-12  1.957E-12  8.425E-13
1.542E+01  6.580E-21  2.691E-12  1.918E-12  7.732E-13
1.528E+01  6.399E-21  2.593E-12  1.883E-12  7.094E-13
1.514E+01  6.236E-21  2.504E-12  1.853E-12  6.507E-13
1.500E+01  6.092E-21  2.423E-12  1.826E-12  5.973E-13
1.486E+01  5.963E-21  2.351E-12  1.803E-12  5.476E-13
1.472E+01  5.857E-21  2.287E-12  1.786E-12  5.019E-13
1.459E+01  5.783E-21  2.238E-12  1.778E-12  4.600E-13
1.445E+01  5.774E-21  2.214E-12  1.791E-12  4.232E-13
1.432E+01  5.892E-21  2.239E-12  1.847E-12  3.911E-13
1.419E+01  6.053E-21  2.278E-12  1.914E-12  3.638E-13
1.406E+01  5.861E-21  2.186E-12  1.845E-12  3.411E-13
1.393E+01  5.748E-21  2.124E-12  1.801E-12  3.229E-13
1.380E+01  5.845E-21  2.140E-12  1.832E-12  3.081E-13
1.368E+01  6.144E-21  2.229E-12  1.932E-12  2.967E-13
1.355E+01  6.540E-21  2.351E-12  2.064E-12  2.869E-13
1.343E+01  6.621E-21  2.358E-12  2.080E-12  2.783E-13
1.330E+01  6.351E-21  2.242E-12  1.972E-12  2.699E-13
1.318E+01  6.198E-21  2.167E-12  1.905E-12  2.619E-13
1.306E+01  6.343E-21  2.198E-12  1.944E-12  2.536E-13
1.294E+01  6.860E-21  2.355E-12  2.109E-12  2.456E-13
1.282E+01  7.848E-21  2.669E-12  2.431E-12  2.385E-13
1.271E+01  9.108E-21  3.070E-12  2.838E-12  2.315E-13
1.259E+01  9.491E-21  3.170E-12  2.945E-12  2.246E-13
1.247E+01  8.526E-21  2.821E-12  2.604E-12  2.174E-13
1.236E+01  7.528E-21  2.468E-12  2.258E-12  2.101E-13
1.225E+01  7.147E-21  2.322E-12  2.119E-12  2.024E-13
1.213E+01  7.320E-21  2.356E-12  2.161E-12  1.951E-13
1.202E+01  7.600E-21  2.424E-12  2.235E-12  1.886E-13
1.191E+01  7.344E-21  2.321E-12  2.139E-12  1.819E-13
1.180E+01  6.798E-21  2.128E-12  1.953E-12  1.751E-13
1.169E+01  6.630E-21  2.057E-12  1.888E-12  1.682E-13
1.159E+01  7.223E-21  2.220E-12  2.059E-12  1.606E-13
1.148E+01  9.137E-21  2.783E-12  2.630E-12  1.531E-13
1.138E+01  1.208E-20  3.647E-12  3.501E-12  1.461E-13
1.127E+01  1.535E-20  4.589E-12  4.449E-12  1.394E-13
1.117E+01  1.123E-20  3.327E-12  3.194E-12  1.331E-13
1.107E+01  6.536E-21  1.919E-12  1.792E-12  1.269E-13
1.096E+01  4.956E-21  1.441E-12  1.321E-12  1.206E-13
1.086E+01  4.210E-21  1.213E-12  1.099E-12  1.146E-13
1.076E+01  3.802E-21  1.086E-12  9.765E-13  1.092E-13
1.067E+01  3.548E-21  1.004E-12  8.997E-13  1.041E-13
1.057E+01  3.327E-21  9.325E-13  8.331E-13  9.942E-14
1.047E+01  3.170E-21  8.805E-13  7.859E-13  9.457E-14
1.038E+01  3.055E-21  8.407E-13  7.515E-13  8.922E-14
1.028E+01  2.965E-21  8.084E-13  7.251E-13  8.337E-14
1.019E+01  2.893E-21  7.815E-13  7.043E-13  7.727E-14
1.009E+01  2.836E-21  7.592E-13  6.879E-13  7.129E-14
1.000E+01  2.793E-21  7.410E-13  6.753E-13  6.568E-14
9.908E+00  2.765E-21  7.268E-13  6.662E-13  6.056E-14
9.817E+00  2.750E-21  7.162E-13  6.604E-13  5.584E-14
9.727E+00  2.749E-21  7.094E-13  6.580E-13  5.145E-14
9.638E+00  2.763E-21  7.064E-13  6.592E-13  4.729E-14
9.550E+00  2.793E-21  7.075E-13  6.644E-13  4.313E-14
9.462E+00  2.842E-21  7.133E-13  6.744E-13  3.889E-14
9.376E+00  2.915E-21  7.249E-13  6.903E-13  3.459E-14
9.290E+00  3.019E-21  7.440E-13  7.138E-13  3.027E-14
9.204E+00  3.168E-21  7.736E-13  7.475E-13  2.605E-14
9.120E+00  3.381E-21  8.180E-13  7.960E-13  2.207E-14
9.036E+00  3.693E-21  8.852E-13  8.668E-13  1.844E-14
8.954E+00  4.164E-21  9.889E-13  9.737E-13  1.527E-14
8.872E+00  4.906E-21  1.155E-12  1.142E-12  1.259E-14
8.790E+00  6.111E-21  1.425E-12  1.414E-12  1.036E-14
8.710E+00  7.916E-21  1.829E-12  1.820E-12  8.547E-15
8.630E+00  9.526E-21  2.181E-12  2.174E-12  7.075E-15
8.551E+00  9.184E-21  2.083E-12  2.077E-12  5.875E-15
8.472E+00  7.929E-21  1.782E-12  1.777E-12  4.868E-15
8.395E+00  7.288E-21  1.623E-12  1.619E-12  3.997E-15
8.318E+00  7.221E-21  1.593E-12  1.590E-12  3.228E-15
8.241E+00  7.510E-21  1.642E-12  1.639E-12  2.553E-15
8.166E+00  8.260E-21  1.789E-12  1.787E-12  1.974E-15
8.091E+00  9.670E-21  2.075E-12  2.074E-12  1.514E-15
8.017E+00  1.187E-20  2.524E-12  2.523E-12  1.151E-15
7.943E+00  1.465E-20  3.086E-12  3.085E-12  8.724E-16
7.870E+00  1.688E-20  3.524E-12  3.523E-12  6.590E-16
7.798E+00  1.735E-20  3.589E-12  3.588E-12  4.974E-16
7.727E+00  1.699E-20  3.482E-12  3.481E-12  3.772E-16
7.656E+00  1.704E-20  3.460E-12  3.460E-12  2.882E-16
7.586E+00  1.611E-20  3.242E-12  3.241E-12  2.224E-16
7.516E+00  1.313E-20  2.618E-12  2.618E-12  1.746E-16
7.447E+00  1.001E-20  1.976E-12  1.976E-12  1.399E-16
7.379E+00  7.755E-21  1.518E-12  1.518E-12  1.138E-16
7.311E+00  6.207E-21  1.204E-12  1.204E-12  9.445E-17
7.244E+00  5.085E-21  9.771E-13  9.770E-13  7.919E-17
7.178E+00  4.236E-21  8.065E-13  8.065E-13  6.685E-17
7.112E+00  3.587E-21  6.768E-13  6.767E-13  5.701E-17
7.047E+00  3.100E-21  5.795E-13  5.795E-13  4.890E-17
6.982E+00  2.751E-21  5.096E-13  5.095E-13  4.194E-17
6.918E+00  2.522E-21  4.628E-13  4.628E-13  3.605E-17
6.855E+00  2.393E-21  4.351E-13  4.350E-13  3.099E-17
6.792E+00  2.328E-21  4.194E-13  4.194E-13  2.662E-17
6.730E+00  2.265E-21  4.043E-13  4.043E-13  2.285E-17
6.668E+00  2.141E-21  3.787E-13  3.787E-13  1.960E-17
6.607E+00  1.963E-21  3.441E-13  3.441E-13  1.678E-17
6.546E+00  1.811E-21  3.145E-13  3.145E-13  1.435E-17
6.486E+00  1.769E-21  3.044E-13  3.044E-13  1.226E-17
6.427E+00  1.919E-21  3.271E-13  3.271E-13  1.046E-17
6.368E+00  2.404E-21  4.062E-13  4.061E-13  8.905E-18
6.310E+00  3.518E-21  5.888E-13  5.888E-13  7.573E-18
6.252E+00  5.246E-21  8.700E-13  8.700E-13  6.431E-18
6.194E+00  5.069E-21  8.329E-13  8.329E-13  5.453E-18
6.138E+00  2.998E-21  4.881E-13  4.881E-13  4.614E-18
6.081E+00  1.688E-21  2.723E-13  2.723E-13  3.901E-18
6.026E+00  1.060E-21  1.694E-13  1.693E-13  3.295E-18
5.970E+00  7.437E-22  1.178E-13  1.178E-13  2.782E-18
5.916E+00  5.758E-22  9.035E-14  9.034E-14  2.347E-18
5.861E+00  4.914E-22  7.641E-14  7.641E-14  1.979E-18
5.808E+00  4.702E-22  7.243E-14  7.243E-14  1.669E-18
5.754E+00  5.029E-22  7.677E-14  7.676E-14  1.406E-18
5.702E+00  5.145E-22  7.781E-14  7.781E-14  1.184E-18
5.649E+00  4.068E-22  6.096E-14  6.096E-14  9.970E-19
5.598E+00  2.877E-22  4.272E-14  4.272E-14  8.392E-19
5.546E+00  2.154E-22  3.169E-14  3.169E-14  7.061E-19
5.495E+00  1.750E-22  2.552E-14  2.551E-14  5.939E-19
5.445E+00  1.535E-22  2.217E-14  2.217E-14  4.995E-19
5.395E+00  1.463E-22  2.094E-14  2.094E-14  4.200E-19
5.346E+00  1.543E-22  2.187E-14  2.187E-14  3.530E-19
5.297E+00  1.708E-22  2.399E-14  2.399E-14  2.965E-19
5.248E+00  1.564E-22  2.178E-14  2.178E-14  2.491E-19
5.200E+00  1.138E-22  1.570E-14  1.570E-14  2.092E-19
5.152E+00  8.260E-23  1.129E-14  1.129E-14  1.756E-19
5.105E+00  6.429E-23  8.706E-15  8.706E-15  1.474E-19
5.058E+00  5.280E-23  7.085E-15  7.085E-15  1.236E-19
5.012E+00  4.483E-23  5.959E-15  5.959E-15  1.037E-19
4.966E+00  3.883E-23  5.115E-15  5.115E-15  8.698E-20
4.920E+00  3.407E-23  4.447E-15  4.446E-15  7.292E-20
4.875E+00  3.015E-23  3.899E-15  3.898E-15  6.110E-20
4.831E+00  2.683E-23  3.438E-15  3.438E-15  5.118E-20
4.786E+00  2.398E-23  3.045E-15  3.045E-15  4.284E-20
4.742E+00  2.150E-23  2.705E-15  2.705E-15  3.585E-20
4.699E+00  1.933E-23  2.409E-15  2.409E-15  2.999E-20
4.656E+00  1.740E-23  2.149E-15  2.149E-15  2.507E-20
4.613E+00  1.569E-23  1.920E-15  1.920E-15  2.094E-20
4.571E+00  1.416E-23  1.717E-15  1.717E-15  1.749E-20
4.529E+00  1.279E-23  1.537E-15  1.537E-15  1.459E-20
4.487E+00  1.156E-23  1.377E-15  1.377E-15  1.217E-20
4.446E+00  1.046E-23  1.233E-15  1.233E-15  1.014E-20
4.406E+00  9.462E-24  1.106E-15  1.106E-15  8.448E-21
4.365E+00  8.562E-24  9.914E-16  9.914E-16  7.032E-21
4.325E+00  7.749E-24  8.891E-16  8.891E-16  5.849E-21
4.285E+00  7.015E-24  7.974E-16  7.974E-16  4.861E-21
4.246E+00  6.349E-24  7.152E-16  7.152E-16  4.036E-21
4.207E+00  5.747E-24  6.414E-16  6.414E-16  3.348E-21
4.169E+00  5.202E-24  5.752E-16  5.752E-16  2.775E-21
4.130E+00  4.708E-24  5.158E-16  5.158E-16  2.298E-21
4.093E+00  4.260E-24  4.625E-16  4.625E-16  1.900E-21
4.055E+00  3.854E-24  4.146E-16  4.146E-16  1.569E-21
4.018E+00  3.487E-24  3.716E-16  3.716E-16  1.294E-21
3.981E+00  3.154E-24  3.331E-16  3.331E-16  1.066E-21
3.945E+00  2.853E-24  2.985E-16  2.985E-16  8.777E-22
3.908E+00  2.580E-24  2.675E-16  2.675E-16  7.216E-22
3.873E+00  2.334E-24  2.398E-16  2.398E-16  5.925E-22
3.837E+00  2.112E-24  2.150E-16  2.150E-16  4.861E-22
3.802E+00  1.912E-24  1.928E-16  1.928E-16  3.983E-22
3.767E+00  1.732E-24  1.730E-16  1.730E-16  3.260E-22
3.733E+00  1.570E-24  1.555E-16  1.555E-16  2.665E-22
3.698E+00  1.426E-24  1.399E-16  1.399E-16  2.175E-22
3.664E+00  1.298E-24  1.261E-16  1.261E-16  1.774E-22
3.631E+00  1.185E-24  1.141E-16  1.141E-16  1.444E-22
3.597E+00  1.088E-24  1.038E-16  1.038E-16  1.175E-22
3.565E+00  1.006E-24  9.507E-17  9.507E-17  9.538E-23
3.532E+00  9.403E-25  8.809E-17  8.809E-17  7.735E-23
3.499E+00  8.952E-25  8.310E-17  8.310E-17  6.264E-23
3.467E+00  8.776E-25  8.072E-17  8.072E-17  5.066E-23
3.436E+00  9.047E-25  8.244E-17  8.244E-17  4.091E-23
3.404E+00  1.020E-24  9.212E-17  9.212E-17  3.299E-23
3.373E+00  1.364E-24  1.221E-16  1.221E-16  2.656E-23
3.342E+00  2.564E-24  2.273E-16  2.273E-16  2.135E-23
3.311E+00  8.280E-24  7.273E-16  7.273E-16  1.713E-23
3.281E+00  5.128E-24  4.463E-16  4.463E-16  1.373E-23
3.251E+00  1.403E-24  1.210E-16  1.210E-16  1.098E-23
3.221E+00  6.565E-25  5.609E-17  5.609E-17  8.766E-24
3.192E+00  4.085E-25  3.458E-17  3.458E-17  6.987E-24
3.162E+00  2.936E-25  2.463E-17  2.463E-17  5.562E-24
3.133E+00  2.279E-25  1.894E-17  1.894E-17  4.420E-24
3.105E+00  1.848E-25  1.522E-17  1.522E-17  3.507E-24
3.076E+00  1.537E-25  1.254E-17  1.254E-17  2.781E-24
3.048E+00  1.298E-25  1.050E-17  1.050E-17  2.201E-24
3.020E+00  1.108E-25  8.872E-18  8.872E-18  1.739E-24
2.992E+00  9.507E-26  7.546E-18  7.546E-18  1.372E-24
2.965E+00  8.193E-26  6.444E-18  6.444E-18  1.081E-24
2.938E+00  7.079E-26  5.516E-18  5.516E-18  8.501E-25
2.911E+00  6.125E-26  4.729E-18  4.729E-18  6.675E-25
2.884E+00  5.304E-26  4.058E-18  4.058E-18  5.231E-25
2.858E+00  4.595E-26  3.483E-18  3.483E-18  4.094E-25
2.831E+00  3.980E-26  2.989E-18  2.989E-18  3.198E-25
2.805E+00  3.446E-26  2.564E-18  2.564E-18  2.494E-25
2.780E+00  2.982E-26  2.199E-18  2.199E-18  1.941E-25
2.754E+00  2.579E-26  1.884E-18  1.884E-18  1.509E-25
2.729E+00  2.228E-26  1.613E-18  1.613E-18  1.170E-25
2.704E+00  1.923E-26  1.380E-18  1.380E-18  9.064E-26
2.679E+00  1.659E-26  1.179E-18  1.179E-18  7.006E-26
2.655E+00  1.429E-26  1.006E-18  1.006E-18  5.407E-26
2.630E+00  1.229E-26  8.575E-19  8.575E-19  4.165E-26
2.606E+00  1.056E-26  7.301E-19  7.301E-19  3.202E-26
2.582E+00  9.063E-27  6.208E-19  6.208E-19  2.458E-26
2.559E+00  7.767E-27  5.271E-19  5.271E-19  1.883E-26
2.535E+00  6.647E-27  4.470E-19  4.470E-19  1.440E-26
2.512E+00  5.681E-27  3.785E-19  3.785E-19  1.099E-26
2.489E+00  4.848E-27  3.201E-19  3.201E-19  8.373E-27
2.466E+00  4.131E-27  2.702E-19  2.702E-19  6.368E-27
2.443E+00  3.515E-27  2.278E-19  2.278E-19  4.834E-27
2.421E+00  2.985E-27  1.917E-19  1.917E-19  3.662E-27
2.399E+00  2.533E-27  1.612E-19  1.612E-19  2.769E-27
2.377E+00  2.145E-27  1.352E-19  1.352E-19  2.090E-27
2.355E+00  1.814E-27  1.133E-19  1.133E-19  1.574E-27
2.333E+00  1.532E-27  9.483E-20  9.483E-20  1.183E-27
2.312E+00  1.292E-27  7.921E-20  7.921E-20  8.875E-28
2.291E+00  1.087E-27  6.606E-20  6.606E-20  6.644E-28
2.270E+00  9.136E-28  5.501E-20  5.501E-20  4.964E-28
2.249E+00  7.664E-28  4.572E-20  4.572E-20  3.701E-28
2.228E+00  6.418E-28  3.794E-20  3.794E-20  2.754E-28
2.208E+00  5.365E-28  3.142E-20  3.142E-20  2.044E-28
2.188E+00  4.476E-28  2.598E-20  2.598E-20  1.515E-28
2.168E+00  3.728E-28  2.143E-20  2.143E-20  1.120E-28
2.148E+00  3.098E-28  1.765E-20  1.765E-20  8.266E-29
2.128E+00  2.569E-28  1.450E-20  1.450E-20  6.087E-29
2.109E+00  2.126E-28  1.189E-20  1.189E-20  4.473E-29
2.089E+00  1.754E-28  9.723E-21  9.723E-21  3.279E-29
2.070E+00  1.444E-28  7.931E-21  7.931E-21  2.399E-29
2.051E+00  1.185E-28  6.450E-21  6.450E-21  1.752E-29
2.032E+00  9.699E-29  5.229E-21  5.229E-21  1.276E-29
2.014E+00  7.907E-29  4.224E-21  4.224E-21  9.273E-30
1.995E+00  6.422E-29  3.399E-21  3.399E-21  6.724E-30
1.977E+00  5.195E-29  2.724E-21  2.724E-21  4.865E-30
1.959E+00  4.190E-29  2.177E-21  2.177E-21  3.512E-30
1.941E+00  3.376E-29  1.738E-21  1.738E-21  2.530E-30
1.923E+00  2.729E-29  1.392E-21  1.392E-21  1.818E-30
1.905E+00  2.223E-29  1.124E-21  1.124E-21  1.303E-30
1.888E+00  1.827E-29  9.150E-22  9.150E-22  9.324E-31
1.871E+00  1.509E-29  7.490E-22  7.490E-22  6.654E-31
1.854E+00  1.246E-29  6.128E-22  6.128E-22  4.737E-31
1.837E+00  1.025E-29  4.995E-22  4.995E-22  3.365E-31
1.820E+00  8.390E-30  4.050E-22  4.050E-22  2.384E-31
1.803E+00  6.831E-30  3.267E-22  3.267E-22  1.686E-31
1.786E+00  5.537E-30  2.624E-22  2.624E-22  1.189E-31
1.770E+00  4.471E-30  2.099E-22  2.099E-22  8.363E-32
1.754E+00  3.598E-30  1.674E-22  1.674E-22  5.871E-32
1.738E+00  2.888E-30  1.331E-22  1.331E-22  4.111E-32
1.722E+00  2.311E-30  1.055E-22  1.055E-22  2.871E-32
1.706E+00  1.845E-30  8.349E-23  8.349E-23  2.001E-32
1.690E+00  1.469E-30  6.589E-23  6.589E-23  1.391E-32
1.675E+00  1.168E-30  5.189E-23  5.189E-23  9.641E-33
1.660E+00  9.262E-31  4.077E-23  4.077E-23  6.667E-33
1.644E+00  7.330E-31  3.197E-23  3.197E-23  4.599E-33
1.629E+00  5.789E-31  2.502E-23  2.502E-23  3.164E-33
1.614E+00  4.563E-31  1.954E-23  1.954E-23  2.171E-33
1.600E+00  3.589E-31  1.523E-23  1.523E-23  1.486E-33
1.585E+00  2.818E-31  1.185E-23  1.185E-23  1.014E-33
1.570E+00  2.209E-31  9.202E-24  9.202E-24  6.902E-34
1.556E+00  1.728E-31  7.133E-24  7.133E-24  4.685E-34
1.542E+00  1.350E-31  5.520E-24  5.520E-24  3.172E-34
1.528E+00  1.052E-31  4.264E-24  4.264E-24  2.141E-34
1.514E+00  8.192E-32  3.289E-24  3.289E-24  1.442E-34
1.500E+00  6.367E-32  2.533E-24  2.533E-24  9.681E-35
1.486E+00  4.941E-32  1.948E-24  1.948E-24  6.482E-35
1.472E+00  3.829E-32  1.495E-24  1.495E-24  4.328E-35
1.459E+00  2.964E-32  1.147E-24  1.147E-24  2.881E-35
1.445E+00  2.291E-32  8.785E-25  8.785E-25  1.913E-35
1.432E+00  1.769E-32  6.722E-25  6.722E-25  1.267E-35
1.419E+00  1.365E-32  5.139E-25  5.139E-25  8.362E-36
1.406E+00  1.053E-32  3.927E-25  3.927E-25  5.505E-36
1.393E+00  8.115E-33  2.999E-25  2.999E-25  3.613E-36
1.380E+00  6.254E-33  2.290E-25  2.290E-25  2.364E-36
1.368E+00  4.821E-33  1.749E-25  1.749E-25  1.543E-36
1.355E+00  3.717E-33  1.336E-25  1.336E-25  1.003E-36
1.343E+00  2.868E-33  1.022E-25  1.022E-25  6.508E-37
1.330E+00  2.214E-33  7.815E-26  7.815E-26  4.208E-37
1.318E+00  1.710E-33  5.978E-26  5.978E-26  2.712E-37
1.306E+00  1.318E-33  4.567E-26  4.567E-26  1.743E-37
1.294E+00  1.012E-33  3.474E-26  3.474E-26  1.117E-37
1.282E+00  7.704E-34  2.620E-26  2.620E-26  7.134E-38
1.271E+00  5.789E-34  1.951E-26  1.951E-26  4.543E-38
1.259E+00  4.278E-34  1.429E-26  1.429E-26  2.884E-38
1.247E+00  3.110E-34  1.029E-26  1.029E-26  1.826E-38
1.236E+00  2.233E-34  7.320E-27  7.320E-27  1.152E-38
1.225E+00  1.593E-34  5.174E-27  5.174E-27  7.248E-39
1.213E+00  1.135E-34  3.653E-27  3.653E-27  4.545E-39
1.202E+00  8.109E-35  2.586E-27  2.586E-27  2.841E-39
1.191E+00  5.817E-35  1.838E-27  1.838E-27  1.770E-39
1.180E+00  4.191E-35  1.312E-27  1.312E-27  1.099E-39
1.169E+00  3.032E-35  9.407E-28  9.407E-28  6.801E-40
1.159E+00  2.203E-35  6.770E-28  6.770E-28  4.195E-40
1.148E+00  1.606E-35  4.890E-28  4.890E-28  2.579E-40
1.138E+00  1.175E-35  3.545E-28  3.545E-28  1.580E-40
1.127E+00  8.634E-36  2.581E-28  2.581E-28  9.645E-41
1.117E+00  6.379E-36  1.890E-28  1.890E-28  5.869E-41
1.107E+00  4.748E-36  1.394E-28  1.394E-28  3.559E-41
1.096E+00  3.568E-36  1.038E-28  1.038E-28  2.150E-41
1.086E+00  2.718E-36  7.832E-29  7.832E-29  1.295E-41
1.076E+00  2.101E-36  5.999E-29  5.999E-29  7.767E-42
1.067E+00  1.639E-36  4.638E-29  4.638E-29  4.644E-42
1.057E+00  1.257E-36  3.525E-29  3.525E-29  2.766E-42
1.047E+00  9.128E-37  2.536E-29  2.536E-29  1.642E-42
1.038E+00  6.275E-37  1.727E-29  1.727E-29  9.708E-43
1.028E+00  4.283E-37  1.168E-29  1.168E-29  5.720E-43
1.019E+00  3.006E-37  8.122E-30  8.122E-30  3.357E-43
1.009E+00  2.183E-37  5.843E-30  5.843E-30  1.963E-43
1.000E+00  1.632E-37  4.329E-30  4.329E-30  1.144E-43
