Dust emission spectrum from Draine,B.T., & Li, A. (2007), ApJ, in press [astro-ph/0608003]
==========================================================
         7 = grain model
 4.000E-08 4.000E-01 4.500E-05 = a_01 (cm) , sigma_1 , b_C1
 2.000E-07 5.500E-01 1.500E-05 = a_02 (cm) , sigma_2 , b_C2
 5.000E+00 5.000E+00 1.000E+00 = Umin , Umax, beta (dN/dU propto U^{-beta})
 5.000E+00 = <U>       mmp83 = radfield
 2.000E-06 1.000E+00 = a_{min} (cm), a_{max} (cm)
 1.406E-23 8.442E-24 5.617E-24 = P(tot)  P(carb)  P(sil) (erg s-1 H-1)
 band     <nu*P_nu> <j_nu(tot)><j_nu(carb)><j_nu(sil)>
 (um)   (erg s-1 H-1)(Jy/(sr*H))(Jy/(sr*H))(Jy/(sr*H))
1.270E+00  1.886E-73  6.355E-66  6.355E-66  1.029-154 COBE-DIRBE
2.220E+00  1.464E-73  8.623E-66  8.623E-66  5.937-102 COBE-DIRBE
3.530E+00  1.586E-65  1.485E-57  1.485E-57  1.175E-68 COBE-DIRBE
4.880E+00  8.969E-56  1.161E-47  1.161E-47  1.874E-56 COBE-DIRBE
1.229E+01  3.553E-32  1.158E-23  1.153E-23  5.362E-26 COBE-DIRBE
2.079E+01  1.317E-27  7.261E-19  7.161E-19  9.994E-21 COBE-DIRBE
5.599E+01  5.643E-24  8.381E-15  6.953E-15  1.428E-15 COBE-DIRBE
9.770E+01  1.128E-23  2.923E-14  1.729E-14  1.194E-14 COBE-DIRBE
1.479E+02  8.380E-24  3.288E-14  1.565E-14  1.723E-14 COBE-DIRBE
2.479E+02  2.445E-24  1.608E-14  5.723E-15  1.036E-14 COBE-DIRBE
1.200E+01  1.506E-33  4.793E-25  4.785E-25  8.177E-28 IRAS
2.500E+01  1.079E-26  7.155E-18  7.057E-18  9.819E-20 IRAS
6.000E+01  6.470E-24  1.030E-14  8.204E-15  2.093E-15 IRAS
1.000E+02  1.131E-23  3.001E-14  1.746E-14  1.255E-14 IRAS
3.550E+00  1.118E-66  1.052E-58  1.052E-58  6.023E-70 SST-IRAC
4.493E+00  1.782E-57  2.124E-49  2.124E-49  1.329E-58 SST-IRAC
5.731E+00  8.014E-50  1.218E-41  1.218E-41  8.924E-49 SST-IRAC
7.872E+00  7.047E-41  1.472E-32  1.471E-32  2.078E-36 SST-IRAC
2.368E+01  4.658E-27  2.926E-18  2.886E-18  4.030E-20 SST-MIPS
7.142E+01  8.466E-24  1.604E-14  1.180E-14  4.234E-15 SST-MIPS
1.559E+02  7.290E-24  3.015E-14  1.373E-14  1.641E-14 SST-MIPS
1.600E+01  7.219E-28  3.064E-19  3.021E-19  4.276E-21 SST-IRSPU
2.200E+01  4.407E-27  2.572E-18  2.536E-18  3.544E-20 SST-IRSPU
7.500E+01  7.244E-24  1.441E-14  1.070E-14  3.716E-15 Herschel-PACS
1.100E+02  8.286E-24  2.418E-14  1.394E-14  1.024E-14 Herschel-PACS
1.700E+02  5.526E-24  2.492E-14  1.129E-14  1.363E-14 Herschel-PACS
2.500E+02  2.071E-24  1.373E-14  4.761E-15  8.972E-15 Herschel-SPIRE
3.600E+02  5.614E-25  5.361E-15  1.762E-15  3.599E-15 Herschel-SPIRE
5.200E+02  1.340E-25  1.848E-15  5.868E-16  1.261E-15 Herschel-SPIRE
2.400E+00  1.776E-57  1.131E-49  1.131E-49  2.767E-58 Akari IRC NIR N2
3.200E+00  1.400E-57  1.188E-49  1.188E-49  2.888E-58 Akari IRC NIR N3
4.100E+00  9.414E-56  1.024E-47  1.024E-47  2.533E-56 Akari IRC NIR N4
7.000E+00  1.302E-32  2.418E-24  2.393E-24  2.483E-26 Akari IRC MIR-S S7
9.000E+00  4.138E-33  9.879E-25  9.770E-25  1.093E-26 Akari IRC MIR-S S9W
1.100E+01  8.960E-33  2.614E-24  2.589E-24  2.542E-26 Akari IRC MIR-S S11
1.500E+01  3.940E-29  1.568E-20  1.546E-20  2.120E-22 Akari IRC MIR-L L15
1.800E+01  6.886E-28  3.288E-19  3.242E-19  4.535E-21 Akari IRC MIR-L L18W
2.400E+01  2.019E-27  1.285E-18  1.268E-18  1.773E-20 Akari IRC MIR-L L24
6.500E+01  8.187E-24  1.412E-14  1.090E-14  3.219E-15 Akari FIS N60
8.000E+01  1.061E-23  2.252E-14  1.442E-14  8.096E-15 Akari FIS WIDE-S
1.400E+02  8.409E-24  3.123E-14  1.483E-14  1.639E-14 Akari FIS WIDE-L
1.600E+02  6.977E-24  2.961E-14  1.303E-14  1.658E-14 Akari FIS N160






lambda    nu*dP/dnu     j_nu    j_nu(carb.) j_nu(sil)
 (um)    (erg/(s*H)) (Jy/(sr*H) (Jy/(sr*H)) (Jy/(sr*H)
1.000E+04  6.350E-31  1.684E-19  2.970E-20  1.387E-19
9.908E+03  6.582E-31  1.730E-19  3.059E-20  1.424E-19
9.817E+03  6.823E-31  1.777E-19  3.149E-20  1.462E-19
9.727E+03  7.073E-31  1.825E-19  3.243E-20  1.501E-19
9.638E+03  7.332E-31  1.874E-19  3.340E-20  1.540E-19
9.550E+03  7.600E-31  1.925E-19  3.439E-20  1.581E-19
9.462E+03  7.878E-31  1.977E-19  3.541E-20  1.623E-19
9.376E+03  8.166E-31  2.031E-19  3.647E-20  1.666E-19
9.290E+03  8.465E-31  2.086E-19  3.756E-20  1.710E-19
9.204E+03  8.775E-31  2.142E-19  3.868E-20  1.756E-19
9.120E+03  9.096E-31  2.201E-19  3.983E-20  1.802E-19
9.036E+03  9.429E-31  2.260E-19  4.102E-20  1.850E-19
8.954E+03  9.773E-31  2.321E-19  4.224E-20  1.899E-19
8.872E+03  1.013E-30  2.384E-19  4.350E-20  1.949E-19
8.790E+03  1.050E-30  2.448E-19  4.480E-20  2.000E-19
8.710E+03  1.088E-30  2.514E-19  4.614E-20  2.052E-19
8.630E+03  1.128E-30  2.581E-19  4.752E-20  2.106E-19
8.551E+03  1.169E-30  2.651E-19  4.894E-20  2.162E-19
8.472E+03  1.212E-30  2.723E-19  5.041E-20  2.219E-19
8.395E+03  1.256E-30  2.796E-19  5.192E-20  2.277E-19
8.318E+03  1.302E-30  2.872E-19  5.347E-20  2.337E-19
8.241E+03  1.349E-30  2.950E-19  5.508E-20  2.399E-19
8.166E+03  1.399E-30  3.030E-19  5.673E-20  2.462E-19
8.091E+03  1.450E-30  3.112E-19  5.843E-20  2.528E-19
8.017E+03  1.503E-30  3.196E-19  6.018E-20  2.595E-19
7.943E+03  1.558E-30  3.283E-19  6.199E-20  2.663E-19
7.870E+03  1.615E-30  3.373E-19  6.385E-20  2.734E-19
7.798E+03  1.675E-30  3.464E-19  6.577E-20  2.807E-19
7.727E+03  1.736E-30  3.559E-19  6.775E-20  2.881E-19
7.656E+03  1.800E-30  3.656E-19  6.978E-20  2.958E-19
7.586E+03  1.866E-30  3.755E-19  7.188E-20  3.037E-19
7.516E+03  1.935E-30  3.858E-19  7.405E-20  3.117E-19
7.447E+03  2.006E-30  3.963E-19  7.628E-20  3.201E-19
7.379E+03  2.080E-30  4.072E-19  7.858E-20  3.286E-19
7.311E+03  2.157E-30  4.183E-19  8.095E-20  3.374E-19
7.244E+03  2.237E-30  4.298E-19  8.339E-20  3.464E-19
7.178E+03  2.319E-30  4.416E-19  8.590E-20  3.557E-19
7.112E+03  2.405E-30  4.537E-19  8.850E-20  3.652E-19
7.047E+03  2.494E-30  4.661E-19  9.117E-20  3.750E-19
6.982E+03  2.586E-30  4.789E-19  9.392E-20  3.850E-19
6.918E+03  2.681E-30  4.921E-19  9.676E-20  3.953E-19
6.855E+03  2.780E-30  5.056E-19  9.969E-20  4.059E-19
6.792E+03  2.883E-30  5.195E-19  1.027E-19  4.167E-19
6.730E+03  2.990E-30  5.337E-19  1.058E-19  4.279E-19
6.668E+03  3.101E-30  5.484E-19  1.090E-19  4.394E-19
6.607E+03  3.216E-30  5.635E-19  1.123E-19  4.512E-19
6.546E+03  3.335E-30  5.791E-19  1.157E-19  4.633E-19
6.486E+03  3.459E-30  5.951E-19  1.192E-19  4.758E-19
6.427E+03  3.587E-30  6.115E-19  1.229E-19  4.886E-19
6.368E+03  3.720E-30  6.284E-19  1.266E-19  5.018E-19
6.310E+03  3.859E-30  6.458E-19  1.304E-19  5.154E-19
6.252E+03  4.002E-30  6.637E-19  1.344E-19  5.293E-19
6.194E+03  4.151E-30  6.821E-19  1.385E-19  5.436E-19
6.138E+03  4.306E-30  7.010E-19  1.427E-19  5.583E-19
6.081E+03  4.466E-30  7.205E-19  1.470E-19  5.734E-19
6.026E+03  4.633E-30  7.405E-19  1.515E-19  5.890E-19
5.970E+03  4.806E-30  7.611E-19  1.561E-19  6.050E-19
5.916E+03  4.985E-30  7.823E-19  1.609E-19  6.214E-19
5.861E+03  5.172E-30  8.041E-19  1.658E-19  6.383E-19
5.808E+03  5.365E-30  8.265E-19  1.708E-19  6.556E-19
5.754E+03  5.566E-30  8.495E-19  1.761E-19  6.735E-19
5.702E+03  5.774E-30  8.733E-19  1.814E-19  6.918E-19
5.649E+03  5.990E-30  8.977E-19  1.870E-19  7.107E-19
5.598E+03  6.215E-30  9.228E-19  1.927E-19  7.301E-19
5.546E+03  6.448E-30  9.486E-19  1.986E-19  7.500E-19
5.495E+03  6.690E-30  9.752E-19  2.047E-19  7.706E-19
5.445E+03  6.941E-30  1.003E-18  2.109E-19  7.916E-19
5.395E+03  7.202E-30  1.031E-18  2.174E-19  8.133E-19
5.346E+03  7.473E-30  1.060E-18  2.240E-19  8.356E-19
5.297E+03  7.754E-30  1.089E-18  2.309E-19  8.585E-19
5.248E+03  8.046E-30  1.120E-18  2.380E-19  8.821E-19
5.200E+03  8.349E-30  1.152E-18  2.453E-19  9.063E-19
5.152E+03  8.664E-30  1.184E-18  2.528E-19  9.312E-19
5.105E+03  8.990E-30  1.217E-18  2.606E-19  9.569E-19
5.058E+03  9.329E-30  1.252E-18  2.686E-19  9.832E-19
5.012E+03  9.682E-30  1.287E-18  2.768E-19  1.010E-18
4.966E+03  1.005E-29  1.323E-18  2.853E-19  1.038E-18
4.920E+03  1.043E-29  1.361E-18  2.941E-19  1.067E-18
4.875E+03  1.082E-29  1.399E-18  3.032E-19  1.096E-18
4.831E+03  1.123E-29  1.439E-18  3.125E-19  1.126E-18
4.786E+03  1.165E-29  1.480E-18  3.221E-19  1.158E-18
4.742E+03  1.210E-29  1.522E-18  3.321E-19  1.190E-18
4.699E+03  1.255E-29  1.565E-18  3.423E-19  1.223E-18
4.656E+03  1.303E-29  1.609E-18  3.529E-19  1.256E-18
4.613E+03  1.352E-29  1.655E-18  3.637E-19  1.291E-18
4.571E+03  1.404E-29  1.702E-18  3.750E-19  1.327E-18
4.529E+03  1.457E-29  1.751E-18  3.866E-19  1.364E-18
4.487E+03  1.513E-29  1.800E-18  3.985E-19  1.402E-18
4.446E+03  1.570E-29  1.852E-18  4.108E-19  1.441E-18
4.406E+03  1.630E-29  1.905E-18  4.235E-19  1.481E-18
4.365E+03  1.692E-29  1.959E-18  4.366E-19  1.523E-18
4.325E+03  1.757E-29  2.015E-18  4.501E-19  1.565E-18
4.285E+03  1.824E-29  2.073E-18  4.641E-19  1.609E-18
4.246E+03  1.893E-29  2.132E-18  4.785E-19  1.654E-18
4.207E+03  1.965E-29  2.193E-18  4.933E-19  1.700E-18
4.169E+03  2.041E-29  2.256E-18  5.086E-19  1.748E-18
4.130E+03  2.119E-29  2.321E-18  5.244E-19  1.797E-18
4.093E+03  2.200E-29  2.388E-18  5.406E-19  1.847E-18
4.055E+03  2.284E-29  2.457E-18  5.574E-19  1.899E-18
4.018E+03  2.371E-29  2.527E-18  5.747E-19  1.953E-18
3.981E+03  2.462E-29  2.600E-18  5.926E-19  2.007E-18
3.945E+03  2.556E-29  2.675E-18  6.110E-19  2.064E-18
3.908E+03  2.654E-29  2.752E-18  6.300E-19  2.122E-18
3.873E+03  2.756E-29  2.831E-18  6.496E-19  2.182E-18
3.837E+03  2.862E-29  2.913E-18  6.699E-19  2.243E-18
3.802E+03  2.972E-29  2.997E-18  6.907E-19  2.306E-18
3.767E+03  3.086E-29  3.084E-18  7.122E-19  2.372E-18
3.733E+03  3.205E-29  3.173E-18  7.344E-19  2.439E-18
3.698E+03  3.328E-29  3.265E-18  7.573E-19  2.508E-18
3.664E+03  3.456E-29  3.360E-18  7.810E-19  2.579E-18
3.631E+03  3.590E-29  3.457E-18  8.053E-19  2.652E-18
3.597E+03  3.728E-29  3.558E-18  8.305E-19  2.727E-18
3.565E+03  3.872E-29  3.661E-18  8.564E-19  2.805E-18
3.532E+03  4.022E-29  3.768E-18  8.832E-19  2.885E-18
3.499E+03  4.177E-29  3.878E-18  9.108E-19  2.967E-18
3.467E+03  4.339E-29  3.991E-18  9.392E-19  3.051E-18
3.436E+03  4.507E-29  4.107E-18  9.686E-19  3.139E-18
3.404E+03  4.682E-29  4.227E-18  9.989E-19  3.228E-18
3.373E+03  4.863E-29  4.351E-18  1.030E-18  3.321E-18
3.342E+03  5.052E-29  4.478E-18  1.062E-18  3.416E-18
3.311E+03  5.248E-29  4.610E-18  1.096E-18  3.514E-18
3.281E+03  5.452E-29  4.745E-18  1.130E-18  3.615E-18
3.251E+03  5.664E-29  4.884E-18  1.165E-18  3.719E-18
3.221E+03  5.884E-29  5.028E-18  1.202E-18  3.826E-18
3.192E+03  6.113E-29  5.175E-18  1.240E-18  3.936E-18
3.162E+03  6.351E-29  5.328E-18  1.279E-18  4.049E-18
3.133E+03  6.599E-29  5.485E-18  1.319E-18  4.166E-18
3.105E+03  6.856E-29  5.646E-18  1.360E-18  4.286E-18
3.076E+03  7.124E-29  5.813E-18  1.403E-18  4.410E-18
3.048E+03  7.402E-29  5.985E-18  1.447E-18  4.538E-18
3.020E+03  7.692E-29  6.162E-18  1.492E-18  4.669E-18
2.992E+03  7.992E-29  6.344E-18  1.539E-18  4.804E-18
2.965E+03  8.304E-29  6.531E-18  1.588E-18  4.943E-18
2.938E+03  8.628E-29  6.723E-18  1.638E-18  5.085E-18
2.911E+03  8.965E-29  6.922E-18  1.689E-18  5.232E-18
2.884E+03  9.315E-29  7.126E-18  1.743E-18  5.384E-18
2.858E+03  9.680E-29  7.337E-18  1.797E-18  5.540E-18
2.831E+03  1.006E-28  7.554E-18  1.854E-18  5.700E-18
2.805E+03  1.045E-28  7.778E-18  1.912E-18  5.866E-18
2.780E+03  1.086E-28  8.009E-18  1.973E-18  6.036E-18
2.754E+03  1.129E-28  8.247E-18  2.035E-18  6.212E-18
2.729E+03  1.173E-28  8.492E-18  2.099E-18  6.393E-18
2.704E+03  1.219E-28  8.745E-18  2.165E-18  6.579E-18
2.679E+03  1.267E-28  9.005E-18  2.234E-18  6.771E-18
2.655E+03  1.317E-28  9.273E-18  2.304E-18  6.969E-18
2.630E+03  1.369E-28  9.550E-18  2.377E-18  7.173E-18
2.606E+03  1.423E-28  9.835E-18  2.452E-18  7.383E-18
2.582E+03  1.479E-28  1.013E-17  2.529E-18  7.599E-18
2.559E+03  1.537E-28  1.043E-17  2.609E-18  7.822E-18
2.535E+03  1.598E-28  1.074E-17  2.692E-18  8.052E-18
2.512E+03  1.661E-28  1.107E-17  2.777E-18  8.288E-18
2.489E+03  1.726E-28  1.140E-17  2.865E-18  8.532E-18
2.466E+03  1.795E-28  1.174E-17  2.955E-18  8.783E-18
2.443E+03  1.865E-28  1.209E-17  3.049E-18  9.042E-18
2.421E+03  1.939E-28  1.245E-17  3.145E-18  9.309E-18
2.399E+03  2.016E-28  1.283E-17  3.245E-18  9.584E-18
2.377E+03  2.096E-28  1.321E-17  3.348E-18  9.867E-18
2.355E+03  2.179E-28  1.361E-17  3.454E-18  1.016E-17
2.333E+03  2.265E-28  1.402E-17  3.563E-18  1.046E-17
2.312E+03  2.355E-28  1.444E-17  3.676E-18  1.077E-17
2.291E+03  2.449E-28  1.488E-17  3.792E-18  1.109E-17
2.270E+03  2.546E-28  1.533E-17  3.912E-18  1.142E-17
2.249E+03  2.647E-28  1.579E-17  4.036E-18  1.176E-17
2.228E+03  2.752E-28  1.627E-17  4.164E-18  1.210E-17
2.208E+03  2.862E-28  1.676E-17  4.296E-18  1.246E-17
2.188E+03  2.976E-28  1.727E-17  4.433E-18  1.284E-17
2.168E+03  3.094E-28  1.779E-17  4.573E-18  1.322E-17
2.148E+03  3.217E-28  1.833E-17  4.718E-18  1.361E-17
2.128E+03  3.345E-28  1.888E-17  4.868E-18  1.402E-17
2.109E+03  3.479E-28  1.946E-17  5.022E-18  1.443E-17
2.089E+03  3.617E-28  2.005E-17  5.182E-18  1.487E-17
2.070E+03  3.762E-28  2.066E-17  5.346E-18  1.531E-17
2.051E+03  3.912E-28  2.128E-17  5.516E-18  1.577E-17
2.032E+03  4.068E-28  2.193E-17  5.691E-18  1.624E-17
2.014E+03  4.230E-28  2.260E-17  5.872E-18  1.672E-17
1.995E+03  4.399E-28  2.328E-17  6.058E-18  1.722E-17
1.977E+03  4.575E-28  2.399E-17  6.251E-18  1.774E-17
1.959E+03  4.757E-28  2.472E-17  6.449E-18  1.827E-17
1.941E+03  4.947E-28  2.547E-17  6.654E-18  1.882E-17
1.923E+03  5.145E-28  2.625E-17  6.866E-18  1.938E-17
1.905E+03  5.351E-28  2.705E-17  7.084E-18  1.996E-17
1.888E+03  5.565E-28  2.787E-17  7.309E-18  2.056E-17
1.871E+03  5.788E-28  2.872E-17  7.541E-18  2.118E-17
1.854E+03  6.019E-28  2.959E-17  7.781E-18  2.181E-17
1.837E+03  6.260E-28  3.050E-17  8.028E-18  2.247E-17
1.820E+03  6.511E-28  3.143E-17  8.283E-18  2.314E-17
1.803E+03  6.772E-28  3.239E-17  8.547E-18  2.384E-17
1.786E+03  7.043E-28  3.338E-17  8.818E-18  2.456E-17
1.770E+03  7.325E-28  3.439E-17  9.099E-18  2.530E-17
1.754E+03  7.619E-28  3.545E-17  9.388E-18  2.606E-17
1.738E+03  7.924E-28  3.653E-17  9.686E-18  2.684E-17
1.722E+03  8.242E-28  3.765E-17  9.994E-18  2.765E-17
1.706E+03  8.573E-28  3.880E-17  1.031E-17  2.848E-17
1.690E+03  8.917E-28  3.998E-17  1.064E-17  2.934E-17
1.675E+03  9.275E-28  4.121E-17  1.098E-17  3.023E-17
1.660E+03  9.647E-28  4.247E-17  1.133E-17  3.114E-17
1.644E+03  1.003E-27  4.377E-17  1.169E-17  3.208E-17
1.629E+03  1.044E-27  4.511E-17  1.206E-17  3.305E-17
1.614E+03  1.086E-27  4.649E-17  1.244E-17  3.404E-17
1.600E+03  1.129E-27  4.791E-17  1.284E-17  3.507E-17
1.585E+03  1.175E-27  4.938E-17  1.325E-17  3.613E-17
1.570E+03  1.222E-27  5.089E-17  1.367E-17  3.722E-17
1.556E+03  1.271E-27  5.245E-17  1.410E-17  3.835E-17
1.542E+03  1.322E-27  5.405E-17  1.455E-17  3.950E-17
1.528E+03  1.375E-27  5.571E-17  1.501E-17  4.070E-17
1.514E+03  1.430E-27  5.742E-17  1.549E-17  4.192E-17
1.500E+03  1.488E-27  5.917E-17  1.598E-17  4.319E-17
1.486E+03  1.547E-27  6.099E-17  1.649E-17  4.450E-17
1.472E+03  1.609E-27  6.286E-17  1.702E-17  4.584E-17
1.459E+03  1.674E-27  6.479E-17  1.756E-17  4.723E-17
1.445E+03  1.742E-27  6.677E-17  1.811E-17  4.866E-17
1.432E+03  1.812E-27  6.882E-17  1.869E-17  5.013E-17
1.419E+03  1.884E-27  7.093E-17  1.928E-17  5.165E-17
1.406E+03  1.960E-27  7.311E-17  1.990E-17  5.321E-17
1.393E+03  2.039E-27  7.535E-17  2.053E-17  5.482E-17
1.380E+03  2.121E-27  7.766E-17  2.118E-17  5.648E-17
1.368E+03  2.206E-27  8.004E-17  2.185E-17  5.819E-17
1.355E+03  2.295E-27  8.249E-17  2.255E-17  5.995E-17
1.343E+03  2.387E-27  8.502E-17  2.326E-17  6.176E-17
1.330E+03  2.483E-27  8.763E-17  2.400E-17  6.363E-17
1.318E+03  2.583E-27  9.031E-17  2.476E-17  6.555E-17
1.306E+03  2.687E-27  9.308E-17  2.555E-17  6.753E-17
1.294E+03  2.794E-27  9.593E-17  2.636E-17  6.957E-17
1.282E+03  2.907E-27  9.887E-17  2.720E-17  7.167E-17
1.271E+03  3.023E-27  1.019E-16  2.806E-17  7.384E-17
1.259E+03  3.145E-27  1.050E-16  2.895E-17  7.607E-17
1.247E+03  3.271E-27  1.082E-16  2.987E-17  7.836E-17
1.236E+03  3.402E-27  1.115E-16  3.082E-17  8.073E-17
1.225E+03  3.539E-27  1.150E-16  3.179E-17  8.316E-17
1.213E+03  3.681E-27  1.185E-16  3.280E-17  8.567E-17
1.202E+03  3.828E-27  1.221E-16  3.384E-17  8.825E-17
1.191E+03  3.982E-27  1.258E-16  3.491E-17  9.090E-17
1.180E+03  4.141E-27  1.297E-16  3.602E-17  9.364E-17
1.169E+03  4.307E-27  1.336E-16  3.716E-17  9.646E-17
1.159E+03  4.480E-27  1.377E-16  3.834E-17  9.936E-17
1.148E+03  4.659E-27  1.419E-16  3.955E-17  1.023E-16
1.138E+03  4.846E-27  1.462E-16  4.080E-17  1.054E-16
1.127E+03  5.039E-27  1.507E-16  4.209E-17  1.086E-16
1.117E+03  5.241E-27  1.553E-16  4.343E-17  1.118E-16
1.107E+03  5.450E-27  1.600E-16  4.480E-17  1.152E-16
1.096E+03  5.668E-27  1.649E-16  4.622E-17  1.186E-16
1.086E+03  5.895E-27  1.699E-16  4.768E-17  1.222E-16
1.076E+03  6.130E-27  1.750E-16  4.918E-17  1.259E-16
1.067E+03  6.374E-27  1.803E-16  5.074E-17  1.296E-16
1.057E+03  6.629E-27  1.858E-16  5.234E-17  1.335E-16
1.047E+03  6.893E-27  1.915E-16  5.399E-17  1.375E-16
1.038E+03  7.167E-27  1.973E-16  5.569E-17  1.416E-16
1.028E+03  7.453E-27  2.032E-16  5.745E-17  1.458E-16
1.019E+03  7.749E-27  2.094E-16  5.926E-17  1.501E-16
1.009E+03  8.057E-27  2.157E-16  6.113E-17  1.546E-16
1.000E+03  8.378E-27  2.222E-16  6.306E-17  1.592E-16
9.908E+02  8.711E-27  2.289E-16  6.505E-17  1.639E-16
9.817E+02  9.057E-27  2.359E-16  6.709E-17  1.688E-16
9.727E+02  9.417E-27  2.430E-16  6.921E-17  1.738E-16
9.638E+02  9.792E-27  2.503E-16  7.138E-17  1.789E-16
9.550E+02  1.018E-26  2.579E-16  7.363E-17  1.843E-16
9.462E+02  1.058E-26  2.657E-16  7.594E-17  1.897E-16
9.376E+02  1.100E-26  2.737E-16  7.833E-17  1.953E-16
9.290E+02  1.144E-26  2.819E-16  8.079E-17  2.011E-16
9.204E+02  1.189E-26  2.904E-16  8.333E-17  2.070E-16
9.120E+02  1.236E-26  2.991E-16  8.595E-17  2.131E-16
9.036E+02  1.285E-26  3.081E-16  8.864E-17  2.194E-16
8.954E+02  1.336E-26  3.173E-16  9.142E-17  2.259E-16
8.872E+02  1.389E-26  3.268E-16  9.429E-17  2.325E-16
8.790E+02  1.443E-26  3.366E-16  9.724E-17  2.393E-16
8.710E+02  1.500E-26  3.466E-16  1.003E-16  2.463E-16
8.630E+02  1.559E-26  3.569E-16  1.034E-16  2.535E-16
8.551E+02  1.621E-26  3.676E-16  1.067E-16  2.609E-16
8.472E+02  1.684E-26  3.785E-16  1.100E-16  2.685E-16
8.395E+02  1.750E-26  3.897E-16  1.134E-16  2.763E-16
8.318E+02  1.819E-26  4.013E-16  1.170E-16  2.843E-16
8.241E+02  1.890E-26  4.132E-16  1.206E-16  2.925E-16
8.166E+02  1.964E-26  4.254E-16  1.244E-16  3.010E-16
8.091E+02  2.041E-26  4.380E-16  1.283E-16  3.097E-16
8.017E+02  2.120E-26  4.509E-16  1.323E-16  3.186E-16
7.943E+02  2.203E-26  4.642E-16  1.364E-16  3.278E-16
7.870E+02  2.289E-26  4.778E-16  1.406E-16  3.372E-16
7.798E+02  2.378E-26  4.919E-16  1.450E-16  3.468E-16
7.727E+02  2.470E-26  5.063E-16  1.495E-16  3.568E-16
7.656E+02  2.566E-26  5.211E-16  1.542E-16  3.670E-16
7.586E+02  2.666E-26  5.364E-16  1.590E-16  3.774E-16
7.516E+02  2.769E-26  5.521E-16  1.639E-16  3.882E-16
7.447E+02  2.877E-26  5.682E-16  1.690E-16  3.993E-16
7.379E+02  2.988E-26  5.849E-16  1.742E-16  4.107E-16
7.311E+02  3.104E-26  6.020E-16  1.796E-16  4.224E-16
7.244E+02  3.224E-26  6.196E-16  1.852E-16  4.344E-16
7.178E+02  3.349E-26  6.377E-16  1.909E-16  4.468E-16
7.112E+02  3.479E-26  6.564E-16  1.968E-16  4.596E-16
7.047E+02  3.614E-26  6.755E-16  2.029E-16  4.726E-16
6.982E+02  3.754E-26  6.952E-16  2.091E-16  4.861E-16
6.918E+02  3.899E-26  7.155E-16  2.156E-16  4.999E-16
6.855E+02  4.050E-26  7.363E-16  2.222E-16  5.141E-16
6.792E+02  4.206E-26  7.578E-16  2.291E-16  5.287E-16
6.730E+02  4.368E-26  7.797E-16  2.361E-16  5.436E-16
6.668E+02  4.536E-26  8.023E-16  2.434E-16  5.589E-16
6.607E+02  4.710E-26  8.255E-16  2.508E-16  5.747E-16
6.546E+02  4.892E-26  8.495E-16  2.585E-16  5.909E-16
6.486E+02  5.081E-26  8.742E-16  2.665E-16  6.077E-16
6.427E+02  5.277E-26  8.996E-16  2.746E-16  6.250E-16
6.368E+02  5.480E-26  9.257E-16  2.830E-16  6.427E-16
6.310E+02  5.692E-26  9.526E-16  2.917E-16  6.609E-16
6.252E+02  5.911E-26  9.802E-16  3.006E-16  6.796E-16
6.194E+02  6.139E-26  1.009E-15  3.098E-16  6.989E-16
6.138E+02  6.375E-26  1.038E-15  3.192E-16  7.187E-16
6.081E+02  6.620E-26  1.068E-15  3.289E-16  7.390E-16
6.026E+02  6.875E-26  1.099E-15  3.389E-16  7.599E-16
5.970E+02  7.140E-26  1.131E-15  3.492E-16  7.814E-16
5.916E+02  7.414E-26  1.163E-15  3.598E-16  8.035E-16
5.861E+02  7.699E-26  1.197E-15  3.708E-16  8.262E-16
5.808E+02  7.994E-26  1.232E-15  3.820E-16  8.496E-16
5.754E+02  8.301E-26  1.267E-15  3.936E-16  8.735E-16
5.702E+02  8.620E-26  1.304E-15  4.055E-16  8.982E-16
5.649E+02  8.950E-26  1.341E-15  4.177E-16  9.235E-16
5.598E+02  9.293E-26  1.380E-15  4.303E-16  9.495E-16
5.546E+02  9.649E-26  1.420E-15  4.433E-16  9.763E-16
5.495E+02  1.002E-25  1.460E-15  4.566E-16  1.004E-15
5.445E+02  1.040E-25  1.502E-15  4.703E-16  1.032E-15
5.395E+02  1.080E-25  1.546E-15  4.845E-16  1.061E-15
5.346E+02  1.121E-25  1.590E-15  4.990E-16  1.091E-15
5.297E+02  1.164E-25  1.636E-15  5.139E-16  1.122E-15
5.248E+02  1.209E-25  1.682E-15  5.293E-16  1.153E-15
5.200E+02  1.255E-25  1.731E-15  5.451E-16  1.185E-15
5.152E+02  1.302E-25  1.780E-15  5.614E-16  1.219E-15
5.105E+02  1.352E-25  1.831E-15  5.781E-16  1.253E-15
5.058E+02  1.404E-25  1.883E-15  5.953E-16  1.288E-15
5.012E+02  1.457E-25  1.937E-15  6.130E-16  1.324E-15
4.966E+02  1.512E-25  1.992E-15  6.311E-16  1.361E-15
4.920E+02  1.570E-25  2.049E-15  6.498E-16  1.399E-15
4.875E+02  1.629E-25  2.107E-15  6.690E-16  1.438E-15
4.831E+02  1.691E-25  2.167E-15  6.888E-16  1.478E-15
4.786E+02  1.755E-25  2.228E-15  7.091E-16  1.519E-15
4.742E+02  1.821E-25  2.291E-15  7.300E-16  1.561E-15
4.699E+02  1.890E-25  2.356E-15  7.514E-16  1.605E-15
4.656E+02  1.962E-25  2.423E-15  7.735E-16  1.649E-15
4.613E+02  2.036E-25  2.491E-15  7.961E-16  1.695E-15
4.571E+02  2.112E-25  2.561E-15  8.194E-16  1.742E-15
4.529E+02  2.192E-25  2.633E-15  8.433E-16  1.790E-15
4.487E+02  2.274E-25  2.707E-15  8.679E-16  1.839E-15
4.446E+02  2.360E-25  2.783E-15  8.932E-16  1.890E-15
4.406E+02  2.448E-25  2.861E-15  9.191E-16  1.942E-15
4.365E+02  2.540E-25  2.941E-15  9.457E-16  1.995E-15
4.325E+02  2.635E-25  3.023E-15  9.731E-16  2.050E-15
4.285E+02  2.733E-25  3.107E-15  1.001E-15  2.106E-15
4.246E+02  2.836E-25  3.194E-15  1.030E-15  2.164E-15
4.207E+02  2.941E-25  3.282E-15  1.060E-15  2.223E-15
4.169E+02  3.051E-25  3.374E-15  1.090E-15  2.283E-15
4.130E+02  3.164E-25  3.467E-15  1.121E-15  2.346E-15
4.093E+02  3.282E-25  3.563E-15  1.153E-15  2.409E-15
4.055E+02  3.404E-25  3.661E-15  1.186E-15  2.475E-15
4.018E+02  3.530E-25  3.762E-15  1.220E-15  2.542E-15
3.981E+02  3.660E-25  3.865E-15  1.255E-15  2.611E-15
3.945E+02  3.796E-25  3.972E-15  1.290E-15  2.681E-15
3.908E+02  3.936E-25  4.080E-15  1.327E-15  2.754E-15
3.873E+02  4.081E-25  4.192E-15  1.364E-15  2.828E-15
3.837E+02  4.231E-25  4.306E-15  1.403E-15  2.904E-15
3.802E+02  4.387E-25  4.424E-15  1.442E-15  2.982E-15
3.767E+02  4.547E-25  4.544E-15  1.482E-15  3.062E-15
3.733E+02  4.714E-25  4.667E-15  1.524E-15  3.144E-15
3.698E+02  4.886E-25  4.794E-15  1.566E-15  3.227E-15
3.664E+02  5.065E-25  4.923E-15  1.610E-15  3.313E-15
3.631E+02  5.249E-25  5.056E-15  1.654E-15  3.401E-15
3.597E+02  5.440E-25  5.191E-15  1.700E-15  3.491E-15
3.565E+02  5.638E-25  5.330E-15  1.747E-15  3.583E-15
3.532E+02  5.842E-25  5.473E-15  1.795E-15  3.678E-15
3.499E+02  6.053E-25  5.619E-15  1.844E-15  3.774E-15
3.467E+02  6.271E-25  5.768E-15  1.895E-15  3.873E-15
3.436E+02  6.497E-25  5.921E-15  1.946E-15  3.975E-15
3.404E+02  6.731E-25  6.078E-15  1.999E-15  4.078E-15
3.373E+02  6.972E-25  6.238E-15  2.054E-15  4.184E-15
3.342E+02  7.221E-25  6.402E-15  2.109E-15  4.292E-15
3.311E+02  7.479E-25  6.569E-15  2.166E-15  4.403E-15
3.281E+02  7.745E-25  6.741E-15  2.224E-15  4.517E-15
3.251E+02  8.020E-25  6.916E-15  2.284E-15  4.632E-15
3.221E+02  8.304E-25  7.095E-15  2.345E-15  4.751E-15
3.192E+02  8.598E-25  7.279E-15  2.407E-15  4.872E-15
3.162E+02  8.901E-25  7.466E-15  2.471E-15  4.995E-15
3.133E+02  9.214E-25  7.658E-15  2.536E-15  5.122E-15
3.105E+02  9.537E-25  7.854E-15  2.603E-15  5.251E-15
3.076E+02  9.870E-25  8.054E-15  2.672E-15  5.382E-15
3.048E+02  1.021E-24  8.258E-15  2.741E-15  5.517E-15
3.020E+02  1.057E-24  8.467E-15  2.813E-15  5.654E-15
2.992E+02  1.094E-24  8.680E-15  2.886E-15  5.794E-15
2.965E+02  1.131E-24  8.898E-15  2.961E-15  5.937E-15
2.938E+02  1.170E-24  9.120E-15  3.037E-15  6.083E-15
2.911E+02  1.211E-24  9.347E-15  3.115E-15  6.231E-15
2.884E+02  1.252E-24  9.578E-15  3.195E-15  6.383E-15
2.858E+02  1.295E-24  9.814E-15  3.276E-15  6.538E-15
2.831E+02  1.339E-24  1.005E-14  3.359E-15  6.695E-15
2.805E+02  1.384E-24  1.030E-14  3.444E-15  6.856E-15
2.780E+02  1.431E-24  1.055E-14  3.531E-15  7.019E-15
2.754E+02  1.479E-24  1.081E-14  3.620E-15  7.186E-15
2.729E+02  1.529E-24  1.107E-14  3.710E-15  7.357E-15
2.704E+02  1.580E-24  1.133E-14  3.802E-15  7.531E-15
2.679E+02  1.633E-24  1.161E-14  3.897E-15  7.709E-15
2.655E+02  1.687E-24  1.188E-14  3.993E-15  7.890E-15
2.630E+02  1.744E-24  1.216E-14  4.091E-15  8.074E-15
2.606E+02  1.801E-24  1.245E-14  4.191E-15  8.261E-15
2.582E+02  1.861E-24  1.274E-14  4.293E-15  8.452E-15
2.559E+02  1.921E-24  1.304E-14  4.397E-15  8.644E-15
2.535E+02  1.984E-24  1.334E-14  4.503E-15  8.837E-15
2.512E+02  2.047E-24  1.364E-14  4.611E-15  9.031E-15
2.489E+02  2.112E-24  1.394E-14  4.721E-15  9.221E-15
2.466E+02  2.177E-24  1.424E-14  4.833E-15  9.405E-15
2.443E+02  2.243E-24  1.454E-14  4.947E-15  9.590E-15
2.421E+02  2.310E-24  1.484E-14  5.063E-15  9.773E-15
2.399E+02  2.379E-24  1.514E-14  5.182E-15  9.955E-15
2.377E+02  2.448E-24  1.543E-14  5.303E-15  1.013E-14
2.355E+02  2.519E-24  1.573E-14  5.426E-15  1.031E-14
2.333E+02  2.591E-24  1.604E-14  5.551E-15  1.049E-14
2.312E+02  2.665E-24  1.634E-14  5.678E-15  1.066E-14
2.291E+02  2.740E-24  1.665E-14  5.807E-15  1.084E-14
2.270E+02  2.817E-24  1.696E-14  5.939E-15  1.102E-14
2.249E+02  2.896E-24  1.728E-14  6.073E-15  1.120E-14
2.228E+02  2.976E-24  1.759E-14  6.210E-15  1.138E-14
2.208E+02  3.059E-24  1.791E-14  6.348E-15  1.157E-14
2.188E+02  3.143E-24  1.824E-14  6.489E-15  1.175E-14
2.168E+02  3.228E-24  1.856E-14  6.632E-15  1.193E-14
2.148E+02  3.315E-24  1.889E-14  6.778E-15  1.211E-14
2.128E+02  3.404E-24  1.922E-14  6.926E-15  1.229E-14
2.109E+02  3.495E-24  1.955E-14  7.077E-15  1.247E-14
2.089E+02  3.587E-24  1.988E-14  7.230E-15  1.265E-14
2.070E+02  3.681E-24  2.022E-14  7.385E-15  1.283E-14
2.051E+02  3.777E-24  2.055E-14  7.543E-15  1.301E-14
2.032E+02  3.875E-24  2.089E-14  7.703E-15  1.319E-14
2.014E+02  3.974E-24  2.123E-14  7.866E-15  1.336E-14
1.995E+02  4.075E-24  2.157E-14  8.032E-15  1.354E-14
1.977E+02  4.178E-24  2.191E-14  8.200E-15  1.371E-14
1.959E+02  4.283E-24  2.225E-14  8.371E-15  1.388E-14
1.941E+02  4.389E-24  2.260E-14  8.544E-15  1.405E-14
1.923E+02  4.497E-24  2.294E-14  8.720E-15  1.422E-14
1.905E+02  4.607E-24  2.328E-14  8.900E-15  1.438E-14
1.888E+02  4.718E-24  2.363E-14  9.082E-15  1.455E-14
1.871E+02  4.832E-24  2.398E-14  9.267E-15  1.471E-14
1.854E+02  4.947E-24  2.432E-14  9.455E-15  1.487E-14
1.837E+02  5.064E-24  2.467E-14  9.646E-15  1.502E-14
1.820E+02  5.183E-24  2.502E-14  9.841E-15  1.518E-14
1.803E+02  5.304E-24  2.537E-14  1.004E-14  1.533E-14
1.786E+02  5.426E-24  2.571E-14  1.024E-14  1.547E-14
1.770E+02  5.551E-24  2.606E-14  1.045E-14  1.562E-14
1.754E+02  5.677E-24  2.641E-14  1.066E-14  1.576E-14
1.738E+02  5.806E-24  2.676E-14  1.087E-14  1.589E-14
1.722E+02  5.936E-24  2.711E-14  1.109E-14  1.602E-14
1.706E+02  6.069E-24  2.746E-14  1.131E-14  1.615E-14
1.690E+02  6.203E-24  2.782E-14  1.154E-14  1.628E-14
1.675E+02  6.340E-24  2.817E-14  1.177E-14  1.640E-14
1.660E+02  6.479E-24  2.852E-14  1.201E-14  1.651E-14
1.644E+02  6.621E-24  2.888E-14  1.226E-14  1.662E-14
1.629E+02  6.765E-24  2.924E-14  1.251E-14  1.673E-14
1.614E+02  6.912E-24  2.960E-14  1.277E-14  1.683E-14
1.600E+02  7.062E-24  2.996E-14  1.304E-14  1.692E-14
1.585E+02  7.214E-24  3.033E-14  1.332E-14  1.701E-14
1.570E+02  7.370E-24  3.070E-14  1.360E-14  1.710E-14
1.556E+02  7.529E-24  3.108E-14  1.390E-14  1.718E-14
1.542E+02  7.692E-24  3.146E-14  1.421E-14  1.725E-14
1.528E+02  7.858E-24  3.184E-14  1.453E-14  1.732E-14
1.514E+02  8.028E-24  3.223E-14  1.485E-14  1.738E-14
1.500E+02  8.201E-24  3.263E-14  1.519E-14  1.743E-14
1.486E+02  8.378E-24  3.302E-14  1.554E-14  1.748E-14
1.472E+02  8.556E-24  3.342E-14  1.589E-14  1.752E-14
1.459E+02  8.735E-24  3.380E-14  1.624E-14  1.756E-14
1.445E+02  8.912E-24  3.417E-14  1.658E-14  1.759E-14
1.432E+02  9.084E-24  3.451E-14  1.690E-14  1.761E-14
1.419E+02  9.248E-24  3.481E-14  1.718E-14  1.763E-14
1.406E+02  9.398E-24  3.505E-14  1.741E-14  1.764E-14
1.393E+02  9.533E-24  3.523E-14  1.759E-14  1.764E-14
1.380E+02  9.651E-24  3.534E-14  1.770E-14  1.764E-14
1.368E+02  9.751E-24  3.538E-14  1.775E-14  1.763E-14
1.355E+02  9.836E-24  3.536E-14  1.775E-14  1.761E-14
1.343E+02  9.910E-24  3.530E-14  1.771E-14  1.759E-14
1.330E+02  9.975E-24  3.520E-14  1.765E-14  1.755E-14
1.318E+02  1.004E-23  3.510E-14  1.759E-14  1.751E-14
1.306E+02  1.010E-23  3.498E-14  1.752E-14  1.746E-14
1.294E+02  1.016E-23  3.486E-14  1.746E-14  1.741E-14
1.282E+02  1.022E-23  3.475E-14  1.740E-14  1.735E-14
1.271E+02  1.028E-23  3.464E-14  1.736E-14  1.728E-14
1.259E+02  1.034E-23  3.452E-14  1.733E-14  1.720E-14
1.247E+02  1.040E-23  3.442E-14  1.730E-14  1.711E-14
1.236E+02  1.047E-23  3.431E-14  1.729E-14  1.702E-14
1.225E+02  1.053E-23  3.421E-14  1.729E-14  1.692E-14
1.213E+02  1.060E-23  3.411E-14  1.729E-14  1.682E-14
1.202E+02  1.066E-23  3.401E-14  1.731E-14  1.671E-14
1.191E+02  1.073E-23  3.391E-14  1.732E-14  1.659E-14
1.180E+02  1.080E-23  3.380E-14  1.734E-14  1.646E-14
1.169E+02  1.086E-23  3.369E-14  1.737E-14  1.632E-14
1.159E+02  1.092E-23  3.358E-14  1.740E-14  1.618E-14
1.148E+02  1.099E-23  3.346E-14  1.742E-14  1.603E-14
1.138E+02  1.105E-23  3.334E-14  1.746E-14  1.588E-14
1.127E+02  1.111E-23  3.321E-14  1.749E-14  1.572E-14
1.117E+02  1.116E-23  3.308E-14  1.752E-14  1.556E-14
1.107E+02  1.122E-23  3.294E-14  1.755E-14  1.538E-14
1.096E+02  1.128E-23  3.279E-14  1.758E-14  1.521E-14
1.086E+02  1.133E-23  3.264E-14  1.762E-14  1.503E-14
1.076E+02  1.138E-23  3.248E-14  1.764E-14  1.484E-14
1.067E+02  1.142E-23  3.232E-14  1.767E-14  1.465E-14
1.057E+02  1.147E-23  3.214E-14  1.769E-14  1.445E-14
1.047E+02  1.151E-23  3.196E-14  1.771E-14  1.425E-14
1.038E+02  1.155E-23  3.177E-14  1.773E-14  1.404E-14
1.028E+02  1.158E-23  3.158E-14  1.774E-14  1.383E-14
1.019E+02  1.161E-23  3.137E-14  1.775E-14  1.362E-14
1.009E+02  1.164E-23  3.115E-14  1.775E-14  1.340E-14
1.000E+02  1.166E-23  3.092E-14  1.775E-14  1.317E-14
9.908E+01  1.168E-23  3.069E-14  1.774E-14  1.295E-14
9.817E+01  1.169E-23  3.045E-14  1.773E-14  1.272E-14
9.727E+01  1.170E-23  3.019E-14  1.771E-14  1.248E-14
9.638E+01  1.171E-23  2.993E-14  1.768E-14  1.225E-14
9.550E+01  1.171E-23  2.966E-14  1.765E-14  1.201E-14
9.462E+01  1.171E-23  2.938E-14  1.761E-14  1.177E-14
9.376E+01  1.170E-23  2.909E-14  1.756E-14  1.153E-14
9.290E+01  1.168E-23  2.879E-14  1.751E-14  1.128E-14
9.204E+01  1.167E-23  2.849E-14  1.745E-14  1.104E-14
9.120E+01  1.165E-23  2.817E-14  1.738E-14  1.079E-14
9.036E+01  1.162E-23  2.785E-14  1.731E-14  1.054E-14
8.954E+01  1.159E-23  2.753E-14  1.723E-14  1.030E-14
8.872E+01  1.156E-23  2.719E-14  1.715E-14  1.005E-14
8.790E+01  1.152E-23  2.685E-14  1.705E-14  9.800E-15
8.710E+01  1.147E-23  2.651E-14  1.696E-14  9.552E-15
8.630E+01  1.143E-23  2.616E-14  1.685E-14  9.305E-15
8.551E+01  1.138E-23  2.580E-14  1.675E-14  9.058E-15
8.472E+01  1.132E-23  2.544E-14  1.663E-14  8.811E-15
8.395E+01  1.126E-23  2.508E-14  1.651E-14  8.566E-15
8.318E+01  1.120E-23  2.470E-14  1.638E-14  8.321E-15
8.241E+01  1.113E-23  2.433E-14  1.625E-14  8.079E-15
8.166E+01  1.106E-23  2.395E-14  1.611E-14  7.839E-15
8.091E+01  1.098E-23  2.357E-14  1.597E-14  7.601E-15
8.017E+01  1.090E-23  2.318E-14  1.581E-14  7.365E-15
7.943E+01  1.082E-23  2.279E-14  1.566E-14  7.132E-15
7.870E+01  1.073E-23  2.240E-14  1.550E-14  6.900E-15
7.798E+01  1.063E-23  2.200E-14  1.533E-14  6.672E-15
7.727E+01  1.054E-23  2.160E-14  1.515E-14  6.447E-15
7.656E+01  1.044E-23  2.120E-14  1.497E-14  6.225E-15
7.586E+01  1.033E-23  2.079E-14  1.479E-14  6.007E-15
7.516E+01  1.023E-23  2.039E-14  1.460E-14  5.792E-15
7.447E+01  1.011E-23  1.998E-14  1.440E-14  5.581E-15
7.379E+01  1.000E-23  1.957E-14  1.420E-14  5.373E-15
7.311E+01  9.882E-24  1.917E-14  1.400E-14  5.169E-15
7.244E+01  9.761E-24  1.876E-14  1.379E-14  4.969E-15
7.178E+01  9.637E-24  1.835E-14  1.358E-14  4.772E-15
7.112E+01  9.510E-24  1.794E-14  1.336E-14  4.580E-15
7.047E+01  9.381E-24  1.754E-14  1.314E-14  4.393E-15
6.982E+01  9.250E-24  1.713E-14  1.292E-14  4.212E-15
6.918E+01  9.116E-24  1.673E-14  1.269E-14  4.034E-15
6.855E+01  8.979E-24  1.633E-14  1.247E-14  3.860E-15
6.792E+01  8.840E-24  1.593E-14  1.224E-14  3.690E-15
6.730E+01  8.699E-24  1.553E-14  1.200E-14  3.525E-15
6.668E+01  8.556E-24  1.513E-14  1.177E-14  3.365E-15
6.607E+01  8.412E-24  1.474E-14  1.153E-14  3.210E-15
6.546E+01  8.267E-24  1.435E-14  1.130E-14  3.059E-15
6.486E+01  8.119E-24  1.397E-14  1.106E-14  2.913E-15
6.427E+01  7.971E-24  1.359E-14  1.082E-14  2.771E-15
6.368E+01  7.821E-24  1.321E-14  1.058E-14  2.634E-15
6.310E+01  7.671E-24  1.284E-14  1.034E-14  2.502E-15
6.252E+01  7.520E-24  1.247E-14  1.010E-14  2.375E-15
6.194E+01  7.368E-24  1.211E-14  9.856E-15  2.252E-15
6.138E+01  7.216E-24  1.175E-14  9.615E-15  2.133E-15
6.081E+01  7.064E-24  1.139E-14  9.375E-15  2.020E-15
6.026E+01  6.911E-24  1.105E-14  9.136E-15  1.910E-15
5.970E+01  6.758E-24  1.070E-14  8.898E-15  1.805E-15
5.916E+01  6.605E-24  1.036E-14  8.661E-15  1.703E-15
5.861E+01  6.452E-24  1.003E-14  8.426E-15  1.606E-15
5.808E+01  6.300E-24  9.705E-15  8.192E-15  1.513E-15
5.754E+01  6.148E-24  9.385E-15  7.960E-15  1.424E-15
5.702E+01  5.997E-24  9.070E-15  7.730E-15  1.339E-15
5.649E+01  5.846E-24  8.761E-15  7.503E-15  1.258E-15
5.598E+01  5.697E-24  8.458E-15  7.278E-15  1.181E-15
5.546E+01  5.548E-24  8.162E-15  7.055E-15  1.107E-15
5.495E+01  5.400E-24  7.872E-15  6.835E-15  1.037E-15
5.445E+01  5.254E-24  7.589E-15  6.618E-15  9.709E-16
5.395E+01  5.109E-24  7.312E-15  6.404E-15  9.079E-16
5.346E+01  4.965E-24  7.041E-15  6.193E-15  8.480E-16
5.297E+01  4.823E-24  6.776E-15  5.985E-15  7.913E-16
5.248E+01  4.682E-24  6.518E-15  5.781E-15  7.376E-16
5.200E+01  4.543E-24  6.267E-15  5.580E-15  6.869E-16
5.152E+01  4.406E-24  6.022E-15  5.383E-15  6.389E-16
5.105E+01  4.270E-24  5.783E-15  5.189E-15  5.937E-16
5.058E+01  4.137E-24  5.550E-15  4.999E-15  5.511E-16
5.012E+01  4.005E-24  5.324E-15  4.813E-15  5.109E-16
4.966E+01  3.875E-24  5.104E-15  4.631E-15  4.732E-16
4.920E+01  3.747E-24  4.890E-15  4.452E-15  4.378E-16
4.875E+01  3.621E-24  4.682E-15  4.278E-15  4.046E-16
4.831E+01  3.497E-24  4.481E-15  4.107E-15  3.735E-16
4.786E+01  3.375E-24  4.286E-15  3.941E-15  3.444E-16
4.742E+01  3.256E-24  4.096E-15  3.779E-15  3.173E-16
4.699E+01  3.139E-24  3.913E-15  3.621E-15  2.919E-16
4.656E+01  3.024E-24  3.735E-15  3.466E-15  2.683E-16
4.613E+01  2.911E-24  3.563E-15  3.316E-15  2.463E-16
4.571E+01  2.801E-24  3.396E-15  3.170E-15  2.258E-16
4.529E+01  2.693E-24  3.235E-15  3.028E-15  2.068E-16
4.487E+01  2.587E-24  3.080E-15  2.890E-15  1.892E-16
4.446E+01  2.484E-24  2.929E-15  2.756E-15  1.730E-16
4.406E+01  2.382E-24  2.784E-15  2.626E-15  1.579E-16
4.365E+01  2.283E-24  2.644E-15  2.500E-15  1.439E-16
4.325E+01  2.187E-24  2.509E-15  2.378E-15  1.311E-16
4.285E+01  2.092E-24  2.378E-15  2.259E-15  1.192E-16
4.246E+01  2.000E-24  2.253E-15  2.144E-15  1.083E-16
4.207E+01  1.910E-24  2.131E-15  2.033E-15  9.823E-17
4.169E+01  1.822E-24  2.015E-15  1.926E-15  8.900E-17
4.130E+01  1.736E-24  1.902E-15  1.822E-15  8.054E-17
4.093E+01  1.653E-24  1.794E-15  1.722E-15  7.278E-17
4.055E+01  1.572E-24  1.690E-15  1.625E-15  6.568E-17
4.018E+01  1.492E-24  1.591E-15  1.531E-15  5.920E-17
3.981E+01  1.415E-24  1.495E-15  1.441E-15  5.329E-17
3.945E+01  1.341E-24  1.403E-15  1.355E-15  4.790E-17
3.908E+01  1.268E-24  1.314E-15  1.271E-15  4.300E-17
3.873E+01  1.197E-24  1.230E-15  1.191E-15  3.855E-17
3.837E+01  1.129E-24  1.149E-15  1.114E-15  3.451E-17
3.802E+01  1.063E-24  1.072E-15  1.041E-15  3.086E-17
3.767E+01  9.984E-25  9.976E-16  9.701E-16  2.755E-17
3.733E+01  9.363E-25  9.270E-16  9.025E-16  2.455E-17
3.698E+01  8.764E-25  8.598E-16  8.379E-16  2.184E-17
3.664E+01  8.187E-25  7.957E-16  7.763E-16  1.941E-17
3.631E+01  7.631E-25  7.349E-16  7.177E-16  1.722E-17
3.597E+01  7.097E-25  6.772E-16  6.620E-16  1.526E-17
3.565E+01  6.585E-25  6.226E-16  6.091E-16  1.350E-17
3.532E+01  6.095E-25  5.710E-16  5.591E-16  1.194E-17
3.499E+01  5.628E-25  5.224E-16  5.118E-16  1.053E-17
3.467E+01  5.182E-25  4.766E-16  4.673E-16  9.284E-18
3.436E+01  4.759E-25  4.337E-16  4.255E-16  8.171E-18
3.404E+01  4.358E-25  3.935E-16  3.863E-16  7.181E-18
3.373E+01  3.979E-25  3.560E-16  3.497E-16  6.303E-18
3.342E+01  3.623E-25  3.212E-16  3.156E-16  5.524E-18
3.311E+01  3.288E-25  2.888E-16  2.840E-16  4.837E-18
3.281E+01  2.976E-25  2.590E-16  2.547E-16  4.230E-18
3.251E+01  2.684E-25  2.315E-16  2.278E-16  3.693E-18
3.221E+01  2.414E-25  2.062E-16  2.030E-16  3.220E-18
3.192E+01  2.163E-25  1.832E-16  1.804E-16  2.803E-18
3.162E+01  1.933E-25  1.621E-16  1.597E-16  2.437E-18
3.133E+01  1.722E-25  1.431E-16  1.410E-16  2.115E-18
3.105E+01  1.528E-25  1.259E-16  1.240E-16  1.834E-18
3.076E+01  1.353E-25  1.104E-16  1.088E-16  1.587E-18
3.048E+01  1.193E-25  9.649E-17  9.512E-17  1.371E-18
3.020E+01  1.050E-25  8.409E-17  8.290E-17  1.183E-18
2.992E+01  9.204E-26  7.306E-17  7.204E-17  1.019E-18
2.965E+01  8.047E-26  6.328E-17  6.241E-17  8.762E-19
2.938E+01  7.015E-26  5.466E-17  5.391E-17  7.522E-19
2.911E+01  6.097E-26  4.708E-17  4.643E-17  6.446E-19
2.884E+01  5.286E-26  4.044E-17  3.988E-17  5.515E-19
2.858E+01  4.570E-26  3.464E-17  3.417E-17  4.711E-19
2.831E+01  3.940E-26  2.959E-17  2.919E-17  4.018E-19
2.805E+01  3.389E-26  2.522E-17  2.488E-17  3.421E-19
2.780E+01  2.908E-26  2.144E-17  2.115E-17  2.908E-19
2.754E+01  2.490E-26  1.819E-17  1.794E-17  2.467E-19
2.729E+01  2.126E-26  1.539E-17  1.518E-17  2.090E-19
2.704E+01  1.812E-26  1.300E-17  1.282E-17  1.768E-19
2.679E+01  1.541E-26  1.095E-17  1.080E-17  1.493E-19
2.655E+01  1.308E-26  9.211E-18  9.085E-18  1.258E-19
2.630E+01  1.108E-26  7.731E-18  7.625E-18  1.058E-19
2.606E+01  9.368E-27  6.476E-18  6.387E-18  8.890E-20
2.582E+01  7.906E-27  5.415E-18  5.341E-18  7.453E-20
2.559E+01  6.660E-27  4.520E-18  4.458E-18  6.237E-20
2.535E+01  5.601E-27  3.766E-18  3.714E-18  5.210E-20
2.512E+01  4.702E-27  3.133E-18  3.090E-18  4.344E-20
2.489E+01  3.941E-27  2.602E-18  2.566E-18  3.615E-20
2.466E+01  3.298E-27  2.158E-18  2.127E-18  3.002E-20
2.443E+01  2.756E-27  1.786E-18  1.761E-18  2.489E-20
2.421E+01  2.299E-27  1.477E-18  1.456E-18  2.058E-20
2.399E+01  1.915E-27  1.219E-18  1.202E-18  1.698E-20
2.377E+01  1.593E-27  1.004E-18  9.902E-19  1.398E-20
2.355E+01  1.323E-27  8.263E-19  8.148E-19  1.151E-20
2.333E+01  1.097E-27  6.789E-19  6.695E-19  9.447E-21
2.312E+01  9.083E-28  5.570E-19  5.493E-19  7.728E-21
2.291E+01  7.511E-28  4.564E-19  4.501E-19  6.312E-21
2.270E+01  6.203E-28  3.735E-19  3.683E-19  5.154E-21
2.249E+01  5.115E-28  3.052E-19  3.010E-19  4.205E-21
2.228E+01  4.213E-28  2.490E-19  2.456E-19  3.426E-21
2.208E+01  3.465E-28  2.030E-19  2.002E-19  2.784E-21
2.188E+01  2.846E-28  1.652E-19  1.629E-19  2.253E-21
2.168E+01  2.335E-28  1.342E-19  1.324E-19  1.818E-21
2.148E+01  1.913E-28  1.090E-19  1.075E-19  1.464E-21
2.128E+01  1.565E-28  8.833E-20  8.715E-20  1.177E-21
2.109E+01  1.278E-28  7.151E-20  7.056E-20  9.459E-22
2.089E+01  1.043E-28  5.782E-20  5.706E-20  7.579E-22
2.070E+01  8.502E-29  4.668E-20  4.608E-20  6.054E-22
2.051E+01  6.918E-29  3.764E-20  3.716E-20  4.823E-22
2.032E+01  5.622E-29  3.031E-20  2.993E-20  3.837E-22
2.014E+01  4.564E-29  2.438E-20  2.407E-20  3.057E-22
1.995E+01  3.699E-29  1.958E-20  1.933E-20  2.428E-22
1.977E+01  2.994E-29  1.570E-20  1.551E-20  1.923E-22
1.959E+01  2.419E-29  1.257E-20  1.242E-20  1.516E-22
1.941E+01  1.952E-29  1.005E-20  9.931E-21  1.190E-22
1.923E+01  1.573E-29  8.022E-21  7.929E-21  9.296E-23
1.905E+01  1.265E-29  6.392E-21  6.320E-21  7.227E-23
1.888E+01  1.016E-29  5.086E-21  5.030E-21  5.592E-23
1.871E+01  8.142E-30  4.040E-21  3.997E-21  4.303E-23
1.854E+01  6.518E-30  3.205E-21  3.172E-21  3.294E-23
1.837E+01  5.209E-30  2.538E-21  2.512E-21  2.509E-23
1.820E+01  4.156E-30  2.006E-21  1.987E-21  1.900E-23
1.803E+01  3.310E-30  1.583E-21  1.569E-21  1.432E-23
1.786E+01  2.632E-30  1.247E-21  1.236E-21  1.074E-23
1.770E+01  2.089E-30  9.809E-22  9.729E-22  8.011E-24
1.754E+01  1.656E-30  7.704E-22  7.644E-22  5.940E-24
1.738E+01  1.310E-30  6.041E-22  5.997E-22  4.382E-24
1.722E+01  1.035E-30  4.728E-22  4.696E-22  3.217E-24
1.706E+01  8.164E-31  3.695E-22  3.671E-22  2.353E-24
1.690E+01  6.427E-31  2.882E-22  2.865E-22  1.713E-24
1.675E+01  5.051E-31  2.244E-22  2.232E-22  1.242E-24
1.660E+01  3.962E-31  1.744E-22  1.735E-22  8.956E-25
1.644E+01  3.102E-31  1.353E-22  1.347E-22  6.431E-25
1.629E+01  2.423E-31  1.047E-22  1.043E-22  4.598E-25
1.614E+01  1.890E-31  8.092E-23  8.059E-23  3.278E-25
1.600E+01  1.471E-31  6.241E-23  6.217E-23  2.329E-25
1.585E+01  1.142E-31  4.803E-23  4.787E-23  1.649E-25
1.570E+01  8.857E-32  3.689E-23  3.678E-23  1.164E-25
1.556E+01  6.852E-32  2.828E-23  2.820E-23  8.192E-26
1.542E+01  5.290E-32  2.163E-23  2.157E-23  5.749E-26
1.528E+01  4.075E-32  1.651E-23  1.647E-23  4.025E-26
1.514E+01  3.133E-32  1.258E-23  1.255E-23  2.811E-26
1.500E+01  2.404E-32  9.561E-24  9.542E-24  1.960E-26
1.486E+01  1.840E-32  7.252E-24  7.238E-24  1.362E-26
1.472E+01  1.405E-32  5.489E-24  5.479E-24  9.443E-27
1.459E+01  1.071E-32  4.145E-24  4.139E-24  6.531E-27
1.445E+01  8.146E-33  3.123E-24  3.119E-24  4.525E-27
1.432E+01  6.181E-33  2.348E-24  2.345E-24  3.141E-27
1.419E+01  4.679E-33  1.761E-24  1.759E-24  2.190E-27
1.406E+01  3.533E-33  1.318E-24  1.316E-24  1.535E-27
1.393E+01  2.660E-33  9.832E-25  9.821E-25  1.084E-27
1.380E+01  1.999E-33  7.319E-25  7.312E-25  7.702E-28
1.368E+01  1.498E-33  5.436E-25  5.431E-25  5.506E-28
1.355E+01  1.121E-33  4.028E-25  4.024E-25  3.945E-28
1.343E+01  8.357E-34  2.976E-25  2.974E-25  2.827E-28
1.330E+01  6.215E-34  2.193E-25  2.191E-25  2.021E-28
1.318E+01  4.610E-34  1.612E-25  1.611E-25  1.442E-28
1.306E+01  3.411E-34  1.182E-25  1.181E-25  1.024E-28
1.294E+01  2.517E-34  8.642E-26  8.635E-26  7.259E-29
1.282E+01  1.853E-34  6.302E-26  6.297E-26  5.143E-29
1.271E+01  1.360E-34  4.583E-26  4.580E-26  3.635E-29
1.259E+01  9.951E-35  3.323E-26  3.321E-26  2.560E-29
1.247E+01  7.259E-35  2.402E-26  2.400E-26  1.795E-29
1.236E+01  5.278E-35  1.730E-26  1.729E-26  1.253E-29
1.225E+01  3.824E-35  1.242E-26  1.241E-26  8.697E-30
1.213E+01  2.763E-35  8.893E-27  8.887E-27  6.026E-30
1.202E+01  1.991E-35  6.349E-27  6.345E-27  4.173E-30
1.191E+01  1.430E-35  4.518E-27  4.515E-27  2.877E-30
1.180E+01  1.023E-35  3.204E-27  3.202E-27  1.975E-30
1.169E+01  7.305E-36  2.266E-27  2.265E-27  1.348E-30
1.159E+01  5.249E-36  1.614E-27  1.613E-27  9.129E-31
1.148E+01  4.133E-36  1.259E-27  1.258E-27  6.153E-31
1.138E+01  2.671E-36  8.060E-28  8.056E-28  4.139E-31
1.127E+01  1.872E-36  5.597E-28  5.594E-28  2.777E-31
1.117E+01  1.311E-36  3.885E-28  3.883E-28  1.858E-31
1.107E+01  9.163E-37  2.690E-28  2.689E-28  1.238E-31
1.096E+01  6.394E-37  1.860E-28  1.859E-28  8.203E-32
1.086E+01  4.451E-37  1.283E-28  1.282E-28  5.417E-32
1.076E+01  3.088E-37  8.818E-29  8.814E-29  3.575E-32
1.067E+01  2.136E-37  6.043E-29  6.041E-29  2.356E-32
1.057E+01  1.473E-37  4.128E-29  4.127E-29  1.550E-32
1.047E+01  1.012E-37  2.811E-29  2.810E-29  1.012E-32
1.038E+01  6.930E-38  1.907E-29  1.907E-29  6.539E-33
1.028E+01  4.730E-38  1.290E-29  1.289E-29  4.171E-33
1.019E+01  3.217E-38  8.693E-30  8.690E-30  2.630E-33
1.009E+01  2.181E-38  5.838E-30  5.836E-30  1.646E-33
1.000E+01  1.473E-38  3.907E-30  3.906E-30  1.026E-33
9.908E+00  9.916E-39  2.606E-30  2.606E-30  6.376E-34
9.817E+00  6.652E-39  1.732E-30  1.732E-30  3.950E-34
9.727E+00  4.447E-39  1.147E-30  1.147E-30  2.438E-34
9.638E+00  2.962E-39  7.573E-31  7.572E-31  1.496E-34
9.550E+00  1.966E-39  4.981E-31  4.980E-31  9.079E-35
9.462E+00  1.301E-39  3.265E-31  3.264E-31  5.431E-35
9.376E+00  8.573E-40  2.132E-31  2.132E-31  3.193E-35
9.290E+00  5.630E-40  1.387E-31  1.387E-31  1.841E-35
9.204E+00  3.684E-40  8.995E-32  8.994E-32  1.040E-35
9.120E+00  2.402E-40  5.812E-32  5.811E-32  5.767E-36
9.036E+00  1.561E-40  3.742E-32  3.741E-32  3.143E-36
8.954E+00  1.011E-40  2.401E-32  2.400E-32  1.691E-36
8.872E+00  6.523E-41  1.535E-32  1.535E-32  9.026E-37
8.790E+00  4.197E-41  9.785E-33  9.785E-33  4.795E-37
8.710E+00  2.692E-41  6.219E-33  6.219E-33  2.543E-37
8.630E+00  1.720E-41  3.937E-33  3.937E-33  1.349E-37
8.551E+00  1.092E-41  2.478E-33  2.478E-33  7.150E-38
8.472E+00  6.904E-42  1.552E-33  1.551E-33  3.768E-38
8.395E+00  4.349E-42  9.684E-34  9.684E-34  1.961E-38
8.318E+00  2.731E-42  6.026E-34  6.026E-34  9.995E-39
8.241E+00  1.710E-42  3.738E-34  3.738E-34  4.972E-39
8.166E+00  1.067E-42  2.311E-34  2.311E-34  2.409E-39
8.091E+00  6.640E-43  1.425E-34  1.425E-34  1.153E-39
8.017E+00  4.122E-43  8.765E-35  8.765E-35  5.451E-40
7.943E+00  2.552E-43  5.377E-35  5.377E-35  2.558E-40
7.870E+00  1.573E-43  3.283E-35  3.283E-35  1.192E-40
7.798E+00  9.623E-44  1.991E-35  1.991E-35  5.526E-41
7.727E+00  5.856E-44  1.200E-35  1.200E-35  2.564E-41
7.656E+00  3.553E-44  7.215E-36  7.215E-36  1.194E-41
7.586E+00  2.142E-44  4.311E-36  4.311E-36  5.590E-42
7.516E+00  1.280E-44  2.553E-36  2.553E-36  2.652E-42
7.447E+00  7.615E-45  1.504E-36  1.504E-36  1.279E-42
7.379E+00  4.518E-45  8.844E-37  8.844E-37  6.235E-43
7.311E+00  2.674E-45  5.185E-37  5.185E-37  3.086E-43
7.244E+00  1.577E-45  3.030E-37  3.030E-37  1.537E-43
7.178E+00  9.268E-46  1.765E-37  1.765E-37  7.673E-44
7.112E+00  5.426E-46  1.024E-37  1.024E-37  3.852E-44
7.047E+00  3.165E-46  5.916E-38  5.916E-38  1.936E-44
6.982E+00  1.839E-46  3.405E-38  3.405E-38  9.690E-45
6.918E+00  1.064E-46  1.952E-38  1.952E-38  4.837E-45
6.855E+00  6.133E-47  1.115E-38  1.115E-38  2.403E-45
6.792E+00  3.521E-47  6.344E-39  6.344E-39  1.187E-45
6.730E+00  2.013E-47  3.593E-39  3.593E-39  5.836E-46
6.668E+00  1.145E-47  2.026E-39  2.026E-39  2.852E-46
6.607E+00  6.485E-48  1.136E-39  1.136E-39  1.384E-46
6.546E+00  3.655E-48  6.348E-40  6.348E-40  6.678E-47
6.486E+00  2.052E-48  3.530E-40  3.530E-40  3.202E-47
6.427E+00  1.147E-48  1.956E-40  1.956E-40  1.525E-47
6.368E+00  6.399E-49  1.081E-40  1.081E-40  7.215E-48
6.310E+00  3.526E-49  5.901E-41  5.901E-41  3.391E-48
6.252E+00  1.997E-49  3.312E-41  3.312E-41  1.583E-48
6.194E+00  1.096E-49  1.800E-41  1.800E-41  7.338E-49
6.138E+00  5.905E-50  9.614E-42  9.614E-42  3.376E-49
6.081E+00  3.180E-50  5.130E-42  5.130E-42  1.544E-49
6.026E+00  1.712E-50  2.736E-42  2.736E-42  7.013E-50
5.970E+00  9.191E-51  1.456E-42  1.456E-42  3.166E-50
5.916E+00  4.915E-51  7.713E-43  7.713E-43  1.420E-50
5.861E+00  2.617E-51  4.069E-43  4.069E-43  6.333E-51
5.808E+00  1.387E-51  2.137E-43  2.137E-43  2.805E-51
5.754E+00  7.321E-52  1.118E-43  1.118E-43  1.235E-51
5.702E+00  3.843E-52  5.812E-44  5.812E-44  5.401E-52
5.649E+00  2.004E-52  3.003E-44  3.003E-44  2.347E-52
5.598E+00  1.039E-52  1.543E-44  1.543E-44  1.014E-52
5.546E+00  5.364E-53  7.891E-45  7.891E-45  4.347E-53
5.495E+00  2.755E-53  4.015E-45  4.015E-45  1.853E-53
5.445E+00  1.407E-53  2.033E-45  2.033E-45  7.844E-54
5.395E+00  7.153E-54  1.024E-45  1.024E-45  3.298E-54
5.346E+00  3.617E-54  5.128E-46  5.128E-46  1.377E-54
5.297E+00  1.819E-54  2.555E-46  2.555E-46  5.713E-55
5.248E+00  9.089E-55  1.265E-46  1.265E-46  2.353E-55
5.200E+00  4.514E-55  6.226E-47  6.226E-47  9.625E-56
5.152E+00  2.229E-55  3.047E-47  3.047E-47  3.909E-56
5.105E+00  1.095E-55  1.483E-47  1.483E-47  1.577E-56
5.058E+00  5.346E-56  7.172E-48  7.172E-48  6.313E-57
5.012E+00  2.595E-56  3.450E-48  3.450E-48  2.510E-57
4.966E+00  1.252E-56  1.649E-48  1.649E-48  9.906E-58
4.920E+00  6.002E-57  7.833E-49  7.833E-49  3.881E-58
4.875E+00  2.861E-57  3.699E-49  3.699E-49  1.509E-58
4.831E+00  1.355E-57  1.737E-49  1.737E-49  5.821E-59
4.786E+00  6.382E-58  8.102E-50  8.102E-50  2.228E-59
4.742E+00  2.987E-58  3.757E-50  3.757E-50  8.467E-60
4.699E+00  1.389E-58  1.732E-50  1.732E-50  3.192E-60
4.656E+00  6.423E-59  7.932E-51  7.932E-51  1.194E-60
4.613E+00  2.950E-59  3.610E-51  3.610E-51  4.429E-61
4.571E+00  1.347E-59  1.633E-51  1.633E-51  1.630E-61
4.529E+00  6.107E-60  7.337E-52  7.337E-52  5.950E-62
4.487E+00  2.752E-60  3.275E-52  3.275E-52  2.154E-62
4.446E+00  1.232E-60  1.453E-52  1.453E-52  7.736E-63
4.406E+00  5.477E-61  6.401E-53  6.401E-53  2.755E-63
4.365E+00  2.420E-61  2.802E-53  2.802E-53  9.731E-64
4.325E+00  1.062E-61  1.218E-53  1.218E-53  3.408E-64
4.285E+00  4.626E-62  5.259E-54  5.259E-54  1.183E-64
4.246E+00  2.002E-62  2.255E-54  2.255E-54  4.072E-65
4.207E+00  8.607E-63  9.606E-55  9.606E-55  1.389E-65
4.169E+00  3.674E-63  4.063E-55  4.063E-55  4.697E-66
4.130E+00  1.557E-63  1.706E-55  1.706E-55  1.574E-66
4.093E+00  6.554E-64  7.115E-56  7.115E-56  5.226E-67
4.055E+00  2.738E-64  2.946E-56  2.946E-56  1.719E-67
4.018E+00  1.136E-64  1.211E-56  1.211E-56  5.602E-68
3.981E+00  4.679E-65  4.941E-57  4.941E-57  1.809E-68
3.945E+00  1.913E-65  2.002E-57  2.002E-57  5.788E-69
3.908E+00  7.764E-66  8.049E-58  8.049E-58  1.834E-69
3.873E+00  3.128E-66  3.213E-58  3.213E-58  5.758E-70
3.837E+00  1.251E-66  1.273E-58  1.273E-58  1.791E-70
3.802E+00  4.963E-67  5.005E-59  5.005E-59  5.518E-71
3.767E+00  1.955E-67  1.953E-59  1.953E-59  1.684E-71
3.733E+00  7.642E-68  7.566E-60  7.566E-60  5.087E-72
3.698E+00  2.964E-68  2.908E-60  2.908E-60  1.522E-72
3.664E+00  1.141E-68  1.109E-60  1.109E-60  4.509E-73
3.631E+00  4.357E-69  4.196E-61  4.196E-61  1.323E-73
3.597E+00  1.651E-69  1.575E-61  1.575E-61  3.841E-74
3.565E+00  6.207E-70  5.869E-62  5.869E-62  1.104E-74
3.532E+00  2.316E-70  2.170E-62  2.170E-62  3.142E-75
3.499E+00  8.581E-71  7.966E-63  7.966E-63  8.851E-76
3.467E+00  3.167E-71  2.913E-63  2.913E-63  2.467E-76
3.436E+00  1.177E-71  1.073E-63  1.073E-63  6.806E-77
3.404E+00  4.625E-72  4.176E-64  4.176E-64  1.858E-77
3.373E+00  2.348E-72  2.101E-64  2.101E-64  5.017E-78
3.342E+00  2.630E-72  2.331E-64  2.331E-64  1.341E-78
3.311E+00  8.456E-72  7.427E-64  7.427E-64  3.543E-79
3.281E+00  5.764E-72  5.016E-64  5.016E-64  9.264E-80
3.251E+00  1.620E-72  1.397E-64  1.397E-64  2.395E-80
3.221E+00  7.427E-73  6.346E-65  6.346E-65  6.123E-81
3.192E+00  4.518E-73  3.825E-65  3.825E-65  1.548E-81
3.162E+00  3.241E-73  2.718E-65  2.718E-65  3.871E-82
3.133E+00  2.578E-73  2.142E-65  2.142E-65  9.573E-83
3.105E+00  2.193E-73  1.806E-65  1.806E-65  2.341E-83
3.076E+00  1.953E-73  1.593E-65  1.593E-65  5.664E-84
3.048E+00  1.794E-73  1.450E-65  1.450E-65  1.355E-84
3.020E+00  1.684E-73  1.349E-65  1.349E-65  3.204E-85
2.992E+00  1.607E-73  1.275E-65  1.275E-65  7.488E-86
2.965E+00  1.551E-73  1.219E-65  1.219E-65  1.730E-86
2.938E+00  1.509E-73  1.176E-65  1.176E-65  3.950E-87
2.911E+00  1.479E-73  1.142E-65  1.142E-65  8.912E-88
2.884E+00  1.456E-73  1.114E-65  1.114E-65  1.987E-88
2.858E+00  1.439E-73  1.091E-65  1.091E-65  4.377E-89
2.831E+00  1.427E-73  1.072E-65  1.072E-65  9.526E-90
2.805E+00  1.418E-73  1.055E-65  1.055E-65  2.048E-90
2.780E+00  1.412E-73  1.041E-65  1.041E-65  4.348E-91
2.754E+00  1.408E-73  1.029E-65  1.029E-65  9.120E-92
2.729E+00  1.406E-73  1.018E-65  1.018E-65  1.889E-92
2.704E+00  1.405E-73  1.008E-65  1.008E-65  3.862E-93
2.679E+00  1.405E-73  9.986E-66  9.986E-66  7.797E-94
2.655E+00  1.406E-73  9.902E-66  9.902E-66  1.554E-94
2.630E+00  1.408E-73  9.824E-66  9.824E-66  3.057E-95
2.606E+00  1.410E-73  9.751E-66  9.751E-66  5.935E-96
2.582E+00  1.413E-73  9.681E-66  9.681E-66  1.137E-96
2.559E+00  1.416E-73  9.614E-66  9.614E-66  2.150E-97
2.535E+00  1.420E-73  9.549E-66  9.549E-66  4.009E-98
2.512E+00  1.424E-73  9.485E-66  9.485E-66  7.376E-99
2.489E+00  1.427E-73  9.423E-66  9.423E-66  1.338E-99
2.466E+00  1.431E-73  9.361E-66  9.361E-66  2.395-100
2.443E+00  1.435E-73  9.298E-66  9.298E-66  4.225-101
2.421E+00  1.438E-73  9.236E-66  9.236E-66  7.349-102
2.399E+00  1.442E-73  9.176E-66  9.176E-66  1.260-102
2.377E+00  1.446E-73  9.116E-66  9.116E-66  2.128-103
2.355E+00  1.450E-73  9.056E-66  9.056E-66  3.542-104
2.333E+00  1.453E-73  8.996E-66  8.996E-66  5.807-105
2.312E+00  1.457E-73  8.936E-66  8.936E-66  9.378-106
2.291E+00  1.461E-73  8.876E-66  8.876E-66  1.491-106
2.270E+00  1.464E-73  8.815E-66  8.815E-66  2.335-107
2.249E+00  1.467E-73  8.753E-66  8.753E-66  3.599-108
2.228E+00  1.470E-73  8.689E-66  8.689E-66  5.459-109
2.208E+00  1.473E-73  8.624E-66  8.624E-66  8.149-110
2.188E+00  1.475E-73  8.558E-66  8.558E-66  1.197-110
2.168E+00  1.476E-73  8.489E-66  8.489E-66  1.729-111
2.148E+00  1.477E-73  8.416E-66  8.416E-66  2.456-112
2.128E+00  1.478E-73  8.341E-66  8.341E-66  3.431-113
2.109E+00  1.477E-73  8.260E-66  8.260E-66  4.713-114
2.089E+00  1.475E-73  8.174E-66  8.174E-66  6.361-115
2.070E+00  1.472E-73  8.082E-66  8.082E-66  8.437-116
2.051E+00  1.467E-73  7.981E-66  7.981E-66  1.099-116
2.032E+00  1.460E-73  7.870E-66  7.870E-66  1.407-117
2.014E+00  1.450E-73  7.746E-66  7.746E-66  1.769-118
1.995E+00  1.438E-73  7.609E-66  7.609E-66  2.183-119
1.977E+00  1.422E-73  7.456E-66  7.456E-66  2.644-120
1.959E+00  1.404E-73  7.293E-66  7.293E-66  3.144-121
1.941E+00  1.386E-73  7.134E-66  7.134E-66  3.667-122
1.923E+00  1.373E-73  7.003E-66  7.003E-66  4.197-123
1.905E+00  1.371E-73  6.928E-66  6.928E-66  4.710-124
1.888E+00  1.382E-73  6.919E-66  6.919E-66  5.184-125
1.871E+00  1.402E-73  6.957E-66  6.957E-66  5.593-126
1.854E+00  1.426E-73  7.010E-66  7.010E-66  5.915-127
1.837E+00  1.448E-73  7.056E-66  7.056E-66  6.130-128
1.820E+00  1.467E-73  7.082E-66  7.082E-66  6.225-129
1.803E+00  1.482E-73  7.090E-66  7.090E-66  6.191-130
1.786E+00  1.494E-73  7.080E-66  7.080E-66  6.030-131
1.770E+00  1.503E-73  7.058E-66  7.058E-66  5.751-132
1.754E+00  1.510E-73  7.026E-66  7.026E-66  5.370-133
1.738E+00  1.516E-73  6.987E-66  6.987E-66  4.906-134
1.722E+00  1.520E-73  6.942E-66  6.942E-66  4.387-135
1.706E+00  1.523E-73  6.894E-66  6.894E-66  3.836-136
1.690E+00  1.526E-73  6.842E-66  6.842E-66  3.281-137
1.675E+00  1.528E-73  6.789E-66  6.789E-66  2.744-138
1.660E+00  1.530E-73  6.735E-66  6.735E-66  2.244-139
1.644E+00  1.531E-73  6.679E-66  6.679E-66  1.793-140
1.629E+00  1.532E-73  6.623E-66  6.623E-66  1.399-141
1.614E+00  1.534E-73  6.568E-66  6.568E-66  1.067-142
1.600E+00  1.535E-73  6.513E-66  6.513E-66  7.947-144
1.585E+00  1.537E-73  6.460E-66  6.460E-66  5.778-145
1.570E+00  1.538E-73  6.408E-66  6.408E-66  4.101-146
1.556E+00  1.541E-73  6.359E-66  6.359E-66  2.841-147
1.542E+00  1.544E-73  6.313E-66  6.313E-66  1.920-148
1.528E+00  1.548E-73  6.271E-66  6.271E-66  1.265-149
1.514E+00  1.553E-73  6.234E-66  6.234E-66  8.135-151
1.500E+00  1.559E-73  6.202E-66  6.202E-66  5.098-152
1.486E+00  1.567E-73  6.176E-66  6.176E-66  3.115-153
1.472E+00  1.577E-73  6.158E-66  6.158E-66  1.854-154
1.459E+00  1.589E-73  6.148E-66  6.148E-66  1.075-155
1.445E+00  1.604E-73  6.150E-66  6.150E-66  6.076-157
1.432E+00  1.623E-73  6.165E-66  6.165E-66  3.342-158
1.419E+00  1.646E-73  6.195E-66  6.195E-66  1.790-159
1.406E+00  1.674E-73  6.244E-66  6.244E-66  9.330-161
1.393E+00  1.709E-73  6.316E-66  6.316E-66  4.732-162
1.380E+00  1.752E-73  6.414E-66  6.414E-66  2.334-163
1.368E+00  1.804E-73  6.545E-66  6.545E-66  1.120-164
1.355E+00  1.868E-73  6.714E-66  6.714E-66  5.222-166
1.343E+00  1.945E-73  6.926E-66  6.926E-66  2.367-167
1.330E+00  2.036E-73  7.184E-66  7.184E-66  1.043-168
1.318E+00  2.140E-73  7.484E-66  7.484E-66  4.462-170
1.306E+00  2.254E-73  7.808E-66  7.808E-66  1.854-171
1.294E+00  2.364E-73  8.116E-66  8.116E-66  7.482-173
1.282E+00  2.453E-73  8.342E-66  8.342E-66  2.930-174
1.271E+00  2.494E-73  8.406E-66  8.406E-66  1.114-175
1.259E+00  2.470E-73  8.247E-66  8.247E-66  4.107-177
1.247E+00  2.378E-73  7.868E-66  7.868E-66  1.469-178
1.236E+00  2.238E-73  7.336E-66  7.336E-66  5.095-180
1.225E+00  2.078E-73  6.750E-66  6.750E-66  1.713-181
1.213E+00  1.923E-73  6.190E-66  6.190E-66  5.580-183
1.202E+00  1.787E-73  5.700E-66  5.700E-66  1.761-184
1.191E+00  1.676E-73  5.297E-66  5.297E-66  5.381-186
1.180E+00  1.590E-73  4.978E-66  4.978E-66  1.592-187
1.169E+00  1.527E-73  4.738E-66  4.738E-66  4.558-189
1.159E+00  1.486E-73  4.567E-66  4.567E-66  1.263-190
1.148E+00  1.465E-73  4.462E-66  4.462E-66  3.383-192
1.138E+00  1.466E-73  4.425E-66  4.425E-66  8.763-194
1.127E+00  1.492E-73  4.461E-66  4.461E-66  2.194-195
1.117E+00  1.549E-73  4.589E-66  4.589E-66  5.310-197
1.107E+00  1.648E-73  4.837E-66  4.837E-66  1.241-198
1.096E+00  1.807E-73  5.254E-66  5.254E-66  2.801-200
1.086E+00  2.051E-73  5.912E-66  5.912E-66  6.105-202
1.076E+00  2.410E-73  6.881E-66  6.881E-66  1.284-203
1.067E+00  2.866E-73  8.109E-66  8.109E-66  2.604-205
1.057E+00  3.249E-73  9.108E-66  9.108E-66  5.095-207
1.047E+00  3.226E-73  8.962E-66  8.962E-66  9.611-209
1.038E+00  2.751E-73  7.572E-66  7.572E-66  1.747-210
1.028E+00  2.168E-73  5.913E-66  5.913E-66  3.060-212
1.019E+00  1.707E-73  4.612E-66  4.612E-66  5.161-214
1.009E+00  1.389E-73  3.720E-66  3.720E-66  8.381-216
1.000E+00  1.176E-73  3.120E-66  3.120E-66  1.310-217
