Dust emission spectrum from Draine,B.T., & Li, A. (2007), ApJ, in press [astro-ph/0608003]
==========================================================
         7 = grain model
 4.000E-08 4.000E-01 4.500E-05 = a_01 (cm) , sigma_1 , b_C1
 2.000E-07 5.500E-01 1.500E-05 = a_02 (cm) , sigma_2 , b_C2
 1.000E+00 1.000E+00 1.000E+00 = Umin , Umax, beta (dN/dU propto U^{-beta})
 1.000E+00 = <U>       mmp83 = radfield
 2.000E-06 1.000E+00 = a_{min} (cm), a_{max} (cm)
 2.812E-24 1.688E-24 1.124E-24 = P(tot)  P(carb)  P(sil) (erg s-1 H-1)
 band     <nu*P_nu> <j_nu(tot)><j_nu(carb)><j_nu(sil)>
 (um)   (erg s-1 H-1)(Jy/(sr*H))(Jy/(sr*H))(Jy/(sr*H))
1.270E+00  3.783E-74  1.274E-66  1.274E-66  0.000E+00 COBE-DIRBE
2.220E+00  2.929E-74  1.725E-66  1.725E-66  0.000E+00 COBE-DIRBE
3.530E+00  3.121E-73  2.922E-65  2.922E-65  2.569E-79 COBE-DIRBE
4.880E+00  9.067E-63  1.174E-54  1.174E-54  7.399E-66 COBE-DIRBE
1.229E+01  6.303E-36  2.055E-27  2.053E-27  2.224E-30 COBE-DIRBE
2.079E+01  4.272E-30  2.356E-21  2.349E-21  7.464E-24 COBE-DIRBE
5.599E+01  4.043E-25  6.005E-16  5.457E-16  5.485E-17 COBE-DIRBE
9.770E+01  1.915E-24  4.962E-15  3.512E-15  1.451E-15 COBE-DIRBE
1.479E+02  2.312E-24  9.072E-15  5.135E-15  3.937E-15 COBE-DIRBE
2.479E+02  1.018E-24  6.691E-15  2.732E-15  3.959E-15 COBE-DIRBE
1.200E+01  1.209E-37  3.848E-29  3.846E-29  1.459E-32 IRAS
2.500E+01  5.863E-29  3.888E-20  3.875E-20  1.271E-22 IRAS
6.000E+01  5.381E-25  8.564E-16  7.570E-16  9.943E-17 IRAS
1.000E+02  1.985E-24  5.266E-15  3.678E-15  1.588E-15 IRAS
3.550E+00  1.869E-73  1.760E-65  1.760E-65  1.321E-80 SST-IRAC
4.493E+00  1.198E-64  1.428E-56  1.428E-56  2.941E-68 SST-IRAC
5.731E+00  4.104E-56  6.239E-48  6.239E-48  5.150E-57 SST-IRAC
7.872E+00  3.576E-46  7.467E-38  7.467E-38  8.141E-43 SST-IRAC
2.368E+01  2.043E-29  1.283E-20  1.279E-20  4.171E-23 SST-MIPS
7.142E+01  8.916E-25  1.689E-15  1.423E-15  2.657E-16 SST-MIPS
1.559E+02  2.178E-24  9.009E-15  4.881E-15  4.128E-15 SST-MIPS
1.600E+01  4.553E-30  1.932E-21  1.926E-21  6.594E-24 SST-IRSPU
2.200E+01  2.093E-29  1.221E-20  1.217E-20  4.005E-23 SST-IRSPU
7.500E+01  7.433E-25  1.479E-15  1.260E-15  2.183E-16 Herschel-PACS
1.100E+02  1.470E-24  4.288E-15  2.986E-15  1.302E-15 Herschel-PACS
1.700E+02  1.664E-24  7.504E-15  4.007E-15  3.497E-15 Herschel-PACS
2.500E+02  8.923E-25  5.918E-15  2.349E-15  3.569E-15 Herschel-SPIRE
3.600E+02  2.974E-25  2.840E-15  1.024E-15  1.816E-15 Herschel-SPIRE
5.200E+02  8.050E-26  1.110E-15  3.757E-16  7.347E-16 Herschel-SPIRE
2.400E+00  2.144E-64  1.365E-56  1.365E-56  1.424E-67 Akari IRC NIR N2
3.200E+00  1.685E-64  1.430E-56  1.430E-56  1.479E-67 Akari IRC NIR N3
4.100E+00  1.142E-62  1.242E-54  1.242E-54  1.312E-65 Akari IRC NIR N4
7.000E+00  5.723E-36  1.063E-27  1.060E-27  2.502E-30 Akari IRC MIR-S S7
9.000E+00  2.190E-36  5.227E-28  5.214E-28  1.341E-30 Akari IRC MIR-S S9W
1.100E+01  3.661E-36  1.068E-27  1.066E-27  2.455E-30 Akari IRC MIR-S S11
1.500E+01  1.228E-31  4.885E-23  4.869E-23  1.538E-25 Akari IRC MIR-L L15
1.800E+01  1.887E-30  9.010E-22  8.982E-22  2.838E-24 Akari IRC MIR-L L18W
2.400E+01  5.822E-30  3.706E-21  3.695E-21  1.168E-23 Akari IRC MIR-L L24
6.500E+01  7.515E-25  1.296E-15  1.133E-15  1.626E-16 Akari FIS N60
8.000E+01  1.551E-24  3.291E-15  2.464E-15  8.269E-16 Akari FIS WIDE-S
1.400E+02  2.334E-24  8.668E-15  4.902E-15  3.766E-15 Akari FIS WIDE-L
1.600E+02  2.171E-24  9.216E-15  4.823E-15  4.393E-15 Akari FIS N160






lambda    nu*dP/dnu     j_nu    j_nu(carb.) j_nu(sil)
 (um)    (erg/(s*H)) (Jy/(sr*H) (Jy/(sr*H)) (Jy/(sr*H)
1.000E+04  4.854E-31  1.288E-19  2.303E-20  1.057E-19
9.908E+03  5.031E-31  1.322E-19  2.372E-20  1.085E-19
9.817E+03  5.215E-31  1.358E-19  2.442E-20  1.114E-19
9.727E+03  5.405E-31  1.395E-19  2.514E-20  1.143E-19
9.638E+03  5.602E-31  1.432E-19  2.589E-20  1.173E-19
9.550E+03  5.807E-31  1.471E-19  2.666E-20  1.204E-19
9.462E+03  6.019E-31  1.511E-19  2.745E-20  1.236E-19
9.376E+03  6.238E-31  1.551E-19  2.827E-20  1.269E-19
9.290E+03  6.466E-31  1.593E-19  2.911E-20  1.302E-19
9.204E+03  6.702E-31  1.636E-19  2.997E-20  1.337E-19
9.120E+03  6.947E-31  1.681E-19  3.086E-20  1.372E-19
9.036E+03  7.200E-31  1.726E-19  3.178E-20  1.408E-19
8.954E+03  7.462E-31  1.772E-19  3.273E-20  1.445E-19
8.872E+03  7.733E-31  1.820E-19  3.370E-20  1.483E-19
8.790E+03  8.014E-31  1.869E-19  3.470E-20  1.522E-19
8.710E+03  8.305E-31  1.919E-19  3.574E-20  1.561E-19
8.630E+03  8.607E-31  1.970E-19  3.680E-20  1.602E-19
8.551E+03  8.920E-31  2.023E-19  3.790E-20  1.644E-19
8.472E+03  9.245E-31  2.078E-19  3.903E-20  1.687E-19
8.395E+03  9.582E-31  2.134E-19  4.020E-20  1.732E-19
8.318E+03  9.931E-31  2.191E-19  4.140E-20  1.777E-19
8.241E+03  1.029E-30  2.250E-19  4.263E-20  1.824E-19
8.166E+03  1.067E-30  2.311E-19  4.391E-20  1.872E-19
8.091E+03  1.106E-30  2.373E-19  4.522E-20  1.921E-19
8.017E+03  1.146E-30  2.438E-19  4.657E-20  1.972E-19
7.943E+03  1.188E-30  2.504E-19  4.797E-20  2.024E-19
7.870E+03  1.232E-30  2.571E-19  4.940E-20  2.077E-19
7.798E+03  1.277E-30  2.641E-19  5.088E-20  2.132E-19
7.727E+03  1.323E-30  2.713E-19  5.241E-20  2.189E-19
7.656E+03  1.372E-30  2.786E-19  5.398E-20  2.246E-19
7.586E+03  1.422E-30  2.862E-19  5.559E-20  2.306E-19
7.516E+03  1.474E-30  2.940E-19  5.726E-20  2.367E-19
7.447E+03  1.529E-30  3.020E-19  5.898E-20  2.430E-19
7.379E+03  1.585E-30  3.102E-19  6.075E-20  2.494E-19
7.311E+03  1.643E-30  3.186E-19  6.258E-20  2.561E-19
7.244E+03  1.703E-30  3.273E-19  6.446E-20  2.629E-19
7.178E+03  1.766E-30  3.363E-19  6.639E-20  2.699E-19
7.112E+03  1.831E-30  3.454E-19  6.839E-20  2.770E-19
7.047E+03  1.898E-30  3.549E-19  7.045E-20  2.844E-19
6.982E+03  1.968E-30  3.646E-19  7.257E-20  2.920E-19
6.918E+03  2.041E-30  3.745E-19  7.475E-20  2.998E-19
6.855E+03  2.116E-30  3.847E-19  7.701E-20  3.077E-19
6.792E+03  2.194E-30  3.953E-19  7.933E-20  3.159E-19
6.730E+03  2.275E-30  4.061E-19  8.172E-20  3.244E-19
6.668E+03  2.359E-30  4.172E-19  8.418E-20  3.330E-19
6.607E+03  2.446E-30  4.286E-19  8.672E-20  3.419E-19
6.546E+03  2.536E-30  4.404E-19  8.934E-20  3.511E-19
6.486E+03  2.630E-30  4.525E-19  9.204E-20  3.604E-19
6.427E+03  2.727E-30  4.649E-19  9.482E-20  3.701E-19
6.368E+03  2.828E-30  4.777E-19  9.769E-20  3.800E-19
6.310E+03  2.933E-30  4.908E-19  1.006E-19  3.902E-19
6.252E+03  3.041E-30  5.044E-19  1.037E-19  4.007E-19
6.194E+03  3.154E-30  5.183E-19  1.068E-19  4.114E-19
6.138E+03  3.271E-30  5.326E-19  1.101E-19  4.225E-19
6.081E+03  3.393E-30  5.473E-19  1.134E-19  4.339E-19
6.026E+03  3.519E-30  5.624E-19  1.168E-19  4.456E-19
5.970E+03  3.649E-30  5.780E-19  1.204E-19  4.576E-19
5.916E+03  3.785E-30  5.940E-19  1.240E-19  4.699E-19
5.861E+03  3.926E-30  6.104E-19  1.278E-19  4.826E-19
5.808E+03  4.072E-30  6.273E-19  1.317E-19  4.957E-19
5.754E+03  4.224E-30  6.447E-19  1.357E-19  5.091E-19
5.702E+03  4.381E-30  6.626E-19  1.398E-19  5.228E-19
5.649E+03  4.545E-30  6.810E-19  1.440E-19  5.370E-19
5.598E+03  4.714E-30  7.000E-19  1.484E-19  5.516E-19
5.546E+03  4.890E-30  7.195E-19  1.529E-19  5.665E-19
5.495E+03  5.073E-30  7.395E-19  1.576E-19  5.819E-19
5.445E+03  5.263E-30  7.601E-19  1.624E-19  5.977E-19
5.395E+03  5.460E-30  7.813E-19  1.673E-19  6.140E-19
5.346E+03  5.664E-30  8.031E-19  1.724E-19  6.307E-19
5.297E+03  5.876E-30  8.255E-19  1.777E-19  6.478E-19
5.248E+03  6.096E-30  8.486E-19  1.831E-19  6.655E-19
5.200E+03  6.324E-30  8.724E-19  1.887E-19  6.836E-19
5.152E+03  6.562E-30  8.968E-19  1.945E-19  7.023E-19
5.105E+03  6.808E-30  9.219E-19  2.004E-19  7.215E-19
5.058E+03  7.063E-30  9.477E-19  2.065E-19  7.412E-19
5.012E+03  7.329E-30  9.743E-19  2.128E-19  7.615E-19
4.966E+03  7.604E-30  1.002E-18  2.193E-19  7.823E-19
4.920E+03  7.889E-30  1.030E-18  2.261E-19  8.037E-19
4.875E+03  8.186E-30  1.059E-18  2.330E-19  8.257E-19
4.831E+03  8.494E-30  1.088E-18  2.401E-19  8.483E-19
4.786E+03  8.814E-30  1.119E-18  2.475E-19  8.715E-19
4.742E+03  9.146E-30  1.150E-18  2.550E-19  8.954E-19
4.699E+03  9.490E-30  1.183E-18  2.629E-19  9.200E-19
4.656E+03  9.848E-30  1.216E-18  2.709E-19  9.453E-19
4.613E+03  1.022E-29  1.251E-18  2.792E-19  9.713E-19
4.571E+03  1.061E-29  1.286E-18  2.878E-19  9.981E-19
4.529E+03  1.101E-29  1.322E-18  2.966E-19  1.026E-18
4.487E+03  1.142E-29  1.360E-18  3.058E-19  1.054E-18
4.446E+03  1.185E-29  1.398E-18  3.152E-19  1.083E-18
4.406E+03  1.230E-29  1.438E-18  3.248E-19  1.113E-18
4.365E+03  1.277E-29  1.479E-18  3.348E-19  1.144E-18
4.325E+03  1.325E-29  1.521E-18  3.451E-19  1.175E-18
4.285E+03  1.376E-29  1.564E-18  3.558E-19  1.208E-18
4.246E+03  1.428E-29  1.608E-18  3.667E-19  1.241E-18
4.207E+03  1.482E-29  1.654E-18  3.780E-19  1.276E-18
4.169E+03  1.538E-29  1.701E-18  3.897E-19  1.311E-18
4.130E+03  1.597E-29  1.749E-18  4.017E-19  1.348E-18
4.093E+03  1.657E-29  1.799E-18  4.140E-19  1.385E-18
4.055E+03  1.721E-29  1.851E-18  4.268E-19  1.424E-18
4.018E+03  1.786E-29  1.904E-18  4.400E-19  1.464E-18
3.981E+03  1.854E-29  1.958E-18  4.536E-19  1.504E-18
3.945E+03  1.925E-29  2.014E-18  4.676E-19  1.546E-18
3.908E+03  1.998E-29  2.071E-18  4.820E-19  1.589E-18
3.873E+03  2.074E-29  2.130E-18  4.969E-19  1.633E-18
3.837E+03  2.153E-29  2.191E-18  5.123E-19  1.679E-18
3.802E+03  2.235E-29  2.254E-18  5.281E-19  1.726E-18
3.767E+03  2.320E-29  2.319E-18  5.445E-19  1.774E-18
3.733E+03  2.409E-29  2.385E-18  5.613E-19  1.824E-18
3.698E+03  2.501E-29  2.454E-18  5.787E-19  1.875E-18
3.664E+03  2.597E-29  2.524E-18  5.966E-19  1.928E-18
3.631E+03  2.696E-29  2.597E-18  6.151E-19  1.982E-18
3.597E+03  2.800E-29  2.671E-18  6.341E-19  2.037E-18
3.565E+03  2.907E-29  2.748E-18  6.538E-19  2.095E-18
3.532E+03  3.018E-29  2.828E-18  6.741E-19  2.154E-18
3.499E+03  3.134E-29  2.909E-18  6.950E-19  2.214E-18
3.467E+03  3.255E-29  2.993E-18  7.165E-19  2.277E-18
3.436E+03  3.380E-29  3.080E-18  7.388E-19  2.341E-18
3.404E+03  3.510E-29  3.169E-18  7.617E-19  2.407E-18
3.373E+03  3.645E-29  3.261E-18  7.854E-19  2.475E-18
3.342E+03  3.785E-29  3.355E-18  8.097E-19  2.546E-18
3.311E+03  3.931E-29  3.453E-18  8.349E-19  2.618E-18
3.281E+03  4.082E-29  3.553E-18  8.609E-19  2.692E-18
3.251E+03  4.240E-29  3.656E-18  8.876E-19  2.768E-18
3.221E+03  4.403E-29  3.762E-18  9.152E-19  2.847E-18
3.192E+03  4.574E-29  3.872E-18  9.437E-19  2.928E-18
3.162E+03  4.750E-29  3.985E-18  9.731E-19  3.012E-18
3.133E+03  4.934E-29  4.101E-18  1.003E-18  3.097E-18
3.105E+03  5.125E-29  4.220E-18  1.035E-18  3.186E-18
3.076E+03  5.323E-29  4.343E-18  1.067E-18  3.277E-18
3.048E+03  5.529E-29  4.470E-18  1.100E-18  3.370E-18
3.020E+03  5.744E-29  4.601E-18  1.134E-18  3.467E-18
2.992E+03  5.966E-29  4.735E-18  1.170E-18  3.566E-18
2.965E+03  6.197E-29  4.873E-18  1.206E-18  3.667E-18
2.938E+03  6.436E-29  5.015E-18  1.244E-18  3.772E-18
2.911E+03  6.685E-29  5.162E-18  1.282E-18  3.879E-18
2.884E+03  6.944E-29  5.313E-18  1.322E-18  3.990E-18
2.858E+03  7.214E-29  5.468E-18  1.364E-18  4.104E-18
2.831E+03  7.493E-29  5.628E-18  1.406E-18  4.222E-18
2.805E+03  7.784E-29  5.793E-18  1.450E-18  4.342E-18
2.780E+03  8.086E-29  5.962E-18  1.495E-18  4.467E-18
2.754E+03  8.401E-29  6.137E-18  1.542E-18  4.595E-18
2.729E+03  8.727E-29  6.317E-18  1.590E-18  4.727E-18
2.704E+03  9.067E-29  6.503E-18  1.640E-18  4.863E-18
2.679E+03  9.420E-29  6.694E-18  1.691E-18  5.003E-18
2.655E+03  9.786E-29  6.891E-18  1.744E-18  5.147E-18
2.630E+03  1.017E-28  7.094E-18  1.799E-18  5.295E-18
2.606E+03  1.056E-28  7.303E-18  1.855E-18  5.448E-18
2.582E+03  1.098E-28  7.518E-18  1.913E-18  5.605E-18
2.559E+03  1.140E-28  7.740E-18  1.973E-18  5.767E-18
2.535E+03  1.185E-28  7.968E-18  2.034E-18  5.934E-18
2.512E+03  1.231E-28  8.204E-18  2.098E-18  6.106E-18
2.489E+03  1.279E-28  8.446E-18  2.164E-18  6.283E-18
2.466E+03  1.329E-28  8.696E-18  2.231E-18  6.465E-18
2.443E+03  1.381E-28  8.953E-18  2.301E-18  6.652E-18
2.421E+03  1.435E-28  9.219E-18  2.373E-18  6.846E-18
2.399E+03  1.492E-28  9.492E-18  2.447E-18  7.044E-18
2.377E+03  1.550E-28  9.773E-18  2.524E-18  7.249E-18
2.355E+03  1.611E-28  1.006E-17  2.603E-18  7.460E-18
2.333E+03  1.674E-28  1.036E-17  2.684E-18  7.677E-18
2.312E+03  1.740E-28  1.067E-17  2.768E-18  7.901E-18
2.291E+03  1.808E-28  1.099E-17  2.855E-18  8.131E-18
2.270E+03  1.879E-28  1.131E-17  2.945E-18  8.368E-18
2.249E+03  1.953E-28  1.165E-17  3.037E-18  8.613E-18
2.228E+03  2.029E-28  1.200E-17  3.132E-18  8.864E-18
2.208E+03  2.109E-28  1.235E-17  3.230E-18  9.123E-18
2.188E+03  2.192E-28  1.272E-17  3.331E-18  9.390E-18
2.168E+03  2.278E-28  1.310E-17  3.435E-18  9.664E-18
2.148E+03  2.368E-28  1.349E-17  3.543E-18  9.947E-18
2.128E+03  2.461E-28  1.389E-17  3.654E-18  1.024E-17
2.109E+03  2.558E-28  1.431E-17  3.769E-18  1.054E-17
2.089E+03  2.658E-28  1.473E-17  3.887E-18  1.085E-17
2.070E+03  2.763E-28  1.517E-17  4.008E-18  1.116E-17
2.051E+03  2.872E-28  1.563E-17  4.134E-18  1.149E-17
2.032E+03  2.985E-28  1.609E-17  4.263E-18  1.183E-17
2.014E+03  3.103E-28  1.657E-17  4.397E-18  1.218E-17
1.995E+03  3.225E-28  1.707E-17  4.535E-18  1.253E-17
1.977E+03  3.352E-28  1.758E-17  4.677E-18  1.290E-17
1.959E+03  3.484E-28  1.810E-17  4.823E-18  1.328E-17
1.941E+03  3.621E-28  1.864E-17  4.974E-18  1.367E-17
1.923E+03  3.764E-28  1.920E-17  5.130E-18  1.407E-17
1.905E+03  3.913E-28  1.978E-17  5.291E-18  1.448E-17
1.888E+03  4.067E-28  2.037E-17  5.457E-18  1.491E-17
1.871E+03  4.227E-28  2.098E-17  5.628E-18  1.535E-17
1.854E+03  4.394E-28  2.160E-17  5.804E-18  1.580E-17
1.837E+03  4.567E-28  2.225E-17  5.986E-18  1.626E-17
1.820E+03  4.748E-28  2.292E-17  6.173E-18  1.674E-17
1.803E+03  4.935E-28  2.360E-17  6.366E-18  1.724E-17
1.786E+03  5.130E-28  2.431E-17  6.566E-18  1.774E-17
1.770E+03  5.332E-28  2.504E-17  6.771E-18  1.827E-17
1.754E+03  5.543E-28  2.579E-17  6.983E-18  1.880E-17
1.738E+03  5.762E-28  2.656E-17  7.202E-18  1.936E-17
1.722E+03  5.989E-28  2.735E-17  7.427E-18  1.993E-17
1.706E+03  6.226E-28  2.817E-17  7.660E-18  2.051E-17
1.690E+03  6.471E-28  2.902E-17  7.899E-18  2.112E-17
1.675E+03  6.727E-28  2.989E-17  8.146E-18  2.174E-17
1.660E+03  6.992E-28  3.078E-17  8.401E-18  2.238E-17
1.644E+03  7.269E-28  3.170E-17  8.664E-18  2.304E-17
1.629E+03  7.556E-28  3.265E-17  8.935E-18  2.372E-17
1.614E+03  7.854E-28  3.363E-17  9.214E-18  2.442E-17
1.600E+03  8.164E-28  3.464E-17  9.502E-18  2.514E-17
1.585E+03  8.486E-28  3.568E-17  9.799E-18  2.588E-17
1.570E+03  8.821E-28  3.674E-17  1.011E-17  2.664E-17
1.556E+03  9.169E-28  3.784E-17  1.042E-17  2.742E-17
1.542E+03  9.531E-28  3.898E-17  1.075E-17  2.823E-17
1.528E+03  9.907E-28  4.014E-17  1.108E-17  2.906E-17
1.514E+03  1.030E-27  4.134E-17  1.143E-17  2.991E-17
1.500E+03  1.070E-27  4.258E-17  1.178E-17  3.079E-17
1.486E+03  1.113E-27  4.385E-17  1.215E-17  3.170E-17
1.472E+03  1.156E-27  4.517E-17  1.253E-17  3.263E-17
1.459E+03  1.202E-27  4.652E-17  1.292E-17  3.359E-17
1.445E+03  1.250E-27  4.791E-17  1.333E-17  3.458E-17
1.432E+03  1.299E-27  4.934E-17  1.374E-17  3.560E-17
1.419E+03  1.350E-27  5.082E-17  1.417E-17  3.665E-17
1.406E+03  1.403E-27  5.234E-17  1.461E-17  3.773E-17
1.393E+03  1.459E-27  5.390E-17  1.507E-17  3.883E-17
1.380E+03  1.516E-27  5.551E-17  1.553E-17  3.998E-17
1.368E+03  1.576E-27  5.717E-17  1.602E-17  4.115E-17
1.355E+03  1.638E-27  5.888E-17  1.652E-17  4.236E-17
1.343E+03  1.702E-27  6.063E-17  1.703E-17  4.360E-17
1.330E+03  1.769E-27  6.244E-17  1.756E-17  4.488E-17
1.318E+03  1.839E-27  6.430E-17  1.811E-17  4.620E-17
1.306E+03  1.911E-27  6.622E-17  1.867E-17  4.755E-17
1.294E+03  1.986E-27  6.819E-17  1.925E-17  4.894E-17
1.282E+03  2.064E-27  7.022E-17  1.985E-17  5.037E-17
1.271E+03  2.145E-27  7.231E-17  2.046E-17  5.185E-17
1.259E+03  2.230E-27  7.446E-17  2.110E-17  5.336E-17
1.247E+03  2.317E-27  7.667E-17  2.175E-17  5.492E-17
1.236E+03  2.408E-27  7.895E-17  2.243E-17  5.652E-17
1.225E+03  2.503E-27  8.129E-17  2.312E-17  5.817E-17
1.213E+03  2.601E-27  8.370E-17  2.384E-17  5.987E-17
1.202E+03  2.702E-27  8.618E-17  2.457E-17  6.161E-17
1.191E+03  2.808E-27  8.873E-17  2.534E-17  6.340E-17
1.180E+03  2.918E-27  9.136E-17  2.612E-17  6.524E-17
1.169E+03  3.032E-27  9.406E-17  2.693E-17  6.714E-17
1.159E+03  3.151E-27  9.684E-17  2.776E-17  6.908E-17
1.148E+03  3.274E-27  9.970E-17  2.862E-17  7.108E-17
1.138E+03  3.401E-27  1.026E-16  2.950E-17  7.314E-17
1.127E+03  3.534E-27  1.057E-16  3.041E-17  7.526E-17
1.117E+03  3.672E-27  1.088E-16  3.135E-17  7.743E-17
1.107E+03  3.815E-27  1.120E-16  3.231E-17  7.967E-17
1.096E+03  3.963E-27  1.153E-16  3.331E-17  8.196E-17
1.086E+03  4.117E-27  1.187E-16  3.433E-17  8.432E-17
1.076E+03  4.277E-27  1.221E-16  3.539E-17  8.674E-17
1.067E+03  4.443E-27  1.257E-16  3.648E-17  8.924E-17
1.057E+03  4.616E-27  1.294E-16  3.760E-17  9.179E-17
1.047E+03  4.795E-27  1.332E-16  3.875E-17  9.442E-17
1.038E+03  4.980E-27  1.371E-16  3.994E-17  9.712E-17
1.028E+03  5.173E-27  1.411E-16  4.117E-17  9.990E-17
1.019E+03  5.373E-27  1.452E-16  4.243E-17  1.027E-16
1.009E+03  5.581E-27  1.494E-16  4.373E-17  1.057E-16
1.000E+03  5.796E-27  1.537E-16  4.507E-17  1.087E-16
9.908E+02  6.020E-27  1.582E-16  4.645E-17  1.118E-16
9.817E+02  6.252E-27  1.628E-16  4.787E-17  1.149E-16
9.727E+02  6.493E-27  1.675E-16  4.933E-17  1.182E-16
9.638E+02  6.743E-27  1.724E-16  5.084E-17  1.216E-16
9.550E+02  7.003E-27  1.774E-16  5.239E-17  1.250E-16
9.462E+02  7.272E-27  1.825E-16  5.399E-17  1.285E-16
9.376E+02  7.551E-27  1.878E-16  5.563E-17  1.322E-16
9.290E+02  7.841E-27  1.932E-16  5.732E-17  1.359E-16
9.204E+02  8.141E-27  1.988E-16  5.907E-17  1.397E-16
9.120E+02  8.453E-27  2.045E-16  6.086E-17  1.436E-16
9.036E+02  8.776E-27  2.104E-16  6.271E-17  1.477E-16
8.954E+02  9.111E-27  2.164E-16  6.461E-17  1.518E-16
8.872E+02  9.459E-27  2.226E-16  6.657E-17  1.560E-16
8.790E+02  9.819E-27  2.289E-16  6.859E-17  1.603E-16
8.710E+02  1.019E-26  2.355E-16  7.067E-17  1.648E-16
8.630E+02  1.058E-26  2.422E-16  7.280E-17  1.694E-16
8.551E+02  1.098E-26  2.490E-16  7.500E-17  1.740E-16
8.472E+02  1.140E-26  2.561E-16  7.727E-17  1.788E-16
8.395E+02  1.183E-26  2.633E-16  7.960E-17  1.838E-16
8.318E+02  1.227E-26  2.708E-16  8.199E-17  1.888E-16
8.241E+02  1.274E-26  2.784E-16  8.446E-17  1.940E-16
8.166E+02  1.322E-26  2.863E-16  8.700E-17  1.992E-16
8.091E+02  1.371E-26  2.943E-16  8.962E-17  2.047E-16
8.017E+02  1.423E-26  3.025E-16  9.230E-17  2.102E-16
7.943E+02  1.476E-26  3.110E-16  9.507E-17  2.159E-16
7.870E+02  1.531E-26  3.197E-16  9.792E-17  2.218E-16
7.798E+02  1.588E-26  3.286E-16  1.008E-16  2.277E-16
7.727E+02  1.648E-26  3.377E-16  1.039E-16  2.339E-16
7.656E+02  1.709E-26  3.471E-16  1.070E-16  2.401E-16
7.586E+02  1.773E-26  3.567E-16  1.102E-16  2.466E-16
7.516E+02  1.839E-26  3.666E-16  1.134E-16  2.531E-16
7.447E+02  1.907E-26  3.767E-16  1.168E-16  2.599E-16
7.379E+02  1.978E-26  3.871E-16  1.203E-16  2.668E-16
7.311E+02  2.051E-26  3.978E-16  1.238E-16  2.740E-16
7.244E+02  2.127E-26  4.088E-16  1.275E-16  2.813E-16
7.178E+02  2.206E-26  4.201E-16  1.313E-16  2.888E-16
7.112E+02  2.288E-26  4.316E-16  1.352E-16  2.964E-16
7.047E+02  2.372E-26  4.435E-16  1.392E-16  3.043E-16
6.982E+02  2.460E-26  4.556E-16  1.433E-16  3.124E-16
6.918E+02  2.551E-26  4.681E-16  1.475E-16  3.206E-16
6.855E+02  2.645E-26  4.809E-16  1.518E-16  3.291E-16
6.792E+02  2.742E-26  4.940E-16  1.563E-16  3.377E-16
6.730E+02  2.843E-26  5.074E-16  1.609E-16  3.466E-16
6.668E+02  2.947E-26  5.212E-16  1.656E-16  3.556E-16
6.607E+02  3.055E-26  5.353E-16  1.704E-16  3.649E-16
6.546E+02  3.166E-26  5.498E-16  1.754E-16  3.744E-16
6.486E+02  3.283E-26  5.648E-16  1.805E-16  3.843E-16
6.427E+02  3.403E-26  5.801E-16  1.858E-16  3.943E-16
6.368E+02  3.527E-26  5.958E-16  1.912E-16  4.046E-16
6.310E+02  3.656E-26  6.120E-16  1.967E-16  4.152E-16
6.252E+02  3.790E-26  6.285E-16  2.024E-16  4.260E-16
6.194E+02  3.928E-26  6.454E-16  2.083E-16  4.371E-16
6.138E+02  4.071E-26  6.628E-16  2.143E-16  4.485E-16
6.081E+02  4.220E-26  6.807E-16  2.205E-16  4.602E-16
6.026E+02  4.373E-26  6.990E-16  2.269E-16  4.721E-16
5.970E+02  4.532E-26  7.177E-16  2.334E-16  4.843E-16
5.916E+02  4.696E-26  7.369E-16  2.401E-16  4.968E-16
5.861E+02  4.866E-26  7.566E-16  2.470E-16  5.097E-16
5.808E+02  5.042E-26  7.768E-16  2.540E-16  5.228E-16
5.754E+02  5.225E-26  7.975E-16  2.613E-16  5.362E-16
5.702E+02  5.413E-26  8.187E-16  2.687E-16  5.500E-16
5.649E+02  5.609E-26  8.405E-16  2.764E-16  5.641E-16
5.598E+02  5.811E-26  8.628E-16  2.842E-16  5.785E-16
5.546E+02  6.020E-26  8.856E-16  2.923E-16  5.933E-16
5.495E+02  6.236E-26  9.090E-16  3.005E-16  6.085E-16
5.445E+02  6.459E-26  9.330E-16  3.090E-16  6.240E-16
5.395E+02  6.691E-26  9.575E-16  3.177E-16  6.398E-16
5.346E+02  6.930E-26  9.827E-16  3.266E-16  6.561E-16
5.297E+02  7.178E-26  1.008E-15  3.358E-16  6.727E-16
5.248E+02  7.434E-26  1.035E-15  3.452E-16  6.897E-16
5.200E+02  7.699E-26  1.062E-15  3.548E-16  7.071E-16
5.152E+02  7.972E-26  1.090E-15  3.647E-16  7.249E-16
5.105E+02  8.255E-26  1.118E-15  3.748E-16  7.430E-16
5.058E+02  8.548E-26  1.147E-15  3.852E-16  7.617E-16
5.012E+02  8.850E-26  1.177E-15  3.959E-16  7.807E-16
4.966E+02  9.163E-26  1.207E-15  4.068E-16  8.002E-16
4.920E+02  9.486E-26  1.238E-15  4.180E-16  8.200E-16
4.875E+02  9.820E-26  1.270E-15  4.295E-16  8.404E-16
4.831E+02  1.016E-25  1.302E-15  4.413E-16  8.612E-16
4.786E+02  1.052E-25  1.336E-15  4.533E-16  8.824E-16
4.742E+02  1.089E-25  1.370E-15  4.657E-16  9.041E-16
4.699E+02  1.127E-25  1.405E-15  4.783E-16  9.263E-16
4.656E+02  1.166E-25  1.440E-15  4.913E-16  9.489E-16
4.613E+02  1.207E-25  1.477E-15  5.046E-16  9.721E-16
4.571E+02  1.249E-25  1.514E-15  5.182E-16  9.957E-16
4.529E+02  1.292E-25  1.552E-15  5.321E-16  1.020E-15
4.487E+02  1.337E-25  1.591E-15  5.464E-16  1.045E-15
4.446E+02  1.383E-25  1.631E-15  5.610E-16  1.070E-15
4.406E+02  1.430E-25  1.671E-15  5.759E-16  1.095E-15
4.365E+02  1.479E-25  1.713E-15  5.912E-16  1.121E-15
4.325E+02  1.530E-25  1.755E-15  6.069E-16  1.148E-15
4.285E+02  1.582E-25  1.798E-15  6.229E-16  1.175E-15
4.246E+02  1.636E-25  1.843E-15  6.393E-16  1.203E-15
4.207E+02  1.691E-25  1.888E-15  6.561E-16  1.232E-15
4.169E+02  1.749E-25  1.934E-15  6.732E-16  1.261E-15
4.130E+02  1.808E-25  1.981E-15  6.908E-16  1.290E-15
4.093E+02  1.869E-25  2.029E-15  7.087E-16  1.320E-15
4.055E+02  1.932E-25  2.078E-15  7.271E-16  1.351E-15
4.018E+02  1.997E-25  2.128E-15  7.458E-16  1.382E-15
3.981E+02  2.063E-25  2.179E-15  7.650E-16  1.414E-15
3.945E+02  2.132E-25  2.231E-15  7.845E-16  1.447E-15
3.908E+02  2.203E-25  2.284E-15  8.045E-16  1.480E-15
3.873E+02  2.276E-25  2.338E-15  8.250E-16  1.513E-15
3.837E+02  2.352E-25  2.394E-15  8.459E-16  1.548E-15
3.802E+02  2.429E-25  2.450E-15  8.672E-16  1.583E-15
3.767E+02  2.509E-25  2.507E-15  8.889E-16  1.618E-15
3.733E+02  2.591E-25  2.566E-15  9.112E-16  1.655E-15
3.698E+02  2.676E-25  2.625E-15  9.338E-16  1.691E-15
3.664E+02  2.763E-25  2.686E-15  9.570E-16  1.729E-15
3.631E+02  2.853E-25  2.748E-15  9.806E-16  1.767E-15
3.597E+02  2.945E-25  2.811E-15  1.005E-15  1.806E-15
3.565E+02  3.040E-25  2.874E-15  1.029E-15  1.845E-15
3.532E+02  3.138E-25  2.940E-15  1.054E-15  1.885E-15
3.499E+02  3.238E-25  3.006E-15  1.080E-15  1.926E-15
3.467E+02  3.341E-25  3.073E-15  1.106E-15  1.967E-15
3.436E+02  3.447E-25  3.142E-15  1.133E-15  2.009E-15
3.404E+02  3.556E-25  3.211E-15  1.160E-15  2.052E-15
3.373E+02  3.668E-25  3.282E-15  1.187E-15  2.095E-15
3.342E+02  3.783E-25  3.354E-15  1.215E-15  2.139E-15
3.311E+02  3.902E-25  3.427E-15  1.244E-15  2.183E-15
3.281E+02  4.023E-25  3.501E-15  1.273E-15  2.228E-15
3.251E+02  4.147E-25  3.576E-15  1.303E-15  2.274E-15
3.221E+02  4.275E-25  3.653E-15  1.333E-15  2.320E-15
3.192E+02  4.406E-25  3.730E-15  1.364E-15  2.367E-15
3.162E+02  4.541E-25  3.809E-15  1.395E-15  2.414E-15
3.133E+02  4.679E-25  3.889E-15  1.427E-15  2.462E-15
3.105E+02  4.820E-25  3.970E-15  1.459E-15  2.511E-15
3.076E+02  4.965E-25  4.051E-15  1.492E-15  2.560E-15
3.048E+02  5.114E-25  4.134E-15  1.525E-15  2.609E-15
3.020E+02  5.266E-25  4.219E-15  1.559E-15  2.660E-15
2.992E+02  5.422E-25  4.304E-15  1.594E-15  2.710E-15
2.965E+02  5.582E-25  4.390E-15  1.629E-15  2.761E-15
2.938E+02  5.745E-25  4.477E-15  1.664E-15  2.813E-15
2.911E+02  5.913E-25  4.565E-15  1.700E-15  2.865E-15
2.884E+02  6.084E-25  4.654E-15  1.737E-15  2.918E-15
2.858E+02  6.259E-25  4.744E-15  1.774E-15  2.971E-15
2.831E+02  6.438E-25  4.836E-15  1.812E-15  3.024E-15
2.805E+02  6.622E-25  4.928E-15  1.850E-15  3.078E-15
2.780E+02  6.809E-25  5.020E-15  1.889E-15  3.132E-15
2.754E+02  7.000E-25  5.114E-15  1.928E-15  3.186E-15
2.729E+02  7.196E-25  5.209E-15  1.968E-15  3.242E-15
2.704E+02  7.397E-25  5.305E-15  2.008E-15  3.297E-15
2.679E+02  7.602E-25  5.402E-15  2.049E-15  3.354E-15
2.655E+02  7.811E-25  5.500E-15  2.090E-15  3.410E-15
2.630E+02  8.024E-25  5.599E-15  2.132E-15  3.467E-15
2.606E+02  8.242E-25  5.698E-15  2.174E-15  3.524E-15
2.582E+02  8.464E-25  5.798E-15  2.217E-15  3.581E-15
2.559E+02  8.690E-25  5.898E-15  2.260E-15  3.637E-15
2.535E+02  8.918E-25  5.997E-15  2.304E-15  3.693E-15
2.512E+02  9.149E-25  6.096E-15  2.348E-15  3.748E-15
2.489E+02  9.380E-25  6.193E-15  2.393E-15  3.800E-15
2.466E+02  9.610E-25  6.286E-15  2.438E-15  3.849E-15
2.443E+02  9.842E-25  6.379E-15  2.483E-15  3.896E-15
2.421E+02  1.008E-24  6.471E-15  2.529E-15  3.942E-15
2.399E+02  1.031E-24  6.561E-15  2.575E-15  3.986E-15
2.377E+02  1.055E-24  6.648E-15  2.622E-15  4.026E-15
2.355E+02  1.078E-24  6.735E-15  2.669E-15  4.066E-15
2.333E+02  1.102E-24  6.821E-15  2.717E-15  4.105E-15
2.312E+02  1.126E-24  6.907E-15  2.765E-15  4.143E-15
2.291E+02  1.151E-24  6.992E-15  2.813E-15  4.180E-15
2.270E+02  1.175E-24  7.077E-15  2.861E-15  4.216E-15
2.249E+02  1.200E-24  7.161E-15  2.910E-15  4.251E-15
2.228E+02  1.226E-24  7.244E-15  2.959E-15  4.285E-15
2.208E+02  1.251E-24  7.327E-15  3.009E-15  4.318E-15
2.188E+02  1.277E-24  7.408E-15  3.058E-15  4.350E-15
2.168E+02  1.302E-24  7.489E-15  3.108E-15  4.381E-15
2.148E+02  1.328E-24  7.568E-15  3.158E-15  4.410E-15
2.128E+02  1.355E-24  7.647E-15  3.209E-15  4.438E-15
2.109E+02  1.381E-24  7.724E-15  3.259E-15  4.465E-15
2.089E+02  1.407E-24  7.800E-15  3.310E-15  4.490E-15
2.070E+02  1.434E-24  7.875E-15  3.361E-15  4.514E-15
2.051E+02  1.461E-24  7.949E-15  3.412E-15  4.536E-15
2.032E+02  1.488E-24  8.021E-15  3.464E-15  4.557E-15
2.014E+02  1.515E-24  8.092E-15  3.515E-15  4.577E-15
1.995E+02  1.542E-24  8.161E-15  3.567E-15  4.594E-15
1.977E+02  1.569E-24  8.229E-15  3.619E-15  4.610E-15
1.959E+02  1.596E-24  8.295E-15  3.670E-15  4.624E-15
1.941E+02  1.624E-24  8.359E-15  3.722E-15  4.637E-15
1.923E+02  1.651E-24  8.422E-15  3.774E-15  4.648E-15
1.905E+02  1.678E-24  8.484E-15  3.827E-15  4.657E-15
1.888E+02  1.706E-24  8.543E-15  3.879E-15  4.664E-15
1.871E+02  1.733E-24  8.601E-15  3.931E-15  4.670E-15
1.854E+02  1.761E-24  8.657E-15  3.984E-15  4.674E-15
1.837E+02  1.788E-24  8.712E-15  4.036E-15  4.675E-15
1.820E+02  1.816E-24  8.764E-15  4.089E-15  4.675E-15
1.803E+02  1.843E-24  8.815E-15  4.142E-15  4.673E-15
1.786E+02  1.871E-24  8.865E-15  4.195E-15  4.669E-15
1.770E+02  1.898E-24  8.912E-15  4.248E-15  4.664E-15
1.754E+02  1.925E-24  8.958E-15  4.302E-15  4.656E-15
1.738E+02  1.953E-24  9.002E-15  4.356E-15  4.646E-15
1.722E+02  1.980E-24  9.044E-15  4.410E-15  4.635E-15
1.706E+02  2.008E-24  9.085E-15  4.464E-15  4.621E-15
1.690E+02  2.035E-24  9.125E-15  4.520E-15  4.605E-15
1.675E+02  2.062E-24  9.163E-15  4.575E-15  4.588E-15
1.660E+02  2.090E-24  9.200E-15  4.632E-15  4.568E-15
1.644E+02  2.117E-24  9.236E-15  4.689E-15  4.547E-15
1.629E+02  2.145E-24  9.270E-15  4.747E-15  4.524E-15
1.614E+02  2.173E-24  9.304E-15  4.806E-15  4.498E-15
1.600E+02  2.201E-24  9.337E-15  4.866E-15  4.471E-15
1.585E+02  2.229E-24  9.370E-15  4.928E-15  4.442E-15
1.570E+02  2.257E-24  9.402E-15  4.991E-15  4.411E-15
1.556E+02  2.286E-24  9.433E-15  5.055E-15  4.378E-15
1.542E+02  2.314E-24  9.465E-15  5.121E-15  4.344E-15
1.528E+02  2.343E-24  9.496E-15  5.188E-15  4.308E-15
1.514E+02  2.373E-24  9.526E-15  5.257E-15  4.270E-15
1.500E+02  2.402E-24  9.556E-15  5.326E-15  4.230E-15
1.486E+02  2.431E-24  9.584E-15  5.395E-15  4.188E-15
1.472E+02  2.460E-24  9.609E-15  5.463E-15  4.145E-15
1.459E+02  2.488E-24  9.629E-15  5.528E-15  4.101E-15
1.445E+02  2.515E-24  9.642E-15  5.587E-15  4.055E-15
1.432E+02  2.539E-24  9.644E-15  5.637E-15  4.007E-15
1.419E+02  2.559E-24  9.631E-15  5.673E-15  3.958E-15
1.406E+02  2.574E-24  9.601E-15  5.693E-15  3.907E-15
1.393E+02  2.584E-24  9.549E-15  5.694E-15  3.856E-15
1.380E+02  2.588E-24  9.477E-15  5.674E-15  3.802E-15
1.368E+02  2.587E-24  9.384E-15  5.637E-15  3.748E-15
1.355E+02  2.580E-24  9.276E-15  5.584E-15  3.692E-15
1.343E+02  2.571E-24  9.156E-15  5.521E-15  3.635E-15
1.330E+02  2.558E-24  9.029E-15  5.452E-15  3.577E-15
1.318E+02  2.545E-24  8.898E-15  5.380E-15  3.518E-15
1.306E+02  2.530E-24  8.766E-15  5.308E-15  3.458E-15
1.294E+02  2.515E-24  8.636E-15  5.238E-15  3.397E-15
1.282E+02  2.501E-24  8.506E-15  5.171E-15  3.335E-15
1.271E+02  2.486E-24  8.379E-15  5.106E-15  3.273E-15
1.259E+02  2.472E-24  8.254E-15  5.045E-15  3.210E-15
1.247E+02  2.458E-24  8.131E-15  4.986E-15  3.146E-15
1.236E+02  2.444E-24  8.011E-15  4.930E-15  3.081E-15
1.225E+02  2.430E-24  7.893E-15  4.876E-15  3.017E-15
1.213E+02  2.416E-24  7.776E-15  4.825E-15  2.951E-15
1.202E+02  2.402E-24  7.661E-15  4.775E-15  2.886E-15
1.191E+02  2.388E-24  7.547E-15  4.727E-15  2.820E-15
1.180E+02  2.374E-24  7.433E-15  4.679E-15  2.754E-15
1.169E+02  2.360E-24  7.320E-15  4.632E-15  2.687E-15
1.159E+02  2.345E-24  7.207E-15  4.586E-15  2.621E-15
1.148E+02  2.329E-24  7.095E-15  4.540E-15  2.555E-15
1.138E+02  2.314E-24  6.983E-15  4.494E-15  2.488E-15
1.127E+02  2.298E-24  6.871E-15  4.449E-15  2.422E-15
1.117E+02  2.282E-24  6.760E-15  4.403E-15  2.357E-15
1.107E+02  2.265E-24  6.649E-15  4.358E-15  2.291E-15
1.096E+02  2.248E-24  6.538E-15  4.312E-15  2.226E-15
1.086E+02  2.230E-24  6.427E-15  4.265E-15  2.162E-15
1.076E+02  2.212E-24  6.316E-15  4.218E-15  2.098E-15
1.067E+02  2.193E-24  6.205E-15  4.171E-15  2.034E-15
1.057E+02  2.174E-24  6.094E-15  4.122E-15  1.972E-15
1.047E+02  2.154E-24  5.983E-15  4.074E-15  1.909E-15
1.038E+02  2.134E-24  5.872E-15  4.024E-15  1.848E-15
1.028E+02  2.112E-24  5.760E-15  3.973E-15  1.787E-15
1.019E+02  2.091E-24  5.649E-15  3.922E-15  1.727E-15
1.009E+02  2.068E-24  5.537E-15  3.870E-15  1.668E-15
1.000E+02  2.045E-24  5.426E-15  3.817E-15  1.609E-15
9.908E+01  2.022E-24  5.314E-15  3.763E-15  1.552E-15
9.817E+01  1.998E-24  5.203E-15  3.707E-15  1.495E-15
9.727E+01  1.973E-24  5.091E-15  3.651E-15  1.440E-15
9.638E+01  1.948E-24  4.979E-15  3.594E-15  1.385E-15
9.550E+01  1.922E-24  4.868E-15  3.536E-15  1.332E-15
9.462E+01  1.895E-24  4.757E-15  3.478E-15  1.279E-15
9.376E+01  1.868E-24  4.646E-15  3.418E-15  1.228E-15
9.290E+01  1.841E-24  4.536E-15  3.358E-15  1.178E-15
9.204E+01  1.813E-24  4.426E-15  3.297E-15  1.129E-15
9.120E+01  1.784E-24  4.317E-15  3.235E-15  1.082E-15
9.036E+01  1.756E-24  4.208E-15  3.173E-15  1.035E-15
8.954E+01  1.726E-24  4.100E-15  3.110E-15  9.899E-16
8.872E+01  1.697E-24  3.993E-15  3.047E-15  9.459E-16
8.790E+01  1.667E-24  3.887E-15  2.984E-15  9.031E-16
8.710E+01  1.637E-24  3.782E-15  2.921E-15  8.616E-16
8.630E+01  1.607E-24  3.679E-15  2.857E-15  8.214E-16
8.551E+01  1.577E-24  3.576E-15  2.794E-15  7.823E-16
8.472E+01  1.546E-24  3.474E-15  2.730E-15  7.444E-16
8.395E+01  1.515E-24  3.374E-15  2.666E-15  7.078E-16
8.318E+01  1.484E-24  3.275E-15  2.602E-15  6.724E-16
8.241E+01  1.453E-24  3.177E-15  2.538E-15  6.382E-16
8.166E+01  1.422E-24  3.080E-15  2.475E-15  6.053E-16
8.091E+01  1.391E-24  2.985E-15  2.411E-15  5.736E-16
8.017E+01  1.360E-24  2.891E-15  2.348E-15  5.431E-16
7.943E+01  1.328E-24  2.799E-15  2.285E-15  5.138E-16
7.870E+01  1.297E-24  2.708E-15  2.222E-15  4.855E-16
7.798E+01  1.266E-24  2.618E-15  2.160E-15  4.585E-16
7.727E+01  1.235E-24  2.530E-15  2.098E-15  4.325E-16
7.656E+01  1.203E-24  2.444E-15  2.036E-15  4.077E-16
7.586E+01  1.172E-24  2.359E-15  1.975E-15  3.840E-16
7.516E+01  1.142E-24  2.276E-15  1.915E-15  3.613E-16
7.447E+01  1.111E-24  2.194E-15  1.855E-15  3.396E-16
7.379E+01  1.080E-24  2.115E-15  1.796E-15  3.189E-16
7.311E+01  1.050E-24  2.036E-15  1.737E-15  2.992E-16
7.244E+01  1.020E-24  1.960E-15  1.680E-15  2.804E-16
7.178E+01  9.901E-25  1.885E-15  1.623E-15  2.625E-16
7.112E+01  9.606E-25  1.812E-15  1.567E-15  2.455E-16
7.047E+01  9.314E-25  1.741E-15  1.512E-15  2.295E-16
6.982E+01  9.026E-25  1.672E-15  1.457E-15  2.143E-16
6.918E+01  8.741E-25  1.604E-15  1.404E-15  1.999E-16
6.855E+01  8.460E-25  1.538E-15  1.352E-15  1.863E-16
6.792E+01  8.183E-25  1.474E-15  1.301E-15  1.734E-16
6.730E+01  7.910E-25  1.412E-15  1.251E-15  1.612E-16
6.668E+01  7.641E-25  1.351E-15  1.202E-15  1.497E-16
6.607E+01  7.377E-25  1.293E-15  1.154E-15  1.390E-16
6.546E+01  7.117E-25  1.236E-15  1.107E-15  1.288E-16
6.486E+01  6.862E-25  1.181E-15  1.061E-15  1.193E-16
6.427E+01  6.611E-25  1.127E-15  1.017E-15  1.104E-16
6.368E+01  6.366E-25  1.075E-15  9.734E-16  1.020E-16
6.310E+01  6.126E-25  1.025E-15  9.311E-16  9.413E-17
6.252E+01  5.891E-25  9.769E-16  8.901E-16  8.680E-17
6.194E+01  5.661E-25  9.302E-16  8.502E-16  7.996E-17
6.138E+01  5.436E-25  8.851E-16  8.115E-16  7.358E-17
6.081E+01  5.217E-25  8.416E-16  7.740E-16  6.763E-17
6.026E+01  5.003E-25  7.997E-16  7.376E-16  6.209E-17
5.970E+01  4.795E-25  7.594E-16  7.024E-16  5.694E-17
5.916E+01  4.592E-25  7.206E-16  6.684E-16  5.215E-17
5.861E+01  4.395E-25  6.833E-16  6.356E-16  4.771E-17
5.808E+01  4.203E-25  6.474E-16  6.038E-16  4.359E-17
5.754E+01  4.016E-25  6.130E-16  5.733E-16  3.979E-17
5.702E+01  3.835E-25  5.801E-16  5.438E-16  3.627E-17
5.649E+01  3.660E-25  5.485E-16  5.154E-16  3.302E-17
5.598E+01  3.490E-25  5.182E-16  4.882E-16  3.003E-17
5.546E+01  3.326E-25  4.893E-16  4.620E-16  2.729E-17
5.495E+01  3.166E-25  4.616E-16  4.368E-16  2.476E-17
5.445E+01  3.013E-25  4.351E-16  4.127E-16  2.244E-17
5.395E+01  2.864E-25  4.099E-16  3.896E-16  2.031E-17
5.346E+01  2.721E-25  3.858E-16  3.675E-16  1.836E-17
5.297E+01  2.583E-25  3.629E-16  3.463E-16  1.658E-17
5.248E+01  2.450E-25  3.411E-16  3.261E-16  1.495E-17
5.200E+01  2.322E-25  3.203E-16  3.068E-16  1.347E-17
5.152E+01  2.199E-25  3.005E-16  2.884E-16  1.211E-17
5.105E+01  2.081E-25  2.818E-16  2.709E-16  1.088E-17
5.058E+01  1.967E-25  2.640E-16  2.542E-16  9.761E-18
5.012E+01  1.858E-25  2.471E-16  2.383E-16  8.745E-18
4.966E+01  1.754E-25  2.311E-16  2.232E-16  7.824E-18
4.920E+01  1.654E-25  2.159E-16  2.089E-16  6.991E-18
4.875E+01  1.559E-25  2.016E-16  1.953E-16  6.238E-18
4.831E+01  1.467E-25  1.880E-16  1.825E-16  5.559E-18
4.786E+01  1.380E-25  1.752E-16  1.703E-16  4.948E-18
4.742E+01  1.297E-25  1.631E-16  1.587E-16  4.397E-18
4.699E+01  1.218E-25  1.518E-16  1.479E-16  3.903E-18
4.656E+01  1.142E-25  1.410E-16  1.376E-16  3.459E-18
4.613E+01  1.070E-25  1.309E-16  1.279E-16  3.062E-18
4.571E+01  1.002E-25  1.215E-16  1.187E-16  2.706E-18
4.529E+01  9.367E-26  1.125E-16  1.101E-16  2.389E-18
4.487E+01  8.751E-26  1.042E-16  1.021E-16  2.106E-18
4.446E+01  8.166E-26  9.631E-17  9.446E-17  1.854E-18
4.406E+01  7.612E-26  8.896E-17  8.733E-17  1.629E-18
4.365E+01  7.088E-26  8.207E-17  8.064E-17  1.430E-18
4.325E+01  6.591E-26  7.562E-17  7.437E-17  1.254E-18
4.285E+01  6.122E-26  6.960E-17  6.850E-17  1.097E-18
4.246E+01  5.680E-26  6.397E-17  6.301E-17  9.587E-19
4.207E+01  5.262E-26  5.873E-17  5.789E-17  8.365E-19
4.169E+01  4.869E-26  5.384E-17  5.311E-17  7.288E-19
4.130E+01  4.499E-26  4.929E-17  4.865E-17  6.341E-19
4.093E+01  4.150E-26  4.506E-17  4.451E-17  5.507E-19
4.055E+01  3.823E-26  4.113E-17  4.065E-17  4.775E-19
4.018E+01  3.517E-26  3.748E-17  3.707E-17  4.134E-19
3.981E+01  3.229E-26  3.410E-17  3.374E-17  3.574E-19
3.945E+01  2.960E-26  3.097E-17  3.066E-17  3.085E-19
3.908E+01  2.709E-26  2.808E-17  2.781E-17  2.658E-19
3.873E+01  2.474E-26  2.541E-17  2.518E-17  2.287E-19
3.837E+01  2.255E-26  2.295E-17  2.275E-17  1.964E-19
3.802E+01  2.051E-26  2.069E-17  2.052E-17  1.685E-19
3.767E+01  1.862E-26  1.861E-17  1.846E-17  1.442E-19
3.733E+01  1.687E-26  1.670E-17  1.658E-17  1.232E-19
3.698E+01  1.524E-26  1.495E-17  1.485E-17  1.051E-19
3.664E+01  1.374E-26  1.336E-17  1.327E-17  8.946E-20
3.631E+01  1.236E-26  1.190E-17  1.182E-17  7.605E-20
3.597E+01  1.108E-26  1.058E-17  1.051E-17  6.455E-20
3.565E+01  9.913E-27  9.373E-18  9.318E-18  5.470E-20
3.532E+01  8.842E-27  8.284E-18  8.238E-18  4.627E-20
3.499E+01  7.864E-27  7.300E-18  7.261E-18  3.909E-20
3.467E+01  6.973E-27  6.414E-18  6.381E-18  3.296E-20
3.436E+01  6.164E-27  5.618E-18  5.590E-18  2.775E-20
3.404E+01  5.432E-27  4.905E-18  4.882E-18  2.332E-20
3.373E+01  4.771E-27  4.269E-18  4.249E-18  1.957E-20
3.342E+01  4.176E-27  3.702E-18  3.686E-18  1.640E-20
3.311E+01  3.644E-27  3.200E-18  3.187E-18  1.372E-20
3.281E+01  3.168E-27  2.757E-18  2.745E-18  1.146E-20
3.251E+01  2.744E-27  2.367E-18  2.357E-18  9.558E-21
3.221E+01  2.369E-27  2.024E-18  2.016E-18  7.957E-21
3.192E+01  2.038E-27  1.726E-18  1.719E-18  6.613E-21
3.162E+01  1.747E-27  1.466E-18  1.460E-18  5.487E-21
3.133E+01  1.492E-27  1.240E-18  1.236E-18  4.544E-21
3.105E+01  1.270E-27  1.046E-18  1.042E-18  3.757E-21
3.076E+01  1.077E-27  8.788E-19  8.757E-19  3.101E-21
3.048E+01  9.102E-28  7.359E-19  7.333E-19  2.555E-21
3.020E+01  7.666E-28  6.141E-19  6.120E-19  2.101E-21
2.992E+01  6.434E-28  5.107E-19  5.090E-19  1.725E-21
2.965E+01  5.382E-28  4.233E-19  4.218E-19  1.413E-21
2.938E+01  4.487E-28  3.497E-19  3.485E-19  1.155E-21
2.911E+01  3.729E-28  2.879E-19  2.870E-19  9.424E-22
2.884E+01  3.089E-28  2.363E-19  2.356E-19  7.676E-22
2.858E+01  2.552E-28  1.934E-19  1.928E-19  6.240E-22
2.831E+01  2.101E-28  1.578E-19  1.573E-19  5.063E-22
2.805E+01  1.725E-28  1.284E-19  1.280E-19  4.100E-22
2.780E+01  1.413E-28  1.042E-19  1.038E-19  3.314E-22
2.754E+01  1.153E-28  8.426E-20  8.399E-20  2.673E-22
2.729E+01  9.392E-29  6.799E-20  6.777E-20  2.153E-22
2.704E+01  7.629E-29  5.472E-20  5.455E-20  1.730E-22
2.679E+01  6.181E-29  4.393E-20  4.379E-20  1.387E-22
2.655E+01  4.996E-29  3.518E-20  3.507E-20  1.110E-22
2.630E+01  4.028E-29  2.811E-20  2.802E-20  8.869E-23
2.606E+01  3.241E-29  2.240E-20  2.233E-20  7.069E-23
2.582E+01  2.601E-29  1.782E-20  1.776E-20  5.624E-23
2.559E+01  2.084E-29  1.414E-20  1.410E-20  4.464E-23
2.535E+01  1.665E-29  1.120E-20  1.116E-20  3.536E-23
2.512E+01  1.328E-29  8.850E-21  8.822E-21  2.796E-23
2.489E+01  1.057E-29  6.980E-21  6.957E-21  2.205E-23
2.466E+01  8.398E-30  5.494E-21  5.476E-21  1.735E-23
2.443E+01  6.658E-30  4.316E-21  4.302E-21  1.362E-23
2.421E+01  5.269E-30  3.384E-21  3.373E-21  1.067E-23
2.399E+01  4.161E-30  2.647E-21  2.639E-21  8.332E-24
2.377E+01  3.279E-30  2.068E-21  2.061E-21  6.495E-24
2.355E+01  2.580E-30  1.612E-21  1.607E-21  5.058E-24
2.333E+01  2.026E-30  1.254E-21  1.250E-21  3.927E-24
2.312E+01  1.588E-30  9.739E-22  9.709E-22  3.038E-24
2.291E+01  1.243E-30  7.551E-22  7.527E-22  2.346E-24
2.270E+01  9.706E-31  5.844E-22  5.826E-22  1.810E-24
2.249E+01  7.568E-31  4.515E-22  4.501E-22  1.395E-24
2.228E+01  5.890E-31  3.482E-22  3.471E-22  1.074E-24
2.208E+01  4.577E-31  2.681E-22  2.672E-22  8.236E-25
2.188E+01  3.550E-31  2.060E-22  2.054E-22  6.292E-25
2.168E+01  2.749E-31  1.581E-22  1.576E-22  4.791E-25
2.148E+01  2.125E-31  1.211E-22  1.207E-22  3.639E-25
2.128E+01  1.640E-31  9.259E-23  9.231E-23  2.760E-25
2.109E+01  1.264E-31  7.068E-23  7.047E-23  2.091E-25
2.089E+01  9.720E-32  5.387E-23  5.371E-23  1.579E-25
2.070E+01  7.464E-32  4.098E-23  4.087E-23  1.188E-25
2.051E+01  5.721E-32  3.113E-23  3.104E-23  8.916E-26
2.032E+01  4.378E-32  2.360E-23  2.353E-23  6.679E-26
2.014E+01  3.345E-32  1.787E-23  1.782E-23  5.009E-26
1.995E+01  2.551E-32  1.350E-23  1.346E-23  3.744E-26
1.977E+01  1.942E-32  1.018E-23  1.016E-23  2.789E-26
1.959E+01  1.476E-32  7.668E-24  7.647E-24  2.068E-26
1.941E+01  1.119E-32  5.763E-24  5.748E-24  1.526E-26
1.923E+01  8.474E-33  4.323E-24  4.311E-24  1.120E-26
1.905E+01  6.403E-33  3.236E-24  3.228E-24  8.184E-27
1.888E+01  4.829E-33  2.419E-24  2.413E-24  5.947E-27
1.871E+01  3.635E-33  1.804E-24  1.800E-24  4.297E-27
1.854E+01  2.732E-33  1.343E-24  1.340E-24  3.087E-27
1.837E+01  2.049E-33  9.983E-25  9.961E-25  2.206E-27
1.820E+01  1.534E-33  7.405E-25  7.389E-25  1.567E-27
1.803E+01  1.146E-33  5.481E-25  5.470E-25  1.108E-27
1.786E+01  8.547E-34  4.050E-25  4.042E-25  7.786E-28
1.770E+01  6.362E-34  2.987E-25  2.982E-25  5.441E-28
1.754E+01  4.728E-34  2.200E-25  2.196E-25  3.779E-28
1.738E+01  3.507E-34  1.617E-25  1.614E-25  2.611E-28
1.722E+01  2.597E-34  1.186E-25  1.184E-25  1.794E-28
1.706E+01  1.919E-34  8.684E-26  8.672E-26  1.228E-28
1.690E+01  1.415E-34  6.346E-26  6.338E-26  8.363E-29
1.675E+01  1.042E-34  4.629E-26  4.623E-26  5.670E-29
1.660E+01  7.654E-35  3.370E-26  3.366E-26  3.822E-29
1.644E+01  5.614E-35  2.449E-26  2.446E-26  2.564E-29
1.629E+01  4.106E-35  1.775E-26  1.773E-26  1.713E-29
1.614E+01  2.998E-35  1.284E-26  1.283E-26  1.140E-29
1.600E+01  2.185E-35  9.270E-27  9.263E-27  7.563E-30
1.585E+01  1.589E-35  6.681E-27  6.676E-27  4.998E-30
1.570E+01  1.153E-35  4.804E-27  4.801E-27  3.291E-30
1.556E+01  8.355E-36  3.448E-27  3.446E-27  2.160E-30
1.542E+01  6.040E-36  2.470E-27  2.469E-27  1.413E-30
1.528E+01  4.358E-36  1.766E-27  1.765E-27  9.218E-31
1.514E+01  3.137E-36  1.260E-27  1.259E-27  5.997E-31
1.500E+01  2.254E-36  8.968E-28  8.964E-28  3.895E-31
1.486E+01  1.616E-36  6.371E-28  6.369E-28  2.520E-31
1.472E+01  1.157E-36  4.518E-28  4.516E-28  1.626E-31
1.459E+01  8.263E-37  3.197E-28  3.196E-28  1.046E-31
1.445E+01  5.890E-37  2.258E-28  2.258E-28  6.739E-32
1.432E+01  4.190E-37  1.592E-28  1.591E-28  4.349E-32
1.419E+01  2.974E-37  1.119E-28  1.119E-28  2.818E-32
1.406E+01  2.106E-37  7.854E-29  7.852E-29  1.835E-32
1.393E+01  1.488E-37  5.498E-29  5.497E-29  1.204E-32
1.380E+01  1.049E-37  3.841E-29  3.841E-29  7.935E-33
1.368E+01  7.384E-38  2.679E-29  2.678E-29  5.264E-33
1.355E+01  5.186E-38  1.864E-29  1.864E-29  3.498E-33
1.343E+01  3.633E-38  1.294E-29  1.294E-29  2.325E-33
1.330E+01  2.539E-38  8.960E-30  8.959E-30  1.541E-33
1.318E+01  1.770E-38  6.190E-30  6.189E-30  1.019E-33
1.306E+01  1.232E-38  4.269E-30  4.268E-30  6.702E-34
1.294E+01  8.557E-39  2.938E-30  2.937E-30  4.398E-34
1.282E+01  5.930E-39  2.017E-30  2.017E-30  2.884E-34
1.271E+01  4.101E-39  1.382E-30  1.382E-30  1.886E-34
1.259E+01  2.828E-39  9.443E-31  9.442E-31  1.229E-34
1.247E+01  1.943E-39  6.429E-31  6.428E-31  7.968E-35
1.236E+01  1.331E-39  4.364E-31  4.364E-31  5.141E-35
1.225E+01  9.096E-40  2.955E-31  2.954E-31  3.296E-35
1.213E+01  6.202E-40  1.996E-31  1.996E-31  2.109E-35
1.202E+01  4.219E-40  1.345E-31  1.345E-31  1.349E-35
1.191E+01  2.861E-40  9.041E-32  9.040E-32  8.581E-36
1.180E+01  1.935E-40  6.057E-32  6.056E-32  5.434E-36
1.169E+01  1.305E-40  4.049E-32  4.048E-32  3.421E-36
1.159E+01  8.875E-41  2.728E-32  2.728E-32  2.135E-36
1.148E+01  6.653E-41  2.026E-32  2.026E-32  1.326E-36
1.138E+01  4.060E-41  1.225E-32  1.225E-32  8.219E-37
1.127E+01  2.698E-41  8.068E-33  8.067E-33  5.077E-37
1.117E+01  1.786E-41  5.291E-33  5.291E-33  3.127E-37
1.107E+01  1.179E-41  3.461E-33  3.461E-33  1.917E-37
1.096E+01  7.793E-42  2.267E-33  2.266E-33  1.168E-37
1.086E+01  5.141E-42  1.482E-33  1.482E-33  7.093E-38
1.076E+01  3.383E-42  9.661E-34  9.660E-34  4.302E-38
1.067E+01  2.220E-42  6.282E-34  6.282E-34  2.604E-38
1.057E+01  1.453E-42  4.073E-34  4.073E-34  1.573E-38
1.047E+01  9.479E-43  2.633E-34  2.633E-34  9.433E-39
1.038E+01  6.166E-43  1.697E-34  1.697E-34  5.591E-39
1.028E+01  3.998E-43  1.090E-34  1.090E-34  3.271E-39
1.019E+01  2.584E-43  6.983E-35  6.982E-35  1.891E-39
1.009E+01  1.665E-43  4.457E-35  4.457E-35  1.085E-39
1.000E+01  1.069E-43  2.836E-35  2.836E-35  6.190E-40
9.908E+00  6.844E-44  1.799E-35  1.799E-35  3.523E-40
9.817E+00  4.367E-44  1.137E-35  1.137E-35  1.998E-40
9.727E+00  2.777E-44  7.165E-36  7.165E-36  1.128E-40
9.638E+00  1.760E-44  4.499E-36  4.499E-36  6.331E-41
9.550E+00  1.112E-44  2.816E-36  2.816E-36  3.512E-41
9.462E+00  6.997E-45  1.756E-36  1.756E-36  1.919E-41
9.376E+00  4.389E-45  1.092E-36  1.092E-36  1.031E-41
9.290E+00  2.743E-45  6.760E-37  6.760E-37  5.425E-42
9.204E+00  1.709E-45  4.172E-37  4.172E-37  2.797E-42
9.120E+00  1.061E-45  2.566E-37  2.566E-37  1.414E-42
9.036E+00  6.560E-46  1.573E-37  1.573E-37  7.027E-43
8.954E+00  4.044E-46  9.606E-38  9.606E-38  3.445E-43
8.872E+00  2.486E-46  5.850E-38  5.850E-38  1.675E-43
8.790E+00  1.524E-46  3.553E-38  3.553E-38  8.100E-44
8.710E+00  9.317E-47  2.152E-38  2.152E-38  3.910E-44
8.630E+00  5.673E-47  1.299E-38  1.299E-38  1.886E-44
8.551E+00  3.425E-47  7.769E-39  7.769E-39  9.088E-45
8.472E+00  2.055E-47  4.619E-39  4.619E-39  4.353E-45
8.395E+00  1.230E-47  2.739E-39  2.739E-39  2.057E-45
8.318E+00  7.341E-48  1.620E-39  1.620E-39  9.518E-46
8.241E+00  4.367E-48  9.548E-40  9.548E-40  4.296E-46
8.166E+00  2.591E-48  5.613E-40  5.613E-40  1.887E-46
8.091E+00  1.534E-48  3.292E-40  3.292E-40  8.187E-47
8.017E+00  9.064E-49  1.928E-40  1.928E-40  3.507E-47
7.943E+00  5.343E-49  1.126E-40  1.126E-40  1.490E-47
7.870E+00  3.132E-49  6.539E-41  6.539E-41  6.284E-48
7.798E+00  1.819E-49  3.762E-41  3.762E-41  2.636E-48
7.727E+00  1.049E-49  2.149E-41  2.149E-41  1.106E-48
7.656E+00  6.027E-50  1.224E-41  1.224E-41  4.652E-49
7.586E+00  3.438E-50  6.917E-42  6.917E-42  1.967E-49
7.516E+00  1.938E-50  3.863E-42  3.863E-42  8.425E-50
7.447E+00  1.086E-50  2.145E-42  2.145E-42  3.665E-50
7.379E+00  6.074E-51  1.189E-42  1.189E-42  1.611E-50
7.311E+00  3.390E-51  6.574E-43  6.574E-43  7.189E-51
7.244E+00  1.886E-51  3.623E-43  3.623E-43  3.225E-51
7.178E+00  1.045E-51  1.989E-43  1.989E-43  1.450E-51
7.112E+00  5.767E-52  1.088E-43  1.088E-43  6.549E-52
7.047E+00  3.169E-52  5.924E-44  5.924E-44  2.961E-52
6.982E+00  1.734E-52  3.212E-44  3.212E-44  1.332E-52
6.918E+00  9.447E-53  1.734E-44  1.734E-44  5.974E-53
6.855E+00  5.125E-53  9.319E-45  9.319E-45  2.665E-53
6.792E+00  2.767E-53  4.986E-45  4.986E-45  1.182E-53
6.730E+00  1.487E-53  2.654E-45  2.654E-45  5.212E-54
6.668E+00  7.946E-54  1.405E-45  1.405E-45  2.283E-54
6.607E+00  4.223E-54  7.401E-46  7.401E-46  9.935E-55
6.546E+00  2.233E-54  3.877E-46  3.877E-46  4.294E-55
6.486E+00  1.175E-54  2.022E-46  2.022E-46  1.843E-55
6.427E+00  6.159E-55  1.050E-46  1.050E-46  7.856E-56
6.368E+00  3.218E-55  5.436E-47  5.436E-47  3.325E-56
6.310E+00  1.662E-55  2.782E-47  2.782E-47  1.397E-56
6.252E+00  8.830E-56  1.464E-47  1.464E-47  5.830E-57
6.194E+00  4.526E-56  7.436E-48  7.436E-48  2.415E-57
6.138E+00  2.271E-56  3.697E-48  3.697E-48  9.925E-58
6.081E+00  1.139E-56  1.837E-48  1.837E-48  4.052E-58
6.026E+00  5.712E-57  9.130E-49  9.130E-49  1.643E-58
5.970E+00  2.857E-57  4.524E-49  4.524E-49  6.618E-59
5.916E+00  1.423E-57  2.232E-49  2.232E-49  2.648E-59
5.861E+00  7.050E-58  1.096E-49  1.096E-49  1.053E-59
5.808E+00  3.477E-58  5.356E-50  5.356E-50  4.159E-60
5.754E+00  1.706E-58  2.604E-50  2.604E-50  1.632E-60
5.702E+00  8.319E-59  1.258E-50  1.258E-50  6.361E-61
5.649E+00  4.027E-59  6.035E-51  6.035E-51  2.463E-61
5.598E+00  1.938E-59  2.877E-51  2.877E-51  9.477E-62
5.546E+00  9.272E-60  1.364E-51  1.364E-51  3.621E-62
5.495E+00  4.412E-60  6.432E-52  6.432E-52  1.375E-62
5.445E+00  2.088E-60  3.016E-52  3.016E-52  5.185E-63
5.395E+00  9.822E-61  1.406E-52  1.406E-52  1.942E-63
5.346E+00  4.594E-61  6.514E-53  6.514E-53  7.227E-64
5.297E+00  2.136E-61  3.001E-53  3.001E-53  2.671E-64
5.248E+00  9.862E-62  1.373E-53  1.373E-53  9.802E-65
5.200E+00  4.522E-62  6.237E-54  6.237E-54  3.573E-65
5.152E+00  2.061E-62  2.816E-54  2.816E-54  1.294E-65
5.105E+00  9.333E-63  1.264E-54  1.264E-54  4.651E-66
5.058E+00  4.200E-63  5.635E-55  5.635E-55  1.660E-66
5.012E+00  1.878E-63  2.497E-55  2.497E-55  5.886E-67
4.966E+00  8.340E-64  1.099E-55  1.099E-55  2.072E-67
4.920E+00  3.679E-64  4.802E-56  4.802E-56  7.244E-68
4.875E+00  1.612E-64  2.085E-56  2.085E-56  2.513E-68
4.831E+00  7.019E-65  8.994E-57  8.994E-57  8.655E-69
4.786E+00  3.036E-65  3.854E-57  3.854E-57  2.958E-69
4.742E+00  1.304E-65  1.640E-57  1.640E-57  1.004E-69
4.699E+00  5.564E-66  6.935E-58  6.935E-58  3.379E-70
4.656E+00  2.358E-66  2.912E-58  2.912E-58  1.129E-70
4.613E+00  9.923E-67  1.214E-58  1.214E-58  3.742E-71
4.571E+00  4.147E-67  5.028E-59  5.028E-59  1.230E-71
4.529E+00  1.721E-67  2.067E-59  2.067E-59  4.012E-72
4.487E+00  7.090E-68  8.439E-60  8.439E-60  1.298E-72
4.446E+00  2.900E-68  3.421E-60  3.421E-60  4.163E-73
4.406E+00  1.178E-68  1.377E-60  1.377E-60  1.324E-73
4.365E+00  4.749E-69  5.499E-61  5.499E-61  4.177E-74
4.325E+00  1.901E-69  2.180E-61  2.180E-61  1.306E-74
4.285E+00  7.550E-70  8.582E-62  8.582E-62  4.046E-75
4.246E+00  2.977E-70  3.353E-62  3.353E-62  1.242E-75
4.207E+00  1.165E-70  1.300E-62  1.300E-62  3.779E-76
4.169E+00  4.524E-71  5.003E-63  5.003E-63  1.139E-76
4.130E+00  1.744E-71  1.911E-63  1.911E-63  3.398E-77
4.093E+00  6.681E-72  7.253E-64  7.253E-64  1.004E-77
4.055E+00  2.547E-72  2.740E-64  2.740E-64  2.935E-78
4.018E+00  9.718E-73  1.036E-64  1.036E-64  8.495E-79
3.981E+00  3.763E-73  3.974E-65  3.974E-65  2.434E-79
3.945E+00  1.532E-73  1.603E-65  1.603E-65  6.901E-80
3.908E+00  7.042E-74  7.301E-66  7.301E-66  1.936E-80
3.873E+00  4.020E-74  4.129E-66  4.129E-66  5.373E-81
3.837E+00  2.949E-74  3.001E-66  3.001E-66  1.475E-81
3.802E+00  2.602E-74  2.624E-66  2.624E-66  4.006E-82
3.767E+00  2.526E-74  2.524E-66  2.524E-66  1.076E-82
3.733E+00  2.558E-74  2.533E-66  2.533E-66  2.856E-83
3.698E+00  2.642E-74  2.592E-66  2.592E-66  7.495E-84
3.664E+00  2.762E-74  2.685E-66  2.685E-66  1.944E-84
3.631E+00  2.920E-74  2.812E-66  2.812E-66  4.984E-85
3.597E+00  3.128E-74  2.985E-66  2.985E-66  1.262E-85
3.565E+00  3.408E-74  3.223E-66  3.223E-66  3.158E-86
3.532E+00  3.802E-74  3.562E-66  3.562E-66  7.804E-87
3.499E+00  4.385E-74  4.071E-66  4.071E-66  1.905E-87
3.467E+00  5.306E-74  4.880E-66  4.880E-66  4.589E-88
3.436E+00  6.894E-74  6.283E-66  6.283E-66  1.092E-88
3.404E+00  1.001E-73  9.038E-66  9.038E-66  2.564E-89
3.373E+00  1.743E-73  1.560E-65  1.560E-65  5.942E-90
3.342E+00  4.211E-73  3.733E-65  3.733E-65  1.359E-90
3.311E+00  1.654E-72  1.453E-64  1.453E-64  3.066E-91
3.281E+00  1.140E-72  9.921E-65  9.921E-65  6.823E-92
3.251E+00  3.195E-73  2.755E-65  2.755E-65  1.497E-92
3.221E+00  1.470E-73  1.256E-65  1.256E-65  3.239E-93
3.192E+00  8.984E-74  7.606E-66  7.606E-66  6.911E-94
3.162E+00  6.464E-74  5.423E-66  5.423E-66  1.454E-94
3.133E+00  5.150E-74  4.280E-66  4.280E-66  3.015E-95
3.105E+00  4.385E-74  3.611E-66  3.611E-66  6.163E-96
3.076E+00  3.905E-74  3.186E-66  3.186E-66  1.242E-96
3.048E+00  3.587E-74  2.900E-66  2.900E-66  2.468E-97
3.020E+00  3.369E-74  2.699E-66  2.699E-66  4.829E-98
2.992E+00  3.214E-74  2.551E-66  2.551E-66  9.309E-99
2.965E+00  3.101E-74  2.439E-66  2.439E-66  1.767E-99
2.938E+00  3.019E-74  2.352E-66  2.352E-66  3.304-100
2.911E+00  2.958E-74  2.284E-66  2.284E-66  6.083-101
2.884E+00  2.912E-74  2.228E-66  2.228E-66  1.100-101
2.858E+00  2.879E-74  2.182E-66  2.182E-66  1.962-102
2.831E+00  2.854E-74  2.144E-66  2.144E-66  3.445-103
2.805E+00  2.837E-74  2.111E-66  2.111E-66  5.952-104
2.780E+00  2.824E-74  2.082E-66  2.082E-66  0.000E+00
2.754E+00  2.816E-74  2.058E-66  2.058E-66  0.000E+00
2.729E+00  2.812E-74  2.035E-66  2.035E-66  0.000E+00
2.704E+00  2.810E-74  2.016E-66  2.016E-66  0.000E+00
2.679E+00  2.811E-74  1.997E-66  1.997E-66  0.000E+00
2.655E+00  2.813E-74  1.981E-66  1.981E-66  0.000E+00
2.630E+00  2.816E-74  1.965E-66  1.965E-66  0.000E+00
2.606E+00  2.821E-74  1.950E-66  1.950E-66  0.000E+00
2.582E+00  2.827E-74  1.936E-66  1.936E-66  0.000E+00
2.559E+00  2.833E-74  1.923E-66  1.923E-66  0.000E+00
2.535E+00  2.840E-74  1.910E-66  1.910E-66  0.000E+00
2.512E+00  2.848E-74  1.897E-66  1.897E-66  0.000E+00
2.489E+00  2.855E-74  1.885E-66  1.885E-66  0.000E+00
2.466E+00  2.863E-74  1.872E-66  1.872E-66  0.000E+00
2.443E+00  2.870E-74  1.860E-66  1.860E-66  0.000E+00
2.421E+00  2.877E-74  1.848E-66  1.848E-66  0.000E+00
2.399E+00  2.885E-74  1.835E-66  1.835E-66  0.000E+00
2.377E+00  2.892E-74  1.824E-66  1.824E-66  0.000E+00
2.355E+00  2.900E-74  1.812E-66  1.812E-66  0.000E+00
2.333E+00  2.907E-74  1.800E-66  1.800E-66  0.000E+00
2.312E+00  2.915E-74  1.788E-66  1.788E-66  0.000E+00
2.291E+00  2.922E-74  1.776E-66  1.776E-66  0.000E+00
2.270E+00  2.929E-74  1.763E-66  1.763E-66  0.000E+00
2.249E+00  2.935E-74  1.751E-66  1.751E-66  0.000E+00
2.228E+00  2.941E-74  1.738E-66  1.738E-66  0.000E+00
2.208E+00  2.946E-74  1.725E-66  1.725E-66  0.000E+00
2.188E+00  2.950E-74  1.712E-66  1.712E-66  0.000E+00
2.168E+00  2.953E-74  1.698E-66  1.698E-66  0.000E+00
2.148E+00  2.955E-74  1.684E-66  1.684E-66  0.000E+00
2.128E+00  2.956E-74  1.669E-66  1.669E-66  0.000E+00
2.109E+00  2.954E-74  1.652E-66  1.652E-66  0.000E+00
2.089E+00  2.951E-74  1.635E-66  1.635E-66  0.000E+00
2.070E+00  2.944E-74  1.617E-66  1.617E-66  0.000E+00
2.051E+00  2.934E-74  1.597E-66  1.597E-66  0.000E+00
2.032E+00  2.920E-74  1.574E-66  1.574E-66  0.000E+00
2.014E+00  2.901E-74  1.550E-66  1.550E-66  0.000E+00
1.995E+00  2.876E-74  1.522E-66  1.522E-66  0.000E+00
1.977E+00  2.844E-74  1.492E-66  1.492E-66  0.000E+00
1.959E+00  2.808E-74  1.459E-66  1.459E-66  0.000E+00
1.941E+00  2.772E-74  1.427E-66  1.427E-66  0.000E+00
1.923E+00  2.746E-74  1.401E-66  1.401E-66  0.000E+00
1.905E+00  2.742E-74  1.386E-66  1.386E-66  0.000E+00
1.888E+00  2.764E-74  1.384E-66  1.384E-66  0.000E+00
1.871E+00  2.805E-74  1.392E-66  1.392E-66  0.000E+00
1.854E+00  2.853E-74  1.403E-66  1.403E-66  0.000E+00
1.837E+00  2.898E-74  1.412E-66  1.412E-66  0.000E+00
1.820E+00  2.936E-74  1.417E-66  1.417E-66  0.000E+00
1.803E+00  2.966E-74  1.419E-66  1.419E-66  0.000E+00
1.786E+00  2.990E-74  1.417E-66  1.417E-66  0.000E+00
1.770E+00  3.008E-74  1.412E-66  1.412E-66  0.000E+00
1.754E+00  3.022E-74  1.406E-66  1.406E-66  0.000E+00
1.738E+00  3.033E-74  1.398E-66  1.398E-66  0.000E+00
1.722E+00  3.042E-74  1.389E-66  1.389E-66  0.000E+00
1.706E+00  3.048E-74  1.380E-66  1.380E-66  0.000E+00
1.690E+00  3.054E-74  1.369E-66  1.369E-66  0.000E+00
1.675E+00  3.058E-74  1.359E-66  1.359E-66  0.000E+00
1.660E+00  3.062E-74  1.348E-66  1.348E-66  0.000E+00
1.644E+00  3.065E-74  1.337E-66  1.337E-66  0.000E+00
1.629E+00  3.067E-74  1.326E-66  1.326E-66  0.000E+00
1.614E+00  3.070E-74  1.315E-66  1.315E-66  0.000E+00
1.600E+00  3.072E-74  1.304E-66  1.304E-66  0.000E+00
1.585E+00  3.076E-74  1.293E-66  1.293E-66  0.000E+00
1.570E+00  3.079E-74  1.283E-66  1.283E-66  0.000E+00
1.556E+00  3.084E-74  1.273E-66  1.273E-66  0.000E+00
1.542E+00  3.090E-74  1.264E-66  1.264E-66  0.000E+00
1.528E+00  3.098E-74  1.255E-66  1.255E-66  0.000E+00
1.514E+00  3.109E-74  1.248E-66  1.248E-66  0.000E+00
1.500E+00  3.121E-74  1.242E-66  1.242E-66  0.000E+00
1.486E+00  3.137E-74  1.237E-66  1.237E-66  0.000E+00
1.472E+00  3.157E-74  1.233E-66  1.233E-66  0.000E+00
1.459E+00  3.182E-74  1.231E-66  1.231E-66  0.000E+00
1.445E+00  3.213E-74  1.232E-66  1.232E-66  0.000E+00
1.432E+00  3.250E-74  1.235E-66  1.235E-66  0.000E+00
1.419E+00  3.297E-74  1.241E-66  1.241E-66  0.000E+00
1.406E+00  3.354E-74  1.251E-66  1.251E-66  0.000E+00
1.393E+00  3.424E-74  1.265E-66  1.265E-66  0.000E+00
1.380E+00  3.510E-74  1.285E-66  1.285E-66  0.000E+00
1.368E+00  3.615E-74  1.312E-66  1.312E-66  0.000E+00
1.355E+00  3.743E-74  1.346E-66  1.346E-66  0.000E+00
1.343E+00  3.898E-74  1.388E-66  1.388E-66  0.000E+00
1.330E+00  4.081E-74  1.440E-66  1.440E-66  0.000E+00
1.318E+00  4.292E-74  1.501E-66  1.501E-66  0.000E+00
1.306E+00  4.520E-74  1.566E-66  1.566E-66  0.000E+00
1.294E+00  4.742E-74  1.628E-66  1.628E-66  0.000E+00
1.282E+00  4.920E-74  1.674E-66  1.674E-66  0.000E+00
1.271E+00  5.004E-74  1.687E-66  1.687E-66  0.000E+00
1.259E+00  4.956E-74  1.655E-66  1.655E-66  0.000E+00
1.247E+00  4.771E-74  1.579E-66  1.579E-66  0.000E+00
1.236E+00  4.490E-74  1.472E-66  1.472E-66  0.000E+00
1.225E+00  4.169E-74  1.354E-66  1.354E-66  0.000E+00
1.213E+00  3.858E-74  1.242E-66  1.242E-66  0.000E+00
1.202E+00  3.586E-74  1.144E-66  1.144E-66  0.000E+00
1.191E+00  3.363E-74  1.063E-66  1.063E-66  0.000E+00
1.180E+00  3.189E-74  9.986E-67  9.986E-67  0.000E+00
1.169E+00  3.063E-74  9.503E-67  9.503E-67  0.000E+00
1.159E+00  2.980E-74  9.160E-67  9.160E-67  0.000E+00
1.148E+00  2.939E-74  8.951E-67  8.951E-67  0.000E+00
1.138E+00  2.942E-74  8.877E-67  8.877E-67  0.000E+00
1.127E+00  2.994E-74  8.952E-67  8.952E-67  0.000E+00
1.117E+00  3.109E-74  9.210E-67  9.210E-67  0.000E+00
1.107E+00  3.308E-74  9.710E-67  9.710E-67  0.000E+00
1.096E+00  3.628E-74  1.055E-66  1.055E-66  0.000E+00
1.086E+00  4.121E-74  1.188E-66  1.188E-66  0.000E+00
1.076E+00  4.842E-74  1.383E-66  1.383E-66  0.000E+00
1.067E+00  5.762E-74  1.630E-66  1.630E-66  0.000E+00
1.057E+00  6.533E-74  1.832E-66  1.832E-66  0.000E+00
1.047E+00  6.488E-74  1.802E-66  1.802E-66  0.000E+00
1.038E+00  5.533E-74  1.523E-66  1.523E-66  0.000E+00
1.028E+00  4.359E-74  1.189E-66  1.189E-66  0.000E+00
1.019E+00  3.430E-74  9.267E-67  9.267E-67  0.000E+00
1.009E+00  2.791E-74  7.472E-67  7.472E-67  0.000E+00
1.000E+00  2.361E-74  6.264E-67  6.264E-67  0.000E+00
