Dust emission spectrum from Draine,B.T., & Li, A. (2007), ApJ, in press [astro-ph/0608003]
==========================================================
         7 = grain model
 4.000E-08 4.000E-01 4.500E-05 = a_01 (cm) , sigma_1 , b_C1
 2.000E-07 5.500E-01 1.500E-05 = a_02 (cm) , sigma_2 , b_C2
 5.000E+00 5.000E+00 1.000E+00 = Umin , Umax, beta (dN/dU propto U^{-beta})
 5.000E+00 = <U>       mmp83 = radfield
 2.000E-07 2.000E-06 = a_{min} (cm), a_{max} (cm)
 3.475E-24 2.195E-24 1.280E-24 = P(tot)  P(carb)  P(sil) (erg s-1 H-1)
 band     <nu*P_nu> <j_nu(tot)><j_nu(carb)><j_nu(sil)>
 (um)   (erg s-1 H-1)(Jy/(sr*H))(Jy/(sr*H))(Jy/(sr*H))
1.270E+00  9.688E-46  3.264E-38  3.264E-38  8.830E-49 COBE-DIRBE
2.220E+00  5.509E-38  3.244E-30  3.244E-30  2.709E-37 COBE-DIRBE
3.530E+00  7.324E-33  6.858E-25  6.857E-25  2.137E-29 COBE-DIRBE
4.880E+00  2.125E-30  2.751E-22  2.751E-22  3.527E-26 COBE-DIRBE
1.229E+01  7.215E-26  2.352E-17  2.293E-17  5.877E-19 COBE-DIRBE
2.079E+01  4.037E-25  2.226E-16  2.039E-16  1.869E-17 COBE-DIRBE
5.599E+01  1.997E-24  2.966E-15  2.167E-15  7.989E-16 COBE-DIRBE
9.770E+01  1.861E-24  4.822E-15  2.239E-15  2.582E-15 COBE-DIRBE
1.479E+02  1.032E-24  4.048E-15  1.400E-15  2.648E-15 COBE-DIRBE
2.479E+02  2.704E-25  1.778E-15  4.960E-16  1.282E-15 COBE-DIRBE
1.200E+01  4.444E-26  1.415E-17  1.390E-17  2.497E-19 IRAS
2.500E+01  5.348E-25  3.547E-16  3.214E-16  3.329E-17 IRAS
6.000E+01  2.019E-24  3.213E-15  2.246E-15  9.662E-16 IRAS
1.000E+02  1.822E-24  4.834E-15  2.193E-15  2.641E-15 IRAS
3.550E+00  6.155E-33  5.796E-25  5.796E-25  1.318E-29 SST-IRAC
4.493E+00  4.689E-31  5.588E-23  5.587E-23  8.256E-27 SST-IRAC
5.731E+00  2.011E-28  3.057E-20  3.057E-20  1.572E-24 SST-IRAC
7.872E+00  7.339E-27  1.532E-18  1.527E-18  5.267E-21 SST-IRAC
2.368E+01  5.084E-25  3.194E-16  2.885E-16  3.088E-17 SST-MIPS
7.142E+01  1.943E-24  3.680E-15  2.230E-15  1.450E-15 SST-MIPS
1.559E+02  8.599E-25  3.556E-15  1.163E-15  2.393E-15 SST-MIPS
1.600E+01  1.917E-25  8.137E-17  7.759E-17  3.788E-18 SST-IRSPU
2.200E+01  4.809E-25  2.807E-16  2.543E-16  2.635E-17 SST-IRSPU
7.500E+01  1.676E-24  3.335E-15  2.031E-15  1.303E-15 Herschel-PACS
1.100E+02  1.319E-24  3.849E-15  1.720E-15  2.129E-15 Herschel-PACS
1.700E+02  6.549E-25  2.953E-15  9.683E-16  1.985E-15 Herschel-PACS
2.500E+02  2.267E-25  1.503E-15  4.114E-16  1.092E-15 Herschel-SPIRE
3.600E+02  5.806E-26  5.544E-16  1.475E-16  4.070E-16 Herschel-SPIRE
5.200E+02  1.342E-26  1.851E-16  4.720E-17  1.379E-16 Herschel-SPIRE
2.400E+00  1.752E-32  1.115E-24  1.115E-24  1.361E-28 Akari IRC NIR N2
3.200E+00  1.581E-32  1.342E-24  1.342E-24  1.383E-28 Akari IRC NIR N3
4.100E+00  9.622E-31  1.046E-22  1.046E-22  1.279E-26 Akari IRC NIR N4
7.000E+00  6.553E-27  1.217E-18  1.207E-18  9.577E-21 Akari IRC MIR-S S7
9.000E+00  1.399E-26  3.339E-18  3.288E-18  5.029E-20 Akari IRC MIR-S S9W
1.100E+01  3.452E-26  1.007E-17  9.898E-18  1.730E-19 Akari IRC MIR-S S11
1.500E+01  2.099E-25  8.351E-17  7.932E-17  4.192E-18 Akari IRC MIR-L L15
1.800E+01  3.393E-25  1.620E-16  1.492E-16  1.278E-17 Akari IRC MIR-L L18W
2.400E+01  4.908E-25  3.124E-16  2.826E-16  2.988E-17 Akari IRC MIR-L L24
6.500E+01  2.109E-24  3.636E-15  2.349E-15  1.287E-15 Akari FIS N60
8.000E+01  1.982E-24  4.206E-15  2.195E-15  2.011E-15 Akari FIS WIDE-S
1.400E+02  1.028E-24  3.816E-15  1.310E-15  2.506E-15 Akari FIS WIDE-L
1.600E+02  8.168E-25  3.467E-15  1.107E-15  2.360E-15 Akari FIS N160






lambda    nu*dP/dnu     j_nu    j_nu(carb.) j_nu(sil)
 (um)    (erg/(s*H)) (Jy/(sr*H) (Jy/(sr*H)) (Jy/(sr*H)
1.000E+04  6.112E-32  1.621E-20  1.456E-21  1.476E-20
9.908E+03  6.334E-32  1.665E-20  1.500E-21  1.515E-20
9.817E+03  6.564E-32  1.709E-20  1.545E-21  1.555E-20
9.727E+03  6.802E-32  1.755E-20  1.591E-21  1.596E-20
9.638E+03  7.049E-32  1.802E-20  1.639E-21  1.638E-20
9.550E+03  7.305E-32  1.851E-20  1.688E-21  1.682E-20
9.462E+03  7.571E-32  1.900E-20  1.739E-21  1.726E-20
9.376E+03  7.846E-32  1.951E-20  1.791E-21  1.772E-20
9.290E+03  8.131E-32  2.004E-20  1.845E-21  1.819E-20
9.204E+03  8.426E-32  2.057E-20  1.900E-21  1.867E-20
9.120E+03  8.732E-32  2.113E-20  1.957E-21  1.917E-20
9.036E+03  9.050E-32  2.169E-20  2.016E-21  1.968E-20
8.954E+03  9.377E-32  2.227E-20  2.077E-21  2.019E-20
8.872E+03  9.716E-32  2.286E-20  2.139E-21  2.072E-20
8.790E+03  1.007E-31  2.347E-20  2.204E-21  2.127E-20
8.710E+03  1.043E-31  2.410E-20  2.270E-21  2.183E-20
8.630E+03  1.081E-31  2.474E-20  2.339E-21  2.240E-20
8.551E+03  1.120E-31  2.540E-20  2.410E-21  2.299E-20
8.472E+03  1.160E-31  2.608E-20  2.482E-21  2.360E-20
8.395E+03  1.202E-31  2.678E-20  2.557E-21  2.422E-20
8.318E+03  1.246E-31  2.749E-20  2.635E-21  2.486E-20
8.241E+03  1.291E-31  2.823E-20  2.715E-21  2.551E-20
8.166E+03  1.338E-31  2.899E-20  2.797E-21  2.619E-20
8.091E+03  1.387E-31  2.976E-20  2.881E-21  2.688E-20
8.017E+03  1.437E-31  3.056E-20  2.969E-21  2.759E-20
7.943E+03  1.489E-31  3.138E-20  3.059E-21  2.832E-20
7.870E+03  1.544E-31  3.223E-20  3.152E-21  2.908E-20
7.798E+03  1.600E-31  3.310E-20  3.248E-21  2.985E-20
7.727E+03  1.658E-31  3.399E-20  3.346E-21  3.064E-20
7.656E+03  1.719E-31  3.490E-20  3.448E-21  3.146E-20
7.586E+03  1.781E-31  3.585E-20  3.553E-21  3.229E-20
7.516E+03  1.847E-31  3.681E-20  3.661E-21  3.315E-20
7.447E+03  1.914E-31  3.781E-20  3.773E-21  3.404E-20
7.379E+03  1.984E-31  3.883E-20  3.888E-21  3.495E-20
7.311E+03  2.057E-31  3.989E-20  4.006E-21  3.588E-20
7.244E+03  2.132E-31  4.097E-20  4.129E-21  3.684E-20
7.178E+03  2.210E-31  4.208E-20  4.255E-21  3.782E-20
7.112E+03  2.291E-31  4.322E-20  4.385E-21  3.884E-20
7.047E+03  2.375E-31  4.439E-20  4.519E-21  3.988E-20
6.982E+03  2.462E-31  4.560E-20  4.657E-21  4.094E-20
6.918E+03  2.552E-31  4.684E-20  4.800E-21  4.204E-20
6.855E+03  2.646E-31  4.811E-20  4.947E-21  4.316E-20
6.792E+03  2.743E-31  4.942E-20  5.099E-21  4.432E-20
6.730E+03  2.844E-31  5.076E-20  5.256E-21  4.551E-20
6.668E+03  2.948E-31  5.215E-20  5.417E-21  4.673E-20
6.607E+03  3.057E-31  5.357E-20  5.583E-21  4.798E-20
6.546E+03  3.169E-31  5.503E-20  5.755E-21  4.927E-20
6.486E+03  3.286E-31  5.653E-20  5.932E-21  5.060E-20
6.427E+03  3.407E-31  5.808E-20  6.115E-21  5.196E-20
6.368E+03  3.532E-31  5.967E-20  6.303E-21  5.336E-20
6.310E+03  3.663E-31  6.130E-20  6.498E-21  5.480E-20
6.252E+03  3.798E-31  6.298E-20  6.698E-21  5.628E-20
6.194E+03  3.938E-31  6.471E-20  6.905E-21  5.781E-20
6.138E+03  4.084E-31  6.649E-20  7.119E-21  5.937E-20
6.081E+03  4.235E-31  6.832E-20  7.339E-21  6.098E-20
6.026E+03  4.392E-31  7.020E-20  7.566E-21  6.263E-20
5.970E+03  4.555E-31  7.213E-20  7.800E-21  6.433E-20
5.916E+03  4.724E-31  7.412E-20  8.042E-21  6.608E-20
5.861E+03  4.899E-31  7.617E-20  8.292E-21  6.787E-20
5.808E+03  5.081E-31  7.827E-20  8.549E-21  6.972E-20
5.754E+03  5.269E-31  8.043E-20  8.815E-21  7.162E-20
5.702E+03  5.465E-31  8.266E-20  9.089E-21  7.357E-20
5.649E+03  5.669E-31  8.495E-20  9.371E-21  7.558E-20
5.598E+03  5.880E-31  8.730E-20  9.663E-21  7.764E-20
5.546E+03  6.099E-31  8.972E-20  9.964E-21  7.976E-20
5.495E+03  6.326E-31  9.221E-20  1.027E-20  8.194E-20
5.445E+03  6.562E-31  9.478E-20  1.060E-20  8.418E-20
5.395E+03  6.807E-31  9.741E-20  1.093E-20  8.649E-20
5.346E+03  7.061E-31  1.001E-19  1.127E-20  8.886E-20
5.297E+03  7.325E-31  1.029E-19  1.162E-20  9.129E-20
5.248E+03  7.599E-31  1.058E-19  1.198E-20  9.380E-20
5.200E+03  7.883E-31  1.087E-19  1.236E-20  9.638E-20
5.152E+03  8.178E-31  1.118E-19  1.275E-20  9.902E-20
5.105E+03  8.485E-31  1.149E-19  1.315E-20  1.017E-19
5.058E+03  8.803E-31  1.181E-19  1.356E-20  1.045E-19
5.012E+03  9.133E-31  1.214E-19  1.398E-20  1.074E-19
4.966E+03  9.475E-31  1.248E-19  1.442E-20  1.104E-19
4.920E+03  9.831E-31  1.283E-19  1.488E-20  1.134E-19
4.875E+03  1.020E-30  1.319E-19  1.535E-20  1.166E-19
4.831E+03  1.058E-30  1.356E-19  1.583E-20  1.198E-19
4.786E+03  1.098E-30  1.394E-19  1.633E-20  1.231E-19
4.742E+03  1.139E-30  1.433E-19  1.684E-20  1.265E-19
4.699E+03  1.182E-30  1.474E-19  1.738E-20  1.300E-19
4.656E+03  1.227E-30  1.515E-19  1.793E-20  1.336E-19
4.613E+03  1.273E-30  1.558E-19  1.849E-20  1.373E-19
4.571E+03  1.321E-30  1.602E-19  1.908E-20  1.411E-19
4.529E+03  1.371E-30  1.647E-19  1.968E-20  1.450E-19
4.487E+03  1.423E-30  1.694E-19  2.031E-20  1.491E-19
4.446E+03  1.477E-30  1.742E-19  2.095E-20  1.532E-19
4.406E+03  1.533E-30  1.791E-19  2.162E-20  1.575E-19
4.365E+03  1.591E-30  1.842E-19  2.230E-20  1.619E-19
4.325E+03  1.651E-30  1.894E-19  2.301E-20  1.664E-19
4.285E+03  1.714E-30  1.948E-19  2.375E-20  1.711E-19
4.246E+03  1.779E-30  2.004E-19  2.450E-20  1.759E-19
4.207E+03  1.846E-30  2.061E-19  2.529E-20  1.808E-19
4.169E+03  1.917E-30  2.119E-19  2.609E-20  1.858E-19
4.130E+03  1.990E-30  2.180E-19  2.693E-20  1.911E-19
4.093E+03  2.065E-30  2.242E-19  2.779E-20  1.964E-19
4.055E+03  2.144E-30  2.306E-19  2.868E-20  2.019E-19
4.018E+03  2.226E-30  2.372E-19  2.959E-20  2.076E-19
3.981E+03  2.311E-30  2.440E-19  3.054E-20  2.135E-19
3.945E+03  2.399E-30  2.510E-19  3.152E-20  2.194E-19
3.908E+03  2.490E-30  2.582E-19  3.253E-20  2.256E-19
3.873E+03  2.585E-30  2.655E-19  3.358E-20  2.320E-19
3.837E+03  2.684E-30  2.732E-19  3.466E-20  2.385E-19
3.802E+03  2.786E-30  2.810E-19  3.577E-20  2.452E-19
3.767E+03  2.893E-30  2.891E-19  3.693E-20  2.522E-19
3.733E+03  3.004E-30  2.974E-19  3.812E-20  2.593E-19
3.698E+03  3.119E-30  3.060E-19  3.935E-20  2.666E-19
3.664E+03  3.239E-30  3.148E-19  4.062E-20  2.742E-19
3.631E+03  3.363E-30  3.239E-19  4.193E-20  2.820E-19
3.597E+03  3.492E-30  3.333E-19  4.328E-20  2.900E-19
3.565E+03  3.627E-30  3.429E-19  4.469E-20  2.982E-19
3.532E+03  3.766E-30  3.528E-19  4.613E-20  3.067E-19
3.499E+03  3.911E-30  3.631E-19  4.763E-20  3.155E-19
3.467E+03  4.062E-30  3.736E-19  4.917E-20  3.245E-19
3.436E+03  4.219E-30  3.845E-19  5.077E-20  3.337E-19
3.404E+03  4.382E-30  3.957E-19  5.242E-20  3.433E-19
3.373E+03  4.551E-30  4.072E-19  5.413E-20  3.531E-19
3.342E+03  4.728E-30  4.191E-19  5.589E-20  3.632E-19
3.311E+03  4.911E-30  4.313E-19  5.771E-20  3.736E-19
3.281E+03  5.101E-30  4.439E-19  5.959E-20  3.843E-19
3.251E+03  5.299E-30  4.569E-19  6.154E-20  3.954E-19
3.221E+03  5.504E-30  4.703E-19  6.355E-20  4.068E-19
3.192E+03  5.718E-30  4.841E-19  6.562E-20  4.185E-19
3.162E+03  5.940E-30  4.983E-19  6.777E-20  4.305E-19
3.133E+03  6.172E-30  5.129E-19  6.999E-20  4.429E-19
3.105E+03  6.412E-30  5.280E-19  7.228E-20  4.557E-19
3.076E+03  6.662E-30  5.436E-19  7.465E-20  4.689E-19
3.048E+03  6.921E-30  5.596E-19  7.710E-20  4.825E-19
3.020E+03  7.191E-30  5.761E-19  7.963E-20  4.964E-19
2.992E+03  7.472E-30  5.931E-19  8.225E-20  5.108E-19
2.965E+03  7.763E-30  6.105E-19  8.496E-20  5.255E-19
2.938E+03  8.065E-30  6.285E-19  8.776E-20  5.407E-19
2.911E+03  8.380E-30  6.470E-19  9.065E-20  5.563E-19
2.884E+03  8.707E-30  6.661E-19  9.364E-20  5.724E-19
2.858E+03  9.047E-30  6.858E-19  9.673E-20  5.890E-19
2.831E+03  9.401E-30  7.060E-19  9.992E-20  6.061E-19
2.805E+03  9.769E-30  7.269E-19  1.032E-19  6.237E-19
2.780E+03  1.015E-29  7.485E-19  1.066E-19  6.418E-19
2.754E+03  1.055E-29  7.707E-19  1.102E-19  6.605E-19
2.729E+03  1.096E-29  7.936E-19  1.138E-19  6.798E-19
2.704E+03  1.139E-29  8.172E-19  1.176E-19  6.996E-19
2.679E+03  1.184E-29  8.415E-19  1.215E-19  7.200E-19
2.655E+03  1.231E-29  8.666E-19  1.255E-19  7.410E-19
2.630E+03  1.279E-29  8.924E-19  1.297E-19  7.627E-19
2.606E+03  1.329E-29  9.191E-19  1.340E-19  7.850E-19
2.582E+03  1.382E-29  9.465E-19  1.385E-19  8.081E-19
2.559E+03  1.436E-29  9.749E-19  1.431E-19  8.318E-19
2.535E+03  1.493E-29  1.004E-18  1.479E-19  8.562E-19
2.512E+03  1.552E-29  1.034E-18  1.528E-19  8.813E-19
2.489E+03  1.613E-29  1.065E-18  1.579E-19  9.073E-19
2.466E+03  1.677E-29  1.097E-18  1.632E-19  9.340E-19
2.443E+03  1.744E-29  1.130E-18  1.686E-19  9.615E-19
2.421E+03  1.813E-29  1.164E-18  1.743E-19  9.899E-19
2.399E+03  1.885E-29  1.199E-18  1.801E-19  1.019E-18
2.377E+03  1.959E-29  1.235E-18  1.861E-19  1.049E-18
2.355E+03  2.037E-29  1.273E-18  1.924E-19  1.080E-18
2.333E+03  2.118E-29  1.311E-18  1.988E-19  1.112E-18
2.312E+03  2.202E-29  1.351E-18  2.055E-19  1.145E-18
2.291E+03  2.290E-29  1.392E-18  2.124E-19  1.179E-18
2.270E+03  2.381E-29  1.434E-18  2.196E-19  1.214E-18
2.249E+03  2.476E-29  1.477E-18  2.270E-19  1.250E-18
2.228E+03  2.575E-29  1.522E-18  2.346E-19  1.287E-18
2.208E+03  2.677E-29  1.568E-18  2.425E-19  1.326E-18
2.188E+03  2.784E-29  1.616E-18  2.507E-19  1.365E-18
2.168E+03  2.895E-29  1.665E-18  2.591E-19  1.406E-18
2.148E+03  3.011E-29  1.715E-18  2.679E-19  1.448E-18
2.128E+03  3.131E-29  1.768E-18  2.769E-19  1.491E-18
2.109E+03  3.256E-29  1.821E-18  2.863E-19  1.535E-18
2.089E+03  3.387E-29  1.877E-18  2.960E-19  1.581E-18
2.070E+03  3.522E-29  1.934E-18  3.060E-19  1.628E-18
2.051E+03  3.663E-29  1.993E-18  3.164E-19  1.677E-18
2.032E+03  3.810E-29  2.054E-18  3.271E-19  1.727E-18
2.014E+03  3.963E-29  2.117E-18  3.382E-19  1.779E-18
1.995E+03  4.122E-29  2.182E-18  3.496E-19  1.832E-18
1.977E+03  4.287E-29  2.248E-18  3.615E-19  1.887E-18
1.959E+03  4.459E-29  2.317E-18  3.738E-19  1.943E-18
1.941E+03  4.638E-29  2.388E-18  3.865E-19  2.001E-18
1.923E+03  4.824E-29  2.461E-18  3.996E-19  2.061E-18
1.905E+03  5.018E-29  2.536E-18  4.132E-19  2.123E-18
1.888E+03  5.220E-29  2.614E-18  4.272E-19  2.187E-18
1.871E+03  5.430E-29  2.694E-18  4.418E-19  2.253E-18
1.854E+03  5.649E-29  2.777E-18  4.568E-19  2.320E-18
1.837E+03  5.876E-29  2.862E-18  4.724E-19  2.390E-18
1.820E+03  6.113E-29  2.950E-18  4.885E-19  2.462E-18
1.803E+03  6.359E-29  3.041E-18  5.052E-19  2.536E-18
1.786E+03  6.615E-29  3.135E-18  5.224E-19  2.612E-18
1.770E+03  6.882E-29  3.231E-18  5.402E-19  2.691E-18
1.754E+03  7.160E-29  3.331E-18  5.587E-19  2.772E-18
1.738E+03  7.448E-29  3.433E-18  5.778E-19  2.856E-18
1.722E+03  7.749E-29  3.539E-18  5.975E-19  2.942E-18
1.706E+03  8.062E-29  3.649E-18  6.180E-19  3.031E-18
1.690E+03  8.388E-29  3.761E-18  6.391E-19  3.122E-18
1.675E+03  8.727E-29  3.877E-18  6.610E-19  3.216E-18
1.660E+03  9.079E-29  3.997E-18  6.836E-19  3.313E-18
1.644E+03  9.446E-29  4.120E-18  7.070E-19  3.413E-18
1.629E+03  9.828E-29  4.248E-18  7.312E-19  3.516E-18
1.614E+03  1.023E-28  4.379E-18  7.563E-19  3.623E-18
1.600E+03  1.064E-28  4.514E-18  7.822E-19  3.732E-18
1.585E+03  1.107E-28  4.654E-18  8.090E-19  3.845E-18
1.570E+03  1.152E-28  4.798E-18  8.367E-19  3.961E-18
1.556E+03  1.198E-28  4.946E-18  8.654E-19  4.081E-18
1.542E+03  1.247E-28  5.099E-18  8.951E-19  4.204E-18
1.528E+03  1.297E-28  5.257E-18  9.258E-19  4.331E-18
1.514E+03  1.350E-28  5.420E-18  9.576E-19  4.462E-18
1.500E+03  1.405E-28  5.588E-18  9.905E-19  4.597E-18
1.486E+03  1.462E-28  5.761E-18  1.024E-18  4.736E-18
1.472E+03  1.521E-28  5.939E-18  1.060E-18  4.880E-18
1.459E+03  1.582E-28  6.123E-18  1.096E-18  5.027E-18
1.445E+03  1.647E-28  6.313E-18  1.134E-18  5.180E-18
1.432E+03  1.713E-28  6.509E-18  1.173E-18  5.337E-18
1.419E+03  1.783E-28  6.711E-18  1.213E-18  5.498E-18
1.406E+03  1.855E-28  6.920E-18  1.255E-18  5.665E-18
1.393E+03  1.931E-28  7.134E-18  1.298E-18  5.837E-18
1.380E+03  2.009E-28  7.356E-18  1.342E-18  6.013E-18
1.368E+03  2.090E-28  7.584E-18  1.388E-18  6.196E-18
1.355E+03  2.175E-28  7.819E-18  1.436E-18  6.383E-18
1.343E+03  2.264E-28  8.062E-18  1.486E-18  6.577E-18
1.330E+03  2.355E-28  8.312E-18  1.537E-18  6.776E-18
1.318E+03  2.451E-28  8.570E-18  1.589E-18  6.981E-18
1.306E+03  2.550E-28  8.836E-18  1.644E-18  7.193E-18
1.294E+03  2.654E-28  9.111E-18  1.700E-18  7.410E-18
1.282E+03  2.762E-28  9.393E-18  1.759E-18  7.635E-18
1.271E+03  2.874E-28  9.685E-18  1.819E-18  7.866E-18
1.259E+03  2.990E-28  9.985E-18  1.882E-18  8.103E-18
1.247E+03  3.111E-28  1.029E-17  1.946E-18  8.349E-18
1.236E+03  3.238E-28  1.061E-17  2.013E-18  8.601E-18
1.225E+03  3.369E-28  1.094E-17  2.082E-18  8.861E-18
1.213E+03  3.505E-28  1.128E-17  2.154E-18  9.128E-18
1.202E+03  3.647E-28  1.163E-17  2.228E-18  9.404E-18
1.191E+03  3.795E-28  1.199E-17  2.304E-18  9.688E-18
1.180E+03  3.949E-28  1.236E-17  2.383E-18  9.980E-18
1.169E+03  4.109E-28  1.275E-17  2.465E-18  1.028E-17
1.159E+03  4.275E-28  1.314E-17  2.550E-18  1.059E-17
1.148E+03  4.448E-28  1.355E-17  2.637E-18  1.091E-17
1.138E+03  4.628E-28  1.397E-17  2.727E-18  1.124E-17
1.127E+03  4.815E-28  1.440E-17  2.821E-18  1.158E-17
1.117E+03  5.010E-28  1.484E-17  2.917E-18  1.193E-17
1.107E+03  5.213E-28  1.530E-17  3.017E-18  1.228E-17
1.096E+03  5.423E-28  1.577E-17  3.121E-18  1.265E-17
1.086E+03  5.642E-28  1.626E-17  3.227E-18  1.303E-17
1.076E+03  5.870E-28  1.676E-17  3.338E-18  1.342E-17
1.067E+03  6.107E-28  1.728E-17  3.452E-18  1.383E-17
1.057E+03  6.353E-28  1.781E-17  3.570E-18  1.424E-17
1.047E+03  6.609E-28  1.836E-17  3.692E-18  1.467E-17
1.038E+03  6.876E-28  1.892E-17  3.818E-18  1.511E-17
1.028E+03  7.153E-28  1.950E-17  3.948E-18  1.556E-17
1.019E+03  7.441E-28  2.010E-17  4.083E-18  1.602E-17
1.009E+03  7.740E-28  2.072E-17  4.222E-18  1.650E-17
1.000E+03  8.051E-28  2.136E-17  4.366E-18  1.699E-17
9.908E+02  8.375E-28  2.201E-17  4.514E-18  1.750E-17
9.817E+02  8.712E-28  2.269E-17  4.668E-18  1.802E-17
9.727E+02  9.063E-28  2.339E-17  4.826E-18  1.856E-17
9.638E+02  9.427E-28  2.410E-17  4.990E-18  1.911E-17
9.550E+02  9.806E-28  2.484E-17  5.160E-18  1.968E-17
9.462E+02  1.020E-27  2.560E-17  5.335E-18  2.027E-17
9.376E+02  1.061E-27  2.638E-17  5.516E-18  2.087E-17
9.290E+02  1.103E-27  2.719E-17  5.703E-18  2.149E-17
9.204E+02  1.148E-27  2.802E-17  5.896E-18  2.213E-17
9.120E+02  1.194E-27  2.888E-17  6.096E-18  2.278E-17
9.036E+02  1.241E-27  2.976E-17  6.302E-18  2.346E-17
8.954E+02  1.291E-27  3.066E-17  6.515E-18  2.415E-17
8.872E+02  1.343E-27  3.160E-17  6.735E-18  2.486E-17
8.790E+02  1.396E-27  3.255E-17  6.962E-18  2.559E-17
8.710E+02  1.452E-27  3.354E-17  7.197E-18  2.634E-17
8.630E+02  1.510E-27  3.456E-17  7.439E-18  2.712E-17
8.551E+02  1.570E-27  3.560E-17  7.689E-18  2.791E-17
8.472E+02  1.632E-27  3.668E-17  7.948E-18  2.873E-17
8.395E+02  1.697E-27  3.779E-17  8.215E-18  2.957E-17
8.318E+02  1.764E-27  3.892E-17  8.490E-18  3.043E-17
8.241E+02  1.834E-27  4.010E-17  8.775E-18  3.132E-17
8.166E+02  1.907E-27  4.130E-17  9.069E-18  3.223E-17
8.091E+02  1.982E-27  4.254E-17  9.373E-18  3.317E-17
8.017E+02  2.060E-27  4.382E-17  9.686E-18  3.413E-17
7.943E+02  2.142E-27  4.513E-17  1.001E-17  3.512E-17
7.870E+02  2.226E-27  4.648E-17  1.034E-17  3.613E-17
7.798E+02  2.314E-27  4.786E-17  1.069E-17  3.718E-17
7.727E+02  2.405E-27  4.929E-17  1.104E-17  3.825E-17
7.656E+02  2.500E-27  5.076E-17  1.141E-17  3.935E-17
7.586E+02  2.598E-27  5.227E-17  1.179E-17  4.048E-17
7.516E+02  2.700E-27  5.383E-17  1.218E-17  4.164E-17
7.447E+02  2.806E-27  5.543E-17  1.259E-17  4.284E-17
7.379E+02  2.916E-27  5.708E-17  1.300E-17  4.408E-17
7.311E+02  3.031E-27  5.878E-17  1.343E-17  4.535E-17
7.244E+02  3.150E-27  6.053E-17  1.388E-17  4.665E-17
7.178E+02  3.273E-27  6.233E-17  1.433E-17  4.799E-17
7.112E+02  3.402E-27  6.418E-17  1.481E-17  4.937E-17
7.047E+02  3.535E-27  6.608E-17  1.529E-17  5.079E-17
6.982E+02  3.674E-27  6.805E-17  1.580E-17  5.225E-17
6.918E+02  3.818E-27  7.006E-17  1.632E-17  5.375E-17
6.855E+02  3.967E-27  7.214E-17  1.685E-17  5.529E-17
6.792E+02  4.123E-27  7.428E-17  1.740E-17  5.687E-17
6.730E+02  4.284E-27  7.647E-17  1.797E-17  5.849E-17
6.668E+02  4.451E-27  7.872E-17  1.856E-17  6.016E-17
6.607E+02  4.624E-27  8.104E-17  1.916E-17  6.187E-17
6.546E+02  4.805E-27  8.343E-17  1.979E-17  6.364E-17
6.486E+02  4.993E-27  8.590E-17  2.043E-17  6.547E-17
6.427E+02  5.188E-27  8.845E-17  2.110E-17  6.735E-17
6.368E+02  5.391E-27  9.107E-17  2.178E-17  6.928E-17
6.310E+02  5.602E-27  9.376E-17  2.249E-17  7.127E-17
6.252E+02  5.821E-27  9.653E-17  2.321E-17  7.332E-17
6.194E+02  6.049E-27  9.938E-17  2.396E-17  7.542E-17
6.138E+02  6.285E-27  1.023E-16  2.474E-17  7.758E-17
6.081E+02  6.530E-27  1.053E-16  2.553E-17  7.981E-17
6.026E+02  6.785E-27  1.085E-16  2.636E-17  8.210E-17
5.970E+02  7.050E-27  1.117E-16  2.720E-17  8.445E-17
5.916E+02  7.325E-27  1.149E-16  2.807E-17  8.687E-17
5.861E+02  7.611E-27  1.183E-16  2.897E-17  8.936E-17
5.808E+02  7.908E-27  1.218E-16  2.990E-17  9.192E-17
5.754E+02  8.216E-27  1.254E-16  3.085E-17  9.455E-17
5.702E+02  8.536E-27  1.291E-16  3.184E-17  9.726E-17
5.649E+02  8.868E-27  1.329E-16  3.285E-17  1.000E-16
5.598E+02  9.213E-27  1.368E-16  3.389E-17  1.029E-16
5.546E+02  9.572E-27  1.408E-16  3.497E-17  1.059E-16
5.495E+02  9.944E-27  1.450E-16  3.607E-17  1.089E-16
5.445E+02  1.033E-26  1.492E-16  3.721E-17  1.120E-16
5.395E+02  1.073E-26  1.536E-16  3.839E-17  1.152E-16
5.346E+02  1.115E-26  1.581E-16  3.959E-17  1.185E-16
5.297E+02  1.158E-26  1.627E-16  4.084E-17  1.219E-16
5.248E+02  1.203E-26  1.675E-16  4.212E-17  1.254E-16
5.200E+02  1.250E-26  1.724E-16  4.344E-17  1.290E-16
5.152E+02  1.298E-26  1.775E-16  4.480E-17  1.327E-16
5.105E+02  1.349E-26  1.826E-16  4.619E-17  1.364E-16
5.058E+02  1.401E-26  1.880E-16  4.763E-17  1.403E-16
5.012E+02  1.455E-26  1.935E-16  4.911E-17  1.444E-16
4.966E+02  1.512E-26  1.991E-16  5.064E-17  1.485E-16
4.920E+02  1.570E-26  2.049E-16  5.220E-17  1.527E-16
4.875E+02  1.631E-26  2.109E-16  5.382E-17  1.571E-16
4.831E+02  1.694E-26  2.170E-16  5.548E-17  1.615E-16
4.786E+02  1.759E-26  2.233E-16  5.718E-17  1.661E-16
4.742E+02  1.827E-26  2.298E-16  5.894E-17  1.708E-16
4.699E+02  1.897E-26  2.365E-16  6.075E-17  1.757E-16
4.656E+02  1.970E-26  2.433E-16  6.261E-17  1.807E-16
4.613E+02  2.046E-26  2.503E-16  6.452E-17  1.858E-16
4.571E+02  2.124E-26  2.576E-16  6.648E-17  1.911E-16
4.529E+02  2.206E-26  2.650E-16  6.850E-17  1.965E-16
4.487E+02  2.291E-26  2.727E-16  7.058E-17  2.021E-16
4.446E+02  2.378E-26  2.805E-16  7.272E-17  2.078E-16
4.406E+02  2.469E-26  2.886E-16  7.491E-17  2.137E-16
4.365E+02  2.564E-26  2.969E-16  7.717E-17  2.197E-16
4.325E+02  2.662E-26  3.054E-16  7.949E-17  2.259E-16
4.285E+02  2.763E-26  3.141E-16  8.188E-17  2.323E-16
4.246E+02  2.869E-26  3.231E-16  8.433E-17  2.388E-16
4.207E+02  2.978E-26  3.324E-16  8.684E-17  2.455E-16
4.169E+02  3.092E-26  3.419E-16  8.943E-17  2.524E-16
4.130E+02  3.209E-26  3.516E-16  9.209E-17  2.595E-16
4.093E+02  3.331E-26  3.616E-16  9.482E-17  2.668E-16
4.055E+02  3.458E-26  3.719E-16  9.762E-17  2.743E-16
4.018E+02  3.589E-26  3.825E-16  1.005E-16  2.820E-16
3.981E+02  3.725E-26  3.933E-16  1.035E-16  2.899E-16
3.945E+02  3.866E-26  4.045E-16  1.065E-16  2.980E-16
3.908E+02  4.012E-26  4.159E-16  1.096E-16  3.063E-16
3.873E+02  4.164E-26  4.277E-16  1.128E-16  3.149E-16
3.837E+02  4.321E-26  4.398E-16  1.161E-16  3.237E-16
3.802E+02  4.484E-26  4.522E-16  1.195E-16  3.327E-16
3.767E+02  4.653E-26  4.649E-16  1.229E-16  3.420E-16
3.733E+02  4.828E-26  4.780E-16  1.265E-16  3.515E-16
3.698E+02  5.009E-26  4.914E-16  1.301E-16  3.612E-16
3.664E+02  5.197E-26  5.051E-16  1.339E-16  3.712E-16
3.631E+02  5.391E-26  5.192E-16  1.377E-16  3.815E-16
3.597E+02  5.593E-26  5.337E-16  1.417E-16  3.920E-16
3.565E+02  5.802E-26  5.486E-16  1.457E-16  4.029E-16
3.532E+02  6.018E-26  5.638E-16  1.498E-16  4.140E-16
3.499E+02  6.242E-26  5.794E-16  1.541E-16  4.253E-16
3.467E+02  6.474E-26  5.955E-16  1.584E-16  4.370E-16
3.436E+02  6.714E-26  6.119E-16  1.629E-16  4.490E-16
3.404E+02  6.963E-26  6.287E-16  1.675E-16  4.613E-16
3.373E+02  7.221E-26  6.460E-16  1.722E-16  4.738E-16
3.342E+02  7.487E-26  6.637E-16  1.770E-16  4.867E-16
3.311E+02  7.763E-26  6.819E-16  1.819E-16  5.000E-16
3.281E+02  8.049E-26  7.005E-16  1.869E-16  5.135E-16
3.251E+02  8.344E-26  7.195E-16  1.921E-16  5.274E-16
3.221E+02  8.650E-26  7.391E-16  1.974E-16  5.417E-16
3.192E+02  8.966E-26  7.591E-16  2.028E-16  5.562E-16
3.162E+02  9.294E-26  7.796E-16  2.084E-16  5.712E-16
3.133E+02  9.632E-26  8.006E-16  2.141E-16  5.865E-16
3.105E+02  9.982E-26  8.221E-16  2.199E-16  6.022E-16
3.076E+02  1.034E-25  8.441E-16  2.258E-16  6.182E-16
3.048E+02  1.072E-25  8.666E-16  2.319E-16  6.347E-16
3.020E+02  1.111E-25  8.897E-16  2.382E-16  6.515E-16
2.992E+02  1.151E-25  9.133E-16  2.446E-16  6.687E-16
2.965E+02  1.192E-25  9.374E-16  2.511E-16  6.863E-16
2.938E+02  1.235E-25  9.622E-16  2.578E-16  7.044E-16
2.911E+02  1.279E-25  9.874E-16  2.646E-16  7.228E-16
2.884E+02  1.325E-25  1.013E-15  2.716E-16  7.417E-16
2.858E+02  1.372E-25  1.040E-15  2.788E-16  7.610E-16
2.831E+02  1.420E-25  1.067E-15  2.861E-16  7.807E-16
2.805E+02  1.471E-25  1.094E-15  2.935E-16  8.009E-16
2.780E+02  1.523E-25  1.123E-15  3.012E-16  8.216E-16
2.754E+02  1.576E-25  1.152E-15  3.090E-16  8.427E-16
2.729E+02  1.632E-25  1.181E-15  3.169E-16  8.644E-16
2.704E+02  1.689E-25  1.212E-15  3.251E-16  8.866E-16
2.679E+02  1.749E-25  1.243E-15  3.334E-16  9.093E-16
2.655E+02  1.810E-25  1.274E-15  3.419E-16  9.325E-16
2.630E+02  1.873E-25  1.307E-15  3.505E-16  9.563E-16
2.606E+02  1.938E-25  1.340E-15  3.594E-16  9.806E-16
2.582E+02  2.006E-25  1.374E-15  3.684E-16  1.005E-15
2.559E+02  2.075E-25  1.408E-15  3.776E-16  1.030E-15
2.535E+02  2.145E-25  1.443E-15  3.870E-16  1.056E-15
2.512E+02  2.218E-25  1.478E-15  3.966E-16  1.081E-15
2.489E+02  2.292E-25  1.513E-15  4.064E-16  1.107E-15
2.466E+02  2.366E-25  1.548E-15  4.164E-16  1.131E-15
2.443E+02  2.442E-25  1.583E-15  4.266E-16  1.156E-15
2.421E+02  2.520E-25  1.618E-15  4.369E-16  1.181E-15
2.399E+02  2.599E-25  1.654E-15  4.475E-16  1.206E-15
2.377E+02  2.679E-25  1.689E-15  4.583E-16  1.231E-15
2.355E+02  2.761E-25  1.725E-15  4.692E-16  1.255E-15
2.333E+02  2.845E-25  1.761E-15  4.804E-16  1.280E-15
2.312E+02  2.931E-25  1.797E-15  4.918E-16  1.306E-15
2.291E+02  3.019E-25  1.834E-15  5.034E-16  1.331E-15
2.270E+02  3.109E-25  1.872E-15  5.152E-16  1.357E-15
2.249E+02  3.201E-25  1.910E-15  5.272E-16  1.383E-15
2.228E+02  3.296E-25  1.948E-15  5.394E-16  1.409E-15
2.208E+02  3.393E-25  1.987E-15  5.519E-16  1.436E-15
2.188E+02  3.493E-25  2.027E-15  5.645E-16  1.462E-15
2.168E+02  3.594E-25  2.067E-15  5.774E-16  1.489E-15
2.148E+02  3.698E-25  2.107E-15  5.905E-16  1.516E-15
2.128E+02  3.804E-25  2.147E-15  6.038E-16  1.544E-15
2.109E+02  3.913E-25  2.189E-15  6.173E-16  1.571E-15
2.089E+02  4.024E-25  2.230E-15  6.310E-16  1.599E-15
2.070E+02  4.137E-25  2.272E-15  6.450E-16  1.627E-15
2.051E+02  4.253E-25  2.314E-15  6.591E-16  1.655E-15
2.032E+02  4.371E-25  2.356E-15  6.735E-16  1.683E-15
2.014E+02  4.491E-25  2.399E-15  6.881E-16  1.711E-15
1.995E+02  4.614E-25  2.442E-15  7.029E-16  1.739E-15
1.977E+02  4.740E-25  2.486E-15  7.180E-16  1.768E-15
1.959E+02  4.868E-25  2.529E-15  7.332E-16  1.796E-15
1.941E+02  4.998E-25  2.573E-15  7.487E-16  1.824E-15
1.923E+02  5.131E-25  2.617E-15  7.644E-16  1.853E-15
1.905E+02  5.266E-25  2.662E-15  7.803E-16  1.882E-15
1.888E+02  5.404E-25  2.706E-15  7.964E-16  1.910E-15
1.871E+02  5.545E-25  2.751E-15  8.127E-16  1.939E-15
1.854E+02  5.688E-25  2.796E-15  8.293E-16  1.967E-15
1.837E+02  5.833E-25  2.842E-15  8.460E-16  1.996E-15
1.820E+02  5.981E-25  2.887E-15  8.630E-16  2.024E-15
1.803E+02  6.131E-25  2.932E-15  8.802E-16  2.052E-15
1.786E+02  6.284E-25  2.978E-15  8.975E-16  2.080E-15
1.770E+02  6.439E-25  3.024E-15  9.151E-16  2.108E-15
1.754E+02  6.597E-25  3.069E-15  9.329E-16  2.136E-15
1.738E+02  6.757E-25  3.115E-15  9.508E-16  2.164E-15
1.722E+02  6.920E-25  3.161E-15  9.690E-16  2.192E-15
1.706E+02  7.085E-25  3.206E-15  9.874E-16  2.219E-15
1.690E+02  7.252E-25  3.252E-15  1.006E-15  2.246E-15
1.675E+02  7.422E-25  3.298E-15  1.025E-15  2.273E-15
1.660E+02  7.594E-25  3.343E-15  1.044E-15  2.300E-15
1.644E+02  7.769E-25  3.389E-15  1.063E-15  2.326E-15
1.629E+02  7.945E-25  3.434E-15  1.082E-15  2.352E-15
1.614E+02  8.124E-25  3.479E-15  1.101E-15  2.378E-15
1.600E+02  8.305E-25  3.524E-15  1.121E-15  2.403E-15
1.585E+02  8.488E-25  3.569E-15  1.141E-15  2.428E-15
1.570E+02  8.674E-25  3.613E-15  1.161E-15  2.452E-15
1.556E+02  8.861E-25  3.657E-15  1.181E-15  2.476E-15
1.542E+02  9.050E-25  3.701E-15  1.201E-15  2.500E-15
1.528E+02  9.241E-25  3.745E-15  1.221E-15  2.523E-15
1.514E+02  9.434E-25  3.788E-15  1.242E-15  2.546E-15
1.500E+02  9.629E-25  3.831E-15  1.262E-15  2.568E-15
1.486E+02  9.826E-25  3.873E-15  1.283E-15  2.590E-15
1.472E+02  1.002E-24  3.915E-15  1.304E-15  2.611E-15
1.459E+02  1.022E-24  3.956E-15  1.325E-15  2.632E-15
1.445E+02  1.043E-24  3.997E-15  1.346E-15  2.652E-15
1.432E+02  1.063E-24  4.038E-15  1.367E-15  2.671E-15
1.419E+02  1.083E-24  4.078E-15  1.388E-15  2.689E-15
1.406E+02  1.104E-24  4.117E-15  1.410E-15  2.707E-15
1.393E+02  1.125E-24  4.156E-15  1.431E-15  2.725E-15
1.380E+02  1.145E-24  4.194E-15  1.452E-15  2.741E-15
1.368E+02  1.166E-24  4.231E-15  1.474E-15  2.757E-15
1.355E+02  1.187E-24  4.268E-15  1.495E-15  2.772E-15
1.343E+02  1.208E-24  4.304E-15  1.517E-15  2.786E-15
1.330E+02  1.229E-24  4.338E-15  1.539E-15  2.800E-15
1.318E+02  1.250E-24  4.373E-15  1.560E-15  2.812E-15
1.306E+02  1.272E-24  4.406E-15  1.582E-15  2.824E-15
1.294E+02  1.293E-24  4.438E-15  1.604E-15  2.835E-15
1.282E+02  1.314E-24  4.470E-15  1.625E-15  2.844E-15
1.271E+02  1.335E-24  4.500E-15  1.647E-15  2.853E-15
1.259E+02  1.357E-24  4.530E-15  1.669E-15  2.861E-15
1.247E+02  1.378E-24  4.559E-15  1.690E-15  2.868E-15
1.236E+02  1.399E-24  4.586E-15  1.712E-15  2.874E-15
1.225E+02  1.420E-24  4.613E-15  1.733E-15  2.880E-15
1.213E+02  1.441E-24  4.639E-15  1.755E-15  2.884E-15
1.202E+02  1.462E-24  4.663E-15  1.776E-15  2.887E-15
1.191E+02  1.483E-24  4.687E-15  1.797E-15  2.889E-15
1.180E+02  1.504E-24  4.709E-15  1.819E-15  2.890E-15
1.169E+02  1.525E-24  4.730E-15  1.840E-15  2.890E-15
1.159E+02  1.545E-24  4.749E-15  1.860E-15  2.889E-15
1.148E+02  1.566E-24  4.768E-15  1.881E-15  2.887E-15
1.138E+02  1.586E-24  4.785E-15  1.902E-15  2.884E-15
1.127E+02  1.606E-24  4.802E-15  1.922E-15  2.880E-15
1.117E+02  1.626E-24  4.817E-15  1.942E-15  2.875E-15
1.107E+02  1.646E-24  4.831E-15  1.962E-15  2.869E-15
1.096E+02  1.665E-24  4.844E-15  1.982E-15  2.862E-15
1.086E+02  1.685E-24  4.855E-15  2.002E-15  2.854E-15
1.076E+02  1.704E-24  4.866E-15  2.021E-15  2.845E-15
1.067E+02  1.723E-24  4.875E-15  2.040E-15  2.835E-15
1.057E+02  1.742E-24  4.883E-15  2.059E-15  2.823E-15
1.047E+02  1.760E-24  4.889E-15  2.078E-15  2.811E-15
1.038E+02  1.778E-24  4.894E-15  2.096E-15  2.798E-15
1.028E+02  1.796E-24  4.898E-15  2.114E-15  2.784E-15
1.019E+02  1.814E-24  4.901E-15  2.132E-15  2.769E-15
1.009E+02  1.831E-24  4.901E-15  2.149E-15  2.753E-15
1.000E+02  1.848E-24  4.901E-15  2.166E-15  2.735E-15
9.908E+01  1.864E-24  4.899E-15  2.182E-15  2.717E-15
9.817E+01  1.880E-24  4.896E-15  2.199E-15  2.698E-15
9.727E+01  1.896E-24  4.892E-15  2.214E-15  2.678E-15
9.638E+01  1.911E-24  4.886E-15  2.230E-15  2.657E-15
9.550E+01  1.926E-24  4.879E-15  2.244E-15  2.635E-15
9.462E+01  1.941E-24  4.871E-15  2.259E-15  2.612E-15
9.376E+01  1.955E-24  4.861E-15  2.273E-15  2.588E-15
9.290E+01  1.968E-24  4.850E-15  2.286E-15  2.564E-15
9.204E+01  1.981E-24  4.838E-15  2.299E-15  2.539E-15
9.120E+01  1.994E-24  4.824E-15  2.311E-15  2.513E-15
9.036E+01  2.006E-24  4.809E-15  2.323E-15  2.486E-15
8.954E+01  2.018E-24  4.793E-15  2.335E-15  2.458E-15
8.872E+01  2.029E-24  4.775E-15  2.345E-15  2.430E-15
8.790E+01  2.040E-24  4.756E-15  2.356E-15  2.401E-15
8.710E+01  2.050E-24  4.737E-15  2.366E-15  2.371E-15
8.630E+01  2.060E-24  4.716E-15  2.375E-15  2.341E-15
8.551E+01  2.070E-24  4.694E-15  2.384E-15  2.310E-15
8.472E+01  2.078E-24  4.671E-15  2.392E-15  2.279E-15
8.395E+01  2.087E-24  4.646E-15  2.400E-15  2.247E-15
8.318E+01  2.094E-24  4.621E-15  2.407E-15  2.214E-15
8.241E+01  2.102E-24  4.595E-15  2.413E-15  2.181E-15
8.166E+01  2.109E-24  4.567E-15  2.419E-15  2.148E-15
8.091E+01  2.115E-24  4.539E-15  2.425E-15  2.114E-15
8.017E+01  2.121E-24  4.510E-15  2.430E-15  2.080E-15
7.943E+01  2.126E-24  4.480E-15  2.434E-15  2.046E-15
7.870E+01  2.131E-24  4.449E-15  2.438E-15  2.011E-15
7.798E+01  2.136E-24  4.417E-15  2.442E-15  1.976E-15
7.727E+01  2.139E-24  4.385E-15  2.444E-15  1.941E-15
7.656E+01  2.143E-24  4.352E-15  2.446E-15  1.905E-15
7.586E+01  2.146E-24  4.318E-15  2.448E-15  1.870E-15
7.516E+01  2.148E-24  4.283E-15  2.449E-15  1.835E-15
7.447E+01  2.150E-24  4.248E-15  2.449E-15  1.799E-15
7.379E+01  2.152E-24  4.212E-15  2.449E-15  1.763E-15
7.311E+01  2.153E-24  4.175E-15  2.449E-15  1.727E-15
7.244E+01  2.153E-24  4.138E-15  2.447E-15  1.691E-15
7.178E+01  2.153E-24  4.100E-15  2.446E-15  1.655E-15
7.112E+01  2.153E-24  4.062E-15  2.443E-15  1.619E-15
7.047E+01  2.152E-24  4.023E-15  2.440E-15  1.583E-15
6.982E+01  2.152E-24  3.985E-15  2.437E-15  1.548E-15
6.918E+01  2.150E-24  3.946E-15  2.433E-15  1.513E-15
6.855E+01  2.148E-24  3.906E-15  2.429E-15  1.478E-15
6.792E+01  2.146E-24  3.866E-15  2.424E-15  1.442E-15
6.730E+01  2.143E-24  3.826E-15  2.418E-15  1.407E-15
6.668E+01  2.140E-24  3.785E-15  2.412E-15  1.373E-15
6.607E+01  2.137E-24  3.745E-15  2.406E-15  1.339E-15
6.546E+01  2.133E-24  3.704E-15  2.399E-15  1.305E-15
6.486E+01  2.129E-24  3.663E-15  2.392E-15  1.272E-15
6.427E+01  2.125E-24  3.622E-15  2.384E-15  1.238E-15
6.368E+01  2.120E-24  3.581E-15  2.376E-15  1.205E-15
6.310E+01  2.115E-24  3.540E-15  2.367E-15  1.173E-15
6.252E+01  2.110E-24  3.499E-15  2.358E-15  1.141E-15
6.194E+01  2.105E-24  3.458E-15  2.348E-15  1.110E-15
6.138E+01  2.099E-24  3.417E-15  2.338E-15  1.079E-15
6.081E+01  2.093E-24  3.377E-15  2.328E-15  1.049E-15
6.026E+01  2.087E-24  3.336E-15  2.317E-15  1.019E-15
5.970E+01  2.081E-24  3.295E-15  2.306E-15  9.893E-16
5.916E+01  2.074E-24  3.255E-15  2.295E-15  9.603E-16
5.861E+01  2.068E-24  3.215E-15  2.283E-15  9.318E-16
5.808E+01  2.061E-24  3.175E-15  2.271E-15  9.037E-16
5.754E+01  2.054E-24  3.135E-15  2.258E-15  8.763E-16
5.702E+01  2.046E-24  3.095E-15  2.246E-15  8.493E-16
5.649E+01  2.039E-24  3.055E-15  2.232E-15  8.230E-16
5.598E+01  2.031E-24  3.016E-15  2.219E-15  7.973E-16
5.546E+01  2.024E-24  2.978E-15  2.205E-15  7.722E-16
5.495E+01  2.016E-24  2.939E-15  2.191E-15  7.477E-16
5.445E+01  2.009E-24  2.901E-15  2.177E-15  7.238E-16
5.395E+01  2.001E-24  2.863E-15  2.163E-15  7.005E-16
5.346E+01  1.993E-24  2.826E-15  2.148E-15  6.778E-16
5.297E+01  1.985E-24  2.789E-15  2.133E-15  6.556E-16
5.248E+01  1.977E-24  2.752E-15  2.118E-15  6.340E-16
5.200E+01  1.968E-24  2.715E-15  2.102E-15  6.130E-16
5.152E+01  1.960E-24  2.679E-15  2.086E-15  5.925E-16
5.105E+01  1.952E-24  2.643E-15  2.070E-15  5.726E-16
5.058E+01  1.943E-24  2.607E-15  2.054E-15  5.532E-16
5.012E+01  1.935E-24  2.572E-15  2.038E-15  5.344E-16
4.966E+01  1.926E-24  2.537E-15  2.021E-15  5.162E-16
4.920E+01  1.918E-24  2.503E-15  2.004E-15  4.984E-16
4.875E+01  1.909E-24  2.469E-15  1.987E-15  4.813E-16
4.831E+01  1.900E-24  2.435E-15  1.970E-15  4.646E-16
4.786E+01  1.891E-24  2.401E-15  1.953E-15  4.485E-16
4.742E+01  1.882E-24  2.368E-15  1.935E-15  4.329E-16
4.699E+01  1.873E-24  2.335E-15  1.917E-15  4.179E-16
4.656E+01  1.864E-24  2.302E-15  1.899E-15  4.033E-16
4.613E+01  1.854E-24  2.269E-15  1.880E-15  3.892E-16
4.571E+01  1.845E-24  2.237E-15  1.861E-15  3.756E-16
4.529E+01  1.835E-24  2.205E-15  1.842E-15  3.624E-16
4.487E+01  1.825E-24  2.173E-15  1.823E-15  3.498E-16
4.446E+01  1.815E-24  2.141E-15  1.803E-15  3.376E-16
4.406E+01  1.805E-24  2.109E-15  1.784E-15  3.258E-16
4.365E+01  1.795E-24  2.078E-15  1.763E-15  3.144E-16
4.325E+01  1.784E-24  2.046E-15  1.743E-15  3.035E-16
4.285E+01  1.773E-24  2.015E-15  1.722E-15  2.929E-16
4.246E+01  1.761E-24  1.984E-15  1.701E-15  2.827E-16
4.207E+01  1.750E-24  1.953E-15  1.680E-15  2.728E-16
4.169E+01  1.737E-24  1.921E-15  1.658E-15  2.633E-16
4.130E+01  1.725E-24  1.890E-15  1.636E-15  2.542E-16
4.093E+01  1.712E-24  1.858E-15  1.613E-15  2.453E-16
4.055E+01  1.699E-24  1.827E-15  1.590E-15  2.368E-16
4.018E+01  1.685E-24  1.795E-15  1.567E-15  2.286E-16
3.981E+01  1.670E-24  1.764E-15  1.543E-15  2.207E-16
3.945E+01  1.655E-24  1.732E-15  1.519E-15  2.130E-16
3.908E+01  1.640E-24  1.700E-15  1.494E-15  2.057E-16
3.873E+01  1.624E-24  1.668E-15  1.469E-15  1.986E-16
3.837E+01  1.607E-24  1.636E-15  1.444E-15  1.917E-16
3.802E+01  1.590E-24  1.603E-15  1.418E-15  1.851E-16
3.767E+01  1.572E-24  1.571E-15  1.392E-15  1.788E-16
3.733E+01  1.553E-24  1.538E-15  1.365E-15  1.726E-16
3.698E+01  1.534E-24  1.505E-15  1.338E-15  1.666E-16
3.664E+01  1.514E-24  1.472E-15  1.311E-15  1.608E-16
3.631E+01  1.493E-24  1.438E-15  1.283E-15  1.552E-16
3.597E+01  1.472E-24  1.405E-15  1.255E-15  1.499E-16
3.565E+01  1.451E-24  1.372E-15  1.227E-15  1.447E-16
3.532E+01  1.428E-24  1.338E-15  1.198E-15  1.398E-16
3.499E+01  1.405E-24  1.304E-15  1.169E-15  1.350E-16
3.467E+01  1.382E-24  1.271E-15  1.141E-15  1.305E-16
3.436E+01  1.358E-24  1.238E-15  1.111E-15  1.261E-16
3.404E+01  1.334E-24  1.204E-15  1.082E-15  1.218E-16
3.373E+01  1.309E-24  1.171E-15  1.053E-15  1.177E-16
3.342E+01  1.284E-24  1.138E-15  1.024E-15  1.138E-16
3.311E+01  1.258E-24  1.105E-15  9.952E-16  1.101E-16
3.281E+01  1.233E-24  1.073E-15  9.664E-16  1.065E-16
3.251E+01  1.207E-24  1.041E-15  9.378E-16  1.030E-16
3.221E+01  1.181E-24  1.009E-15  9.095E-16  9.963E-17
3.192E+01  1.155E-24  9.779E-16  8.815E-16  9.640E-17
3.162E+01  1.129E-24  9.472E-16  8.539E-16  9.327E-17
3.133E+01  1.103E-24  9.170E-16  8.268E-16  9.026E-17
3.105E+01  1.078E-24  8.874E-16  8.001E-16  8.734E-17
3.076E+01  1.052E-24  8.585E-16  7.739E-16  8.452E-17
3.048E+01  1.027E-24  8.302E-16  7.484E-16  8.180E-17
3.020E+01  1.002E-24  8.025E-16  7.234E-16  7.916E-17
2.992E+01  9.772E-25  7.756E-16  6.990E-16  7.661E-17
2.965E+01  9.529E-25  7.494E-16  6.753E-16  7.411E-17
2.938E+01  9.291E-25  7.240E-16  6.523E-16  7.169E-17
2.911E+01  9.058E-25  6.993E-16  6.300E-16  6.934E-17
2.884E+01  8.829E-25  6.754E-16  6.084E-16  6.707E-17
2.858E+01  8.606E-25  6.523E-16  5.874E-16  6.487E-17
2.831E+01  8.388E-25  6.299E-16  5.672E-16  6.273E-17
2.805E+01  8.175E-25  6.084E-16  5.477E-16  6.066E-17
2.780E+01  7.968E-25  5.875E-16  5.289E-16  5.866E-17
2.754E+01  7.767E-25  5.674E-16  5.107E-16  5.671E-17
2.729E+01  7.572E-25  5.481E-16  4.933E-16  5.483E-17
2.704E+01  7.382E-25  5.295E-16  4.765E-16  5.300E-17
2.679E+01  7.198E-25  5.116E-16  4.603E-16  5.123E-17
2.655E+01  7.020E-25  4.943E-16  4.448E-16  4.951E-17
2.630E+01  6.847E-25  4.777E-16  4.299E-16  4.784E-17
2.606E+01  6.679E-25  4.617E-16  4.155E-16  4.622E-17
2.582E+01  6.517E-25  4.464E-16  4.017E-16  4.465E-17
2.559E+01  6.359E-25  4.316E-16  3.885E-16  4.313E-17
2.535E+01  6.207E-25  4.174E-16  3.757E-16  4.165E-17
2.512E+01  6.059E-25  4.037E-16  3.635E-16  4.021E-17
2.489E+01  5.915E-25  3.905E-16  3.517E-16  3.881E-17
2.466E+01  5.776E-25  3.778E-16  3.404E-16  3.744E-17
2.443E+01  5.641E-25  3.656E-16  3.295E-16  3.611E-17
2.421E+01  5.509E-25  3.538E-16  3.190E-16  3.481E-17
2.399E+01  5.381E-25  3.424E-16  3.088E-16  3.353E-17
2.377E+01  5.256E-25  3.314E-16  2.991E-16  3.230E-17
2.355E+01  5.136E-25  3.208E-16  2.897E-16  3.114E-17
2.333E+01  5.018E-25  3.106E-16  2.806E-16  3.000E-17
2.312E+01  4.903E-25  3.007E-16  2.718E-16  2.885E-17
2.291E+01  4.791E-25  2.911E-16  2.634E-16  2.775E-17
2.270E+01  4.682E-25  2.819E-16  2.552E-16  2.673E-17
2.249E+01  4.577E-25  2.730E-16  2.473E-16  2.577E-17
2.228E+01  4.474E-25  2.645E-16  2.396E-16  2.485E-17
2.208E+01  4.374E-25  2.562E-16  2.322E-16  2.395E-17
2.188E+01  4.274E-25  2.481E-16  2.250E-16  2.302E-17
2.168E+01  4.177E-25  2.402E-16  2.181E-16  2.211E-17
2.148E+01  4.082E-25  2.326E-16  2.113E-16  2.122E-17
2.128E+01  3.989E-25  2.252E-16  2.048E-16  2.039E-17
2.109E+01  3.899E-25  2.181E-16  1.985E-16  1.961E-17
2.089E+01  3.810E-25  2.111E-16  1.923E-16  1.883E-17
2.070E+01  3.723E-25  2.044E-16  1.864E-16  1.807E-17
2.051E+01  3.637E-25  1.979E-16  1.806E-16  1.732E-17
2.032E+01  3.554E-25  1.916E-16  1.750E-16  1.661E-17
2.014E+01  3.475E-25  1.856E-16  1.696E-16  1.598E-17
1.995E+01  3.398E-25  1.799E-16  1.645E-16  1.536E-17
1.977E+01  3.325E-25  1.744E-16  1.596E-16  1.475E-17
1.959E+01  3.257E-25  1.692E-16  1.551E-16  1.413E-17
1.941E+01  3.199E-25  1.647E-16  1.512E-16  1.350E-17
1.923E+01  3.167E-25  1.615E-16  1.487E-16  1.286E-17
1.905E+01  3.213E-25  1.624E-16  1.502E-16  1.222E-17
1.888E+01  3.229E-25  1.617E-16  1.501E-16  1.157E-17
1.871E+01  3.006E-25  1.492E-16  1.382E-16  1.093E-17
1.854E+01  2.885E-25  1.418E-16  1.316E-16  1.028E-17
1.837E+01  2.820E-25  1.374E-16  1.277E-16  9.644E-18
1.820E+01  2.788E-25  1.346E-16  1.256E-16  9.016E-18
1.803E+01  2.811E-25  1.344E-16  1.260E-16  8.405E-18
1.786E+01  2.900E-25  1.374E-16  1.296E-16  7.812E-18
1.770E+01  2.840E-25  1.334E-16  1.261E-16  7.237E-18
1.754E+01  2.917E-25  1.357E-16  1.290E-16  6.678E-18
1.738E+01  3.200E-25  1.475E-16  1.414E-16  6.145E-18
1.722E+01  3.054E-25  1.395E-16  1.338E-16  5.637E-18
1.706E+01  2.971E-25  1.345E-16  1.293E-16  5.165E-18
1.690E+01  2.802E-25  1.256E-16  1.209E-16  4.721E-18
1.675E+01  2.592E-25  1.151E-16  1.108E-16  4.305E-18
1.660E+01  2.537E-25  1.117E-16  1.078E-16  3.914E-18
1.644E+01  2.814E-25  1.227E-16  1.192E-16  3.551E-18
1.629E+01  2.103E-25  9.091E-17  8.769E-17  3.216E-18
1.614E+01  1.786E-25  7.650E-17  7.359E-17  2.910E-18
1.600E+01  1.639E-25  6.953E-17  6.690E-17  2.630E-18
1.585E+01  1.527E-25  6.421E-17  6.184E-17  2.374E-18
1.570E+01  1.414E-25  5.891E-17  5.677E-17  2.142E-18
1.556E+01  1.325E-25  5.471E-17  5.278E-17  1.931E-18
1.542E+01  1.250E-25  5.114E-17  4.940E-17  1.740E-18
1.528E+01  1.184E-25  4.797E-17  4.640E-17  1.567E-18
1.514E+01  1.123E-25  4.510E-17  4.369E-17  1.412E-18
1.500E+01  1.069E-25  4.251E-17  4.124E-17  1.273E-18
1.486E+01  1.019E-25  4.017E-17  3.902E-17  1.147E-18
1.472E+01  9.761E-26  3.812E-17  3.709E-17  1.033E-18
1.459E+01  9.420E-26  3.645E-17  3.552E-17  9.305E-19
1.445E+01  9.240E-26  3.543E-17  3.459E-17  8.418E-19
1.432E+01  9.374E-26  3.561E-17  3.485E-17  7.648E-19
1.419E+01  9.547E-26  3.594E-17  3.524E-17  6.998E-19
1.406E+01  8.786E-26  3.277E-17  3.212E-17  6.453E-19
1.393E+01  8.234E-26  3.043E-17  2.983E-17  6.011E-19
1.380E+01  8.164E-26  2.989E-17  2.933E-17  5.645E-19
1.368E+01  8.481E-26  3.077E-17  3.023E-17  5.349E-19
1.355E+01  8.928E-26  3.209E-17  3.158E-17  5.093E-19
1.343E+01  8.708E-26  3.102E-17  3.053E-17  4.864E-19
1.330E+01  7.856E-26  2.773E-17  2.726E-17  4.646E-19
1.318E+01  7.264E-26  2.540E-17  2.496E-17  4.440E-19
1.306E+01  7.193E-26  2.492E-17  2.450E-17  4.236E-19
1.294E+01  7.673E-26  2.634E-17  2.594E-17  4.043E-19
1.282E+01  8.759E-26  2.979E-17  2.941E-17  3.868E-19
1.271E+01  1.008E-25  3.398E-17  3.361E-17  3.702E-19
1.259E+01  1.011E-25  3.375E-17  3.340E-17  3.541E-19
1.247E+01  8.448E-26  2.795E-17  2.761E-17  3.381E-19
1.236E+01  6.898E-26  2.262E-17  2.229E-17  3.222E-19
1.225E+01  6.168E-26  2.004E-17  1.973E-17  3.061E-19
1.213E+01  6.072E-26  1.954E-17  1.925E-17  2.913E-19
1.202E+01  6.073E-26  1.937E-17  1.909E-17  2.777E-19
1.191E+01  5.556E-26  1.756E-17  1.729E-17  2.644E-19
1.180E+01  4.820E-26  1.509E-17  1.484E-17  2.514E-19
1.169E+01  4.463E-26  1.385E-17  1.361E-17  2.384E-19
1.159E+01  4.734E-26  1.455E-17  1.433E-17  2.249E-19
1.148E+01  5.890E-26  1.794E-17  1.773E-17  2.118E-19
1.138E+01  7.792E-26  2.351E-17  2.331E-17  1.997E-19
1.127E+01  9.633E-26  2.880E-17  2.861E-17  1.883E-19
1.117E+01  6.504E-26  1.927E-17  1.909E-17  1.776E-19
1.107E+01  3.326E-26  9.762E-18  9.595E-18  1.674E-19
1.096E+01  2.262E-26  6.579E-18  6.422E-18  1.573E-19
1.086E+01  1.757E-26  5.064E-18  4.917E-18  1.478E-19
1.076E+01  1.473E-26  4.207E-18  4.068E-18  1.392E-19
1.067E+01  1.290E-26  3.649E-18  3.517E-18  1.314E-19
1.057E+01  1.136E-26  3.184E-18  3.060E-18  1.241E-19
1.047E+01  1.023E-26  2.842E-18  2.725E-18  1.169E-19
1.038E+01  9.371E-27  2.579E-18  2.470E-18  1.091E-19
1.028E+01  8.676E-27  2.366E-18  2.265E-18  1.009E-19
1.019E+01  8.097E-27  2.188E-18  2.095E-18  9.262E-20
1.009E+01  7.608E-27  2.037E-18  1.952E-18  8.463E-20
1.000E+01  7.193E-27  1.908E-18  1.831E-18  7.722E-20
9.908E+00  6.841E-27  1.798E-18  1.727E-18  7.053E-20
9.817E+00  6.543E-27  1.704E-18  1.639E-18  6.443E-20
9.727E+00  6.294E-27  1.624E-18  1.565E-18  5.883E-20
9.638E+00  6.092E-27  1.558E-18  1.504E-18  5.359E-20
9.550E+00  5.936E-27  1.504E-18  1.455E-18  4.844E-20
9.462E+00  5.826E-27  1.462E-18  1.419E-18  4.331E-20
9.376E+00  5.768E-27  1.435E-18  1.396E-18  3.819E-20
9.290E+00  5.772E-27  1.422E-18  1.389E-18  3.315E-20
9.204E+00  5.852E-27  1.429E-18  1.401E-18  2.829E-20
9.120E+00  6.038E-27  1.461E-18  1.437E-18  2.377E-20
9.036E+00  6.377E-27  1.529E-18  1.509E-18  1.971E-20
8.954E+00  6.955E-27  1.652E-18  1.636E-18  1.619E-20
8.872E+00  7.927E-27  1.865E-18  1.852E-18  1.324E-20
8.790E+00  9.541E-27  2.225E-18  2.214E-18  1.082E-20
8.710E+00  1.191E-26  2.751E-18  2.742E-18  8.854E-21
8.630E+00  1.371E-26  3.138E-18  3.131E-18  7.275E-21
8.551E+00  1.253E-26  2.843E-18  2.837E-18  5.996E-21
8.472E+00  1.022E-26  2.297E-18  2.292E-18  4.933E-21
8.395E+00  8.897E-27  1.981E-18  1.977E-18  4.021E-21
8.318E+00  8.371E-27  1.847E-18  1.844E-18  3.224E-21
8.241E+00  8.281E-27  1.810E-18  1.808E-18  2.532E-21
8.166E+00  8.675E-27  1.879E-18  1.877E-18  1.944E-21
8.091E+00  9.682E-27  2.078E-18  2.077E-18  1.480E-21
8.017E+00  1.133E-26  2.409E-18  2.407E-18  1.118E-21
7.943E+00  1.330E-26  2.803E-18  2.802E-18  8.412E-22
7.870E+00  1.457E-26  3.041E-18  3.041E-18  6.311E-22
7.798E+00  1.420E-26  2.937E-18  2.937E-18  4.730E-22
7.727E+00  1.318E-26  2.701E-18  2.701E-18  3.561E-22
7.656E+00  1.253E-26  2.545E-18  2.545E-18  2.702E-22
7.586E+00  1.123E-26  2.259E-18  2.259E-18  2.070E-22
7.516E+00  8.656E-27  1.726E-18  1.726E-18  1.614E-22
7.447E+00  6.230E-27  1.231E-18  1.231E-18  1.284E-22
7.379E+00  4.560E-27  8.925E-19  8.924E-19  1.037E-22
7.311E+00  3.445E-27  6.682E-19  6.681E-19  8.537E-23
7.244E+00  2.664E-27  5.120E-19  5.119E-19  7.104E-23
7.178E+00  2.095E-27  3.989E-19  3.989E-19  5.951E-23
7.112E+00  1.675E-27  3.159E-19  3.159E-19  5.034E-23
7.047E+00  1.366E-27  2.554E-19  2.554E-19  4.283E-23
6.982E+00  1.146E-27  2.122E-19  2.121E-19  3.643E-23
6.918E+00  9.930E-28  1.822E-19  1.822E-19  3.104E-23
6.855E+00  8.921E-28  1.622E-19  1.622E-19  2.645E-23
6.792E+00  8.225E-28  1.482E-19  1.482E-19  2.251E-23
6.730E+00  7.584E-28  1.354E-19  1.354E-19  1.914E-23
6.668E+00  6.787E-28  1.200E-19  1.200E-19  1.625E-23
6.607E+00  5.885E-28  1.031E-19  1.031E-19  1.377E-23
6.546E+00  5.134E-28  8.915E-20  8.914E-20  1.166E-23
6.486E+00  4.752E-28  8.177E-20  8.176E-20  9.846E-24
6.427E+00  4.901E-28  8.356E-20  8.355E-20  8.301E-24
6.368E+00  5.856E-28  9.892E-20  9.891E-20  6.985E-24
6.310E+00  8.175E-28  1.368E-19  1.368E-19  5.866E-24
6.252E+00  1.159E-27  1.922E-19  1.922E-19  4.916E-24
6.194E+00  1.060E-27  1.741E-19  1.741E-19  4.112E-24
6.138E+00  5.898E-28  9.602E-20  9.602E-20  3.429E-24
6.081E+00  3.111E-28  5.019E-20  5.019E-20  2.856E-24
6.026E+00  1.826E-28  2.918E-20  2.918E-20  2.375E-24
5.970E+00  1.197E-28  1.896E-20  1.896E-20  1.972E-24
5.916E+00  8.677E-29  1.362E-20  1.361E-20  1.636E-24
5.861E+00  6.963E-29  1.083E-20  1.082E-20  1.355E-24
5.808E+00  6.307E-29  9.716E-21  9.714E-21  1.121E-24
5.754E+00  6.426E-29  9.809E-21  9.808E-21  9.259E-25
5.702E+00  6.243E-29  9.442E-21  9.441E-21  7.639E-25
5.649E+00  4.623E-29  6.928E-21  6.927E-21  6.294E-25
5.598E+00  3.032E-29  4.502E-21  4.501E-21  5.180E-25
5.546E+00  2.103E-29  3.094E-21  3.094E-21  4.257E-25
5.495E+00  1.591E-29  2.319E-21  2.319E-21  3.494E-25
5.445E+00  1.308E-29  1.889E-21  1.889E-21  2.864E-25
5.395E+00  1.181E-29  1.690E-21  1.690E-21  2.344E-25
5.346E+00  1.192E-29  1.691E-21  1.691E-21  1.916E-25
5.297E+00  1.267E-29  1.780E-21  1.780E-21  1.564E-25
5.248E+00  1.094E-29  1.523E-21  1.523E-21  1.274E-25
5.200E+00  7.332E-30  1.011E-21  1.011E-21  1.037E-25
5.152E+00  4.863E-30  6.646E-22  6.645E-22  8.424E-26
5.105E+00  3.468E-30  4.697E-22  4.696E-22  6.834E-26
5.058E+00  2.624E-30  3.521E-22  3.520E-22  5.536E-26
5.012E+00  2.061E-30  2.740E-22  2.739E-22  4.477E-26
4.966E+00  1.656E-30  2.182E-22  2.181E-22  3.615E-26
4.920E+00  1.351E-30  1.764E-22  1.764E-22  2.915E-26
4.875E+00  1.114E-30  1.440E-22  1.440E-22  2.346E-26
4.831E+00  9.242E-31  1.184E-22  1.184E-22  1.884E-26
4.786E+00  7.707E-31  9.785E-23  9.784E-23  1.511E-26
4.742E+00  6.451E-31  8.116E-23  8.114E-23  1.209E-26
4.699E+00  5.415E-31  6.749E-23  6.748E-23  9.660E-27
4.656E+00  4.554E-31  5.625E-23  5.624E-23  7.703E-27
4.613E+00  3.837E-31  4.695E-23  4.694E-23  6.130E-27
4.571E+00  3.236E-31  3.923E-23  3.923E-23  4.869E-27
4.529E+00  2.732E-31  3.282E-23  3.281E-23  3.860E-27
4.487E+00  2.307E-31  2.747E-23  2.746E-23  3.053E-27
4.446E+00  1.950E-31  2.300E-23  2.300E-23  2.411E-27
4.406E+00  1.648E-31  1.926E-23  1.926E-23  1.900E-27
4.365E+00  1.394E-31  1.614E-23  1.614E-23  1.494E-27
4.325E+00  1.178E-31  1.352E-23  1.352E-23  1.173E-27
4.285E+00  9.963E-32  1.133E-23  1.132E-23  9.182E-28
4.246E+00  8.422E-32  9.486E-24  9.485E-24  7.174E-28
4.207E+00  7.117E-32  7.943E-24  7.942E-24  5.592E-28
4.169E+00  6.013E-32  6.649E-24  6.648E-24  4.350E-28
4.130E+00  5.078E-32  5.564E-24  5.563E-24  3.376E-28
4.093E+00  4.286E-32  4.653E-24  4.653E-24  2.612E-28
4.055E+00  3.616E-32  3.890E-24  3.890E-24  2.016E-28
4.018E+00  3.050E-32  3.250E-24  3.250E-24  1.553E-28
3.981E+00  2.571E-32  2.715E-24  2.714E-24  1.193E-28
3.945E+00  2.165E-32  2.266E-24  2.266E-24  9.143E-29
3.908E+00  1.823E-32  1.890E-24  1.890E-24  6.990E-29
3.873E+00  1.535E-32  1.576E-24  1.576E-24  5.331E-29
3.837E+00  1.291E-32  1.314E-24  1.314E-24  4.057E-29
3.802E+00  1.086E-32  1.095E-24  1.095E-24  3.079E-29
3.767E+00  9.129E-33  9.122E-25  9.122E-25  2.332E-29
3.733E+00  7.677E-33  7.601E-25  7.601E-25  1.761E-29
3.698E+00  6.458E-33  6.335E-25  6.335E-25  1.327E-29
3.664E+00  5.437E-33  5.285E-25  5.284E-25  9.975E-30
3.631E+00  4.584E-33  4.415E-25  4.415E-25  7.478E-30
3.597E+00  3.875E-33  3.698E-25  3.698E-25  5.592E-30
3.565E+00  3.290E-33  3.110E-25  3.110E-25  4.171E-30
3.532E+00  2.812E-33  2.635E-25  2.635E-25  3.103E-30
3.499E+00  2.433E-33  2.258E-25  2.258E-25  2.302E-30
3.467E+00  2.148E-33  1.975E-25  1.975E-25  1.704E-30
3.436E+00  1.967E-33  1.793E-25  1.793E-25  1.257E-30
3.404E+00  1.935E-33  1.747E-25  1.747E-25  9.257E-31
3.373E+00  2.206E-33  1.974E-25  1.974E-25  6.796E-31
3.342E+00  3.484E-33  3.088E-25  3.088E-25  4.976E-31
3.311E+00  9.681E-33  8.503E-25  8.503E-25  3.634E-31
3.281E+00  5.565E-33  4.844E-25  4.844E-25  2.646E-31
3.251E+00  1.517E-33  1.308E-25  1.308E-25  1.921E-31
3.221E+00  7.193E-34  6.146E-26  6.146E-26  1.391E-31
3.192E+00  4.466E-34  3.781E-26  3.781E-26  1.004E-31
3.162E+00  3.135E-34  2.630E-26  2.630E-26  7.235E-32
3.133E+00  2.337E-34  1.942E-26  1.942E-26  5.199E-32
3.105E+00  1.796E-34  1.479E-26  1.479E-26  3.726E-32
3.076E+00  1.405E-34  1.146E-26  1.146E-26  2.665E-32
3.048E+00  1.109E-34  8.969E-27  8.969E-27  1.902E-32
3.020E+00  8.808E-35  7.056E-27  7.056E-27  1.354E-32
2.992E+00  7.014E-35  5.567E-27  5.567E-27  9.616E-33
2.965E+00  5.594E-35  4.400E-27  4.400E-27  6.812E-33
2.938E+00  4.464E-35  3.479E-27  3.479E-27  4.815E-33
2.911E+00  3.562E-35  2.750E-27  2.750E-27  3.395E-33
2.884E+00  2.841E-35  2.173E-27  2.173E-27  2.389E-33
2.858E+00  2.263E-35  1.716E-27  1.716E-27  1.677E-33
2.831E+00  1.801E-35  1.353E-27  1.353E-27  1.174E-33
2.805E+00  1.432E-35  1.066E-27  1.065E-27  8.209E-34
2.780E+00  1.136E-35  8.379E-28  8.379E-28  5.726E-34
2.754E+00  9.005E-36  6.579E-28  6.579E-28  3.987E-34
2.729E+00  7.125E-36  5.157E-28  5.157E-28  2.770E-34
2.704E+00  5.627E-36  4.036E-28  4.036E-28  1.921E-34
2.679E+00  4.436E-36  3.153E-28  3.153E-28  1.330E-34
2.655E+00  3.491E-36  2.458E-28  2.458E-28  9.189E-35
2.630E+00  2.742E-36  1.913E-28  1.913E-28  6.339E-35
2.606E+00  2.150E-36  1.486E-28  1.486E-28  4.367E-35
2.582E+00  1.682E-36  1.152E-28  1.152E-28  3.003E-35
2.559E+00  1.314E-36  8.915E-29  8.915E-29  2.062E-35
2.535E+00  1.024E-36  6.884E-29  6.884E-29  1.414E-35
2.512E+00  7.962E-37  5.305E-29  5.305E-29  9.686E-36
2.489E+00  6.179E-37  4.079E-29  4.079E-29  6.624E-36
2.466E+00  4.785E-37  3.130E-29  3.130E-29  4.525E-36
2.443E+00  3.697E-37  2.396E-29  2.396E-29  3.087E-36
2.421E+00  2.851E-37  1.831E-29  1.831E-29  2.104E-36
2.399E+00  2.193E-37  1.396E-29  1.396E-29  1.431E-36
2.377E+00  1.684E-37  1.061E-29  1.061E-29  9.728E-37
2.355E+00  1.290E-37  8.056E-30  8.056E-30  6.602E-37
2.333E+00  9.854E-38  6.099E-30  6.099E-30  4.474E-37
2.312E+00  7.512E-38  4.607E-30  4.607E-30  3.028E-37
2.291E+00  5.712E-38  3.471E-30  3.471E-30  2.046E-37
2.270E+00  4.333E-38  2.609E-30  2.609E-30  1.381E-37
2.249E+00  3.278E-38  1.955E-30  1.955E-30  9.303E-38
2.228E+00  2.472E-38  1.461E-30  1.461E-30  6.257E-38
2.208E+00  1.859E-38  1.089E-30  1.089E-30  4.201E-38
2.188E+00  1.394E-38  8.089E-31  8.089E-31  2.815E-38
2.168E+00  1.041E-38  5.987E-31  5.987E-31  1.883E-38
2.148E+00  7.747E-39  4.414E-31  4.414E-31  1.257E-38
2.128E+00  5.739E-39  3.240E-31  3.240E-31  8.374E-39
2.109E+00  4.230E-39  2.366E-31  2.366E-31  5.565E-39
2.089E+00  3.099E-39  1.717E-31  1.717E-31  3.690E-39
2.070E+00  2.253E-39  1.237E-31  1.237E-31  2.441E-39
2.051E+00  1.623E-39  8.833E-32  8.833E-32  1.610E-39
2.032E+00  1.156E-39  6.233E-32  6.233E-32  1.059E-39
2.014E+00  8.110E-40  4.332E-32  4.332E-32  6.947E-40
1.995E+00  5.580E-40  2.953E-32  2.953E-32  4.544E-40
1.977E+00  3.750E-40  1.967E-32  1.967E-32  2.963E-40
1.959E+00  2.461E-40  1.279E-32  1.279E-32  1.926E-40
1.941E+00  1.597E-40  8.221E-33  8.221E-33  1.248E-40
1.923E+00  1.065E-40  5.435E-33  5.435E-33  8.057E-41
1.905E+00  7.728E-41  3.906E-33  3.906E-33  5.185E-41
1.888E+00  6.192E-41  3.101E-33  3.101E-33  3.325E-41
1.871E+00  5.224E-41  2.592E-33  2.592E-33  2.124E-41
1.854E+00  4.392E-41  2.159E-33  2.159E-33  1.352E-41
1.837E+00  3.590E-41  1.749E-33  1.749E-33  8.574E-42
1.820E+00  2.846E-41  1.374E-33  1.374E-33  5.416E-42
1.803E+00  2.201E-41  1.053E-33  1.053E-33  3.408E-42
1.786E+00  1.670E-41  7.916E-34  7.916E-34  2.136E-42
1.770E+00  1.250E-41  5.870E-34  5.870E-34  1.333E-42
1.754E+00  9.263E-42  4.309E-34  4.309E-34  8.288E-43
1.738E+00  6.811E-42  3.139E-34  3.139E-34  5.131E-43
1.722E+00  4.978E-42  2.274E-34  2.274E-34  3.163E-43
1.706E+00  3.622E-42  1.639E-34  1.639E-34  1.941E-43
1.690E+00  2.625E-42  1.177E-34  1.177E-34  1.186E-43
1.675E+00  1.897E-42  8.427E-35  8.427E-35  7.216E-44
1.660E+00  1.367E-42  6.017E-35  6.017E-35  4.370E-44
1.644E+00  9.829E-43  4.287E-35  4.287E-35  2.634E-44
1.629E+00  7.054E-43  3.049E-35  3.049E-35  1.580E-44
1.614E+00  5.054E-43  2.164E-35  2.164E-35  9.437E-45
1.600E+00  3.617E-43  1.535E-35  1.535E-35  5.608E-45
1.585E+00  2.585E-43  1.087E-35  1.087E-35  3.316E-45
1.570E+00  1.845E-43  7.687E-36  7.687E-36  1.952E-45
1.556E+00  1.317E-43  5.434E-36  5.434E-36  1.143E-45
1.542E+00  9.388E-44  3.839E-36  3.839E-36  6.658E-46
1.528E+00  6.692E-44  2.712E-36  2.712E-36  3.860E-46
1.514E+00  4.770E-44  1.915E-36  1.915E-36  2.226E-46
1.500E+00  3.400E-44  1.353E-36  1.353E-36  1.277E-46
1.486E+00  2.425E-44  9.558E-37  9.558E-37  7.288E-47
1.472E+00  1.731E-44  6.760E-37  6.760E-37  4.138E-47
1.459E+00  1.237E-44  4.786E-37  4.786E-37  2.337E-47
1.445E+00  8.853E-45  3.394E-37  3.394E-37  1.312E-47
1.432E+00  6.349E-45  2.412E-37  2.412E-37  7.332E-48
1.419E+00  4.565E-45  1.718E-37  1.718E-37  4.074E-48
1.406E+00  3.292E-45  1.228E-37  1.228E-37  2.251E-48
1.393E+00  2.383E-45  8.805E-38  8.805E-38  1.237E-48
1.380E+00  1.732E-45  6.340E-38  6.340E-38  6.756E-49
1.368E+00  1.264E-45  4.586E-38  4.586E-38  3.670E-49
1.355E+00  9.267E-46  3.331E-38  3.331E-38  1.982E-49
1.343E+00  6.822E-46  2.430E-38  2.430E-38  1.064E-49
1.330E+00  5.035E-46  1.777E-38  1.777E-38  5.678E-50
1.318E+00  3.715E-46  1.299E-38  1.299E-38  3.013E-50
1.306E+00  2.726E-46  9.446E-39  9.446E-39  1.589E-50
1.294E+00  1.974E-46  6.776E-39  6.776E-39  8.329E-51
1.282E+00  1.395E-46  4.745E-39  4.745E-39  4.340E-51
1.271E+00  9.515E-47  3.207E-39  3.207E-39  2.248E-51
1.259E+00  6.207E-47  2.073E-39  2.073E-39  1.157E-51
1.247E+00  3.866E-47  1.279E-39  1.279E-39  5.918E-52
1.236E+00  2.315E-47  7.589E-40  7.589E-40  3.009E-52
1.225E+00  1.349E-47  4.383E-40  4.383E-40  1.520E-52
1.213E+00  7.770E-48  2.501E-40  2.501E-40  7.629E-53
1.202E+00  4.476E-48  1.428E-40  1.428E-40  3.804E-53
1.191E+00  2.604E-48  8.230E-41  8.230E-41  1.884E-53
1.180E+00  1.540E-48  4.823E-41  4.823E-41  9.273E-54
1.169E+00  9.296E-49  2.884E-41  2.884E-41  4.532E-54
1.159E+00  5.738E-49  1.764E-41  1.764E-41  2.200E-54
1.148E+00  3.628E-49  1.105E-41  1.105E-41  1.061E-54
1.138E+00  2.352E-49  7.098E-42  7.098E-42  5.080E-55
1.127E+00  1.566E-49  4.683E-42  4.683E-42  2.416E-55
1.117E+00  1.073E-49  3.179E-42  3.179E-42  1.141E-55
1.107E+00  7.587E-50  2.227E-42  2.227E-42  5.347E-56
1.096E+00  5.554E-50  1.615E-42  1.615E-42  2.489E-56
1.086E+00  4.211E-50  1.214E-42  1.214E-42  1.150E-56
1.076E+00  3.281E-50  9.368E-43  9.368E-43  5.275E-57
1.067E+00  2.546E-50  7.204E-43  7.204E-43  2.402E-57
1.057E+00  1.833E-50  5.140E-43  5.140E-43  1.086E-57
1.047E+00  1.117E-50  3.102E-43  3.102E-43  4.870E-58
1.038E+00  5.626E-51  1.548E-43  1.548E-43  2.168E-58
1.028E+00  2.537E-51  6.918E-44  6.918E-44  9.579E-59
1.019E+00  1.119E-51  3.023E-44  3.023E-44  4.199E-59
1.009E+00  5.061E-52  1.355E-44  1.355E-44  1.827E-59
1.000E+00  2.386E-52  6.328E-45  6.328E-45  7.883E-60
