Dust emission spectrum from Draine,B.T., & Li, A. (2007), ApJ, in press [astro-ph/0608003]
==========================================================
         7 = grain model
 4.000E-08 4.000E-01 4.500E-05 = a_01 (cm) , sigma_1 , b_C1
 2.000E-07 5.500E-01 1.500E-05 = a_02 (cm) , sigma_2 , b_C2
 3.000E+02 3.000E+02 1.000E+00 = Umin , Umax, beta (dN/dU propto U^{-beta})
 3.000E+02 = <U>       mmp83 = radfield
 2.000E-07 2.000E-06 = a_{min} (cm), a_{max} (cm)
 2.078E-22 1.316E-22 7.622E-23 = P(tot)  P(carb)  P(sil) (erg s-1 H-1)
 band     <nu*P_nu> <j_nu(tot)><j_nu(carb)><j_nu(sil)>
 (um)   (erg s-1 H-1)(Jy/(sr*H))(Jy/(sr*H))(Jy/(sr*H))
1.270E+00  1.960E-41  6.604E-34  6.604E-34  2.565E-44 COBE-DIRBE
2.220E+00  1.107E-34  6.518E-27  6.518E-27  7.269E-34 COBE-DIRBE
3.530E+00  4.151E-30  3.887E-22  3.887E-22  4.244E-27 COBE-DIRBE
4.880E+00  9.636E-28  1.247E-19  1.247E-19  4.035E-24 COBE-DIRBE
1.229E+01  2.140E-23  6.976E-15  6.922E-15  5.415E-17 COBE-DIRBE
2.079E+01  6.125E-23  3.378E-14  3.046E-14  3.319E-15 COBE-DIRBE
5.599E+01  1.263E-22  1.876E-13  9.169E-14  9.587E-14 COBE-DIRBE
9.770E+01  3.843E-23  9.959E-14  2.856E-14  7.103E-14 COBE-DIRBE
1.479E+02  1.034E-23  4.057E-14  9.316E-15  3.125E-14 COBE-DIRBE
2.479E+02  1.464E-24  9.627E-15  1.984E-15  7.643E-15 COBE-DIRBE
1.200E+01  1.534E-23  4.883E-15  4.862E-15  2.114E-17 IRAS
2.500E+01  7.319E-23  4.854E-14  4.126E-14  7.280E-15 IRAS
6.000E+01  1.160E-22  1.846E-13  8.761E-14  9.698E-14 IRAS
1.000E+02  3.543E-23  9.398E-14  2.625E-14  6.774E-14 IRAS
3.550E+00  3.642E-30  3.429E-22  3.429E-22  2.874E-27 SST-IRAC
4.493E+00  2.154E-28  2.567E-20  2.567E-20  1.012E-24 SST-IRAC
5.731E+00  9.392E-26  1.428E-17  1.428E-17  1.497E-22 SST-IRAC
7.872E+00  3.611E-24  7.540E-16  7.536E-16  4.334E-19 SST-IRAC
2.368E+01  6.690E-23  4.202E-14  3.563E-14  6.387E-15 SST-MIPS
7.142E+01  7.538E-23  1.428E-13  5.220E-14  9.062E-14 SST-MIPS
1.559E+02  7.416E-24  3.067E-14  6.766E-15  2.390E-14 SST-MIPS
1.600E+01  4.213E-23  1.788E-14  1.739E-14  4.936E-16 SST-IRSPU
2.200E+01  6.607E-23  3.856E-14  3.335E-14  5.202E-15 SST-IRSPU
7.500E+01  6.551E-23  1.303E-13  4.746E-14  8.287E-14 Herschel-PACS
1.100E+02  2.458E-23  7.171E-14  1.960E-14  5.212E-14 Herschel-PACS
1.700E+02  5.702E-24  2.571E-14  5.706E-15  2.001E-14 Herschel-PACS
2.500E+02  1.154E-24  7.651E-15  1.564E-15  6.087E-15 Herschel-SPIRE
3.600E+02  2.210E-25  2.110E-15  4.496E-16  1.661E-15 Herschel-SPIRE
5.200E+02  4.269E-26  5.888E-16  1.260E-16  4.629E-16 Herschel-SPIRE
2.400E+00  1.677E-29  1.068E-21  1.068E-21  2.839E-26 Akari IRC NIR N2
3.200E+00  1.135E-29  9.635E-22  9.634E-22  2.458E-26 Akari IRC NIR N3
4.100E+00  7.066E-28  7.685E-20  7.685E-20  2.257E-24 Akari IRC NIR N4
7.000E+00  3.021E-24  5.610E-16  5.596E-16  1.401E-18 Akari IRC MIR-S S7
9.000E+00  5.674E-24  1.355E-15  1.351E-15  3.681E-18 Akari IRC MIR-S S9W
1.100E+01  1.238E-23  3.611E-15  3.597E-15  1.450E-17 Akari IRC MIR-S S11
1.500E+01  4.138E-23  1.646E-14  1.608E-14  3.888E-16 Akari IRC MIR-L L15
1.800E+01  5.353E-23  2.556E-14  2.351E-14  2.054E-15 Akari IRC MIR-L L18W
2.400E+01  6.674E-23  4.249E-14  3.641E-14  6.072E-15 Akari IRC MIR-L L24
6.500E+01  9.574E-23  1.651E-13  6.541E-14  9.967E-14 Akari FIS N60
8.000E+01  5.558E-23  1.179E-13  3.950E-14  7.844E-14 Akari FIS WIDE-S
1.400E+02  1.008E-23  3.745E-14  8.532E-15  2.892E-14 Akari FIS WIDE-L
1.600E+02  6.599E-24  2.801E-14  6.092E-15  2.192E-14 Akari FIS N160
 
 
 
 


lambda    nu*dP/dnu     j_nu    j_nu(carb.) j_nu(sil)
 (um)    (erg/(s*H)) (Jy/(sr*H) (Jy/(sr*H)) (Jy/(sr*H)
1.000E+04  1.340E-31  3.554E-20  2.956E-21  3.259E-20
9.908E+03  1.389E-31  3.650E-20  3.045E-21  3.346E-20
9.817E+03  1.440E-31  3.749E-20  3.136E-21  3.435E-20
9.727E+03  1.492E-31  3.850E-20  3.230E-21  3.527E-20
9.638E+03  1.546E-31  3.954E-20  3.328E-21  3.621E-20
9.550E+03  1.603E-31  4.060E-20  3.428E-21  3.718E-20
9.462E+03  1.661E-31  4.170E-20  3.531E-21  3.817E-20
9.376E+03  1.722E-31  4.283E-20  3.638E-21  3.919E-20
9.290E+03  1.785E-31  4.398E-20  3.747E-21  4.023E-20
9.204E+03  1.850E-31  4.517E-20  3.861E-21  4.131E-20
9.120E+03  1.918E-31  4.639E-20  3.977E-21  4.241E-20
9.036E+03  1.988E-31  4.764E-20  4.097E-21  4.354E-20
8.954E+03  2.060E-31  4.892E-20  4.221E-21  4.470E-20
8.872E+03  2.135E-31  5.023E-20  4.349E-21  4.588E-20
8.790E+03  2.212E-31  5.158E-20  4.481E-21  4.710E-20
8.710E+03  2.292E-31  5.296E-20  4.617E-21  4.834E-20
8.630E+03  2.376E-31  5.438E-20  4.756E-21  4.963E-20
8.551E+03  2.462E-31  5.584E-20  4.901E-21  5.094E-20
8.472E+03  2.552E-31  5.734E-20  5.050E-21  5.230E-20
8.395E+03  2.645E-31  5.889E-20  5.203E-21  5.369E-20
8.318E+03  2.741E-31  6.048E-20  5.361E-21  5.511E-20
8.241E+03  2.841E-31  6.211E-20  5.524E-21  5.658E-20
8.166E+03  2.945E-31  6.378E-20  5.692E-21  5.809E-20
8.091E+03  3.052E-31  6.551E-20  5.866E-21  5.964E-20
8.017E+03  3.164E-31  6.728E-20  6.044E-21  6.124E-20
7.943E+03  3.280E-31  6.910E-20  6.229E-21  6.287E-20
7.870E+03  3.400E-31  7.097E-20  6.419E-21  6.456E-20
7.798E+03  3.524E-31  7.290E-20  6.615E-21  6.628E-20
7.727E+03  3.653E-31  7.488E-20  6.817E-21  6.806E-20
7.656E+03  3.787E-31  7.691E-20  7.025E-21  6.989E-20
7.586E+03  3.926E-31  7.901E-20  7.240E-21  7.177E-20
7.516E+03  4.071E-31  8.116E-20  7.462E-21  7.370E-20
7.447E+03  4.220E-31  8.337E-20  7.690E-21  7.568E-20
7.379E+03  4.375E-31  8.564E-20  7.926E-21  7.772E-20
7.311E+03  4.536E-31  8.798E-20  8.169E-21  7.981E-20
7.244E+03  4.704E-31  9.038E-20  8.420E-21  8.196E-20
7.178E+03  4.877E-31  9.286E-20  8.678E-21  8.418E-20
7.112E+03  5.057E-31  9.540E-20  8.945E-21  8.645E-20
7.047E+03  5.243E-31  9.801E-20  9.220E-21  8.879E-20
6.982E+03  5.437E-31  1.007E-19  9.504E-21  9.119E-20
6.918E+03  5.637E-31  1.035E-19  9.797E-21  9.366E-20
6.855E+03  5.845E-31  1.063E-19  1.010E-20  9.619E-20
6.792E+03  6.061E-31  1.092E-19  1.041E-20  9.879E-20
6.730E+03  6.285E-31  1.122E-19  1.073E-20  1.015E-19
6.668E+03  6.518E-31  1.153E-19  1.106E-20  1.042E-19
6.607E+03  6.759E-31  1.185E-19  1.141E-20  1.070E-19
6.546E+03  7.009E-31  1.217E-19  1.176E-20  1.100E-19
6.486E+03  7.269E-31  1.251E-19  1.212E-20  1.129E-19
6.427E+03  7.539E-31  1.285E-19  1.250E-20  1.160E-19
6.368E+03  7.819E-31  1.321E-19  1.289E-20  1.192E-19
6.310E+03  8.109E-31  1.357E-19  1.329E-20  1.224E-19
6.252E+03  8.411E-31  1.395E-19  1.370E-20  1.258E-19
6.194E+03  8.724E-31  1.433E-19  1.412E-20  1.292E-19
6.138E+03  9.049E-31  1.473E-19  1.456E-20  1.328E-19
6.081E+03  9.386E-31  1.514E-19  1.502E-20  1.364E-19
6.026E+03  9.736E-31  1.556E-19  1.548E-20  1.401E-19
5.970E+03  1.010E-30  1.599E-19  1.597E-20  1.440E-19
5.916E+03  1.048E-30  1.644E-19  1.646E-20  1.479E-19
5.861E+03  1.087E-30  1.690E-19  1.698E-20  1.520E-19
5.808E+03  1.127E-30  1.737E-19  1.751E-20  1.562E-19
5.754E+03  1.170E-30  1.785E-19  1.806E-20  1.605E-19
5.702E+03  1.213E-30  1.835E-19  1.862E-20  1.649E-19
5.649E+03  1.259E-30  1.887E-19  1.921E-20  1.695E-19
5.598E+03  1.306E-30  1.939E-19  1.981E-20  1.741E-19
5.546E+03  1.355E-30  1.994E-19  2.043E-20  1.790E-19
5.495E+03  1.406E-30  2.050E-19  2.107E-20  1.839E-19
5.445E+03  1.459E-30  2.107E-19  2.173E-20  1.890E-19
5.395E+03  1.514E-30  2.167E-19  2.242E-20  1.942E-19
5.346E+03  1.571E-30  2.228E-19  2.312E-20  1.996E-19
5.297E+03  1.630E-30  2.290E-19  2.385E-20  2.052E-19
5.248E+03  1.692E-30  2.355E-19  2.460E-20  2.109E-19
5.200E+03  1.755E-30  2.421E-19  2.538E-20  2.167E-19
5.152E+03  1.822E-30  2.490E-19  2.618E-20  2.228E-19
5.105E+03  1.890E-30  2.560E-19  2.701E-20  2.290E-19
5.058E+03  1.962E-30  2.632E-19  2.786E-20  2.354E-19
5.012E+03  2.036E-30  2.707E-19  2.874E-20  2.420E-19
4.966E+03  2.113E-30  2.784E-19  2.965E-20  2.487E-19
4.920E+03  2.193E-30  2.862E-19  3.059E-20  2.557E-19
4.875E+03  2.276E-30  2.944E-19  3.156E-20  2.628E-19
4.831E+03  2.363E-30  3.027E-19  3.257E-20  2.702E-19
4.786E+03  2.452E-30  3.113E-19  3.360E-20  2.777E-19
4.742E+03  2.545E-30  3.202E-19  3.467E-20  2.855E-19
4.699E+03  2.642E-30  3.293E-19  3.577E-20  2.935E-19
4.656E+03  2.743E-30  3.387E-19  3.691E-20  3.018E-19
4.613E+03  2.847E-30  3.484E-19  3.809E-20  3.103E-19
4.571E+03  2.956E-30  3.584E-19  3.931E-20  3.190E-19
4.529E+03  3.068E-30  3.686E-19  4.056E-20  3.280E-19
4.487E+03  3.185E-30  3.792E-19  4.186E-20  3.373E-19
4.446E+03  3.307E-30  3.900E-19  4.320E-20  3.468E-19
4.406E+03  3.434E-30  4.012E-19  4.458E-20  3.567E-19
4.365E+03  3.565E-30  4.128E-19  4.601E-20  3.668E-19
4.325E+03  3.701E-30  4.247E-19  4.749E-20  3.772E-19
4.285E+03  3.843E-30  4.369E-19  4.902E-20  3.879E-19
4.246E+03  3.991E-30  4.495E-19  5.059E-20  3.989E-19
4.207E+03  4.144E-30  4.625E-19  5.222E-20  4.102E-19
4.169E+03  4.303E-30  4.758E-19  5.390E-20  4.219E-19
4.130E+03  4.469E-30  4.896E-19  5.564E-20  4.340E-19
4.093E+03  4.641E-30  5.038E-19  5.743E-20  4.463E-19
4.055E+03  4.819E-30  5.184E-19  5.929E-20  4.591E-19
4.018E+03  5.005E-30  5.334E-19  6.121E-20  4.722E-19
3.981E+03  5.198E-30  5.489E-19  6.319E-20  4.857E-19
3.945E+03  5.398E-30  5.648E-19  6.523E-20  4.996E-19
3.908E+03  5.606E-30  5.812E-19  6.735E-20  5.139E-19
3.873E+03  5.823E-30  5.981E-19  6.953E-20  5.286E-19
3.837E+03  6.047E-30  6.155E-19  7.179E-20  5.437E-19
3.802E+03  6.281E-30  6.335E-19  7.412E-20  5.593E-19
3.767E+03  6.525E-30  6.520E-19  7.653E-20  5.754E-19
3.733E+03  6.777E-30  6.710E-19  7.902E-20  5.920E-19
3.698E+03  7.040E-30  6.906E-19  8.160E-20  6.090E-19
3.664E+03  7.314E-30  7.109E-19  8.426E-20  6.266E-19
3.631E+03  7.598E-30  7.317E-19  8.701E-20  6.447E-19
3.597E+03  7.893E-30  7.532E-19  8.985E-20  6.634E-19
3.565E+03  8.201E-30  7.754E-19  9.279E-20  6.826E-19
3.532E+03  8.520E-30  7.982E-19  9.583E-20  7.024E-19
3.499E+03  8.853E-30  8.217E-19  9.897E-20  7.228E-19
3.467E+03  9.198E-30  8.460E-19  1.022E-19  7.438E-19
3.436E+03  9.558E-30  8.710E-19  1.056E-19  7.654E-19
3.404E+03  9.932E-30  8.968E-19  1.090E-19  7.877E-19
3.373E+03  1.032E-29  9.234E-19  1.126E-19  8.107E-19
3.342E+03  1.072E-29  9.507E-19  1.163E-19  8.344E-19
3.311E+03  1.115E-29  9.790E-19  1.202E-19  8.588E-19
3.281E+03  1.158E-29  1.008E-18  1.241E-19  8.840E-19
3.251E+03  1.204E-29  1.038E-18  1.282E-19  9.099E-19
3.221E+03  1.251E-29  1.069E-18  1.325E-19  9.366E-19
3.192E+03  1.300E-29  1.101E-18  1.368E-19  9.641E-19
3.162E+03  1.352E-29  1.134E-18  1.414E-19  9.925E-19
3.133E+03  1.405E-29  1.168E-18  1.461E-19  1.022E-18
3.105E+03  1.460E-29  1.203E-18  1.509E-19  1.052E-18
3.076E+03  1.518E-29  1.239E-18  1.559E-19  1.083E-18
3.048E+03  1.578E-29  1.276E-18  1.611E-19  1.115E-18
3.020E+03  1.641E-29  1.314E-18  1.664E-19  1.148E-18
2.992E+03  1.706E-29  1.354E-18  1.720E-19  1.182E-18
2.965E+03  1.773E-29  1.394E-18  1.777E-19  1.217E-18
2.938E+03  1.843E-29  1.436E-18  1.836E-19  1.253E-18
2.911E+03  1.916E-29  1.479E-18  1.898E-19  1.290E-18
2.884E+03  1.992E-29  1.524E-18  1.961E-19  1.328E-18
2.858E+03  2.071E-29  1.570E-18  2.027E-19  1.367E-18
2.831E+03  2.153E-29  1.617E-18  2.094E-19  1.408E-18
2.805E+03  2.239E-29  1.666E-18  2.164E-19  1.449E-18
2.780E+03  2.328E-29  1.716E-18  2.237E-19  1.493E-18
2.754E+03  2.420E-29  1.768E-18  2.312E-19  1.537E-18
2.729E+03  2.517E-29  1.822E-18  2.390E-19  1.583E-18
2.704E+03  2.617E-29  1.877E-18  2.470E-19  1.630E-18
2.679E+03  2.722E-29  1.934E-18  2.553E-19  1.679E-18
2.655E+03  2.830E-29  1.993E-18  2.639E-19  1.729E-18
2.630E+03  2.944E-29  2.054E-18  2.728E-19  1.781E-18
2.606E+03  3.062E-29  2.116E-18  2.820E-19  1.834E-18
2.582E+03  3.184E-29  2.181E-18  2.915E-19  1.890E-18
2.559E+03  3.312E-29  2.248E-18  3.014E-19  1.946E-18
2.535E+03  3.445E-29  2.317E-18  3.116E-19  2.005E-18
2.512E+03  3.583E-29  2.388E-18  3.221E-19  2.065E-18
2.489E+03  3.727E-29  2.461E-18  3.330E-19  2.128E-18
2.466E+03  3.877E-29  2.536E-18  3.443E-19  2.192E-18
2.443E+03  4.034E-29  2.614E-18  3.560E-19  2.258E-18
2.421E+03  4.196E-29  2.695E-18  3.681E-19  2.327E-18
2.399E+03  4.366E-29  2.778E-18  3.806E-19  2.397E-18
2.377E+03  4.542E-29  2.864E-18  3.936E-19  2.470E-18
2.355E+03  4.726E-29  2.952E-18  4.070E-19  2.545E-18
2.333E+03  4.917E-29  3.043E-18  4.208E-19  2.623E-18
2.312E+03  5.116E-29  3.138E-18  4.352E-19  2.702E-18
2.291E+03  5.323E-29  3.235E-18  4.500E-19  2.785E-18
2.270E+03  5.539E-29  3.335E-18  4.654E-19  2.870E-18
2.249E+03  5.764E-29  3.439E-18  4.813E-19  2.957E-18
2.228E+03  5.998E-29  3.546E-18  4.978E-19  3.048E-18
2.208E+03  6.242E-29  3.656E-18  5.148E-19  3.141E-18
2.188E+03  6.496E-29  3.770E-18  5.325E-19  3.237E-18
2.168E+03  6.761E-29  3.887E-18  5.508E-19  3.337E-18
2.148E+03  7.036E-29  4.009E-18  5.697E-19  3.439E-18
2.128E+03  7.323E-29  4.134E-18  5.892E-19  3.545E-18
2.109E+03  7.622E-29  4.263E-18  6.095E-19  3.654E-18
2.089E+03  7.933E-29  4.396E-18  6.305E-19  3.766E-18
2.070E+03  8.257E-29  4.534E-18  6.522E-19  3.882E-18
2.051E+03  8.595E-29  4.676E-18  6.746E-19  4.002E-18
2.032E+03  8.946E-29  4.823E-18  6.979E-19  4.125E-18
2.014E+03  9.313E-29  4.974E-18  7.220E-19  4.252E-18
1.995E+03  9.694E-29  5.131E-18  7.469E-19  4.384E-18
1.977E+03  1.009E-28  5.292E-18  7.727E-19  4.519E-18
1.959E+03  1.051E-28  5.458E-18  7.995E-19  4.659E-18
1.941E+03  1.094E-28  5.630E-18  8.271E-19  4.803E-18
1.923E+03  1.139E-28  5.808E-18  8.558E-19  4.952E-18
1.905E+03  1.185E-28  5.991E-18  8.854E-19  5.106E-18
1.888E+03  1.234E-28  6.180E-18  9.161E-19  5.264E-18
1.871E+03  1.285E-28  6.375E-18  9.479E-19  5.427E-18
1.854E+03  1.338E-28  6.577E-18  9.808E-19  5.596E-18
1.837E+03  1.393E-28  6.785E-18  1.015E-18  5.770E-18
1.820E+03  1.450E-28  7.000E-18  1.050E-18  5.950E-18
1.803E+03  1.510E-28  7.222E-18  1.087E-18  6.135E-18
1.786E+03  1.572E-28  7.451E-18  1.125E-18  6.327E-18
1.770E+03  1.637E-28  7.688E-18  1.164E-18  6.524E-18
1.754E+03  1.705E-28  7.932E-18  1.204E-18  6.728E-18
1.738E+03  1.776E-28  8.185E-18  1.246E-18  6.938E-18
1.722E+03  1.849E-28  8.445E-18  1.290E-18  7.155E-18
1.706E+03  1.926E-28  8.714E-18  1.335E-18  7.379E-18
1.690E+03  2.005E-28  8.992E-18  1.382E-18  7.610E-18
1.675E+03  2.088E-28  9.279E-18  1.430E-18  7.849E-18
1.660E+03  2.175E-28  9.575E-18  1.480E-18  8.095E-18
1.644E+03  2.265E-28  9.881E-18  1.532E-18  8.349E-18
1.629E+03  2.359E-28  1.020E-17  1.585E-18  8.611E-18
1.614E+03  2.457E-28  1.052E-17  1.641E-18  8.882E-18
1.600E+03  2.559E-28  1.086E-17  1.698E-18  9.161E-18
1.585E+03  2.666E-28  1.121E-17  1.758E-18  9.449E-18
1.570E+03  2.776E-28  1.157E-17  1.820E-18  9.746E-18
1.556E+03  2.892E-28  1.194E-17  1.883E-18  1.005E-17
1.542E+03  3.012E-28  1.232E-17  1.950E-18  1.037E-17
1.528E+03  3.138E-28  1.271E-17  2.018E-18  1.070E-17
1.514E+03  3.268E-28  1.312E-17  2.089E-18  1.103E-17
1.500E+03  3.404E-28  1.354E-17  2.162E-18  1.138E-17
1.486E+03  3.547E-28  1.398E-17  2.238E-18  1.174E-17
1.472E+03  3.695E-28  1.443E-17  2.317E-18  1.211E-17
1.459E+03  3.849E-28  1.489E-17  2.399E-18  1.249E-17
1.445E+03  4.010E-28  1.537E-17  2.483E-18  1.289E-17
1.432E+03  4.177E-28  1.587E-17  2.571E-18  1.330E-17
1.419E+03  4.352E-28  1.638E-17  2.661E-18  1.372E-17
1.406E+03  4.534E-28  1.691E-17  2.755E-18  1.415E-17
1.393E+03  4.723E-28  1.746E-17  2.852E-18  1.460E-17
1.380E+03  4.921E-28  1.802E-17  2.953E-18  1.507E-17
1.368E+03  5.127E-28  1.860E-17  3.057E-18  1.554E-17
1.355E+03  5.342E-28  1.920E-17  3.165E-18  1.604E-17
1.343E+03  5.566E-28  1.982E-17  3.277E-18  1.655E-17
1.330E+03  5.799E-28  2.046E-17  3.393E-18  1.707E-17
1.318E+03  6.042E-28  2.113E-17  3.512E-18  1.761E-17
1.306E+03  6.295E-28  2.181E-17  3.636E-18  1.817E-17
1.294E+03  6.559E-28  2.252E-17  3.765E-18  1.875E-17
1.282E+03  6.834E-28  2.325E-17  3.898E-18  1.935E-17
1.271E+03  7.121E-28  2.400E-17  4.036E-18  1.996E-17
1.259E+03  7.420E-28  2.478E-17  4.179E-18  2.060E-17
1.247E+03  7.731E-28  2.558E-17  4.326E-18  2.125E-17
1.236E+03  8.056E-28  2.641E-17  4.479E-18  2.193E-17
1.225E+03  8.394E-28  2.727E-17  4.638E-18  2.263E-17
1.213E+03  8.746E-28  2.815E-17  4.802E-18  2.335E-17
1.202E+03  9.114E-28  2.906E-17  4.972E-18  2.409E-17
1.191E+03  9.496E-28  3.001E-17  5.148E-18  2.486E-17
1.180E+03  9.895E-28  3.098E-17  5.330E-18  2.565E-17
1.169E+03  1.031E-27  3.199E-17  5.518E-18  2.647E-17
1.159E+03  1.074E-27  3.302E-17  5.714E-18  2.731E-17
1.148E+03  1.120E-27  3.410E-17  5.916E-18  2.818E-17
1.138E+03  1.167E-27  3.520E-17  6.125E-18  2.908E-17
1.127E+03  1.216E-27  3.635E-17  6.342E-18  3.001E-17
1.117E+03  1.267E-27  3.753E-17  6.567E-18  3.096E-17
1.107E+03  1.320E-27  3.875E-17  6.799E-18  3.195E-17
1.096E+03  1.375E-27  4.000E-17  7.040E-18  3.297E-17
1.086E+03  1.433E-27  4.130E-17  7.289E-18  3.402E-17
1.076E+03  1.493E-27  4.265E-17  7.547E-18  3.510E-17
1.067E+03  1.556E-27  4.403E-17  7.814E-18  3.622E-17
1.057E+03  1.622E-27  4.546E-17  8.091E-18  3.737E-17
1.047E+03  1.690E-27  4.694E-17  8.377E-18  3.856E-17
1.038E+03  1.761E-27  4.846E-17  8.673E-18  3.979E-17
1.028E+03  1.835E-27  5.003E-17  8.980E-18  4.105E-17
1.019E+03  1.912E-27  5.166E-17  9.298E-18  4.236E-17
1.009E+03  1.992E-27  5.333E-17  9.627E-18  4.371E-17
1.000E+03  2.076E-27  5.506E-17  9.967E-18  4.510E-17
9.908E+02  2.163E-27  5.685E-17  1.032E-17  4.653E-17
9.817E+02  2.254E-27  5.870E-17  1.068E-17  4.802E-17
9.727E+02  2.349E-27  6.061E-17  1.106E-17  4.955E-17
9.638E+02  2.448E-27  6.258E-17  1.145E-17  5.113E-17
9.550E+02  2.551E-27  6.461E-17  1.186E-17  5.276E-17
9.462E+02  2.658E-27  6.671E-17  1.228E-17  5.444E-17
9.376E+02  2.770E-27  6.888E-17  1.271E-17  5.617E-17
9.290E+02  2.886E-27  7.112E-17  1.316E-17  5.796E-17
9.204E+02  3.007E-27  7.343E-17  1.362E-17  5.981E-17
9.120E+02  3.134E-27  7.581E-17  1.410E-17  6.171E-17
9.036E+02  3.266E-27  7.827E-17  1.460E-17  6.367E-17
8.954E+02  3.403E-27  8.081E-17  1.511E-17  6.570E-17
8.872E+02  3.545E-27  8.343E-17  1.565E-17  6.778E-17
8.790E+02  3.694E-27  8.613E-17  1.620E-17  6.994E-17
8.710E+02  3.849E-27  8.892E-17  1.677E-17  7.215E-17
8.630E+02  4.010E-27  9.180E-17  1.736E-17  7.444E-17
8.551E+02  4.178E-27  9.477E-17  1.797E-17  7.680E-17
8.472E+02  4.353E-27  9.783E-17  1.860E-17  7.923E-17
8.395E+02  4.535E-27  1.010E-16  1.926E-17  8.174E-17
8.318E+02  4.725E-27  1.043E-16  1.993E-17  8.432E-17
8.241E+02  4.923E-27  1.076E-16  2.063E-17  8.698E-17
8.166E+02  5.129E-27  1.111E-16  2.136E-17  8.973E-17
8.091E+02  5.343E-27  1.147E-16  2.211E-17  9.256E-17
8.017E+02  5.566E-27  1.184E-16  2.288E-17  9.548E-17
7.943E+02  5.798E-27  1.222E-16  2.369E-17  9.849E-17
7.870E+02  6.040E-27  1.261E-16  2.452E-17  1.016E-16
7.798E+02  6.292E-27  1.302E-16  2.538E-17  1.048E-16
7.727E+02  6.555E-27  1.343E-16  2.626E-17  1.081E-16
7.656E+02  6.828E-27  1.387E-16  2.718E-17  1.115E-16
7.586E+02  7.113E-27  1.431E-16  2.814E-17  1.150E-16
7.516E+02  7.409E-27  1.477E-16  2.912E-17  1.186E-16
7.447E+02  7.718E-27  1.525E-16  3.014E-17  1.223E-16
7.379E+02  8.041E-27  1.574E-16  3.119E-17  1.262E-16
7.311E+02  8.377E-27  1.625E-16  3.228E-17  1.302E-16
7.244E+02  8.727E-27  1.677E-16  3.341E-17  1.343E-16
7.178E+02  9.092E-27  1.731E-16  3.457E-17  1.385E-16
7.112E+02  9.472E-27  1.787E-16  3.577E-17  1.429E-16
7.047E+02  9.868E-27  1.845E-16  3.702E-17  1.474E-16
6.982E+02  1.028E-26  1.904E-16  3.831E-17  1.521E-16
6.918E+02  1.071E-26  1.966E-16  3.964E-17  1.569E-16
6.855E+02  1.116E-26  2.029E-16  4.102E-17  1.619E-16
6.792E+02  1.163E-26  2.095E-16  4.245E-17  1.670E-16
6.730E+02  1.211E-26  2.162E-16  4.392E-17  1.723E-16
6.668E+02  1.262E-26  2.232E-16  4.545E-17  1.777E-16
6.607E+02  1.314E-26  2.304E-16  4.702E-17  1.833E-16
6.546E+02  1.370E-26  2.378E-16  4.865E-17  1.892E-16
6.486E+02  1.427E-26  2.455E-16  5.034E-17  1.952E-16
6.427E+02  1.487E-26  2.535E-16  5.208E-17  2.014E-16
6.368E+02  1.550E-26  2.617E-16  5.388E-17  2.079E-16
6.310E+02  1.615E-26  2.702E-16  5.574E-17  2.145E-16
6.252E+02  1.683E-26  2.790E-16  5.767E-17  2.214E-16
6.194E+02  1.753E-26  2.881E-16  5.966E-17  2.285E-16
6.138E+02  1.827E-26  2.975E-16  6.172E-17  2.358E-16
6.081E+02  1.904E-26  3.072E-16  6.385E-17  2.433E-16
6.026E+02  1.985E-26  3.172E-16  6.605E-17  2.512E-16
5.970E+02  2.068E-26  3.275E-16  6.832E-17  2.592E-16
5.916E+02  2.156E-26  3.382E-16  7.067E-17  2.676E-16
5.861E+02  2.246E-26  3.493E-16  7.310E-17  2.762E-16
5.808E+02  2.341E-26  3.607E-16  7.561E-17  2.851E-16
5.754E+02  2.440E-26  3.725E-16  7.821E-17  2.943E-16
5.702E+02  2.543E-26  3.847E-16  8.089E-17  3.038E-16
5.649E+02  2.651E-26  3.973E-16  8.366E-17  3.136E-16
5.598E+02  2.763E-26  4.103E-16  8.653E-17  3.237E-16
5.546E+02  2.880E-26  4.237E-16  8.949E-17  3.342E-16
5.495E+02  3.002E-26  4.376E-16  9.255E-17  3.451E-16
5.445E+02  3.129E-26  4.520E-16  9.571E-17  3.563E-16
5.395E+02  3.262E-26  4.668E-16  9.898E-17  3.679E-16
5.346E+02  3.401E-26  4.822E-16  1.024E-16  3.798E-16
5.297E+02  3.545E-26  4.980E-16  1.058E-16  3.922E-16
5.248E+02  3.695E-26  5.144E-16  1.094E-16  4.050E-16
5.200E+02  3.852E-26  5.314E-16  1.132E-16  4.182E-16
5.152E+02  4.016E-26  5.489E-16  1.170E-16  4.319E-16
5.105E+02  4.187E-26  5.670E-16  1.210E-16  4.460E-16
5.058E+02  4.365E-26  5.857E-16  1.251E-16  4.606E-16
5.012E+02  4.551E-26  6.050E-16  1.293E-16  4.757E-16
4.966E+02  4.745E-26  6.250E-16  1.337E-16  4.912E-16
4.920E+02  4.947E-26  6.456E-16  1.383E-16  5.074E-16
4.875E+02  5.157E-26  6.669E-16  1.429E-16  5.240E-16
4.831E+02  5.377E-26  6.890E-16  1.478E-16  5.412E-16
4.786E+02  5.606E-26  7.118E-16  1.528E-16  5.590E-16
4.742E+02  5.845E-26  7.353E-16  1.579E-16  5.774E-16
4.699E+02  6.095E-26  7.597E-16  1.632E-16  5.964E-16
4.656E+02  6.355E-26  7.848E-16  1.687E-16  6.161E-16
4.613E+02  6.626E-26  8.108E-16  1.744E-16  6.364E-16
4.571E+02  6.909E-26  8.377E-16  1.803E-16  6.575E-16
4.529E+02  7.204E-26  8.655E-16  1.863E-16  6.792E-16
4.487E+02  7.512E-26  8.942E-16  1.926E-16  7.016E-16
4.446E+02  7.833E-26  9.239E-16  1.990E-16  7.248E-16
4.406E+02  8.168E-26  9.545E-16  2.057E-16  7.488E-16
4.365E+02  8.517E-26  9.862E-16  2.126E-16  7.736E-16
4.325E+02  8.882E-26  1.019E-15  2.197E-16  7.993E-16
4.285E+02  9.262E-26  1.053E-15  2.270E-16  8.258E-16
4.246E+02  9.658E-26  1.088E-15  2.346E-16  8.532E-16
4.207E+02  1.007E-25  1.124E-15  2.424E-16  8.816E-16
4.169E+02  1.050E-25  1.161E-15  2.505E-16  9.109E-16
4.130E+02  1.095E-25  1.200E-15  2.588E-16  9.413E-16
4.093E+02  1.142E-25  1.240E-15  2.675E-16  9.726E-16
4.055E+02  1.191E-25  1.281E-15  2.763E-16  1.005E-15
4.018E+02  1.242E-25  1.324E-15  2.855E-16  1.039E-15
3.981E+02  1.296E-25  1.368E-15  2.950E-16  1.073E-15
3.945E+02  1.351E-25  1.414E-15  3.047E-16  1.109E-15
3.908E+02  1.409E-25  1.461E-15  3.148E-16  1.146E-15
3.873E+02  1.470E-25  1.510E-15  3.252E-16  1.185E-15
3.837E+02  1.533E-25  1.561E-15  3.360E-16  1.225E-15
3.802E+02  1.599E-25  1.613E-15  3.470E-16  1.266E-15
3.767E+02  1.668E-25  1.667E-15  3.585E-16  1.308E-15
3.733E+02  1.740E-25  1.723E-15  3.703E-16  1.352E-15
3.698E+02  1.815E-25  1.780E-15  3.825E-16  1.398E-15
3.664E+02  1.893E-25  1.840E-15  3.950E-16  1.445E-15
3.631E+02  1.974E-25  1.901E-15  4.080E-16  1.493E-15
3.597E+02  2.059E-25  1.965E-15  4.214E-16  1.544E-15
3.565E+02  2.148E-25  2.031E-15  4.352E-16  1.596E-15
3.532E+02  2.240E-25  2.099E-15  4.494E-16  1.650E-15
3.499E+02  2.337E-25  2.169E-15  4.641E-16  1.705E-15
3.467E+02  2.438E-25  2.242E-15  4.792E-16  1.763E-15
3.436E+02  2.543E-25  2.317E-15  4.948E-16  1.822E-15
3.404E+02  2.652E-25  2.395E-15  5.109E-16  1.884E-15
3.373E+02  2.767E-25  2.475E-15  5.276E-16  1.948E-15
3.342E+02  2.886E-25  2.558E-15  5.447E-16  2.014E-15
3.311E+02  3.010E-25  2.644E-15  5.624E-16  2.082E-15
3.281E+02  3.140E-25  2.733E-15  5.806E-16  2.152E-15
3.251E+02  3.275E-25  2.824E-15  5.994E-16  2.225E-15
3.221E+02  3.416E-25  2.919E-15  6.188E-16  2.300E-15
3.192E+02  3.564E-25  3.017E-15  6.388E-16  2.378E-15
3.162E+02  3.717E-25  3.118E-15  6.594E-16  2.459E-15
3.133E+02  3.877E-25  3.223E-15  6.806E-16  2.542E-15
3.105E+02  4.044E-25  3.331E-15  7.025E-16  2.628E-15
3.076E+02  4.219E-25  3.442E-15  7.251E-16  2.717E-15
3.048E+02  4.400E-25  3.558E-15  7.484E-16  2.809E-15
3.020E+02  4.590E-25  3.677E-15  7.724E-16  2.904E-15
2.992E+02  4.787E-25  3.800E-15  7.971E-16  3.003E-15
2.965E+02  4.994E-25  3.927E-15  8.226E-16  3.105E-15
2.938E+02  5.208E-25  4.059E-15  8.489E-16  3.210E-15
2.911E+02  5.432E-25  4.194E-15  8.760E-16  3.318E-15
2.884E+02  5.666E-25  4.335E-15  9.039E-16  3.431E-15
2.858E+02  5.910E-25  4.480E-15  9.326E-16  3.547E-15
2.831E+02  6.164E-25  4.629E-15  9.623E-16  3.667E-15
2.805E+02  6.429E-25  4.784E-15  9.928E-16  3.791E-15
2.780E+02  6.705E-25  4.944E-15  1.024E-15  3.920E-15
2.754E+02  6.993E-25  5.109E-15  1.057E-15  4.052E-15
2.729E+02  7.294E-25  5.280E-15  1.090E-15  4.190E-15
2.704E+02  7.609E-25  5.457E-15  1.124E-15  4.333E-15
2.679E+02  7.937E-25  5.640E-15  1.160E-15  4.480E-15
2.655E+02  8.279E-25  5.829E-15  1.196E-15  4.633E-15
2.630E+02  8.635E-25  6.025E-15  1.234E-15  4.791E-15
2.606E+02  9.007E-25  6.227E-15  1.273E-15  4.954E-15
2.582E+02  9.395E-25  6.435E-15  1.313E-15  5.123E-15
2.559E+02  9.798E-25  6.650E-15  1.354E-15  5.296E-15
2.535E+02  1.022E-24  6.870E-15  1.396E-15  5.474E-15
2.512E+02  1.065E-24  7.096E-15  1.440E-15  5.656E-15
2.489E+02  1.109E-24  7.324E-15  1.484E-15  5.840E-15
2.466E+02  1.155E-24  7.555E-15  1.531E-15  6.025E-15
2.443E+02  1.202E-24  7.791E-15  1.578E-15  6.213E-15
2.421E+02  1.251E-24  8.033E-15  1.627E-15  6.406E-15
2.399E+02  1.301E-24  8.279E-15  1.677E-15  6.602E-15
2.377E+02  1.353E-24  8.528E-15  1.729E-15  6.799E-15
2.355E+02  1.406E-24  8.784E-15  1.783E-15  7.001E-15
2.333E+02  1.462E-24  9.047E-15  1.838E-15  7.209E-15
2.312E+02  1.519E-24  9.316E-15  1.894E-15  7.422E-15
2.291E+02  1.579E-24  9.594E-15  1.952E-15  7.641E-15
2.270E+02  1.641E-24  9.878E-15  2.012E-15  7.866E-15
2.249E+02  1.705E-24  1.017E-14  2.074E-15  8.097E-15
2.228E+02  1.771E-24  1.047E-14  2.137E-15  8.334E-15
2.208E+02  1.841E-24  1.078E-14  2.202E-15  8.578E-15
2.188E+02  1.912E-24  1.110E-14  2.269E-15  8.828E-15
2.168E+02  1.987E-24  1.142E-14  2.338E-15  9.084E-15
2.148E+02  2.064E-24  1.176E-14  2.409E-15  9.347E-15
2.128E+02  2.143E-24  1.210E-14  2.482E-15  9.617E-15
2.109E+02  2.226E-24  1.245E-14  2.558E-15  9.894E-15
2.089E+02  2.312E-24  1.281E-14  2.635E-15  1.018E-14
2.070E+02  2.401E-24  1.318E-14  2.714E-15  1.047E-14
2.051E+02  2.493E-24  1.356E-14  2.796E-15  1.077E-14
2.032E+02  2.588E-24  1.395E-14  2.880E-15  1.107E-14
2.014E+02  2.687E-24  1.435E-14  2.966E-15  1.138E-14
1.995E+02  2.789E-24  1.476E-14  3.055E-15  1.170E-14
1.977E+02  2.894E-24  1.518E-14  3.146E-15  1.203E-14
1.959E+02  3.004E-24  1.561E-14  3.240E-15  1.237E-14
1.941E+02  3.117E-24  1.605E-14  3.336E-15  1.271E-14
1.923E+02  3.235E-24  1.650E-14  3.435E-15  1.306E-14
1.905E+02  3.356E-24  1.696E-14  3.537E-15  1.343E-14
1.888E+02  3.482E-24  1.744E-14  3.642E-15  1.379E-14
1.871E+02  3.612E-24  1.792E-14  3.749E-15  1.417E-14
1.854E+02  3.746E-24  1.842E-14  3.860E-15  1.456E-14
1.837E+02  3.885E-24  1.893E-14  3.973E-15  1.495E-14
1.820E+02  4.029E-24  1.945E-14  4.090E-15  1.536E-14
1.803E+02  4.178E-24  1.998E-14  4.210E-15  1.577E-14
1.786E+02  4.332E-24  2.053E-14  4.333E-15  1.620E-14
1.770E+02  4.491E-24  2.109E-14  4.459E-15  1.663E-14
1.754E+02  4.655E-24  2.166E-14  4.589E-15  1.707E-14
1.738E+02  4.825E-24  2.224E-14  4.722E-15  1.752E-14
1.722E+02  5.001E-24  2.284E-14  4.859E-15  1.798E-14
1.706E+02  5.183E-24  2.345E-14  5.000E-15  1.845E-14
1.690E+02  5.370E-24  2.408E-14  5.144E-15  1.894E-14
1.675E+02  5.564E-24  2.472E-14  5.292E-15  1.943E-14
1.660E+02  5.764E-24  2.537E-14  5.445E-15  1.993E-14
1.644E+02  5.970E-24  2.604E-14  5.601E-15  2.044E-14
1.629E+02  6.184E-24  2.673E-14  5.761E-15  2.096E-14
1.614E+02  6.404E-24  2.742E-14  5.926E-15  2.150E-14
1.600E+02  6.632E-24  2.814E-14  6.095E-15  2.204E-14
1.585E+02  6.866E-24  2.887E-14  6.268E-15  2.260E-14
1.570E+02  7.109E-24  2.961E-14  6.446E-15  2.317E-14
1.556E+02  7.359E-24  3.037E-14  6.629E-15  2.374E-14
1.542E+02  7.617E-24  3.115E-14  6.816E-15  2.433E-14
1.528E+02  7.883E-24  3.194E-14  7.008E-15  2.493E-14
1.514E+02  8.157E-24  3.275E-14  7.206E-15  2.554E-14
1.500E+02  8.440E-24  3.357E-14  7.408E-15  2.617E-14
1.486E+02  8.732E-24  3.442E-14  7.615E-15  2.680E-14
1.472E+02  9.033E-24  3.528E-14  7.828E-15  2.745E-14
1.459E+02  9.343E-24  3.616E-14  8.046E-15  2.811E-14
1.445E+02  9.663E-24  3.705E-14  8.270E-15  2.878E-14
1.432E+02  9.993E-24  3.796E-14  8.500E-15  2.946E-14
1.419E+02  1.033E-23  3.889E-14  8.735E-15  3.016E-14
1.406E+02  1.068E-23  3.984E-14  8.976E-15  3.086E-14
1.393E+02  1.104E-23  4.081E-14  9.224E-15  3.158E-14
1.380E+02  1.141E-23  4.179E-14  9.477E-15  3.231E-14
1.368E+02  1.179E-23  4.279E-14  9.737E-15  3.305E-14
1.355E+02  1.219E-23  4.381E-14  1.000E-14  3.381E-14
1.343E+02  1.259E-23  4.485E-14  1.028E-14  3.457E-14
1.330E+02  1.301E-23  4.591E-14  1.056E-14  3.535E-14
1.318E+02  1.344E-23  4.698E-14  1.084E-14  3.614E-14
1.306E+02  1.388E-23  4.807E-14  1.114E-14  3.694E-14
1.294E+02  1.433E-23  4.919E-14  1.144E-14  3.775E-14
1.282E+02  1.479E-23  5.032E-14  1.175E-14  3.857E-14
1.271E+02  1.527E-23  5.146E-14  1.206E-14  3.940E-14
1.259E+02  1.576E-23  5.263E-14  1.239E-14  4.025E-14
1.247E+02  1.627E-23  5.382E-14  1.272E-14  4.110E-14
1.236E+02  1.678E-23  5.502E-14  1.306E-14  4.197E-14
1.225E+02  1.732E-23  5.625E-14  1.341E-14  4.284E-14
1.213E+02  1.786E-23  5.749E-14  1.376E-14  4.373E-14
1.202E+02  1.842E-23  5.876E-14  1.413E-14  4.463E-14
1.191E+02  1.900E-23  6.004E-14  1.450E-14  4.554E-14
1.180E+02  1.959E-23  6.134E-14  1.488E-14  4.646E-14
1.169E+02  2.020E-23  6.265E-14  1.527E-14  4.738E-14
1.159E+02  2.082E-23  6.399E-14  1.567E-14  4.832E-14
1.148E+02  2.145E-23  6.534E-14  1.608E-14  4.926E-14
1.138E+02  2.211E-23  6.671E-14  1.650E-14  5.021E-14
1.127E+02  2.278E-23  6.810E-14  1.693E-14  5.117E-14
1.117E+02  2.346E-23  6.951E-14  1.736E-14  5.215E-14
1.107E+02  2.417E-23  7.094E-14  1.781E-14  5.313E-14
1.096E+02  2.489E-23  7.239E-14  1.827E-14  5.412E-14
1.086E+02  2.563E-23  7.386E-14  1.874E-14  5.512E-14
1.076E+02  2.639E-23  7.534E-14  1.921E-14  5.613E-14
1.067E+02  2.716E-23  7.684E-14  1.970E-14  5.714E-14
1.057E+02  2.795E-23  7.836E-14  2.020E-14  5.816E-14
1.047E+02  2.877E-23  7.990E-14  2.071E-14  5.919E-14
1.038E+02  2.960E-23  8.146E-14  2.123E-14  6.023E-14
1.028E+02  3.045E-23  8.302E-14  2.176E-14  6.126E-14
1.019E+02  3.131E-23  8.460E-14  2.231E-14  6.230E-14
1.009E+02  3.220E-23  8.620E-14  2.286E-14  6.334E-14
1.000E+02  3.310E-23  8.781E-14  2.342E-14  6.438E-14
9.908E+01  3.403E-23  8.943E-14  2.400E-14  6.543E-14
9.817E+01  3.497E-23  9.107E-14  2.459E-14  6.648E-14
9.727E+01  3.593E-23  9.272E-14  2.519E-14  6.753E-14
9.638E+01  3.692E-23  9.438E-14  2.580E-14  6.858E-14
9.550E+01  3.792E-23  9.606E-14  2.642E-14  6.964E-14
9.462E+01  3.894E-23  9.774E-14  2.706E-14  7.069E-14
9.376E+01  3.998E-23  9.944E-14  2.770E-14  7.174E-14
9.290E+01  4.105E-23  1.011E-13  2.836E-14  7.279E-14
9.204E+01  4.213E-23  1.029E-13  2.903E-14  7.384E-14
9.120E+01  4.323E-23  1.046E-13  2.971E-14  7.488E-14
9.036E+01  4.435E-23  1.063E-13  3.040E-14  7.592E-14
8.954E+01  4.550E-23  1.081E-13  3.111E-14  7.695E-14
8.872E+01  4.666E-23  1.098E-13  3.182E-14  7.798E-14
8.790E+01  4.784E-23  1.116E-13  3.255E-14  7.900E-14
8.710E+01  4.905E-23  1.133E-13  3.330E-14  8.002E-14
8.630E+01  5.027E-23  1.151E-13  3.405E-14  8.103E-14
8.551E+01  5.152E-23  1.169E-13  3.482E-14  8.203E-14
8.472E+01  5.278E-23  1.186E-13  3.560E-14  8.301E-14
8.395E+01  5.406E-23  1.204E-13  3.640E-14  8.398E-14
8.318E+01  5.536E-23  1.222E-13  3.721E-14  8.494E-14
8.241E+01  5.669E-23  1.239E-13  3.803E-14  8.589E-14
8.166E+01  5.803E-23  1.257E-13  3.886E-14  8.683E-14
8.091E+01  5.939E-23  1.275E-13  3.971E-14  8.776E-14
8.017E+01  6.078E-23  1.292E-13  4.057E-14  8.867E-14
7.943E+01  6.218E-23  1.310E-13  4.145E-14  8.956E-14
7.870E+01  6.359E-23  1.328E-13  4.234E-14  9.043E-14
7.798E+01  6.503E-23  1.345E-13  4.324E-14  9.128E-14
7.727E+01  6.649E-23  1.363E-13  4.416E-14  9.211E-14
7.656E+01  6.796E-23  1.380E-13  4.508E-14  9.294E-14
7.586E+01  6.946E-23  1.398E-13  4.603E-14  9.374E-14
7.516E+01  7.097E-23  1.415E-13  4.698E-14  9.451E-14
7.447E+01  7.249E-23  1.432E-13  4.795E-14  9.526E-14
7.379E+01  7.403E-23  1.449E-13  4.893E-14  9.598E-14
7.311E+01  7.559E-23  1.466E-13  4.992E-14  9.667E-14
7.244E+01  7.716E-23  1.483E-13  5.093E-14  9.733E-14
7.178E+01  7.874E-23  1.499E-13  5.195E-14  9.796E-14
7.112E+01  8.033E-23  1.515E-13  5.298E-14  9.856E-14
7.047E+01  8.195E-23  1.532E-13  5.403E-14  9.916E-14
6.982E+01  8.359E-23  1.548E-13  5.509E-14  9.974E-14
6.918E+01  8.524E-23  1.564E-13  5.616E-14  1.003E-13
6.855E+01  8.690E-23  1.580E-13  5.724E-14  1.008E-13
6.792E+01  8.855E-23  1.595E-13  5.834E-14  1.012E-13
6.730E+01  9.023E-23  1.611E-13  5.945E-14  1.016E-13
6.668E+01  9.191E-23  1.626E-13  6.057E-14  1.020E-13
6.607E+01  9.362E-23  1.641E-13  6.170E-14  1.024E-13
6.546E+01  9.533E-23  1.655E-13  6.284E-14  1.027E-13
6.486E+01  9.704E-23  1.670E-13  6.400E-14  1.030E-13
6.427E+01  9.876E-23  1.684E-13  6.517E-14  1.032E-13
6.368E+01  1.005E-22  1.697E-13  6.635E-14  1.034E-13
6.310E+01  1.022E-22  1.711E-13  6.754E-14  1.036E-13
6.252E+01  1.040E-22  1.724E-13  6.874E-14  1.037E-13
6.194E+01  1.057E-22  1.737E-13  6.996E-14  1.038E-13
6.138E+01  1.075E-22  1.750E-13  7.118E-14  1.038E-13
6.081E+01  1.093E-22  1.763E-13  7.241E-14  1.038E-13
6.026E+01  1.110E-22  1.775E-13  7.366E-14  1.038E-13
5.970E+01  1.128E-22  1.786E-13  7.491E-14  1.037E-13
5.916E+01  1.146E-22  1.798E-13  7.617E-14  1.036E-13
5.861E+01  1.163E-22  1.809E-13  7.744E-14  1.034E-13
5.808E+01  1.181E-22  1.819E-13  7.872E-14  1.032E-13
5.754E+01  1.199E-22  1.829E-13  8.001E-14  1.029E-13
5.702E+01  1.216E-22  1.839E-13  8.131E-14  1.026E-13
5.649E+01  1.234E-22  1.849E-13  8.261E-14  1.023E-13
5.598E+01  1.251E-22  1.858E-13  8.392E-14  1.019E-13
5.546E+01  1.269E-22  1.867E-13  8.523E-14  1.014E-13
5.495E+01  1.286E-22  1.875E-13  8.655E-14  1.010E-13
5.445E+01  1.304E-22  1.883E-13  8.788E-14  1.005E-13
5.395E+01  1.321E-22  1.891E-13  8.921E-14  9.991E-14
5.346E+01  1.339E-22  1.898E-13  9.054E-14  9.931E-14
5.297E+01  1.356E-22  1.905E-13  9.187E-14  9.867E-14
5.248E+01  1.373E-22  1.912E-13  9.321E-14  9.798E-14
5.200E+01  1.391E-22  1.918E-13  9.454E-14  9.725E-14
5.152E+01  1.408E-22  1.924E-13  9.588E-14  9.648E-14
5.105E+01  1.424E-22  1.929E-13  9.721E-14  9.567E-14
5.058E+01  1.441E-22  1.934E-13  9.854E-14  9.481E-14
5.012E+01  1.458E-22  1.938E-13  9.987E-14  9.391E-14
4.966E+01  1.474E-22  1.942E-13  1.012E-13  9.297E-14
4.920E+01  1.490E-22  1.945E-13  1.025E-13  9.199E-14
4.875E+01  1.506E-22  1.948E-13  1.038E-13  9.098E-14
4.831E+01  1.522E-22  1.951E-13  1.051E-13  8.993E-14
4.786E+01  1.538E-22  1.953E-13  1.064E-13  8.885E-14
4.742E+01  1.554E-22  1.954E-13  1.077E-13  8.774E-14
4.699E+01  1.569E-22  1.955E-13  1.089E-13  8.660E-14
4.656E+01  1.584E-22  1.956E-13  1.102E-13  8.543E-14
4.613E+01  1.599E-22  1.956E-13  1.114E-13  8.423E-14
4.571E+01  1.613E-22  1.956E-13  1.126E-13  8.300E-14
4.529E+01  1.627E-22  1.955E-13  1.137E-13  8.175E-14
4.487E+01  1.641E-22  1.954E-13  1.149E-13  8.048E-14
4.446E+01  1.655E-22  1.952E-13  1.160E-13  7.919E-14
4.406E+01  1.668E-22  1.949E-13  1.170E-13  7.788E-14
4.365E+01  1.681E-22  1.946E-13  1.181E-13  7.654E-14
4.325E+01  1.693E-22  1.942E-13  1.190E-13  7.519E-14
4.285E+01  1.705E-22  1.938E-13  1.200E-13  7.382E-14
4.246E+01  1.716E-22  1.933E-13  1.208E-13  7.243E-14
4.207E+01  1.726E-22  1.927E-13  1.216E-13  7.102E-14
4.169E+01  1.736E-22  1.920E-13  1.224E-13  6.960E-14
4.130E+01  1.745E-22  1.912E-13  1.231E-13  6.817E-14
4.093E+01  1.754E-22  1.904E-13  1.237E-13  6.672E-14
4.055E+01  1.761E-22  1.894E-13  1.242E-13  6.526E-14
4.018E+01  1.768E-22  1.884E-13  1.246E-13  6.379E-14
3.981E+01  1.774E-22  1.873E-13  1.250E-13  6.232E-14
3.945E+01  1.778E-22  1.861E-13  1.252E-13  6.084E-14
3.908E+01  1.782E-22  1.847E-13  1.254E-13  5.936E-14
3.873E+01  1.784E-22  1.833E-13  1.254E-13  5.788E-14
3.837E+01  1.785E-22  1.817E-13  1.253E-13  5.640E-14
3.802E+01  1.785E-22  1.800E-13  1.251E-13  5.493E-14
3.767E+01  1.784E-22  1.783E-13  1.248E-13  5.345E-14
3.733E+01  1.781E-22  1.763E-13  1.243E-13  5.196E-14
3.698E+01  1.776E-22  1.742E-13  1.238E-13  5.046E-14
3.664E+01  1.770E-22  1.720E-13  1.230E-13  4.899E-14
3.631E+01  1.762E-22  1.697E-13  1.222E-13  4.753E-14
3.597E+01  1.753E-22  1.672E-13  1.212E-13  4.608E-14
3.565E+01  1.742E-22  1.647E-13  1.200E-13  4.466E-14
3.532E+01  1.729E-22  1.620E-13  1.187E-13  4.325E-14
3.499E+01  1.715E-22  1.592E-13  1.173E-13  4.187E-14
3.467E+01  1.699E-22  1.562E-13  1.157E-13  4.050E-14
3.436E+01  1.681E-22  1.532E-13  1.140E-13  3.916E-14
3.404E+01  1.662E-22  1.500E-13  1.122E-13  3.784E-14
3.373E+01  1.641E-22  1.468E-13  1.102E-13  3.655E-14
3.342E+01  1.618E-22  1.434E-13  1.082E-13  3.528E-14
3.311E+01  1.594E-22  1.400E-13  1.060E-13  3.405E-14
3.281E+01  1.569E-22  1.365E-13  1.037E-13  3.285E-14
3.251E+01  1.542E-22  1.330E-13  1.013E-13  3.167E-14
3.221E+01  1.515E-22  1.294E-13  9.889E-14  3.052E-14
3.192E+01  1.486E-22  1.258E-13  9.638E-14  2.939E-14
3.162E+01  1.456E-22  1.221E-13  9.383E-14  2.829E-14
3.133E+01  1.425E-22  1.185E-13  9.124E-14  2.721E-14
3.105E+01  1.394E-22  1.148E-13  8.863E-14  2.616E-14
3.076E+01  1.362E-22  1.111E-13  8.601E-14  2.514E-14
3.048E+01  1.330E-22  1.075E-13  8.339E-14  2.414E-14
3.020E+01  1.298E-22  1.040E-13  8.078E-14  2.317E-14
2.992E+01  1.265E-22  1.004E-13  7.820E-14  2.222E-14
2.965E+01  1.233E-22  9.695E-14  7.566E-14  2.130E-14
2.938E+01  1.201E-22  9.355E-14  7.316E-14  2.040E-14
2.911E+01  1.169E-22  9.024E-14  7.071E-14  1.952E-14
2.884E+01  1.137E-22  8.701E-14  6.833E-14  1.868E-14
2.858E+01  1.106E-22  8.387E-14  6.602E-14  1.786E-14
2.831E+01  1.076E-22  8.084E-14  6.377E-14  1.706E-14
2.805E+01  1.047E-22  7.790E-14  6.161E-14  1.629E-14
2.780E+01  1.018E-22  7.508E-14  5.953E-14  1.555E-14
2.754E+01  9.905E-23  7.236E-14  5.753E-14  1.483E-14
2.729E+01  9.637E-23  6.976E-14  5.562E-14  1.414E-14
2.704E+01  9.379E-23  6.727E-14  5.379E-14  1.348E-14
2.679E+01  9.130E-23  6.489E-14  5.205E-14  1.283E-14
2.655E+01  8.892E-23  6.261E-14  5.040E-14  1.222E-14
2.630E+01  8.664E-23  6.045E-14  4.882E-14  1.162E-14
2.606E+01  8.446E-23  5.838E-14  4.733E-14  1.105E-14
2.582E+01  8.238E-23  5.642E-14  4.592E-14  1.050E-14
2.559E+01  8.039E-23  5.456E-14  4.459E-14  9.977E-15
2.535E+01  7.851E-23  5.280E-14  4.332E-14  9.472E-15
2.512E+01  7.672E-23  5.112E-14  4.213E-14  8.988E-15
2.489E+01  7.503E-23  4.953E-14  4.101E-14  8.524E-15
2.466E+01  7.342E-23  4.803E-14  3.995E-14  8.078E-15
2.443E+01  7.190E-23  4.660E-14  3.895E-14  7.651E-15
2.421E+01  7.045E-23  4.524E-14  3.800E-14  7.241E-15
2.399E+01  6.908E-23  4.395E-14  3.711E-14  6.845E-15
2.377E+01  6.779E-23  4.274E-14  3.627E-14  6.471E-15
2.355E+01  6.658E-23  4.159E-14  3.547E-14  6.121E-15
2.333E+01  6.544E-23  4.050E-14  3.472E-14  5.784E-15
2.312E+01  6.435E-23  3.946E-14  3.401E-14  5.456E-15
2.291E+01  6.332E-23  3.848E-14  3.333E-14  5.146E-15
2.270E+01  6.237E-23  3.755E-14  3.269E-14  4.861E-15
2.249E+01  6.148E-23  3.668E-14  3.209E-14  4.595E-15
2.228E+01  6.065E-23  3.585E-14  3.151E-14  4.344E-15
2.208E+01  5.986E-23  3.506E-14  3.095E-14  4.104E-15
2.188E+01  5.910E-23  3.429E-14  3.043E-14  3.868E-15
2.168E+01  5.837E-23  3.356E-14  2.992E-14  3.641E-15
2.148E+01  5.768E-23  3.286E-14  2.944E-14  3.426E-15
2.128E+01  5.703E-23  3.220E-14  2.897E-14  3.227E-15
2.109E+01  5.643E-23  3.156E-14  2.852E-14  3.042E-15
2.089E+01  5.585E-23  3.095E-14  2.809E-14  2.865E-15
2.070E+01  5.529E-23  3.036E-14  2.767E-14  2.695E-15
2.051E+01  5.476E-23  2.979E-14  2.726E-14  2.533E-15
2.032E+01  5.426E-23  2.925E-14  2.687E-14  2.382E-15
2.014E+01  5.381E-23  2.874E-14  2.650E-14  2.249E-15
1.995E+01  5.340E-23  2.826E-14  2.614E-14  2.121E-15
1.977E+01  5.303E-23  2.781E-14  2.581E-14  1.998E-15
1.959E+01  5.273E-23  2.740E-14  2.552E-14  1.878E-15
1.941E+01  5.260E-23  2.708E-14  2.532E-14  1.762E-15
1.923E+01  5.290E-23  2.699E-14  2.534E-14  1.648E-15
1.905E+01  5.452E-23  2.756E-14  2.602E-14  1.538E-15
1.888E+01  5.570E-23  2.790E-14  2.647E-14  1.431E-15
1.871E+01  5.277E-23  2.618E-14  2.486E-14  1.328E-15
1.854E+01  5.152E-23  2.533E-14  2.410E-14  1.229E-15
1.837E+01  5.125E-23  2.496E-14  2.383E-14  1.134E-15
1.820E+01  5.158E-23  2.489E-14  2.385E-14  1.043E-15
1.803E+01  5.294E-23  2.532E-14  2.436E-14  9.566E-16
1.786E+01  5.562E-23  2.636E-14  2.548E-14  8.753E-16
1.770E+01  5.548E-23  2.605E-14  2.525E-14  7.986E-16
1.754E+01  5.806E-23  2.701E-14  2.629E-14  7.261E-16
1.738E+01  6.494E-23  2.994E-14  2.928E-14  6.586E-16
1.722E+01  6.313E-23  2.883E-14  2.824E-14  5.958E-16
1.706E+01  6.257E-23  2.832E-14  2.778E-14  5.385E-16
1.690E+01  6.010E-23  2.695E-14  2.646E-14  4.858E-16
1.675E+01  5.661E-23  2.515E-14  2.471E-14  4.374E-16
1.660E+01  5.646E-23  2.485E-14  2.446E-14  3.928E-16
1.644E+01  6.383E-23  2.784E-14  2.749E-14  3.521E-16
1.629E+01  4.851E-23  2.096E-14  2.065E-14  3.152E-16
1.614E+01  4.190E-23  1.794E-14  1.766E-14  2.821E-16
1.600E+01  3.912E-23  1.660E-14  1.635E-14  2.523E-16
1.585E+01  3.712E-23  1.560E-14  1.538E-14  2.254E-16
1.570E+01  3.497E-23  1.457E-14  1.437E-14  2.014E-16
1.556E+01  3.335E-23  1.377E-14  1.359E-14  1.798E-16
1.542E+01  3.202E-23  1.309E-14  1.293E-14  1.606E-16
1.528E+01  3.084E-23  1.250E-14  1.235E-14  1.434E-16
1.514E+01  2.977E-23  1.195E-14  1.182E-14  1.281E-16
1.500E+01  2.880E-23  1.145E-14  1.134E-14  1.147E-16
1.486E+01  2.793E-23  1.101E-14  1.090E-14  1.025E-16
1.472E+01  2.719E-23  1.062E-14  1.053E-14  9.168E-17
1.459E+01  2.667E-23  1.032E-14  1.024E-14  8.204E-17
1.445E+01  2.659E-23  1.019E-14  1.012E-14  7.374E-17
1.432E+01  2.740E-23  1.041E-14  1.034E-14  6.660E-17
1.419E+01  2.834E-23  1.067E-14  1.061E-14  6.059E-17
1.406E+01  2.647E-23  9.873E-15  9.817E-15  5.557E-17
1.393E+01  2.517E-23  9.302E-15  9.250E-15  5.150E-17
1.380E+01  2.531E-23  9.269E-15  9.221E-15  4.813E-17
1.368E+01  2.667E-23  9.675E-15  9.630E-15  4.540E-17
1.355E+01  2.846E-23  1.023E-14  1.019E-14  4.305E-17
1.343E+01  2.813E-23  1.002E-14  9.979E-15  4.095E-17
1.330E+01  2.570E-23  9.071E-15  9.032E-15  3.897E-17
1.318E+01  2.406E-23  8.414E-15  8.377E-15  3.711E-17
1.306E+01  2.412E-23  8.356E-15  8.320E-15  3.528E-17
1.294E+01  2.603E-23  8.937E-15  8.903E-15  3.358E-17
1.282E+01  3.007E-23  1.023E-14  1.019E-14  3.203E-17
1.271E+01  3.501E-23  1.180E-14  1.177E-14  3.058E-17
1.259E+01  3.550E-23  1.186E-14  1.183E-14  2.917E-17
1.247E+01  3.002E-23  9.931E-15  9.904E-15  2.779E-17
1.236E+01  2.478E-23  8.125E-15  8.098E-15  2.644E-17
1.225E+01  2.240E-23  7.276E-15  7.251E-15  2.507E-17
1.213E+01  2.228E-23  7.170E-15  7.146E-15  2.381E-17
1.202E+01  2.251E-23  7.178E-15  7.155E-15  2.267E-17
1.191E+01  2.081E-23  6.575E-15  6.553E-15  2.156E-17
1.180E+01  1.824E-23  5.711E-15  5.690E-15  2.047E-17
1.169E+01  1.707E-23  5.295E-15  5.276E-15  1.939E-17
1.159E+01  1.829E-23  5.622E-15  5.603E-15  1.827E-17
1.148E+01  2.298E-23  6.999E-15  6.982E-15  1.719E-17
1.138E+01  3.067E-23  9.256E-15  9.240E-15  1.620E-17
1.127E+01  3.825E-23  1.144E-14  1.142E-14  1.526E-17
1.117E+01  2.605E-23  7.717E-15  7.702E-15  1.439E-17
1.107E+01  1.344E-23  3.944E-15  3.931E-15  1.356E-17
1.096E+01  9.220E-24  2.682E-15  2.669E-15  1.274E-17
1.086E+01  7.226E-24  2.083E-15  2.071E-15  1.197E-17
1.076E+01  6.111E-24  1.745E-15  1.734E-15  1.127E-17
1.067E+01  5.393E-24  1.526E-15  1.515E-15  1.064E-17
1.057E+01  4.788E-24  1.342E-15  1.332E-15  1.005E-17
1.047E+01  4.349E-24  1.208E-15  1.198E-15  9.462E-18
1.038E+01  4.016E-24  1.105E-15  1.096E-15  8.838E-18
1.028E+01  3.749E-24  1.022E-15  1.014E-15  8.179E-18
1.019E+01  3.529E-24  9.534E-16  9.459E-16  7.509E-18
1.009E+01  3.344E-24  8.952E-16  8.883E-16  6.864E-18
1.000E+01  3.188E-24  8.456E-16  8.394E-16  6.267E-18
9.908E+00  3.057E-24  8.034E-16  7.976E-16  5.728E-18
9.817E+00  2.947E-24  7.674E-16  7.622E-16  5.237E-18
9.727E+00  2.857E-24  7.373E-16  7.325E-16  4.785E-18
9.638E+00  2.787E-24  7.125E-16  7.082E-16  4.364E-18
9.550E+00  2.736E-24  6.932E-16  6.892E-16  3.948E-18
9.462E+00  2.707E-24  6.794E-16  6.758E-16  3.534E-18
9.376E+00  2.701E-24  6.717E-16  6.685E-16  3.120E-18
9.290E+00  2.723E-24  6.711E-16  6.683E-16  2.711E-18
9.204E+00  2.782E-24  6.793E-16  6.770E-16  2.316E-18
9.120E+00  2.892E-24  6.996E-16  6.976E-16  1.949E-18
9.036E+00  3.075E-24  7.371E-16  7.355E-16  1.618E-18
8.954E+00  3.375E-24  8.016E-16  8.003E-16  1.331E-18
8.872E+00  3.868E-24  9.103E-16  9.093E-16  1.090E-18
8.790E+00  4.679E-24  1.091E-15  1.090E-15  8.923E-19
8.710E+00  5.861E-24  1.354E-15  1.353E-15  7.318E-19
8.630E+00  6.765E-24  1.548E-15  1.548E-15  6.023E-19
8.551E+00  6.194E-24  1.405E-15  1.404E-15  4.974E-19
8.472E+00  5.056E-24  1.136E-15  1.136E-15  4.100E-19
8.395E+00  4.405E-24  9.808E-16  9.805E-16  3.349E-19
8.318E+00  4.149E-24  9.154E-16  9.152E-16  2.691E-19
8.241E+00  4.109E-24  8.982E-16  8.979E-16  2.118E-19
8.166E+00  4.308E-24  9.332E-16  9.330E-16  1.630E-19
8.091E+00  4.811E-24  1.033E-15  1.032E-15  1.244E-19
8.017E+00  5.630E-24  1.197E-15  1.197E-15  9.416E-20
7.943E+00  6.611E-24  1.393E-15  1.393E-15  7.103E-20
7.870E+00  7.235E-24  1.511E-15  1.510E-15  5.343E-20
7.798E+00  7.047E-24  1.458E-15  1.458E-15  4.015E-20
7.727E+00  6.533E-24  1.339E-15  1.339E-15  3.031E-20
7.656E+00  6.205E-24  1.260E-15  1.260E-15  2.307E-20
7.586E+00  5.550E-24  1.117E-15  1.117E-15  1.773E-20
7.516E+00  4.272E-24  8.516E-16  8.516E-16  1.386E-20
7.447E+00  3.068E-24  6.062E-16  6.062E-16  1.106E-20
7.379E+00  2.241E-24  4.386E-16  4.386E-16  8.962E-21
7.311E+00  1.689E-24  3.276E-16  3.276E-16  7.404E-21
7.244E+00  1.303E-24  2.505E-16  2.505E-16  6.183E-21
7.178E+00  1.022E-24  1.947E-16  1.947E-16  5.197E-21
7.112E+00  8.151E-25  1.538E-16  1.538E-16  4.413E-21
7.047E+00  6.633E-25  1.240E-16  1.240E-16  3.769E-21
6.982E+00  5.546E-25  1.027E-16  1.027E-16  3.218E-21
6.918E+00  4.795E-25  8.799E-17  8.798E-17  2.754E-21
6.855E+00  4.295E-25  7.810E-17  7.810E-17  2.356E-21
6.792E+00  3.950E-25  7.116E-17  7.116E-17  2.014E-21
6.730E+00  3.632E-25  6.483E-17  6.483E-17  1.720E-21
6.668E+00  3.241E-25  5.732E-17  5.732E-17  1.467E-21
6.607E+00  2.802E-25  4.911E-17  4.911E-17  1.249E-21
6.546E+00  2.438E-25  4.233E-17  4.233E-17  1.062E-21
6.486E+00  2.250E-25  3.872E-17  3.872E-17  9.018E-22
6.427E+00  2.315E-25  3.946E-17  3.946E-17  7.642E-22
6.368E+00  2.759E-25  4.660E-17  4.660E-17  6.465E-22
6.310E+00  3.842E-25  6.430E-17  6.430E-17  5.459E-22
6.252E+00  5.434E-25  9.012E-17  9.011E-17  4.601E-22
6.194E+00  4.955E-25  8.141E-17  8.141E-17  3.871E-22
6.138E+00  2.749E-25  4.476E-17  4.476E-17  3.248E-22
6.081E+00  1.446E-25  2.333E-17  2.333E-17  2.722E-22
6.026E+00  8.460E-26  1.352E-17  1.352E-17  2.278E-22
5.970E+00  5.533E-26  8.762E-18  8.762E-18  1.904E-22
5.916E+00  3.999E-26  6.274E-18  6.274E-18  1.590E-22
5.861E+00  3.201E-26  4.977E-18  4.977E-18  1.326E-22
5.808E+00  2.893E-26  4.457E-18  4.457E-18  1.105E-22
5.754E+00  2.943E-26  4.492E-18  4.492E-18  9.198E-23
5.702E+00  2.854E-26  4.317E-18  4.316E-18  7.648E-23
5.649E+00  2.109E-26  3.161E-18  3.161E-18  6.352E-23
5.598E+00  1.380E-26  2.050E-18  2.050E-18  5.270E-23
5.546E+00  9.557E-27  1.406E-18  1.406E-18  4.368E-23
5.495E+00  7.216E-27  1.052E-18  1.052E-18  3.617E-23
5.445E+00  5.927E-27  8.561E-19  8.560E-19  2.992E-23
5.395E+00  5.347E-27  7.652E-19  7.652E-19  2.472E-23
5.346E+00  5.397E-27  7.652E-19  7.652E-19  2.040E-23
5.297E+00  5.734E-27  8.056E-19  8.056E-19  1.681E-23
5.248E+00  4.950E-27  6.891E-19  6.891E-19  1.384E-23
5.200E+00  3.315E-27  4.573E-19  4.573E-19  1.139E-23
5.152E+00  2.198E-27  3.004E-19  3.004E-19  9.353E-24
5.105E+00  1.568E-27  2.123E-19  2.123E-19  7.674E-24
5.058E+00  1.187E-27  1.592E-19  1.592E-19  6.290E-24
5.012E+00  9.329E-28  1.240E-19  1.240E-19  5.149E-24
4.966E+00  7.508E-28  9.890E-20  9.889E-20  4.211E-24
4.920E+00  6.136E-28  8.008E-20  8.008E-20  3.439E-24
4.875E+00  5.066E-28  6.552E-20  6.551E-20  2.805E-24
4.831E+00  4.214E-28  5.399E-20  5.399E-20  2.284E-24
4.786E+00  3.524E-28  4.473E-20  4.473E-20  1.858E-24
4.742E+00  2.958E-28  3.721E-20  3.721E-20  1.509E-24
4.699E+00  2.491E-28  3.105E-20  3.105E-20  1.225E-24
4.656E+00  2.103E-28  2.597E-20  2.597E-20  9.920E-25
4.613E+00  1.779E-28  2.177E-20  2.176E-20  8.025E-25
4.571E+00  1.507E-28  1.827E-20  1.827E-20  6.483E-25
4.529E+00  1.278E-28  1.535E-20  1.535E-20  5.230E-25
4.487E+00  1.085E-28  1.292E-20  1.292E-20  4.213E-25
4.446E+00  9.221E-29  1.087E-20  1.087E-20  3.389E-25
4.406E+00  7.840E-29  9.162E-21  9.162E-21  2.723E-25
4.365E+00  6.670E-29  7.723E-21  7.723E-21  2.185E-25
4.325E+00  5.677E-29  6.513E-21  6.513E-21  1.750E-25
4.285E+00  4.833E-29  5.494E-21  5.494E-21  1.400E-25
4.246E+00  4.116E-29  4.636E-21  4.635E-21  1.118E-25
4.207E+00  3.505E-29  3.912E-21  3.912E-21  8.917E-26
4.169E+00  2.985E-29  3.301E-21  3.301E-21  7.101E-26
4.130E+00  2.543E-29  2.786E-21  2.786E-21  5.646E-26
4.093E+00  2.165E-29  2.351E-21  2.351E-21  4.480E-26
4.055E+00  1.844E-29  1.984E-21  1.984E-21  3.549E-26
4.018E+00  1.570E-29  1.674E-21  1.674E-21  2.807E-26
3.981E+00  1.337E-29  1.412E-21  1.412E-21  2.216E-26
3.945E+00  1.138E-29  1.191E-21  1.191E-21  1.748E-26
3.908E+00  9.691E-30  1.005E-21  1.005E-21  1.376E-26
3.873E+00  8.250E-30  8.474E-22  8.474E-22  1.081E-26
3.837E+00  7.023E-30  7.148E-22  7.148E-22  8.488E-27
3.802E+00  5.980E-30  6.031E-22  6.031E-22  6.653E-27
3.767E+00  5.094E-30  5.090E-22  5.090E-22  5.207E-27
3.733E+00  4.341E-30  4.298E-22  4.298E-22  4.068E-27
3.698E+00  3.703E-30  3.632E-22  3.632E-22  3.174E-27
3.664E+00  3.163E-30  3.074E-22  3.074E-22  2.473E-27
3.631E+00  2.707E-30  2.607E-22  2.607E-22  1.923E-27
3.597E+00  2.325E-30  2.219E-22  2.219E-22  1.494E-27
3.565E+00  2.008E-30  1.898E-22  1.898E-22  1.158E-27
3.532E+00  1.748E-30  1.637E-22  1.637E-22  8.965E-28
3.499E+00  1.541E-30  1.431E-22  1.431E-22  6.929E-28
3.467E+00  1.391E-30  1.279E-22  1.279E-22  5.346E-28
3.436E+00  1.306E-30  1.190E-22  1.190E-22  4.119E-28
3.404E+00  1.322E-30  1.194E-22  1.194E-22  3.168E-28
3.373E+00  1.561E-30  1.397E-22  1.397E-22  2.432E-28
3.342E+00  2.566E-30  2.275E-22  2.275E-22  1.864E-28
3.311E+00  7.394E-30  6.495E-22  6.495E-22  1.426E-28
3.281E+00  4.331E-30  3.769E-22  3.769E-22  1.090E-28
3.251E+00  1.182E-30  1.019E-22  1.019E-22  8.305E-29
3.221E+00  5.602E-31  4.786E-23  4.786E-23  6.317E-29
3.192E+00  3.491E-31  2.956E-23  2.956E-23  4.797E-29
3.162E+00  2.474E-31  2.075E-23  2.075E-23  3.637E-29
3.133E+00  1.869E-31  1.553E-23  1.553E-23  2.752E-29
3.105E+00  1.460E-31  1.203E-23  1.203E-23  2.080E-29
3.076E+00  1.163E-31  9.492E-24  9.492E-24  1.569E-29
3.048E+00  9.370E-32  7.576E-24  7.576E-24  1.182E-29
3.020E+00  7.598E-32  6.087E-24  6.087E-24  8.890E-30
2.992E+00  6.186E-32  4.910E-24  4.910E-24  6.672E-30
2.965E+00  5.049E-32  3.970E-24  3.970E-24  4.998E-30
2.938E+00  4.125E-32  3.215E-24  3.215E-24  3.737E-30
2.911E+00  3.373E-32  2.604E-24  2.604E-24  2.788E-30
2.884E+00  2.758E-32  2.110E-24  2.110E-24  2.077E-30
2.858E+00  2.255E-32  1.709E-24  1.709E-24  1.543E-30
2.831E+00  1.842E-32  1.384E-24  1.384E-24  1.145E-30
2.805E+00  1.504E-32  1.119E-24  1.119E-24  8.474E-31
2.780E+00  1.227E-32  9.048E-25  9.048E-25  6.259E-31
2.754E+00  1.000E-32  7.307E-25  7.307E-25  4.614E-31
2.729E+00  8.142E-33  5.894E-25  5.894E-25  3.393E-31
2.704E+00  6.621E-33  4.749E-25  4.749E-25  2.490E-31
2.679E+00  5.378E-33  3.822E-25  3.822E-25  1.823E-31
2.655E+00  4.362E-33  3.072E-25  3.072E-25  1.332E-31
2.630E+00  3.534E-33  2.465E-25  2.465E-25  9.712E-32
2.606E+00  2.859E-33  1.976E-25  1.976E-25  7.063E-32
2.582E+00  2.309E-33  1.582E-25  1.582E-25  5.125E-32
2.559E+00  1.863E-33  1.264E-25  1.264E-25  3.710E-32
2.535E+00  1.501E-33  1.009E-25  1.009E-25  2.680E-32
2.512E+00  1.207E-33  8.043E-26  8.043E-26  1.931E-32
2.489E+00  9.694E-34  6.400E-26  6.400E-26  1.388E-32
2.466E+00  7.772E-34  5.084E-26  5.084E-26  9.950E-33
2.443E+00  6.221E-34  4.032E-26  4.032E-26  7.118E-33
2.421E+00  4.971E-34  3.193E-26  3.193E-26  5.079E-33
2.399E+00  3.967E-34  2.524E-26  2.524E-26  3.614E-33
2.377E+00  3.160E-34  1.992E-26  1.992E-26  2.565E-33
2.355E+00  2.513E-34  1.570E-26  1.570E-26  1.816E-33
2.333E+00  1.995E-34  1.235E-26  1.235E-26  1.282E-33
2.312E+00  1.580E-34  9.693E-27  9.693E-27  9.032E-34
2.291E+00  1.250E-34  7.595E-27  7.595E-27  6.343E-34
2.270E+00  9.865E-35  5.940E-27  5.940E-27  4.443E-34
2.249E+00  7.770E-35  4.635E-27  4.635E-27  3.104E-34
2.228E+00  6.106E-35  3.609E-27  3.609E-27  2.163E-34
2.208E+00  4.787E-35  2.803E-27  2.803E-27  1.502E-34
2.188E+00  3.743E-35  2.172E-27  2.172E-27  1.041E-34
2.168E+00  2.918E-35  1.678E-27  1.678E-27  7.194E-35
2.148E+00  2.268E-35  1.292E-27  1.292E-27  4.958E-35
2.128E+00  1.756E-35  9.913E-28  9.913E-28  3.407E-35
2.109E+00  1.354E-35  7.573E-28  7.573E-28  2.335E-35
2.089E+00  1.039E-35  5.756E-28  5.756E-28  1.596E-35
2.070E+00  7.918E-36  4.348E-28  4.348E-28  1.088E-35
2.051E+00  5.990E-36  3.259E-28  3.259E-28  7.391E-36
2.032E+00  4.488E-36  2.420E-28  2.420E-28  5.008E-36
2.014E+00  3.322E-36  1.774E-28  1.774E-28  3.384E-36
1.995E+00  2.420E-36  1.281E-28  1.281E-28  2.280E-36
1.977E+00  1.731E-36  9.080E-29  9.080E-29  1.532E-36
1.959E+00  1.217E-36  6.322E-29  6.322E-29  1.026E-36
1.941E+00  8.494E-37  4.373E-29  4.373E-29  6.857E-37
1.923E+00  6.066E-37  3.094E-29  3.094E-29  4.567E-37
1.905E+00  4.614E-37  2.332E-29  2.332E-29  3.034E-37
1.888E+00  3.782E-37  1.894E-29  1.894E-29  2.009E-37
1.871E+00  3.233E-37  1.604E-29  1.604E-29  1.327E-37
1.854E+00  2.765E-37  1.359E-29  1.359E-29  8.739E-38
1.837E+00  2.317E-37  1.129E-29  1.129E-29  5.738E-38
1.820E+00  1.896E-37  9.150E-30  9.150E-30  3.757E-38
1.803E+00  1.519E-37  7.267E-30  7.267E-30  2.453E-38
1.786E+00  1.199E-37  5.680E-30  5.680E-30  1.597E-38
1.770E+00  9.342E-38  4.386E-30  4.386E-30  1.037E-38
1.754E+00  7.216E-38  3.357E-30  3.357E-30  6.712E-39
1.738E+00  5.535E-38  2.552E-30  2.552E-30  4.332E-39
1.722E+00  4.223E-38  1.929E-30  1.929E-30  2.788E-39
1.706E+00  3.207E-38  1.451E-30  1.451E-30  1.790E-39
1.690E+00  2.427E-38  1.088E-30  1.088E-30  1.145E-39
1.675E+00  1.830E-38  8.132E-31  8.132E-31  7.306E-40
1.660E+00  1.377E-38  6.061E-31  6.061E-31  4.647E-40
1.644E+00  1.033E-38  4.506E-31  4.506E-31  2.947E-40
1.629E+00  7.734E-39  3.342E-31  3.342E-31  1.864E-40
1.614E+00  5.779E-39  2.475E-31  2.475E-31  1.175E-40
1.600E+00  4.311E-39  1.829E-31  1.829E-31  7.381E-41
1.585E+00  3.210E-39  1.350E-31  1.350E-31  4.624E-41
1.570E+00  2.388E-39  9.946E-32  9.946E-32  2.888E-41
1.556E+00  1.774E-39  7.320E-32  7.320E-32  1.798E-41
1.542E+00  1.316E-39  5.383E-32  5.383E-32  1.115E-41
1.528E+00  9.761E-40  3.955E-32  3.955E-32  6.898E-42
1.514E+00  7.235E-40  2.905E-32  2.905E-32  4.252E-42
1.500E+00  5.361E-40  2.133E-32  2.133E-32  2.613E-42
1.486E+00  3.973E-40  1.566E-32  1.566E-32  1.600E-42
1.472E+00  2.945E-40  1.150E-32  1.150E-32  9.764E-43
1.459E+00  2.185E-40  8.454E-33  8.454E-33  5.939E-43
1.445E+00  1.623E-40  6.222E-33  6.222E-33  3.600E-43
1.432E+00  1.207E-40  4.586E-33  4.586E-33  2.174E-43
1.419E+00  9.001E-41  3.388E-33  3.388E-33  1.308E-43
1.406E+00  6.729E-41  2.510E-33  2.510E-33  7.845E-44
1.393E+00  5.048E-41  1.865E-33  1.865E-33  4.687E-44
1.380E+00  3.801E-41  1.392E-33  1.392E-33  2.789E-44
1.368E+00  2.875E-41  1.043E-33  1.043E-33  1.654E-44
1.355E+00  2.184E-41  7.849E-34  7.849E-34  9.766E-45
1.343E+00  1.665E-41  5.932E-34  5.932E-34  5.744E-45
1.330E+00  1.274E-41  4.496E-34  4.496E-34  3.365E-45
1.318E+00  9.744E-42  3.407E-34  3.407E-34  1.964E-45
1.306E+00  7.417E-42  2.570E-34  2.570E-34  1.141E-45
1.294E+00  5.575E-42  1.914E-34  1.914E-34  6.603E-46
1.282E+00  4.095E-42  1.393E-34  1.393E-34  3.805E-46
1.271E+00  2.906E-42  9.793E-35  9.793E-35  2.184E-46
1.259E+00  1.975E-42  6.596E-35  6.596E-35  1.248E-46
1.247E+00  1.284E-42  4.249E-35  4.249E-35  7.098E-47
1.236E+00  8.036E-43  2.635E-35  2.635E-35  4.021E-47
1.225E+00  4.904E-43  1.593E-35  1.593E-35  2.268E-47
1.213E+00  2.960E-43  9.528E-36  9.528E-36  1.273E-47
1.202E+00  1.789E-43  5.707E-36  5.707E-36  7.111E-48
1.191E+00  1.093E-43  3.454E-36  3.454E-36  3.954E-48
1.180E+00  6.787E-44  2.125E-36  2.125E-36  2.188E-48
1.169E+00  4.299E-44  1.334E-36  1.334E-36  1.205E-48
1.159E+00  2.784E-44  8.557E-37  8.557E-37  6.600E-49
1.148E+00  1.845E-44  5.619E-37  5.619E-37  3.598E-49
1.138E+00  1.253E-44  3.780E-37  3.780E-37  1.952E-49
1.127E+00  8.728E-45  2.610E-37  2.610E-37  1.053E-49
1.117E+00  6.253E-45  1.853E-37  1.853E-37  5.654E-50
1.107E+00  4.622E-45  1.357E-37  1.357E-37  3.019E-50
1.096E+00  3.537E-45  1.029E-37  1.029E-37  1.604E-50
1.086E+00  2.805E-45  8.083E-38  8.083E-38  8.473E-51
1.076E+00  2.288E-45  6.534E-38  6.534E-38  4.452E-51
1.067E+00  1.864E-45  5.273E-38  5.273E-38  2.326E-51
1.057E+00  1.413E-45  3.962E-38  3.962E-38  1.209E-51
1.047E+00  9.104E-46  2.529E-38  2.529E-38  6.245E-52
1.038E+00  4.878E-46  1.342E-38  1.342E-38  3.209E-52
1.028E+00  2.354E-46  6.418E-39  6.418E-39  1.639E-52
1.019E+00  1.118E-46  3.021E-39  3.021E-39  8.322E-53
1.009E+00  5.481E-47  1.467E-39  1.467E-39  4.201E-53
1.000E+00  2.819E-47  7.478E-40  7.478E-40  2.108E-53
