Dust emission spectrum from Draine,B.T., & Li, A. (2007), ApJ, in press [astro-ph/0608003]
==========================================================
         7 = grain model
 4.000E-08 4.000E-01 4.500E-05 = a_01 (cm) , sigma_1 , b_C1
 2.000E-07 5.500E-01 1.500E-05 = a_02 (cm) , sigma_2 , b_C2
 1.000E+06 1.000E+06 1.000E+00 = Umin , Umax, beta (dN/dU propto U^{-beta})
 1.000E+06 = <U>       mmp83 = radfield
 0.000E+00 2.000E-07 = a_{min} (cm), a_{max} (cm)
 1.044E-18 1.013E-18 3.160E-20 = P(tot)  P(carb)  P(sil) (erg s-1 H-1)
 band     <nu*P_nu> <j_nu(tot)><j_nu(carb)><j_nu(sil)>
 (um)   (erg s-1 H-1)(Jy/(sr*H))(Jy/(sr*H))(Jy/(sr*H))
1.270E+00  2.695E-20  9.079E-13  8.866E-13  2.127E-14 COBE-DIRBE
2.220E+00  4.808E-20  2.831E-12  2.765E-12  6.582E-14 COBE-DIRBE
3.530E+00  3.281E-19  3.072E-11  3.059E-11  1.231E-13 COBE-DIRBE
4.880E+00  1.405E-19  1.819E-11  1.801E-11  1.783E-13 COBE-DIRBE
1.229E+01  4.019E-19  1.310E-10  1.234E-10  7.641E-12 COBE-DIRBE
2.079E+01  7.536E-20  4.156E-11  3.110E-11  1.045E-11 COBE-DIRBE
5.599E+01  1.614E-21  2.397E-12  1.086E-12  1.311E-12 COBE-DIRBE
9.770E+01  1.254E-22  3.250E-13  1.298E-13  1.952E-13 COBE-DIRBE
1.479E+02  1.838E-23  7.209E-14  2.711E-14  4.498E-14 COBE-DIRBE
2.479E+02  1.661E-24  1.092E-14  3.939E-15  6.979E-15 COBE-DIRBE
1.200E+01  5.317E-19  1.693E-10  1.616E-10  7.681E-12 IRAS
2.500E+01  4.864E-20  3.226E-11  2.218E-11  1.007E-11 IRAS
6.000E+01  1.476E-21  2.349E-12  1.074E-12  1.275E-12 IRAS
1.000E+02  1.076E-22  2.854E-13  1.132E-13  1.722E-13 IRAS
3.550E+00  3.806E-19  3.584E-11  3.572E-11  1.241E-13 SST-IRAC
4.493E+00  1.070E-19  1.275E-11  1.259E-11  1.614E-13 SST-IRAC
5.731E+00  7.018E-19  1.067E-10  1.064E-10  2.361E-13 SST-IRAC
7.872E+00  1.244E-18  2.598E-10  2.571E-10  2.665E-12 SST-IRAC
2.368E+01  3.620E-20  2.274E-11  1.422E-11  8.513E-12 SST-MIPS
7.142E+01  4.452E-22  8.434E-13  3.543E-13  4.891E-13 SST-MIPS
1.559E+02  1.159E-23  4.792E-14  1.776E-14  3.015E-14 SST-MIPS
1.600E+01  1.586E-19  6.733E-11  5.942E-11  7.906E-12 SST-IRSPU
2.200E+01  4.808E-20  2.806E-11  1.851E-11  9.553E-12 SST-IRSPU
7.500E+01  3.815E-22  7.590E-13  3.182E-13  4.408E-13 Herschel-PACS
1.100E+02  7.025E-23  2.050E-13  8.077E-14  1.242E-13 Herschel-PACS
1.700E+02  9.073E-24  4.092E-14  1.520E-14  2.571E-14 Herschel-PACS
2.500E+02  1.245E-24  8.255E-15  2.965E-15  5.290E-15 Herschel-SPIRE
3.600E+02  1.977E-25  1.888E-15  6.991E-16  1.189E-15 Herschel-SPIRE
5.200E+02  3.376E-26  4.657E-16  1.712E-16  2.945E-16 Herschel-SPIRE
2.400E+00  5.483E-20  3.490E-12  3.417E-12  7.320E-14 Akari IRC NIR N2
3.200E+00  2.512E-19  2.132E-11  2.121E-11  1.093E-13 Akari IRC NIR N3
4.100E+00  1.209E-19  1.314E-11  1.300E-11  1.475E-13 Akari IRC NIR N4
7.000E+00  1.517E-18  2.816E-10  2.808E-10  8.771E-13 Akari IRC MIR-S S7
9.000E+00  9.019E-19  2.153E-10  2.099E-10  5.434E-12 Akari IRC MIR-S S9W
1.100E+01  4.622E-19  1.349E-10  1.263E-10  8.619E-12 Akari IRC MIR-S S11
1.500E+01  1.733E-19  6.895E-11  6.136E-11  7.590E-12 Akari IRC MIR-L L15
1.800E+01  9.717E-20  4.639E-11  3.752E-11  8.871E-12 Akari IRC MIR-L L18W
2.400E+01  4.145E-20  2.638E-11  1.688E-11  9.505E-12 Akari IRC MIR-L L24
6.500E+01  6.948E-22  1.198E-12  5.132E-13  6.848E-13 Akari FIS N60
8.000E+01  2.781E-22  5.902E-13  2.465E-13  3.437E-13 Akari FIS WIDE-S
1.400E+02  1.749E-23  6.497E-14  2.436E-14  4.061E-14 Akari FIS WIDE-L
1.600E+02  9.804E-24  4.161E-14  1.534E-14  2.627E-14 Akari FIS N160
 
 
 
 


lambda    nu*dP/dnu     j_nu    j_nu(carb.) j_nu(sil)
 (um)    (erg/(s*H)) (Jy/(sr*H) (Jy/(sr*H)) (Jy/(sr*H)
1.000E+04  8.143E-32  2.160E-20  5.488E-21  1.611E-20
9.908E+03  8.441E-32  2.218E-20  5.641E-21  1.654E-20
9.817E+03  8.749E-32  2.278E-20  5.798E-21  1.699E-20
9.727E+03  9.069E-32  2.340E-20  5.960E-21  1.744E-20
9.638E+03  9.401E-32  2.404E-20  6.126E-21  1.791E-20
9.550E+03  9.745E-32  2.469E-20  6.296E-21  1.839E-20
9.462E+03  1.010E-31  2.535E-20  6.472E-21  1.888E-20
9.376E+03  1.047E-31  2.604E-20  6.652E-21  1.939E-20
9.290E+03  1.085E-31  2.675E-20  6.837E-21  1.991E-20
9.204E+03  1.125E-31  2.747E-20  7.027E-21  2.044E-20
9.120E+03  1.166E-31  2.821E-20  7.223E-21  2.099E-20
9.036E+03  1.209E-31  2.898E-20  7.424E-21  2.155E-20
8.954E+03  1.253E-31  2.976E-20  7.630E-21  2.213E-20
8.872E+03  1.299E-31  3.056E-20  7.843E-21  2.272E-20
8.790E+03  1.346E-31  3.138E-20  8.061E-21  2.332E-20
8.710E+03  1.395E-31  3.223E-20  8.285E-21  2.394E-20
8.630E+03  1.446E-31  3.310E-20  8.516E-21  2.458E-20
8.551E+03  1.499E-31  3.399E-20  8.753E-21  2.524E-20
8.472E+03  1.553E-31  3.491E-20  8.996E-21  2.591E-20
8.395E+03  1.610E-31  3.585E-20  9.246E-21  2.660E-20
8.318E+03  1.669E-31  3.682E-20  9.504E-21  2.731E-20
8.241E+03  1.730E-31  3.781E-20  9.768E-21  2.804E-20
8.166E+03  1.793E-31  3.884E-20  1.004E-20  2.880E-20
8.091E+03  1.859E-31  3.989E-20  1.032E-20  2.957E-20
8.017E+03  1.927E-31  4.097E-20  1.061E-20  3.036E-20
7.943E+03  1.997E-31  4.208E-20  1.090E-20  3.118E-20
7.870E+03  2.070E-31  4.322E-20  1.121E-20  3.202E-20
7.798E+03  2.146E-31  4.440E-20  1.152E-20  3.288E-20
7.727E+03  2.225E-31  4.560E-20  1.184E-20  3.377E-20
7.656E+03  2.307E-31  4.684E-20  1.217E-20  3.468E-20
7.586E+03  2.391E-31  4.812E-20  1.251E-20  3.561E-20
7.516E+03  2.479E-31  4.943E-20  1.285E-20  3.658E-20
7.447E+03  2.570E-31  5.078E-20  1.321E-20  3.757E-20
7.379E+03  2.665E-31  5.216E-20  1.358E-20  3.858E-20
7.311E+03  2.763E-31  5.359E-20  1.396E-20  3.963E-20
7.244E+03  2.865E-31  5.505E-20  1.435E-20  4.071E-20
7.178E+03  2.970E-31  5.656E-20  1.475E-20  4.181E-20
7.112E+03  3.080E-31  5.811E-20  1.516E-20  4.295E-20
7.047E+03  3.194E-31  5.970E-20  1.558E-20  4.412E-20
6.982E+03  3.311E-31  6.133E-20  1.602E-20  4.532E-20
6.918E+03  3.433E-31  6.301E-20  1.646E-20  4.655E-20
6.855E+03  3.560E-31  6.473E-20  1.692E-20  4.781E-20
6.792E+03  3.692E-31  6.651E-20  1.739E-20  4.911E-20
6.730E+03  3.828E-31  6.833E-20  1.788E-20  5.045E-20
6.668E+03  3.969E-31  7.021E-20  1.838E-20  5.183E-20
6.607E+03  4.116E-31  7.214E-20  1.889E-20  5.325E-20
6.546E+03  4.268E-31  7.412E-20  1.942E-20  5.470E-20
6.486E+03  4.427E-31  7.616E-20  1.996E-20  5.620E-20
6.427E+03  4.591E-31  7.826E-20  2.052E-20  5.774E-20
6.368E+03  4.761E-31  8.042E-20  2.110E-20  5.932E-20
6.310E+03  4.937E-31  8.264E-20  2.169E-20  6.095E-20
6.252E+03  5.121E-31  8.492E-20  2.229E-20  6.263E-20
6.194E+03  5.311E-31  8.727E-20  2.292E-20  6.435E-20
6.138E+03  5.509E-31  8.968E-20  2.356E-20  6.612E-20
6.081E+03  5.714E-31  9.217E-20  2.422E-20  6.795E-20
6.026E+03  5.926E-31  9.472E-20  2.490E-20  6.982E-20
5.970E+03  6.147E-31  9.735E-20  2.560E-20  7.175E-20
5.916E+03  6.376E-31  1.001E-19  2.632E-20  7.373E-20
5.861E+03  6.614E-31  1.028E-19  2.706E-20  7.578E-20
5.808E+03  6.861E-31  1.057E-19  2.782E-20  7.788E-20
5.754E+03  7.117E-31  1.086E-19  2.860E-20  8.004E-20
5.702E+03  7.383E-31  1.117E-19  2.941E-20  8.226E-20
5.649E+03  7.660E-31  1.148E-19  3.023E-20  8.455E-20
5.598E+03  7.946E-31  1.180E-19  3.109E-20  8.690E-20
5.546E+03  8.244E-31  1.213E-19  3.196E-20  8.932E-20
5.495E+03  8.553E-31  1.247E-19  3.287E-20  9.181E-20
5.445E+03  8.874E-31  1.282E-19  3.379E-20  9.437E-20
5.395E+03  9.207E-31  1.318E-19  3.475E-20  9.701E-20
5.346E+03  9.553E-31  1.355E-19  3.573E-20  9.972E-20
5.297E+03  9.912E-31  1.393E-19  3.674E-20  1.025E-19
5.248E+03  1.028E-30  1.432E-19  3.778E-20  1.054E-19
5.200E+03  1.067E-30  1.472E-19  3.886E-20  1.083E-19
5.152E+03  1.107E-30  1.513E-19  3.996E-20  1.114E-19
5.105E+03  1.149E-30  1.556E-19  4.109E-20  1.145E-19
5.058E+03  1.192E-30  1.600E-19  4.226E-20  1.177E-19
5.012E+03  1.237E-30  1.645E-19  4.346E-20  1.210E-19
4.966E+03  1.284E-30  1.692E-19  4.470E-20  1.244E-19
4.920E+03  1.333E-30  1.739E-19  4.598E-20  1.280E-19
4.875E+03  1.383E-30  1.789E-19  4.729E-20  1.316E-19
4.831E+03  1.435E-30  1.839E-19  4.864E-20  1.353E-19
4.786E+03  1.490E-30  1.891E-19  5.003E-20  1.391E-19
4.742E+03  1.546E-30  1.945E-19  5.146E-20  1.430E-19
4.699E+03  1.605E-30  2.000E-19  5.293E-20  1.471E-19
4.656E+03  1.666E-30  2.057E-19  5.445E-20  1.513E-19
4.613E+03  1.729E-30  2.116E-19  5.601E-20  1.556E-19
4.571E+03  1.795E-30  2.176E-19  5.762E-20  1.600E-19
4.529E+03  1.863E-30  2.238E-19  5.928E-20  1.645E-19
4.487E+03  1.934E-30  2.302E-19  6.099E-20  1.692E-19
4.446E+03  2.008E-30  2.368E-19  6.275E-20  1.740E-19
4.406E+03  2.084E-30  2.436E-19  6.456E-20  1.790E-19
4.365E+03  2.164E-30  2.506E-19  6.642E-20  1.841E-19
4.325E+03  2.247E-30  2.577E-19  6.834E-20  1.894E-19
4.285E+03  2.333E-30  2.652E-19  7.032E-20  1.948E-19
4.246E+03  2.422E-30  2.728E-19  7.236E-20  2.004E-19
4.207E+03  2.515E-30  2.806E-19  7.446E-20  2.062E-19
4.169E+03  2.611E-30  2.887E-19  7.663E-20  2.121E-19
4.130E+03  2.711E-30  2.971E-19  7.886E-20  2.182E-19
4.093E+03  2.815E-30  3.056E-19  8.116E-20  2.245E-19
4.055E+03  2.924E-30  3.145E-19  8.352E-20  2.310E-19
4.018E+03  3.036E-30  3.236E-19  8.597E-20  2.376E-19
3.981E+03  3.153E-30  3.330E-19  8.848E-20  2.445E-19
3.945E+03  3.274E-30  3.426E-19  9.107E-20  2.515E-19
3.908E+03  3.401E-30  3.526E-19  9.374E-20  2.588E-19
3.873E+03  3.532E-30  3.628E-19  9.650E-20  2.663E-19
3.837E+03  3.668E-30  3.733E-19  9.934E-20  2.740E-19
3.802E+03  3.810E-30  3.842E-19  1.023E-19  2.820E-19
3.767E+03  3.957E-30  3.954E-19  1.053E-19  2.901E-19
3.733E+03  4.111E-30  4.070E-19  1.084E-19  2.986E-19
3.698E+03  4.270E-30  4.189E-19  1.116E-19  3.073E-19
3.664E+03  4.436E-30  4.312E-19  1.149E-19  3.162E-19
3.631E+03  4.608E-30  4.438E-19  1.183E-19  3.255E-19
3.597E+03  4.787E-30  4.568E-19  1.218E-19  3.350E-19
3.565E+03  4.974E-30  4.703E-19  1.255E-19  3.448E-19
3.532E+03  5.168E-30  4.841E-19  1.292E-19  3.549E-19
3.499E+03  5.369E-30  4.984E-19  1.331E-19  3.653E-19
3.467E+03  5.579E-30  5.131E-19  1.370E-19  3.761E-19
3.436E+03  5.797E-30  5.283E-19  1.411E-19  3.872E-19
3.404E+03  6.024E-30  5.439E-19  1.454E-19  3.986E-19
3.373E+03  6.260E-30  5.601E-19  1.497E-19  4.103E-19
3.342E+03  6.506E-30  5.767E-19  1.543E-19  4.225E-19
3.311E+03  6.761E-30  5.939E-19  1.589E-19  4.350E-19
3.281E+03  7.027E-30  6.115E-19  1.637E-19  4.478E-19
3.251E+03  7.303E-30  6.298E-19  1.687E-19  4.611E-19
3.221E+03  7.591E-30  6.486E-19  1.738E-19  4.748E-19
3.192E+03  7.890E-30  6.680E-19  1.790E-19  4.889E-19
3.162E+03  8.202E-30  6.880E-19  1.845E-19  5.035E-19
3.133E+03  8.526E-30  7.086E-19  1.901E-19  5.185E-19
3.105E+03  8.863E-30  7.299E-19  1.959E-19  5.340E-19
3.076E+03  9.214E-30  7.518E-19  2.019E-19  5.500E-19
3.048E+03  9.579E-30  7.745E-19  2.080E-19  5.664E-19
3.020E+03  9.959E-30  7.978E-19  2.144E-19  5.834E-19
2.992E+03  1.035E-29  8.219E-19  2.210E-19  6.009E-19
2.965E+03  1.076E-29  8.466E-19  2.278E-19  6.188E-19
2.938E+03  1.119E-29  8.721E-19  2.348E-19  6.373E-19
2.911E+03  1.164E-29  8.985E-19  2.421E-19  6.564E-19
2.884E+03  1.210E-29  9.256E-19  2.496E-19  6.761E-19
2.858E+03  1.258E-29  9.537E-19  2.573E-19  6.964E-19
2.831E+03  1.308E-29  9.826E-19  2.653E-19  7.173E-19
2.805E+03  1.361E-29  1.012E-18  2.735E-19  7.389E-19
2.780E+03  1.415E-29  1.043E-18  2.820E-19  7.612E-19
2.754E+03  1.471E-29  1.075E-18  2.908E-19  7.842E-19
2.729E+03  1.530E-29  1.108E-18  2.999E-19  8.079E-19
2.704E+03  1.592E-29  1.142E-18  3.093E-19  8.324E-19
2.679E+03  1.656E-29  1.177E-18  3.190E-19  8.576E-19
2.655E+03  1.722E-29  1.213E-18  3.290E-19  8.837E-19
2.630E+03  1.791E-29  1.250E-18  3.394E-19  9.105E-19
2.606E+03  1.864E-29  1.288E-18  3.501E-19  9.383E-19
2.582E+03  1.939E-29  1.328E-18  3.611E-19  9.669E-19
2.559E+03  2.017E-29  1.369E-18  3.725E-19  9.964E-19
2.535E+03  2.099E-29  1.411E-18  3.843E-19  1.027E-18
2.512E+03  2.183E-29  1.455E-18  3.965E-19  1.058E-18
2.489E+03  2.272E-29  1.500E-18  4.092E-19  1.091E-18
2.466E+03  2.364E-29  1.546E-18  4.222E-19  1.124E-18
2.443E+03  2.460E-29  1.594E-18  4.357E-19  1.159E-18
2.421E+03  2.560E-29  1.644E-18  4.496E-19  1.194E-18
2.399E+03  2.664E-29  1.695E-18  4.640E-19  1.231E-18
2.377E+03  2.772E-29  1.748E-18  4.789E-19  1.269E-18
2.355E+03  2.885E-29  1.803E-18  4.943E-19  1.308E-18
2.333E+03  3.003E-29  1.859E-18  5.102E-19  1.349E-18
2.312E+03  3.126E-29  1.917E-18  5.267E-19  1.390E-18
2.291E+03  3.254E-29  1.977E-18  5.437E-19  1.434E-18
2.270E+03  3.387E-29  2.039E-18  5.613E-19  1.478E-18
2.249E+03  3.526E-29  2.103E-18  5.795E-19  1.524E-18
2.228E+03  3.670E-29  2.170E-18  5.983E-19  1.571E-18
2.208E+03  3.821E-29  2.238E-18  6.178E-19  1.620E-18
2.188E+03  3.978E-29  2.309E-18  6.379E-19  1.671E-18
2.168E+03  4.142E-29  2.381E-18  6.587E-19  1.723E-18
2.148E+03  4.312E-29  2.457E-18  6.803E-19  1.777E-18
2.128E+03  4.490E-29  2.535E-18  7.026E-19  1.832E-18
2.109E+03  4.675E-29  2.615E-18  7.256E-19  1.889E-18
2.089E+03  4.868E-29  2.698E-18  7.495E-19  1.949E-18
2.070E+03  5.070E-29  2.784E-18  7.742E-19  2.010E-18
2.051E+03  5.279E-29  2.873E-18  7.997E-19  2.073E-18
2.032E+03  5.498E-29  2.964E-18  8.262E-19  2.138E-18
2.014E+03  5.726E-29  3.059E-18  8.535E-19  2.205E-18
1.995E+03  5.964E-29  3.156E-18  8.818E-19  2.275E-18
1.977E+03  6.211E-29  3.257E-18  9.111E-19  2.346E-18
1.959E+03  6.469E-29  3.361E-18  9.414E-19  2.420E-18
1.941E+03  6.738E-29  3.469E-18  9.728E-19  2.496E-18
1.923E+03  7.019E-29  3.580E-18  1.005E-18  2.575E-18
1.905E+03  7.311E-29  3.696E-18  1.039E-18  2.657E-18
1.888E+03  7.616E-29  3.814E-18  1.074E-18  2.741E-18
1.871E+03  7.934E-29  3.937E-18  1.110E-18  2.828E-18
1.854E+03  8.266E-29  4.064E-18  1.147E-18  2.917E-18
1.837E+03  8.612E-29  4.195E-18  1.186E-18  3.010E-18
1.820E+03  8.972E-29  4.331E-18  1.225E-18  3.105E-18
1.803E+03  9.348E-29  4.471E-18  1.267E-18  3.204E-18
1.786E+03  9.741E-29  4.616E-18  1.310E-18  3.306E-18
1.770E+03  1.015E-28  4.766E-18  1.354E-18  3.412E-18
1.754E+03  1.058E-28  4.920E-18  1.400E-18  3.520E-18
1.738E+03  1.102E-28  5.080E-18  1.447E-18  3.633E-18
1.722E+03  1.148E-28  5.246E-18  1.497E-18  3.749E-18
1.706E+03  1.197E-28  5.416E-18  1.548E-18  3.869E-18
1.690E+03  1.247E-28  5.593E-18  1.600E-18  3.993E-18
1.675E+03  1.300E-28  5.776E-18  1.655E-18  4.120E-18
1.660E+03  1.355E-28  5.964E-18  1.712E-18  4.253E-18
1.644E+03  1.412E-28  6.159E-18  1.770E-18  4.389E-18
1.629E+03  1.472E-28  6.361E-18  1.831E-18  4.530E-18
1.614E+03  1.534E-28  6.570E-18  1.894E-18  4.675E-18
1.600E+03  1.599E-28  6.785E-18  1.959E-18  4.826E-18
1.585E+03  1.667E-28  7.008E-18  2.027E-18  4.981E-18
1.570E+03  1.738E-28  7.238E-18  2.097E-18  5.142E-18
1.556E+03  1.811E-28  7.476E-18  2.169E-18  5.307E-18
1.542E+03  1.888E-28  7.723E-18  2.244E-18  5.478E-18
1.528E+03  1.969E-28  7.977E-18  2.322E-18  5.655E-18
1.514E+03  2.052E-28  8.240E-18  2.402E-18  5.838E-18
1.500E+03  2.140E-28  8.512E-18  2.486E-18  6.026E-18
1.486E+03  2.231E-28  8.794E-18  2.572E-18  6.221E-18
1.472E+03  2.326E-28  9.085E-18  2.662E-18  6.423E-18
1.459E+03  2.426E-28  9.386E-18  2.755E-18  6.631E-18
1.445E+03  2.529E-28  9.697E-18  2.851E-18  6.847E-18
1.432E+03  2.637E-28  1.002E-17  2.951E-18  7.069E-18
1.419E+03  2.750E-28  1.035E-17  3.054E-18  7.299E-18
1.406E+03  2.868E-28  1.070E-17  3.161E-18  7.536E-18
1.393E+03  2.991E-28  1.105E-17  3.272E-18  7.781E-18
1.380E+03  3.119E-28  1.142E-17  3.387E-18  8.035E-18
1.368E+03  3.253E-28  1.180E-17  3.506E-18  8.297E-18
1.355E+03  3.393E-28  1.220E-17  3.629E-18  8.567E-18
1.343E+03  3.539E-28  1.260E-17  3.757E-18  8.847E-18
1.330E+03  3.691E-28  1.303E-17  3.889E-18  9.136E-18
1.318E+03  3.849E-28  1.346E-17  4.027E-18  9.434E-18
1.306E+03  4.015E-28  1.391E-17  4.169E-18  9.742E-18
1.294E+03  4.188E-28  1.438E-17  4.317E-18  1.006E-17
1.282E+03  4.369E-28  1.486E-17  4.470E-18  1.039E-17
1.271E+03  4.557E-28  1.536E-17  4.628E-18  1.073E-17
1.259E+03  4.754E-28  1.587E-17  4.792E-18  1.108E-17
1.247E+03  4.959E-28  1.641E-17  4.963E-18  1.144E-17
1.236E+03  5.173E-28  1.696E-17  5.139E-18  1.182E-17
1.225E+03  5.396E-28  1.753E-17  5.322E-18  1.221E-17
1.213E+03  5.630E-28  1.812E-17  5.512E-18  1.261E-17
1.202E+03  5.873E-28  1.873E-17  5.709E-18  1.302E-17
1.191E+03  6.127E-28  1.936E-17  5.913E-18  1.345E-17
1.180E+03  6.393E-28  2.001E-17  6.124E-18  1.389E-17
1.169E+03  6.670E-28  2.069E-17  6.343E-18  1.435E-17
1.159E+03  6.959E-28  2.139E-17  6.570E-18  1.482E-17
1.148E+03  7.260E-28  2.211E-17  6.806E-18  1.531E-17
1.138E+03  7.575E-28  2.286E-17  7.050E-18  1.581E-17
1.127E+03  7.904E-28  2.363E-17  7.303E-18  1.633E-17
1.117E+03  8.247E-28  2.443E-17  7.565E-18  1.687E-17
1.107E+03  8.605E-28  2.526E-17  7.837E-18  1.742E-17
1.096E+03  8.979E-28  2.612E-17  8.119E-18  1.800E-17
1.086E+03  9.370E-28  2.700E-17  8.412E-18  1.859E-17
1.076E+03  9.777E-28  2.792E-17  8.715E-18  1.920E-17
1.067E+03  1.020E-27  2.886E-17  9.029E-18  1.984E-17
1.057E+03  1.065E-27  2.984E-17  9.355E-18  2.049E-17
1.047E+03  1.111E-27  3.086E-17  9.693E-18  2.117E-17
1.038E+03  1.159E-27  3.191E-17  1.004E-17  2.186E-17
1.028E+03  1.210E-27  3.299E-17  1.041E-17  2.258E-17
1.019E+03  1.263E-27  3.411E-17  1.078E-17  2.333E-17
1.009E+03  1.318E-27  3.527E-17  1.117E-17  2.410E-17
1.000E+03  1.375E-27  3.647E-17  1.158E-17  2.489E-17
9.908E+02  1.435E-27  3.772E-17  1.200E-17  2.572E-17
9.817E+02  1.498E-27  3.900E-17  1.243E-17  2.657E-17
9.727E+02  1.563E-27  4.033E-17  1.288E-17  2.745E-17
9.638E+02  1.632E-27  4.171E-17  1.335E-17  2.836E-17
9.550E+02  1.703E-27  4.314E-17  1.384E-17  2.930E-17
9.462E+02  1.777E-27  4.461E-17  1.434E-17  3.027E-17
9.376E+02  1.855E-27  4.614E-17  1.486E-17  3.127E-17
9.290E+02  1.936E-27  4.771E-17  1.540E-17  3.231E-17
9.204E+02  2.021E-27  4.934E-17  1.597E-17  3.338E-17
9.120E+02  2.110E-27  5.103E-17  1.655E-17  3.449E-17
9.036E+02  2.202E-27  5.278E-17  1.715E-17  3.563E-17
8.954E+02  2.298E-27  5.459E-17  1.778E-17  3.681E-17
8.872E+02  2.399E-27  5.645E-17  1.842E-17  3.803E-17
8.790E+02  2.504E-27  5.838E-17  1.910E-17  3.929E-17
8.710E+02  2.614E-27  6.038E-17  1.980E-17  4.059E-17
8.630E+02  2.728E-27  6.245E-17  2.052E-17  4.193E-17
8.551E+02  2.848E-27  6.459E-17  2.127E-17  4.332E-17
8.472E+02  2.972E-27  6.680E-17  2.205E-17  4.475E-17
8.395E+02  3.103E-27  6.909E-17  2.285E-17  4.623E-17
8.318E+02  3.238E-27  7.145E-17  2.369E-17  4.776E-17
8.241E+02  3.380E-27  7.390E-17  2.456E-17  4.934E-17
8.166E+02  3.528E-27  7.643E-17  2.546E-17  5.097E-17
8.091E+02  3.683E-27  7.904E-17  2.639E-17  5.266E-17
8.017E+02  3.844E-27  8.175E-17  2.736E-17  5.439E-17
7.943E+02  4.013E-27  8.455E-17  2.836E-17  5.619E-17
7.870E+02  4.189E-27  8.745E-17  2.940E-17  5.805E-17
7.798E+02  4.372E-27  9.044E-17  3.048E-17  5.997E-17
7.727E+02  4.564E-27  9.354E-17  3.160E-17  6.195E-17
7.656E+02  4.764E-27  9.675E-17  3.276E-17  6.399E-17
7.586E+02  4.973E-27  1.001E-16  3.396E-17  6.611E-17
7.516E+02  5.191E-27  1.035E-16  3.521E-17  6.829E-17
7.447E+02  5.419E-27  1.071E-16  3.650E-17  7.056E-17
7.379E+02  5.658E-27  1.107E-16  3.784E-17  7.290E-17
7.311E+02  5.907E-27  1.146E-16  3.923E-17  7.532E-17
7.244E+02  6.167E-27  1.185E-16  4.068E-17  7.783E-17
7.178E+02  6.439E-27  1.226E-16  4.217E-17  8.042E-17
7.112E+02  6.723E-27  1.268E-16  4.372E-17  8.310E-17
7.047E+02  7.019E-27  1.312E-16  4.533E-17  8.588E-17
6.982E+02  7.329E-27  1.357E-16  4.700E-17  8.875E-17
6.918E+02  7.653E-27  1.404E-16  4.873E-17  9.171E-17
6.855E+02  7.991E-27  1.453E-16  5.053E-17  9.478E-17
6.792E+02  8.345E-27  1.503E-16  5.239E-17  9.796E-17
6.730E+02  8.713E-27  1.555E-16  5.432E-17  1.012E-16
6.668E+02  9.098E-27  1.609E-16  5.632E-17  1.046E-16
6.607E+02  9.501E-27  1.665E-16  5.839E-17  1.081E-16
6.546E+02  9.922E-27  1.723E-16  6.055E-17  1.117E-16
6.486E+02  1.036E-26  1.783E-16  6.278E-17  1.155E-16
6.427E+02  1.082E-26  1.845E-16  6.509E-17  1.194E-16
6.368E+02  1.131E-26  1.910E-16  6.749E-17  1.235E-16
6.310E+02  1.181E-26  1.976E-16  6.998E-17  1.277E-16
6.252E+02  1.234E-26  2.046E-16  7.256E-17  1.320E-16
6.194E+02  1.289E-26  2.117E-16  7.524E-17  1.365E-16
6.138E+02  1.346E-26  2.192E-16  7.801E-17  1.411E-16
6.081E+02  1.406E-26  2.269E-16  8.089E-17  1.460E-16
6.026E+02  1.469E-26  2.348E-16  8.388E-17  1.510E-16
5.970E+02  1.535E-26  2.431E-16  8.697E-17  1.561E-16
5.916E+02  1.604E-26  2.517E-16  9.018E-17  1.615E-16
5.861E+02  1.676E-26  2.605E-16  9.351E-17  1.670E-16
5.808E+02  1.751E-26  2.697E-16  9.696E-17  1.728E-16
5.754E+02  1.829E-26  2.792E-16  1.005E-16  1.787E-16
5.702E+02  1.912E-26  2.891E-16  1.043E-16  1.849E-16
5.649E+02  1.998E-26  2.994E-16  1.081E-16  1.913E-16
5.598E+02  2.088E-26  3.100E-16  1.121E-16  1.979E-16
5.546E+02  2.182E-26  3.210E-16  1.162E-16  2.047E-16
5.495E+02  2.280E-26  3.324E-16  1.205E-16  2.118E-16
5.445E+02  2.383E-26  3.442E-16  1.250E-16  2.192E-16
5.395E+02  2.491E-26  3.564E-16  1.296E-16  2.268E-16
5.346E+02  2.603E-26  3.691E-16  1.344E-16  2.348E-16
5.297E+02  2.721E-26  3.823E-16  1.393E-16  2.430E-16
5.248E+02  2.844E-26  3.960E-16  1.445E-16  2.515E-16
5.200E+02  2.973E-26  4.101E-16  1.498E-16  2.603E-16
5.152E+02  3.108E-26  4.248E-16  1.554E-16  2.694E-16
5.105E+02  3.249E-26  4.400E-16  1.611E-16  2.789E-16
5.058E+02  3.397E-26  4.558E-16  1.670E-16  2.887E-16
5.012E+02  3.551E-26  4.721E-16  1.732E-16  2.989E-16
4.966E+02  3.713E-26  4.891E-16  1.796E-16  3.095E-16
4.920E+02  3.882E-26  5.067E-16  1.863E-16  3.204E-16
4.875E+02  4.059E-26  5.249E-16  1.931E-16  3.318E-16
4.831E+02  4.244E-26  5.438E-16  2.003E-16  3.436E-16
4.786E+02  4.438E-26  5.634E-16  2.077E-16  3.558E-16
4.742E+02  4.641E-26  5.838E-16  2.153E-16  3.684E-16
4.699E+02  4.853E-26  6.049E-16  2.233E-16  3.816E-16
4.656E+02  5.075E-26  6.268E-16  2.315E-16  3.952E-16
4.613E+02  5.307E-26  6.494E-16  2.401E-16  4.093E-16
4.571E+02  5.551E-26  6.730E-16  2.490E-16  4.240E-16
4.529E+02  5.805E-26  6.974E-16  2.582E-16  4.392E-16
4.487E+02  6.072E-26  7.227E-16  2.677E-16  4.550E-16
4.446E+02  6.350E-26  7.490E-16  2.776E-16  4.714E-16
4.406E+02  6.642E-26  7.762E-16  2.878E-16  4.884E-16
4.365E+02  6.948E-26  8.044E-16  2.985E-16  5.060E-16
4.325E+02  7.267E-26  8.338E-16  3.095E-16  5.243E-16
4.285E+02  7.602E-26  8.642E-16  3.209E-16  5.432E-16
4.246E+02  7.953E-26  8.957E-16  3.328E-16  5.629E-16
4.207E+02  8.320E-26  9.285E-16  3.451E-16  5.834E-16
4.169E+02  8.704E-26  9.624E-16  3.578E-16  6.046E-16
4.130E+02  9.106E-26  9.977E-16  3.710E-16  6.266E-16
4.093E+02  9.527E-26  1.034E-15  3.848E-16  6.495E-16
4.055E+02  9.968E-26  1.072E-15  3.990E-16  6.733E-16
4.018E+02  1.043E-25  1.112E-15  4.137E-16  6.979E-16
3.981E+02  1.091E-25  1.153E-15  4.290E-16  7.236E-16
3.945E+02  1.142E-25  1.195E-15  4.448E-16  7.502E-16
3.908E+02  1.195E-25  1.239E-15  4.612E-16  7.778E-16
3.873E+02  1.251E-25  1.285E-15  4.783E-16  8.065E-16
3.837E+02  1.309E-25  1.332E-15  4.959E-16  8.364E-16
3.802E+02  1.370E-25  1.382E-15  5.142E-16  8.673E-16
3.767E+02  1.434E-25  1.433E-15  5.332E-16  8.995E-16
3.733E+02  1.501E-25  1.486E-15  5.529E-16  9.329E-16
3.698E+02  1.571E-25  1.541E-15  5.733E-16  9.676E-16
3.664E+02  1.644E-25  1.598E-15  5.944E-16  1.004E-15
3.631E+02  1.721E-25  1.658E-15  6.164E-16  1.041E-15
3.597E+02  1.802E-25  1.719E-15  6.391E-16  1.080E-15
3.565E+02  1.886E-25  1.783E-15  6.627E-16  1.120E-15
3.532E+02  1.974E-25  1.850E-15  6.872E-16  1.163E-15
3.499E+02  2.067E-25  1.919E-15  7.125E-16  1.206E-15
3.467E+02  2.164E-25  1.990E-15  7.388E-16  1.252E-15
3.436E+02  2.266E-25  2.065E-15  7.660E-16  1.299E-15
3.404E+02  2.372E-25  2.142E-15  7.943E-16  1.348E-15
3.373E+02  2.484E-25  2.222E-15  8.236E-16  1.399E-15
3.342E+02  2.601E-25  2.305E-15  8.539E-16  1.451E-15
3.311E+02  2.723E-25  2.392E-15  8.854E-16  1.506E-15
3.281E+02  2.851E-25  2.482E-15  9.181E-16  1.564E-15
3.251E+02  2.986E-25  2.575E-15  9.519E-16  1.623E-15
3.221E+02  3.127E-25  2.672E-15  9.870E-16  1.685E-15
3.192E+02  3.275E-25  2.772E-15  1.023E-15  1.749E-15
3.162E+02  3.429E-25  2.877E-15  1.061E-15  1.816E-15
3.133E+02  3.592E-25  2.985E-15  1.100E-15  1.885E-15
3.105E+02  3.762E-25  3.098E-15  1.141E-15  1.957E-15
3.076E+02  3.940E-25  3.215E-15  1.183E-15  2.032E-15
3.048E+02  4.126E-25  3.336E-15  1.226E-15  2.110E-15
3.020E+02  4.322E-25  3.462E-15  1.271E-15  2.191E-15
2.992E+02  4.527E-25  3.593E-15  1.318E-15  2.275E-15
2.965E+02  4.742E-25  3.729E-15  1.367E-15  2.363E-15
2.938E+02  4.967E-25  3.871E-15  1.417E-15  2.454E-15
2.911E+02  5.203E-25  4.018E-15  1.469E-15  2.548E-15
2.884E+02  5.451E-25  4.170E-15  1.523E-15  2.647E-15
2.858E+02  5.710E-25  4.328E-15  1.579E-15  2.749E-15
2.831E+02  5.982E-25  4.493E-15  1.638E-15  2.856E-15
2.805E+02  6.267E-25  4.664E-15  1.698E-15  2.966E-15
2.780E+02  6.566E-25  4.842E-15  1.760E-15  3.081E-15
2.754E+02  6.880E-25  5.026E-15  1.825E-15  3.201E-15
2.729E+02  7.209E-25  5.218E-15  1.892E-15  3.326E-15
2.704E+02  7.554E-25  5.418E-15  1.962E-15  3.457E-15
2.679E+02  7.916E-25  5.626E-15  2.034E-15  3.592E-15
2.655E+02  8.296E-25  5.842E-15  2.108E-15  3.733E-15
2.630E+02  8.695E-25  6.066E-15  2.186E-15  3.880E-15
2.606E+02  9.113E-25  6.300E-15  2.266E-15  4.033E-15
2.582E+02  9.551E-25  6.542E-15  2.349E-15  4.193E-15
2.559E+02  1.001E-24  6.793E-15  2.436E-15  4.357E-15
2.535E+02  1.049E-24  7.053E-15  2.525E-15  4.528E-15
2.512E+02  1.099E-24  7.322E-15  2.618E-15  4.704E-15
2.489E+02  1.151E-24  7.597E-15  2.714E-15  4.883E-15
2.466E+02  1.204E-24  7.879E-15  2.814E-15  5.065E-15
2.443E+02  1.261E-24  8.170E-15  2.917E-15  5.253E-15
2.421E+02  1.319E-24  8.470E-15  3.024E-15  5.447E-15
2.399E+02  1.380E-24  8.780E-15  3.135E-15  5.645E-15
2.377E+02  1.443E-24  9.097E-15  3.250E-15  5.847E-15
2.355E+02  1.509E-24  9.425E-15  3.369E-15  6.057E-15
2.333E+02  1.578E-24  9.765E-15  3.492E-15  6.273E-15
2.312E+02  1.650E-24  1.012E-14  3.620E-15  6.497E-15
2.291E+02  1.725E-24  1.048E-14  3.753E-15  6.729E-15
2.270E+02  1.804E-24  1.086E-14  3.891E-15  6.969E-15
2.249E+02  1.886E-24  1.125E-14  4.033E-15  7.218E-15
2.228E+02  1.972E-24  1.166E-14  4.181E-15  7.476E-15
2.208E+02  2.062E-24  1.208E-14  4.334E-15  7.743E-15
2.188E+02  2.156E-24  1.251E-14  4.493E-15  8.020E-15
2.168E+02  2.254E-24  1.296E-14  4.657E-15  8.306E-15
2.148E+02  2.357E-24  1.343E-14  4.827E-15  8.602E-15
2.128E+02  2.465E-24  1.391E-14  5.004E-15  8.908E-15
2.109E+02  2.577E-24  1.441E-14  5.187E-15  9.226E-15
2.089E+02  2.694E-24  1.493E-14  5.377E-15  9.554E-15
2.070E+02  2.817E-24  1.547E-14  5.573E-15  9.894E-15
2.051E+02  2.945E-24  1.602E-14  5.777E-15  1.025E-14
2.032E+02  3.079E-24  1.660E-14  5.988E-15  1.061E-14
2.014E+02  3.219E-24  1.719E-14  6.207E-15  1.099E-14
1.995E+02  3.365E-24  1.781E-14  6.433E-15  1.138E-14
1.977E+02  3.518E-24  1.845E-14  6.668E-15  1.178E-14
1.959E+02  3.677E-24  1.911E-14  6.911E-15  1.220E-14
1.941E+02  3.844E-24  1.979E-14  7.164E-15  1.263E-14
1.923E+02  4.018E-24  2.050E-14  7.425E-15  1.307E-14
1.905E+02  4.200E-24  2.123E-14  7.696E-15  1.353E-14
1.888E+02  4.391E-24  2.199E-14  7.976E-15  1.401E-14
1.871E+02  4.590E-24  2.277E-14  8.267E-15  1.451E-14
1.854E+02  4.797E-24  2.359E-14  8.568E-15  1.502E-14
1.837E+02  5.014E-24  2.443E-14  8.881E-15  1.555E-14
1.820E+02  5.241E-24  2.530E-14  9.204E-15  1.609E-14
1.803E+02  5.478E-24  2.620E-14  9.539E-15  1.666E-14
1.786E+02  5.726E-24  2.713E-14  9.886E-15  1.725E-14
1.770E+02  5.985E-24  2.810E-14  1.025E-14  1.785E-14
1.754E+02  6.255E-24  2.910E-14  1.062E-14  1.848E-14
1.738E+02  6.537E-24  3.013E-14  1.101E-14  1.913E-14
1.722E+02  6.832E-24  3.120E-14  1.141E-14  1.980E-14
1.706E+02  7.138E-24  3.230E-14  1.182E-14  2.048E-14
1.690E+02  7.459E-24  3.345E-14  1.225E-14  2.120E-14
1.675E+02  7.796E-24  3.464E-14  1.269E-14  2.194E-14
1.660E+02  8.147E-24  3.586E-14  1.316E-14  2.271E-14
1.644E+02  8.514E-24  3.713E-14  1.363E-14  2.350E-14
1.629E+02  8.897E-24  3.845E-14  1.413E-14  2.432E-14
1.614E+02  9.297E-24  3.981E-14  1.464E-14  2.517E-14
1.600E+02  9.715E-24  4.122E-14  1.517E-14  2.605E-14
1.585E+02  1.015E-23  4.268E-14  1.572E-14  2.696E-14
1.570E+02  1.061E-23  4.419E-14  1.629E-14  2.790E-14
1.556E+02  1.108E-23  4.575E-14  1.688E-14  2.887E-14
1.542E+02  1.158E-23  4.736E-14  1.749E-14  2.987E-14
1.528E+02  1.210E-23  4.904E-14  1.813E-14  3.091E-14
1.514E+02  1.264E-23  5.077E-14  1.878E-14  3.198E-14
1.500E+02  1.320E-23  5.251E-14  1.946E-14  3.304E-14
1.486E+02  1.379E-23  5.434E-14  2.017E-14  3.418E-14
1.472E+02  1.441E-23  5.626E-14  2.090E-14  3.536E-14
1.459E+02  1.505E-23  5.824E-14  2.165E-14  3.659E-14
1.445E+02  1.573E-23  6.029E-14  2.244E-14  3.786E-14
1.432E+02  1.643E-23  6.241E-14  2.325E-14  3.917E-14
1.419E+02  1.716E-23  6.461E-14  2.409E-14  4.052E-14
1.406E+02  1.793E-23  6.688E-14  2.495E-14  4.193E-14
1.393E+02  1.873E-23  6.923E-14  2.586E-14  4.338E-14
1.380E+02  1.957E-23  7.166E-14  2.679E-14  4.487E-14
1.368E+02  2.045E-23  7.418E-14  2.775E-14  4.642E-14
1.355E+02  2.136E-23  7.678E-14  2.875E-14  4.802E-14
1.343E+02  2.231E-23  7.947E-14  2.979E-14  4.968E-14
1.330E+02  2.331E-23  8.225E-14  3.086E-14  5.138E-14
1.318E+02  2.429E-23  8.495E-14  3.198E-14  5.297E-14
1.306E+02  2.537E-23  8.791E-14  3.313E-14  5.479E-14
1.294E+02  2.649E-23  9.092E-14  3.432E-14  5.661E-14
1.282E+02  2.766E-23  9.410E-14  3.555E-14  5.855E-14
1.271E+02  2.889E-23  9.738E-14  3.683E-14  6.055E-14
1.259E+02  3.018E-23  1.008E-13  3.815E-14  6.262E-14
1.247E+02  3.152E-23  1.043E-13  3.953E-14  6.476E-14
1.236E+02  3.292E-23  1.079E-13  4.095E-14  6.697E-14
1.225E+02  3.438E-23  1.117E-13  4.241E-14  6.925E-14
1.213E+02  3.590E-23  1.156E-13  4.394E-14  7.161E-14
1.202E+02  3.749E-23  1.196E-13  4.551E-14  7.405E-14
1.191E+02  3.915E-23  1.237E-13  4.714E-14  7.657E-14
1.180E+02  4.088E-23  1.280E-13  4.883E-14  7.917E-14
1.169E+02  4.269E-23  1.324E-13  5.058E-14  8.185E-14
1.159E+02  4.458E-23  1.370E-13  5.239E-14  8.462E-14
1.148E+02  4.646E-23  1.415E-13  5.427E-14  8.723E-14
1.138E+02  4.845E-23  1.462E-13  5.621E-14  8.998E-14
1.127E+02  5.058E-23  1.512E-13  5.822E-14  9.302E-14
1.117E+02  5.279E-23  1.564E-13  6.030E-14  9.611E-14
1.107E+02  5.512E-23  1.618E-13  6.245E-14  9.935E-14
1.096E+02  5.755E-23  1.674E-13  6.468E-14  1.027E-13
1.086E+02  6.009E-23  1.732E-13  6.699E-14  1.062E-13
1.076E+02  6.273E-23  1.791E-13  6.938E-14  1.098E-13
1.067E+02  6.550E-23  1.853E-13  7.185E-14  1.135E-13
1.057E+02  6.838E-23  1.917E-13  7.441E-14  1.173E-13
1.047E+02  7.139E-23  1.983E-13  7.706E-14  1.212E-13
1.038E+02  7.452E-23  2.051E-13  7.981E-14  1.253E-13
1.028E+02  7.780E-23  2.121E-13  8.264E-14  1.295E-13
1.019E+02  8.120E-23  2.194E-13  8.558E-14  1.338E-13
1.009E+02  8.476E-23  2.269E-13  8.862E-14  1.383E-13
1.000E+02  8.847E-23  2.347E-13  9.176E-14  1.429E-13
9.908E+01  9.234E-23  2.427E-13  9.502E-14  1.477E-13
9.817E+01  9.637E-23  2.510E-13  9.839E-14  1.526E-13
9.727E+01  1.006E-22  2.595E-13  1.019E-13  1.577E-13
9.638E+01  1.048E-22  2.680E-13  1.055E-13  1.626E-13
9.550E+01  1.093E-22  2.769E-13  1.092E-13  1.677E-13
9.462E+01  1.141E-22  2.863E-13  1.131E-13  1.732E-13
9.376E+01  1.190E-22  2.960E-13  1.171E-13  1.790E-13
9.290E+01  1.242E-22  3.061E-13  1.212E-13  1.849E-13
9.204E+01  1.296E-22  3.165E-13  1.255E-13  1.910E-13
9.120E+01  1.352E-22  3.272E-13  1.299E-13  1.973E-13
9.036E+01  1.411E-22  3.382E-13  1.344E-13  2.038E-13
8.954E+01  1.472E-22  3.497E-13  1.392E-13  2.105E-13
8.872E+01  1.536E-22  3.615E-13  1.441E-13  2.174E-13
8.790E+01  1.603E-22  3.737E-13  1.491E-13  2.246E-13
8.710E+01  1.672E-22  3.863E-13  1.543E-13  2.320E-13
8.630E+01  1.744E-22  3.992E-13  1.598E-13  2.395E-13
8.551E+01  1.819E-22  4.127E-13  1.654E-13  2.473E-13
8.472E+01  1.898E-22  4.265E-13  1.711E-13  2.554E-13
8.395E+01  1.980E-22  4.408E-13  1.771E-13  2.637E-13
8.318E+01  2.065E-22  4.556E-13  1.833E-13  2.723E-13
8.241E+01  2.148E-22  4.695E-13  1.897E-13  2.798E-13
8.166E+01  2.240E-22  4.852E-13  1.963E-13  2.889E-13
8.091E+01  2.336E-22  5.014E-13  2.032E-13  2.983E-13
8.017E+01  2.437E-22  5.182E-13  2.102E-13  3.079E-13
7.943E+01  2.541E-22  5.354E-13  2.176E-13  3.179E-13
7.870E+01  2.650E-22  5.532E-13  2.251E-13  3.281E-13
7.798E+01  2.763E-22  5.715E-13  2.330E-13  3.386E-13
7.727E+01  2.881E-22  5.905E-13  2.410E-13  3.495E-13
7.656E+01  3.004E-22  6.101E-13  2.494E-13  3.607E-13
7.586E+01  3.133E-22  6.303E-13  2.580E-13  3.723E-13
7.516E+01  3.266E-22  6.512E-13  2.670E-13  3.843E-13
7.447E+01  3.405E-22  6.727E-13  2.762E-13  3.965E-13
7.379E+01  3.550E-22  6.949E-13  2.857E-13  4.092E-13
7.311E+01  3.699E-22  7.174E-13  2.956E-13  4.218E-13
7.244E+01  3.855E-22  7.408E-13  3.058E-13  4.350E-13
7.178E+01  4.018E-22  7.651E-13  3.163E-13  4.488E-13
7.112E+01  4.188E-22  7.901E-13  3.272E-13  4.629E-13
7.047E+01  4.365E-22  8.160E-13  3.384E-13  4.776E-13
6.982E+01  4.545E-22  8.418E-13  3.500E-13  4.917E-13
6.918E+01  4.737E-22  8.693E-13  3.620E-13  5.073E-13
6.855E+01  4.928E-22  8.961E-13  3.744E-13  5.217E-13
6.792E+01  5.135E-22  9.252E-13  3.872E-13  5.380E-13
6.730E+01  5.350E-22  9.550E-13  4.005E-13  5.546E-13
6.668E+01  5.575E-22  9.860E-13  4.141E-13  5.719E-13
6.607E+01  5.806E-22  1.018E-12  4.282E-13  5.893E-13
6.546E+01  6.049E-22  1.050E-12  4.428E-13  6.076E-13
6.486E+01  6.302E-22  1.084E-12  4.579E-13  6.264E-13
6.427E+01  6.565E-22  1.119E-12  4.734E-13  6.457E-13
6.368E+01  6.837E-22  1.155E-12  4.895E-13  6.655E-13
6.310E+01  7.122E-22  1.192E-12  5.061E-13  6.860E-13
6.252E+01  7.419E-22  1.230E-12  5.232E-13  7.071E-13
6.194E+01  7.720E-22  1.269E-12  5.409E-13  7.277E-13
6.138E+01  8.038E-22  1.309E-12  5.591E-13  7.495E-13
6.081E+01  8.371E-22  1.350E-12  5.779E-13  7.724E-13
6.026E+01  8.716E-22  1.393E-12  5.974E-13  7.958E-13
5.970E+01  9.076E-22  1.437E-12  6.174E-13  8.199E-13
5.916E+01  9.450E-22  1.483E-12  6.382E-13  8.447E-13
5.861E+01  9.838E-22  1.530E-12  6.595E-13  8.700E-13
5.808E+01  1.023E-21  1.576E-12  6.816E-13  8.947E-13
5.754E+01  1.065E-21  1.626E-12  7.044E-13  9.212E-13
5.702E+01  1.108E-21  1.676E-12  7.279E-13  9.481E-13
5.649E+01  1.153E-21  1.728E-12  7.521E-13  9.761E-13
5.598E+01  1.200E-21  1.781E-12  7.772E-13  1.004E-12
5.546E+01  1.248E-21  1.837E-12  8.030E-13  1.034E-12
5.495E+01  1.299E-21  1.894E-12  8.296E-13  1.064E-12
5.445E+01  1.352E-21  1.952E-12  8.571E-13  1.095E-12
5.395E+01  1.406E-21  2.013E-12  8.854E-13  1.127E-12
5.346E+01  1.463E-21  2.074E-12  9.146E-13  1.160E-12
5.297E+01  1.522E-21  2.138E-12  9.447E-13  1.193E-12
5.248E+01  1.583E-21  2.204E-12  9.758E-13  1.228E-12
5.200E+01  1.647E-21  2.271E-12  1.008E-12  1.263E-12
5.152E+01  1.711E-21  2.338E-12  1.041E-12  1.297E-12
5.105E+01  1.779E-21  2.409E-12  1.075E-12  1.334E-12
5.058E+01  1.849E-21  2.482E-12  1.110E-12  1.372E-12
5.012E+01  1.923E-21  2.556E-12  1.146E-12  1.410E-12
4.966E+01  1.999E-21  2.633E-12  1.183E-12  1.450E-12
4.920E+01  2.078E-21  2.712E-12  1.222E-12  1.490E-12
4.875E+01  2.160E-21  2.793E-12  1.262E-12  1.532E-12
4.831E+01  2.244E-21  2.875E-12  1.302E-12  1.573E-12
4.786E+01  2.332E-21  2.961E-12  1.344E-12  1.616E-12
4.742E+01  2.423E-21  3.048E-12  1.388E-12  1.661E-12
4.699E+01  2.518E-21  3.139E-12  1.432E-12  1.706E-12
4.656E+01  2.615E-21  3.230E-12  1.478E-12  1.752E-12
4.613E+01  2.717E-21  3.325E-12  1.526E-12  1.799E-12
4.571E+01  2.823E-21  3.422E-12  1.575E-12  1.848E-12
4.529E+01  2.931E-21  3.521E-12  1.625E-12  1.896E-12
4.487E+01  3.044E-21  3.624E-12  1.676E-12  1.947E-12
4.446E+01  3.162E-21  3.729E-12  1.730E-12  2.000E-12
4.406E+01  3.284E-21  3.837E-12  1.784E-12  2.053E-12
4.365E+01  3.410E-21  3.948E-12  1.841E-12  2.107E-12
4.325E+01  3.540E-21  4.061E-12  1.899E-12  2.163E-12
4.285E+01  3.674E-21  4.176E-12  1.959E-12  2.217E-12
4.246E+01  3.813E-21  4.295E-12  2.020E-12  2.275E-12
4.207E+01  3.958E-21  4.417E-12  2.083E-12  2.334E-12
4.169E+01  4.108E-21  4.542E-12  2.148E-12  2.394E-12
4.130E+01  4.263E-21  4.670E-12  2.215E-12  2.455E-12
4.093E+01  4.422E-21  4.800E-12  2.284E-12  2.516E-12
4.055E+01  4.587E-21  4.934E-12  2.355E-12  2.579E-12
4.018E+01  4.759E-21  5.072E-12  2.428E-12  2.644E-12
3.981E+01  4.935E-21  5.211E-12  2.503E-12  2.708E-12
3.945E+01  5.118E-21  5.355E-12  2.580E-12  2.775E-12
3.908E+01  5.307E-21  5.502E-12  2.659E-12  2.843E-12
3.873E+01  5.502E-21  5.652E-12  2.741E-12  2.911E-12
3.837E+01  5.704E-21  5.806E-12  2.825E-12  2.981E-12
3.802E+01  5.913E-21  5.963E-12  2.911E-12  3.052E-12
3.767E+01  6.129E-21  6.124E-12  3.000E-12  3.124E-12
3.733E+01  6.349E-21  6.286E-12  3.091E-12  3.195E-12
3.698E+01  6.576E-21  6.451E-12  3.185E-12  3.267E-12
3.664E+01  6.812E-21  6.621E-12  3.281E-12  3.340E-12
3.631E+01  7.056E-21  6.795E-12  3.380E-12  3.415E-12
3.597E+01  7.308E-21  6.973E-12  3.482E-12  3.491E-12
3.565E+01  7.568E-21  7.156E-12  3.587E-12  3.569E-12
3.532E+01  7.837E-21  7.342E-12  3.695E-12  3.647E-12
3.499E+01  8.115E-21  7.533E-12  3.806E-12  3.727E-12
3.467E+01  8.403E-21  7.729E-12  3.920E-12  3.809E-12
3.436E+01  8.701E-21  7.929E-12  4.038E-12  3.892E-12
3.404E+01  9.009E-21  8.134E-12  4.158E-12  3.976E-12
3.373E+01  9.327E-21  8.345E-12  4.283E-12  4.062E-12
3.342E+01  9.656E-21  8.560E-12  4.411E-12  4.149E-12
3.311E+01  9.999E-21  8.783E-12  4.543E-12  4.240E-12
3.281E+01  1.035E-20  9.012E-12  4.678E-12  4.333E-12
3.251E+01  1.072E-20  9.246E-12  4.818E-12  4.428E-12
3.221E+01  1.110E-20  9.486E-12  4.962E-12  4.524E-12
3.192E+01  1.149E-20  9.731E-12  5.110E-12  4.621E-12
3.162E+01  1.190E-20  9.984E-12  5.263E-12  4.721E-12
3.133E+01  1.232E-20  1.024E-11  5.420E-12  4.822E-12
3.105E+01  1.276E-20  1.051E-11  5.582E-12  4.925E-12
3.076E+01  1.321E-20  1.078E-11  5.749E-12  5.030E-12
3.048E+01  1.368E-20  1.106E-11  5.921E-12  5.137E-12
3.020E+01  1.416E-20  1.134E-11  6.098E-12  5.245E-12
2.992E+01  1.466E-20  1.164E-11  6.281E-12  5.355E-12
2.965E+01  1.518E-20  1.193E-11  6.470E-12  5.465E-12
2.938E+01  1.571E-20  1.224E-11  6.664E-12  5.576E-12
2.911E+01  1.626E-20  1.255E-11  6.865E-12  5.689E-12
2.884E+01  1.683E-20  1.288E-11  7.073E-12  5.803E-12
2.858E+01  1.742E-20  1.321E-11  7.287E-12  5.919E-12
2.831E+01  1.803E-20  1.355E-11  7.508E-12  6.037E-12
2.805E+01  1.867E-20  1.389E-11  7.737E-12  6.156E-12
2.780E+01  1.932E-20  1.425E-11  7.973E-12  6.276E-12
2.754E+01  2.000E-20  1.461E-11  8.217E-12  6.398E-12
2.729E+01  2.071E-20  1.499E-11  8.469E-12  6.523E-12
2.704E+01  2.144E-20  1.538E-11  8.729E-12  6.648E-12
2.679E+01  2.220E-20  1.577E-11  8.998E-12  6.775E-12
2.655E+01  2.298E-20  1.618E-11  9.277E-12  6.905E-12
2.630E+01  2.379E-20  1.660E-11  9.564E-12  7.035E-12
2.606E+01  2.463E-20  1.703E-11  9.862E-12  7.167E-12
2.582E+01  2.551E-20  1.747E-11  1.017E-11  7.301E-12
2.559E+01  2.641E-20  1.792E-11  1.049E-11  7.436E-12
2.535E+01  2.735E-20  1.839E-11  1.082E-11  7.572E-12
2.512E+01  2.832E-20  1.887E-11  1.116E-11  7.710E-12
2.489E+01  2.932E-20  1.936E-11  1.151E-11  7.848E-12
2.466E+01  3.036E-20  1.986E-11  1.188E-11  7.986E-12
2.443E+01  3.144E-20  2.038E-11  1.225E-11  8.125E-12
2.421E+01  3.255E-20  2.090E-11  1.264E-11  8.261E-12
2.399E+01  3.369E-20  2.144E-11  1.305E-11  8.394E-12
2.377E+01  3.488E-20  2.199E-11  1.346E-11  8.531E-12
2.355E+01  3.613E-20  2.257E-11  1.389E-11  8.679E-12
2.333E+01  3.742E-20  2.316E-11  1.434E-11  8.822E-12
2.312E+01  3.874E-20  2.376E-11  1.480E-11  8.954E-12
2.291E+01  4.010E-20  2.437E-11  1.528E-11  9.090E-12
2.270E+01  4.155E-20  2.502E-11  1.577E-11  9.242E-12
2.249E+01  4.307E-20  2.569E-11  1.629E-11  9.406E-12
2.228E+01  4.465E-20  2.639E-11  1.682E-11  9.578E-12
2.208E+01  4.628E-20  2.711E-11  1.736E-11  9.745E-12
2.188E+01  4.795E-20  2.782E-11  1.793E-11  9.895E-12
2.168E+01  4.965E-20  2.855E-11  1.851E-11  1.004E-11
2.148E+01  5.142E-20  2.930E-11  1.912E-11  1.018E-11
2.128E+01  5.328E-20  3.008E-11  1.975E-11  1.033E-11
2.109E+01  5.524E-20  3.089E-11  2.040E-11  1.050E-11
2.089E+01  5.725E-20  3.173E-11  2.107E-11  1.066E-11
2.070E+01  5.932E-20  3.258E-11  2.177E-11  1.081E-11
2.051E+01  6.147E-20  3.345E-11  2.249E-11  1.095E-11
2.032E+01  6.373E-20  3.435E-11  2.325E-11  1.110E-11
2.014E+01  6.616E-20  3.534E-11  2.404E-11  1.130E-11
1.995E+01  6.870E-20  3.636E-11  2.487E-11  1.149E-11
1.977E+01  7.135E-20  3.742E-11  2.575E-11  1.167E-11
1.959E+01  7.415E-20  3.853E-11  2.670E-11  1.183E-11
1.941E+01  7.721E-20  3.975E-11  2.779E-11  1.196E-11
1.923E+01  8.090E-20  4.127E-11  2.920E-11  1.206E-11
1.905E+01  8.644E-20  4.369E-11  3.156E-11  1.214E-11
1.888E+01  9.169E-20  4.592E-11  3.374E-11  1.218E-11
1.871E+01  9.126E-20  4.529E-11  3.311E-11  1.218E-11
1.854E+01  9.312E-20  4.578E-11  3.364E-11  1.214E-11
1.837E+01  9.644E-20  4.698E-11  3.491E-11  1.207E-11
1.820E+01  1.008E-19  4.868E-11  3.672E-11  1.196E-11
1.803E+01  1.072E-19  5.129E-11  3.947E-11  1.182E-11
1.786E+01  1.164E-19  5.516E-11  4.351E-11  1.165E-11
1.770E+01  1.209E-19  5.675E-11  4.530E-11  1.145E-11
1.754E+01  1.309E-19  6.090E-11  4.969E-11  1.121E-11
1.738E+01  1.507E-19  6.946E-11  5.851E-11  1.095E-11
1.722E+01  1.531E-19  6.992E-11  5.926E-11  1.067E-11
1.706E+01  1.584E-19  7.167E-11  6.129E-11  1.038E-11
1.690E+01  1.593E-19  7.142E-11  6.134E-11  1.008E-11
1.675E+01  1.573E-19  6.990E-11  6.014E-11  9.763E-12
1.660E+01  1.638E-19  7.213E-11  6.269E-11  9.434E-12
1.644E+01  1.919E-19  8.372E-11  7.462E-11  9.100E-12
1.629E+01  1.553E-19  6.714E-11  5.837E-11  8.764E-12
1.614E+01  1.417E-19  6.070E-11  5.226E-11  8.436E-12
1.600E+01  1.390E-19  5.897E-11  5.086E-11  8.113E-12
1.585E+01  1.384E-19  5.817E-11  5.037E-11  7.798E-12
1.570E+01  1.369E-19  5.703E-11  4.954E-11  7.490E-12
1.556E+01  1.371E-19  5.658E-11  4.939E-11  7.192E-12
1.542E+01  1.382E-19  5.650E-11  4.960E-11  6.905E-12
1.528E+01  1.398E-19  5.665E-11  5.002E-11  6.631E-12
1.514E+01  1.419E-19  5.696E-11  5.059E-11  6.370E-12
1.500E+01  1.444E-19  5.743E-11  5.131E-11  6.127E-12
1.486E+01  1.474E-19  5.810E-11  5.221E-11  5.890E-12
1.472E+01  1.512E-19  5.906E-11  5.339E-11  5.663E-12
1.459E+01  1.564E-19  6.053E-11  5.508E-11  5.448E-12
1.445E+01  1.646E-19  6.311E-11  5.785E-11  5.265E-12
1.432E+01  1.793E-19  6.812E-11  6.301E-11  5.113E-12
1.419E+01  1.964E-19  7.393E-11  6.893E-11  5.002E-12
1.406E+01  1.950E-19  7.273E-11  6.780E-11  4.934E-12
1.393E+01  1.977E-19  7.305E-11  6.813E-11  4.919E-12
1.380E+01  2.125E-19  7.782E-11  7.287E-11  4.945E-12
1.368E+01  2.401E-19  8.711E-11  8.209E-11  5.019E-12
1.355E+01  2.749E-19  9.884E-11  9.372E-11  5.120E-12
1.343E+01  2.903E-19  1.034E-10  9.817E-11  5.243E-12
1.330E+01  2.825E-19  9.971E-11  9.434E-11  5.371E-12
1.318E+01  2.827E-19  9.885E-11  9.334E-11  5.507E-12
1.306E+01  3.048E-19  1.056E-10  9.995E-11  5.640E-12
1.294E+01  3.561E-19  1.223E-10  1.165E-10  5.782E-12
1.282E+01  4.468E-19  1.520E-10  1.460E-10  5.945E-12
1.271E+01  5.638E-19  1.900E-10  1.839E-10  6.118E-12
1.259E+01  6.136E-19  2.049E-10  1.986E-10  6.294E-12
1.247E+01  5.507E-19  1.822E-10  1.757E-10  6.468E-12
1.236E+01  4.819E-19  1.580E-10  1.513E-10  6.639E-12
1.225E+01  4.649E-19  1.510E-10  1.442E-10  6.796E-12
1.213E+01  4.980E-19  1.603E-10  1.533E-10  6.972E-12
1.202E+01  5.423E-19  1.729E-10  1.658E-10  7.171E-12
1.191E+01  5.350E-19  1.690E-10  1.617E-10  7.370E-12
1.180E+01  4.967E-19  1.555E-10  1.479E-10  7.567E-12
1.169E+01  4.942E-19  1.533E-10  1.456E-10  7.754E-12
1.159E+01  5.699E-19  1.752E-10  1.673E-10  7.909E-12
1.148E+01  7.796E-19  2.374E-10  2.294E-10  8.059E-12
1.138E+01  1.135E-18  3.424E-10  3.342E-10  8.227E-12
1.127E+01  1.535E-18  4.590E-10  4.506E-10  8.404E-12
1.117E+01  1.110E-18  3.289E-10  3.203E-10  8.595E-12
1.107E+01  5.910E-19  1.735E-10  1.647E-10  8.788E-12
1.096E+01  4.195E-19  1.220E-10  1.130E-10  8.966E-12
1.086E+01  3.418E-19  9.850E-11  8.935E-11  9.154E-12
1.076E+01  3.024E-19  8.634E-11  7.697E-11  9.374E-12
1.067E+01  2.806E-19  7.940E-11  6.977E-11  9.624E-12
1.057E+01  2.617E-19  7.337E-11  6.347E-11  9.900E-12
1.047E+01  2.503E-19  6.953E-11  5.938E-11  1.015E-11
1.038E+01  2.438E-19  6.709E-11  5.675E-11  1.034E-11
1.028E+01  2.400E-19  6.545E-11  5.501E-11  1.044E-11
1.019E+01  2.381E-19  6.435E-11  5.388E-11  1.046E-11
1.009E+01  2.379E-19  6.368E-11  5.323E-11  1.045E-11
1.000E+01  2.390E-19  6.339E-11  5.297E-11  1.043E-11
9.908E+00  2.416E-19  6.349E-11  5.306E-11  1.043E-11
9.817E+00  2.455E-19  6.394E-11  5.350E-11  1.044E-11
9.727E+00  2.509E-19  6.474E-11  5.428E-11  1.046E-11
9.638E+00  2.578E-19  6.592E-11  5.546E-11  1.046E-11
9.550E+00  2.663E-19  6.746E-11  5.707E-11  1.039E-11
9.462E+00  2.766E-19  6.943E-11  5.921E-11  1.021E-11
9.376E+00  2.892E-19  7.193E-11  6.202E-11  9.917E-12
9.290E+00  3.051E-19  7.518E-11  6.570E-11  9.483E-12
9.204E+00  3.257E-19  7.951E-11  7.059E-11  8.928E-12
9.120E+00  3.535E-19  8.551E-11  7.723E-11  8.283E-12
9.036E+00  3.929E-19  9.417E-11  8.658E-11  7.590E-12
8.954E+00  4.516E-19  1.073E-10  1.004E-10  6.897E-12
8.872E+00  5.442E-19  1.281E-10  1.218E-10  6.247E-12
8.790E+00  6.962E-19  1.623E-10  1.567E-10  5.658E-12
8.710E+00  9.304E-19  2.149E-10  2.098E-10  5.141E-12
8.630E+00  1.158E-18  2.650E-10  2.603E-10  4.694E-12
8.551E+00  1.150E-18  2.608E-10  2.565E-10  4.303E-12
8.472E+00  1.017E-18  2.286E-10  2.246E-10  3.942E-12
8.395E+00  9.550E-19  2.127E-10  2.091E-10  3.583E-12
8.318E+00  9.661E-19  2.132E-10  2.100E-10  3.206E-12
8.241E+00  1.025E-18  2.240E-10  2.212E-10  2.814E-12
8.166E+00  1.150E-18  2.492E-10  2.467E-10  2.417E-12
8.091E+00  1.379E-18  2.961E-10  2.940E-10  2.062E-12
8.017E+00  1.742E-18  3.705E-10  3.688E-10  1.747E-12
7.943E+00  2.222E-18  4.683E-10  4.668E-10  1.476E-12
7.870E+00  2.659E-18  5.551E-10  5.539E-10  1.245E-12
7.798E+00  2.845E-18  5.886E-10  5.876E-10  1.051E-12
7.727E+00  2.905E-18  5.955E-10  5.946E-10  8.918E-13
7.656E+00  3.040E-18  6.174E-10  6.166E-10  7.638E-13
7.586E+00  3.002E-18  6.041E-10  6.035E-10  6.616E-13
7.516E+00  2.562E-18  5.108E-10  5.102E-10  5.837E-13
7.447E+00  2.047E-18  4.044E-10  4.039E-10  5.263E-13
7.379E+00  1.666E-18  3.261E-10  3.256E-10  4.825E-13
7.311E+00  1.401E-18  2.716E-10  2.712E-10  4.516E-13
7.244E+00  1.206E-18  2.318E-10  2.313E-10  4.278E-13
7.178E+00  1.057E-18  2.013E-10  2.009E-10  4.085E-13
7.112E+00  9.426E-19  1.778E-10  1.774E-10  3.945E-13
7.047E+00  8.583E-19  1.604E-10  1.601E-10  3.837E-13
6.982E+00  8.029E-19  1.487E-10  1.483E-10  3.737E-13
6.918E+00  7.759E-19  1.424E-10  1.420E-10  3.652E-13
6.855E+00  7.759E-19  1.411E-10  1.407E-10  3.573E-13
6.792E+00  7.954E-19  1.433E-10  1.430E-10  3.498E-13
6.730E+00  8.155E-19  1.456E-10  1.452E-10  3.427E-13
6.668E+00  8.128E-19  1.438E-10  1.434E-10  3.358E-13
6.607E+00  7.867E-19  1.379E-10  1.375E-10  3.289E-13
6.546E+00  7.662E-19  1.331E-10  1.327E-10  3.222E-13
6.486E+00  7.896E-19  1.359E-10  1.355E-10  3.155E-13
6.427E+00  9.020E-19  1.538E-10  1.535E-10  3.090E-13
6.368E+00  1.188E-18  2.007E-10  2.004E-10  3.024E-13
6.310E+00  1.827E-18  3.058E-10  3.055E-10  2.959E-13
6.252E+00  2.869E-18  4.758E-10  4.755E-10  2.895E-13
6.194E+00  2.932E-18  4.818E-10  4.815E-10  2.831E-13
6.138E+00  1.843E-18  3.001E-10  2.998E-10  2.765E-13
6.081E+00  1.108E-18  1.787E-10  1.784E-10  2.701E-13
6.026E+00  7.443E-19  1.190E-10  1.187E-10  2.640E-13
5.970E+00  5.598E-19  8.866E-11  8.840E-11  2.581E-13
5.916E+00  4.641E-19  7.283E-11  7.258E-11  2.524E-13
5.861E+00  4.231E-19  6.578E-11  6.553E-11  2.470E-13
5.808E+00  4.300E-19  6.625E-11  6.600E-11  2.418E-13
5.754E+00  4.862E-19  7.421E-11  7.397E-11  2.368E-13
5.702E+00  5.274E-19  7.976E-11  7.953E-11  2.321E-13
5.649E+00  4.479E-19  6.712E-11  6.690E-11  2.276E-13
5.598E+00  3.437E-19  5.103E-11  5.081E-11  2.233E-13
5.546E+00  2.795E-19  4.112E-11  4.090E-11  2.191E-13
5.495E+00  2.458E-19  3.583E-11  3.562E-11  2.152E-13
5.445E+00  2.320E-19  3.350E-11  3.329E-11  2.115E-13
5.395E+00  2.360E-19  3.378E-11  3.357E-11  2.079E-13
5.346E+00  2.631E-19  3.730E-11  3.710E-11  2.045E-13
5.297E+00  3.071E-19  4.314E-11  4.294E-11  2.012E-13
5.248E+00  3.019E-19  4.203E-11  4.183E-11  1.981E-13
5.200E+00  2.413E-19  3.329E-11  3.309E-11  1.951E-13
5.152E+00  1.939E-19  2.650E-11  2.631E-11  1.922E-13
5.105E+00  1.666E-19  2.256E-11  2.237E-11  1.895E-13
5.058E+00  1.503E-19  2.017E-11  1.998E-11  1.869E-13
5.012E+00  1.397E-19  1.858E-11  1.839E-11  1.844E-13
4.966E+00  1.322E-19  1.742E-11  1.724E-11  1.820E-13
4.920E+00  1.266E-19  1.653E-11  1.635E-11  1.797E-13
4.875E+00  1.222E-19  1.580E-11  1.562E-11  1.775E-13
4.831E+00  1.185E-19  1.519E-11  1.501E-11  1.754E-13
4.786E+00  1.155E-19  1.466E-11  1.449E-11  1.733E-13
4.742E+00  1.129E-19  1.420E-11  1.403E-11  1.713E-13
4.699E+00  1.106E-19  1.379E-11  1.362E-11  1.694E-13
4.656E+00  1.087E-19  1.342E-11  1.325E-11  1.675E-13
4.613E+00  1.069E-19  1.308E-11  1.292E-11  1.657E-13
4.571E+00  1.053E-19  1.277E-11  1.261E-11  1.639E-13
4.529E+00  1.039E-19  1.248E-11  1.232E-11  1.622E-13
4.487E+00  1.026E-19  1.222E-11  1.206E-11  1.605E-13
4.446E+00  1.015E-19  1.197E-11  1.181E-11  1.589E-13
4.406E+00  1.004E-19  1.173E-11  1.158E-11  1.573E-13
4.365E+00  9.945E-20  1.152E-11  1.136E-11  1.558E-13
4.325E+00  9.857E-20  1.131E-11  1.115E-11  1.543E-13
4.285E+00  9.778E-20  1.111E-11  1.096E-11  1.528E-13
4.246E+00  9.705E-20  1.093E-11  1.078E-11  1.513E-13
4.207E+00  9.640E-20  1.076E-11  1.061E-11  1.499E-13
4.169E+00  9.581E-20  1.059E-11  1.045E-11  1.485E-13
4.130E+00  9.529E-20  1.044E-11  1.029E-11  1.471E-13
4.093E+00  9.483E-20  1.029E-11  1.015E-11  1.456E-13
4.055E+00  9.443E-20  1.016E-11  1.001E-11  1.441E-13
4.018E+00  9.411E-20  1.003E-11  9.888E-12  1.427E-13
3.981E+00  9.387E-20  9.913E-12  9.771E-12  1.412E-13
3.945E+00  9.371E-20  9.805E-12  9.666E-12  1.398E-13
3.908E+00  9.365E-20  9.709E-12  9.571E-12  1.383E-13
3.873E+00  9.371E-20  9.626E-12  9.489E-12  1.369E-13
3.837E+00  9.391E-20  9.558E-12  9.423E-12  1.355E-13
3.802E+00  9.428E-20  9.508E-12  9.374E-12  1.342E-13
3.767E+00  9.487E-20  9.480E-12  9.347E-12  1.328E-13
3.733E+00  9.573E-20  9.478E-12  9.346E-12  1.315E-13
3.698E+00  9.695E-20  9.511E-12  9.381E-12  1.301E-13
3.664E+00  9.865E-20  9.589E-12  9.460E-12  1.288E-13
3.631E+00  1.010E-19  9.730E-12  9.602E-12  1.275E-13
3.597E+00  1.044E-19  9.959E-12  9.833E-12  1.262E-13
3.565E+00  1.091E-19  1.032E-11  1.019E-11  1.249E-13
3.532E+00  1.161E-19  1.088E-11  1.076E-11  1.236E-13
3.499E+00  1.268E-19  1.177E-11  1.165E-11  1.223E-13
3.467E+00  1.441E-19  1.325E-11  1.313E-11  1.210E-13
3.436E+00  1.744E-19  1.589E-11  1.577E-11  1.197E-13
3.404E+00  2.342E-19  2.115E-11  2.103E-11  1.185E-13
3.373E+00  3.770E-19  3.373E-11  3.361E-11  1.172E-13
3.342E+00  8.501E-19  7.536E-11  7.524E-11  1.159E-13
3.311E+00  3.195E-18  2.806E-10  2.805E-10  1.146E-13
3.281E+00  2.182E-18  1.899E-10  1.898E-10  1.133E-13
3.251E+00  6.273E-19  5.409E-11  5.398E-11  1.120E-13
3.221E+00  3.026E-19  2.585E-11  2.574E-11  1.106E-13
3.192E+00  1.951E-19  1.652E-11  1.641E-11  1.093E-13
3.162E+00  1.475E-19  1.238E-11  1.227E-11  1.079E-13
3.133E+00  1.225E-19  1.018E-11  1.007E-11  1.066E-13
3.105E+00  1.076E-19  8.861E-12  8.756E-12  1.053E-13
3.076E+00  9.799E-20  7.995E-12  7.891E-12  1.041E-13
3.048E+00  9.134E-20  7.385E-12  7.282E-12  1.029E-13
3.020E+00  8.650E-20  6.930E-12  6.828E-12  1.017E-13
2.992E+00  8.282E-20  6.573E-12  6.473E-12  1.005E-13
2.965E+00  7.990E-20  6.284E-12  6.185E-12  9.934E-14
2.938E+00  7.752E-20  6.041E-12  5.942E-12  9.816E-14
2.911E+00  7.552E-20  5.831E-12  5.734E-12  9.699E-14
2.884E+00  7.379E-20  5.645E-12  5.549E-12  9.583E-14
2.858E+00  7.227E-20  5.478E-12  5.384E-12  9.468E-14
2.831E+00  7.091E-20  5.326E-12  5.232E-12  9.353E-14
2.805E+00  6.966E-20  5.184E-12  5.092E-12  9.239E-14
2.780E+00  6.851E-20  5.052E-12  4.961E-12  9.126E-14
2.754E+00  6.744E-20  4.927E-12  4.837E-12  9.014E-14
2.729E+00  6.642E-20  4.808E-12  4.719E-12  8.902E-14
2.704E+00  6.545E-20  4.694E-12  4.606E-12  8.791E-14
2.679E+00  6.451E-20  4.585E-12  4.498E-12  8.680E-14
2.655E+00  6.361E-20  4.479E-12  4.394E-12  8.571E-14
2.630E+00  6.273E-20  4.377E-12  4.292E-12  8.462E-14
2.606E+00  6.188E-20  4.277E-12  4.194E-12  8.354E-14
2.582E+00  6.103E-20  4.181E-12  4.098E-12  8.247E-14
2.559E+00  6.021E-20  4.086E-12  4.005E-12  8.140E-14
2.535E+00  5.939E-20  3.994E-12  3.914E-12  8.035E-14
2.512E+00  5.859E-20  3.904E-12  3.824E-12  7.930E-14
2.489E+00  5.779E-20  3.815E-12  3.737E-12  7.826E-14
2.466E+00  5.699E-20  3.728E-12  3.651E-12  7.724E-14
2.443E+00  5.619E-20  3.642E-12  3.566E-12  7.622E-14
2.421E+00  5.540E-20  3.558E-12  3.483E-12  7.522E-14
2.399E+00  5.463E-20  3.476E-12  3.402E-12  7.421E-14
2.377E+00  5.386E-20  3.396E-12  3.322E-12  7.321E-14
2.355E+00  5.310E-20  3.317E-12  3.245E-12  7.221E-14
2.333E+00  5.234E-20  3.240E-12  3.168E-12  7.122E-14
2.312E+00  5.158E-20  3.164E-12  3.093E-12  7.024E-14
2.291E+00  5.083E-20  3.089E-12  3.020E-12  6.925E-14
2.270E+00  5.009E-20  3.016E-12  2.947E-12  6.828E-14
2.249E+00  4.934E-20  2.943E-12  2.876E-12  6.731E-14
2.228E+00  4.859E-20  2.872E-12  2.806E-12  6.634E-14
2.208E+00  4.784E-20  2.802E-12  2.737E-12  6.538E-14
2.188E+00  4.708E-20  2.732E-12  2.668E-12  6.443E-14
2.168E+00  4.632E-20  2.664E-12  2.600E-12  6.349E-14
2.148E+00  4.555E-20  2.595E-12  2.533E-12  6.255E-14
2.128E+00  4.476E-20  2.527E-12  2.465E-12  6.163E-14
2.109E+00  4.396E-20  2.459E-12  2.398E-12  6.071E-14
2.089E+00  4.312E-20  2.390E-12  2.330E-12  5.980E-14
2.070E+00  4.225E-20  2.320E-12  2.261E-12  5.889E-14
2.051E+00  4.134E-20  2.249E-12  2.191E-12  5.799E-14
2.032E+00  4.037E-20  2.177E-12  2.119E-12  5.710E-14
2.014E+00  3.933E-20  2.101E-12  2.045E-12  5.621E-14
1.995E+00  3.821E-20  2.023E-12  1.967E-12  5.533E-14
1.977E+00  3.701E-20  1.941E-12  1.886E-12  5.445E-14
1.959E+00  3.576E-20  1.858E-12  1.804E-12  5.359E-14
1.941E+00  3.454E-20  1.778E-12  1.725E-12  5.273E-14
1.923E+00  3.353E-20  1.710E-12  1.658E-12  5.187E-14
1.905E+00  3.290E-20  1.663E-12  1.612E-12  5.103E-14
1.888E+00  3.271E-20  1.638E-12  1.588E-12  5.019E-14
1.871E+00  3.283E-20  1.629E-12  1.580E-12  4.935E-14
1.854E+00  3.306E-20  1.625E-12  1.577E-12  4.853E-14
1.837E+00  3.322E-20  1.619E-12  1.571E-12  4.771E-14
1.820E+00  3.328E-20  1.606E-12  1.559E-12  4.690E-14
1.803E+00  3.321E-20  1.588E-12  1.542E-12  4.610E-14
1.786E+00  3.304E-20  1.566E-12  1.520E-12  4.531E-14
1.770E+00  3.279E-20  1.540E-12  1.495E-12  4.453E-14
1.754E+00  3.249E-20  1.511E-12  1.468E-12  4.376E-14
1.738E+00  3.215E-20  1.482E-12  1.439E-12  4.300E-14
1.722E+00  3.178E-20  1.452E-12  1.409E-12  4.225E-14
1.706E+00  3.140E-20  1.421E-12  1.379E-12  4.151E-14
1.690E+00  3.100E-20  1.390E-12  1.349E-12  4.077E-14
1.675E+00  3.061E-20  1.360E-12  1.320E-12  4.005E-14
1.660E+00  3.021E-20  1.330E-12  1.291E-12  3.933E-14
1.644E+00  2.981E-20  1.300E-12  1.262E-12  3.861E-14
1.629E+00  2.942E-20  1.272E-12  1.234E-12  3.790E-14
1.614E+00  2.904E-20  1.243E-12  1.206E-12  3.720E-14
1.600E+00  2.867E-20  1.216E-12  1.180E-12  3.651E-14
1.585E+00  2.831E-20  1.190E-12  1.154E-12  3.582E-14
1.570E+00  2.797E-20  1.165E-12  1.130E-12  3.514E-14
1.556E+00  2.765E-20  1.141E-12  1.107E-12  3.446E-14
1.542E+00  2.735E-20  1.119E-12  1.085E-12  3.380E-14
1.528E+00  2.708E-20  1.097E-12  1.064E-12  3.313E-14
1.514E+00  2.684E-20  1.077E-12  1.045E-12  3.248E-14
1.500E+00  2.663E-20  1.059E-12  1.027E-12  3.183E-14
1.486E+00  2.645E-20  1.043E-12  1.012E-12  3.119E-14
1.472E+00  2.633E-20  1.028E-12  9.976E-13  3.055E-14
1.459E+00  2.625E-20  1.016E-12  9.858E-13  2.993E-14
1.445E+00  2.623E-20  1.006E-12  9.765E-13  2.931E-14
1.432E+00  2.629E-20  9.987E-13  9.700E-13  2.870E-14
1.419E+00  2.642E-20  9.946E-13  9.665E-13  2.810E-14
1.406E+00  2.666E-20  9.943E-13  9.668E-13  2.750E-14
1.393E+00  2.701E-20  9.981E-13  9.712E-13  2.692E-14
1.380E+00  2.750E-20  1.007E-12  9.806E-13  2.634E-14
1.368E+00  2.815E-20  1.021E-12  9.957E-13  2.576E-14
1.355E+00  2.900E-20  1.042E-12  1.017E-12  2.520E-14
1.343E+00  3.006E-20  1.071E-12  1.046E-12  2.463E-14
1.330E+00  3.134E-20  1.106E-12  1.082E-12  2.408E-14
1.318E+00  3.282E-20  1.148E-12  1.124E-12  2.354E-14
1.306E+00  3.440E-20  1.192E-12  1.169E-12  2.300E-14
1.294E+00  3.588E-20  1.232E-12  1.209E-12  2.247E-14
1.282E+00  3.692E-20  1.256E-12  1.234E-12  2.195E-14
1.271E+00  3.714E-20  1.252E-12  1.230E-12  2.144E-14
1.259E+00  3.623E-20  1.210E-12  1.189E-12  2.094E-14
1.247E+00  3.425E-20  1.133E-12  1.113E-12  2.045E-14
1.236E+00  3.154E-20  1.034E-12  1.014E-12  1.997E-14
1.225E+00  2.859E-20  9.287E-13  9.092E-13  1.950E-14
1.213E+00  2.581E-20  8.306E-13  8.115E-13  1.904E-14
1.202E+00  2.340E-20  7.461E-13  7.275E-13  1.858E-14
1.191E+00  2.143E-20  6.771E-13  6.590E-13  1.813E-14
1.180E+00  1.989E-20  6.227E-13  6.050E-13  1.768E-14
1.169E+00  1.873E-20  5.811E-13  5.639E-13  1.725E-14
1.159E+00  1.792E-20  5.508E-13  5.340E-13  1.682E-14
1.148E+00  1.742E-20  5.307E-13  5.143E-13  1.640E-14
1.138E+00  1.724E-20  5.203E-13  5.043E-13  1.598E-14
1.127E+00  1.740E-20  5.203E-13  5.048E-13  1.557E-14
1.117E+00  1.797E-20  5.325E-13  5.173E-13  1.517E-14
1.107E+00  1.908E-20  5.600E-13  5.453E-13  1.478E-14
1.096E+00  2.093E-20  6.087E-13  5.943E-13  1.439E-14
1.086E+00  2.382E-20  6.866E-13  6.726E-13  1.401E-14
1.076E+00  2.806E-20  8.013E-13  7.876E-13  1.364E-14
1.067E+00  3.338E-20  9.445E-13  9.312E-13  1.327E-14
1.057E+00  3.762E-20  1.054E-12  1.042E-12  1.291E-14
1.047E+00  3.680E-20  1.022E-12  1.010E-12  1.256E-14
1.038E+00  3.063E-20  8.429E-13  8.307E-13  1.221E-14
1.028E+00  2.338E-20  6.375E-13  6.256E-13  1.187E-14
1.019E+00  1.775E-20  4.797E-13  4.681E-13  1.154E-14
1.009E+00  1.394E-20  3.731E-13  3.619E-13  1.122E-14
1.000E+00  1.140E-20  3.023E-13  2.914E-13  1.090E-14
