Dust emission spectrum from Draine,B.T., & Li, A. (2007), ApJ, in press [astro-ph/0608003]
==========================================================
         7 = grain model
 4.000E-08 4.000E-01 4.500E-05 = a_01 (cm) , sigma_1 , b_C1
 2.000E-07 5.500E-01 1.500E-05 = a_02 (cm) , sigma_2 , b_C2
 1.000E+03 1.000E+03 1.000E+00 = Umin , Umax, beta (dN/dU propto U^{-beta})
 1.000E+03 = <U>       mmp83 = radfield
 0.000E+00 2.000E-07 = a_{min} (cm), a_{max} (cm)
 1.047E-21 1.015E-21 3.189E-23 = P(tot)  P(carb)  P(sil) (erg s-1 H-1)
 band     <nu*P_nu> <j_nu(tot)><j_nu(carb)><j_nu(sil)>
 (um)   (erg s-1 H-1)(Jy/(sr*H))(Jy/(sr*H))(Jy/(sr*H))
1.270E+00  1.847E-23  6.221E-16  6.020E-16  2.007E-17 COBE-DIRBE
2.220E+00  2.360E-23  1.390E-15  1.327E-15  6.296E-17 COBE-DIRBE
3.530E+00  1.536E-22  1.438E-14  1.427E-14  1.157E-16 COBE-DIRBE
4.880E+00  6.928E-23  8.968E-15  8.810E-15  1.585E-16 COBE-DIRBE
1.229E+01  5.928E-22  1.932E-13  1.886E-13  4.642E-15 COBE-DIRBE
2.079E+01  2.737E-22  1.509E-13  1.403E-13  1.068E-14 COBE-DIRBE
5.599E+01  2.537E-23  3.769E-14  2.931E-14  8.374E-15 COBE-DIRBE
9.770E+01  4.269E-24  1.106E-14  7.419E-15  3.644E-15 COBE-DIRBE
1.479E+02  9.937E-25  3.898E-15  2.275E-15  1.624E-15 COBE-DIRBE
2.479E+02  1.364E-25  8.968E-16  4.338E-16  4.630E-16 COBE-DIRBE
1.200E+01  6.619E-22  2.107E-13  2.062E-13  4.543E-15 IRAS
2.500E+01  2.045E-22  1.356E-13  1.234E-13  1.224E-14 IRAS
6.000E+01  2.297E-23  3.656E-14  2.837E-14  8.185E-15 IRAS
1.000E+02  3.849E-24  1.021E-14  6.776E-15  3.435E-15 IRAS
3.550E+00  1.786E-22  1.682E-14  1.670E-14  1.166E-16 SST-IRAC
4.493E+00  5.033E-23  5.998E-15  5.852E-15  1.463E-16 SST-IRAC
5.731E+00  4.036E-22  6.135E-14  6.116E-14  1.971E-16 SST-IRAC
7.872E+00  9.862E-22  2.059E-13  2.043E-13  1.678E-15 SST-IRAC
2.368E+01  1.717E-22  1.079E-13  9.673E-14  1.115E-14 SST-MIPS
7.142E+01  1.050E-23  1.990E-14  1.442E-14  5.472E-15 SST-MIPS
1.559E+02  7.010E-25  2.899E-15  1.623E-15  1.275E-15 SST-MIPS
1.600E+01  4.117E-22  1.747E-13  1.689E-13  5.856E-15 SST-IRSPU
2.200E+01  2.043E-22  1.192E-13  1.080E-13  1.126E-14 SST-IRSPU
7.500E+01  9.080E-24  1.806E-14  1.308E-14  4.980E-15 Herschel-PACS
1.100E+02  2.621E-24  7.646E-15  5.029E-15  2.617E-15 Herschel-PACS
1.700E+02  5.403E-25  2.436E-15  1.370E-15  1.067E-15 Herschel-PACS
2.500E+02  1.074E-25  7.120E-16  3.359E-16  3.761E-16 Herschel-SPIRE
3.600E+02  2.099E-26  2.005E-16  8.829E-17  1.122E-16 Herschel-SPIRE
5.200E+02  4.086E-27  5.636E-17  2.316E-17  3.320E-17 Herschel-SPIRE
2.400E+00  2.611E-23  1.662E-15  1.593E-15  6.989E-17 Akari IRC NIR N2
3.200E+00  1.173E-22  9.960E-15  9.856E-15  1.033E-16 Akari IRC NIR N3
4.100E+00  5.764E-23  6.269E-15  6.135E-15  1.341E-16 Akari IRC NIR N4
7.000E+00  1.119E-21  2.077E-13  2.071E-13  6.004E-16 Akari IRC MIR-S S7
9.000E+00  7.919E-22  1.891E-13  1.858E-13  3.229E-15 Akari IRC MIR-S S9W
1.100E+01  6.010E-22  1.754E-13  1.703E-13  5.046E-15 Akari IRC MIR-S S11
1.500E+01  4.317E-22  1.718E-13  1.661E-13  5.640E-15 Akari IRC MIR-L L15
1.800E+01  3.066E-22  1.464E-13  1.381E-13  8.287E-15 Akari IRC MIR-L L18W
2.400E+01  1.880E-22  1.197E-13  1.077E-13  1.198E-14 Akari IRC MIR-L L24
6.500E+01  1.460E-23  2.518E-14  1.863E-14  6.545E-15 Akari FIS N60
8.000E+01  7.178E-24  1.523E-14  1.078E-14  4.457E-15 Akari FIS WIDE-S
1.400E+02  9.649E-25  3.583E-15  2.078E-15  1.506E-15 Akari FIS WIDE-L
1.600E+02  6.213E-25  2.637E-15  1.450E-15  1.186E-15 Akari FIS N160
 
 
 
 


lambda    nu*dP/dnu     j_nu    j_nu(carb.) j_nu(sil)
 (um)    (erg/(s*H)) (Jy/(sr*H) (Jy/(sr*H)) (Jy/(sr*H)
1.000E+04  1.343E-32  3.562E-21  8.563E-22  2.705E-21
9.908E+03  1.392E-32  3.658E-21  8.802E-22  2.778E-21
9.817E+03  1.442E-32  3.756E-21  9.048E-22  2.852E-21
9.727E+03  1.495E-32  3.857E-21  9.301E-22  2.927E-21
9.638E+03  1.549E-32  3.961E-21  9.560E-22  3.005E-21
9.550E+03  1.606E-32  4.068E-21  9.827E-22  3.085E-21
9.462E+03  1.664E-32  4.178E-21  1.010E-21  3.168E-21
9.376E+03  1.725E-32  4.290E-21  1.038E-21  3.252E-21
9.290E+03  1.788E-32  4.406E-21  1.067E-21  3.338E-21
9.204E+03  1.853E-32  4.525E-21  1.097E-21  3.427E-21
9.120E+03  1.921E-32  4.646E-21  1.128E-21  3.519E-21
9.036E+03  1.991E-32  4.772E-21  1.159E-21  3.612E-21
8.954E+03  2.063E-32  4.900E-21  1.192E-21  3.708E-21
8.872E+03  2.138E-32  5.031E-21  1.225E-21  3.806E-21
8.790E+03  2.215E-32  5.165E-21  1.259E-21  3.906E-21
8.710E+03  2.296E-32  5.303E-21  1.294E-21  4.009E-21
8.630E+03  2.379E-32  5.445E-21  1.330E-21  4.115E-21
8.551E+03  2.465E-32  5.591E-21  1.367E-21  4.224E-21
8.472E+03  2.555E-32  5.742E-21  1.406E-21  4.336E-21
8.395E+03  2.648E-32  5.896E-21  1.445E-21  4.451E-21
8.318E+03  2.744E-32  6.054E-21  1.485E-21  4.569E-21
8.241E+03  2.844E-32  6.217E-21  1.526E-21  4.690E-21
8.166E+03  2.947E-32  6.384E-21  1.569E-21  4.815E-21
8.091E+03  3.055E-32  6.556E-21  1.613E-21  4.943E-21
8.017E+03  3.166E-32  6.733E-21  1.658E-21  5.075E-21
7.943E+03  3.281E-32  6.914E-21  1.704E-21  5.210E-21
7.870E+03  3.401E-32  7.101E-21  1.752E-21  5.349E-21
7.798E+03  3.525E-32  7.292E-21  1.801E-21  5.492E-21
7.727E+03  3.654E-32  7.489E-21  1.851E-21  5.639E-21
7.656E+03  3.788E-32  7.692E-21  1.902E-21  5.789E-21
7.586E+03  3.926E-32  7.900E-21  1.956E-21  5.944E-21
7.516E+03  4.070E-32  8.114E-21  2.010E-21  6.104E-21
7.447E+03  4.219E-32  8.334E-21  2.066E-21  6.267E-21
7.379E+03  4.373E-32  8.559E-21  2.124E-21  6.435E-21
7.311E+03  4.533E-32  8.792E-21  2.183E-21  6.608E-21
7.244E+03  4.699E-32  9.030E-21  2.244E-21  6.786E-21
7.178E+03  4.872E-32  9.276E-21  2.307E-21  6.969E-21
7.112E+03  5.050E-32  9.528E-21  2.372E-21  7.156E-21
7.047E+03  5.236E-32  9.787E-21  2.438E-21  7.349E-21
6.982E+03  5.428E-32  1.005E-20  2.506E-21  7.547E-21
6.918E+03  5.627E-32  1.033E-20  2.576E-21  7.750E-21
6.855E+03  5.833E-32  1.061E-20  2.648E-21  7.959E-21
6.792E+03  6.048E-32  1.090E-20  2.722E-21  8.174E-21
6.730E+03  6.270E-32  1.119E-20  2.798E-21  8.394E-21
6.668E+03  6.500E-32  1.150E-20  2.877E-21  8.621E-21
6.607E+03  6.739E-32  1.181E-20  2.957E-21  8.854E-21
6.546E+03  6.987E-32  1.213E-20  3.040E-21  9.094E-21
6.486E+03  7.245E-32  1.247E-20  3.125E-21  9.340E-21
6.427E+03  7.512E-32  1.281E-20  3.213E-21  9.593E-21
6.368E+03  7.789E-32  1.316E-20  3.303E-21  9.854E-21
6.310E+03  8.076E-32  1.352E-20  3.396E-21  1.012E-20
6.252E+03  8.374E-32  1.389E-20  3.491E-21  1.040E-20
6.194E+03  8.684E-32  1.427E-20  3.589E-21  1.068E-20
6.138E+03  9.005E-32  1.466E-20  3.690E-21  1.097E-20
6.081E+03  9.338E-32  1.506E-20  3.793E-21  1.127E-20
6.026E+03  9.683E-32  1.548E-20  3.900E-21  1.158E-20
5.970E+03  1.004E-31  1.590E-20  4.009E-21  1.189E-20
5.916E+03  1.041E-31  1.634E-20  4.122E-21  1.222E-20
5.861E+03  1.080E-31  1.679E-20  4.238E-21  1.255E-20
5.808E+03  1.120E-31  1.726E-20  4.358E-21  1.290E-20
5.754E+03  1.162E-31  1.773E-20  4.480E-21  1.325E-20
5.702E+03  1.205E-31  1.822E-20  4.607E-21  1.362E-20
5.649E+03  1.250E-31  1.873E-20  4.737E-21  1.399E-20
5.598E+03  1.296E-31  1.924E-20  4.870E-21  1.437E-20
5.546E+03  1.344E-31  1.978E-20  5.008E-21  1.477E-20
5.495E+03  1.394E-31  2.033E-20  5.149E-21  1.518E-20
5.445E+03  1.446E-31  2.089E-20  5.295E-21  1.560E-20
5.395E+03  1.500E-31  2.147E-20  5.445E-21  1.603E-20
5.346E+03  1.556E-31  2.207E-20  5.599E-21  1.647E-20
5.297E+03  1.614E-31  2.268E-20  5.757E-21  1.692E-20
5.248E+03  1.675E-31  2.331E-20  5.921E-21  1.739E-20
5.200E+03  1.737E-31  2.396E-20  6.089E-21  1.787E-20
5.152E+03  1.802E-31  2.463E-20  6.262E-21  1.837E-20
5.105E+03  1.870E-31  2.532E-20  6.439E-21  1.888E-20
5.058E+03  1.940E-31  2.603E-20  6.623E-21  1.940E-20
5.012E+03  2.012E-31  2.675E-20  6.811E-21  1.994E-20
4.966E+03  2.088E-31  2.750E-20  7.005E-21  2.050E-20
4.920E+03  2.166E-31  2.827E-20  7.205E-21  2.107E-20
4.875E+03  2.247E-31  2.906E-20  7.410E-21  2.165E-20
4.831E+03  2.332E-31  2.988E-20  7.622E-21  2.225E-20
4.786E+03  2.419E-31  3.071E-20  7.839E-21  2.288E-20
4.742E+03  2.510E-31  3.158E-20  8.064E-21  2.351E-20
4.699E+03  2.605E-31  3.247E-20  8.295E-21  2.417E-20
4.656E+03  2.703E-31  3.338E-20  8.532E-21  2.485E-20
4.613E+03  2.805E-31  3.432E-20  8.777E-21  2.554E-20
4.571E+03  2.910E-31  3.529E-20  9.029E-21  2.626E-20
4.529E+03  3.020E-31  3.628E-20  9.288E-21  2.699E-20
4.487E+03  3.134E-31  3.731E-20  9.556E-21  2.775E-20
4.446E+03  3.253E-31  3.836E-20  9.831E-21  2.853E-20
4.406E+03  3.376E-31  3.945E-20  1.011E-20  2.934E-20
4.365E+03  3.504E-31  4.057E-20  1.041E-20  3.016E-20
4.325E+03  3.636E-31  4.172E-20  1.071E-20  3.101E-20
4.285E+03  3.774E-31  4.291E-20  1.102E-20  3.189E-20
4.246E+03  3.918E-31  4.413E-20  1.133E-20  3.279E-20
4.207E+03  4.066E-31  4.538E-20  1.166E-20  3.372E-20
4.169E+03  4.221E-31  4.667E-20  1.200E-20  3.467E-20
4.130E+03  4.381E-31  4.801E-20  1.235E-20  3.565E-20
4.093E+03  4.548E-31  4.938E-20  1.271E-20  3.667E-20
4.055E+03  4.722E-31  5.079E-20  1.308E-20  3.771E-20
4.018E+03  4.902E-31  5.224E-20  1.346E-20  3.878E-20
3.981E+03  5.088E-31  5.373E-20  1.385E-20  3.988E-20
3.945E+03  5.282E-31  5.527E-20  1.426E-20  4.101E-20
3.908E+03  5.484E-31  5.685E-20  1.468E-20  4.218E-20
3.873E+03  5.693E-31  5.848E-20  1.511E-20  4.338E-20
3.837E+03  5.911E-31  6.016E-20  1.555E-20  4.461E-20
3.802E+03  6.137E-31  6.189E-20  1.601E-20  4.589E-20
3.767E+03  6.372E-31  6.367E-20  1.648E-20  4.720E-20
3.733E+03  6.616E-31  6.551E-20  1.696E-20  4.855E-20
3.698E+03  6.870E-31  6.740E-20  1.746E-20  4.994E-20
3.664E+03  7.134E-31  6.934E-20  1.798E-20  5.137E-20
3.631E+03  7.408E-31  7.135E-20  1.851E-20  5.284E-20
3.597E+03  7.694E-31  7.342E-20  1.906E-20  5.436E-20
3.565E+03  7.990E-31  7.555E-20  1.962E-20  5.592E-20
3.532E+03  8.298E-31  7.774E-20  2.020E-20  5.754E-20
3.499E+03  8.618E-31  8.000E-20  2.080E-20  5.919E-20
3.467E+03  8.951E-31  8.233E-20  2.142E-20  6.090E-20
3.436E+03  9.297E-31  8.473E-20  2.206E-20  6.266E-20
3.404E+03  9.657E-31  8.720E-20  2.272E-20  6.448E-20
3.373E+03  1.003E-30  8.975E-20  2.340E-20  6.635E-20
3.342E+03  1.042E-30  9.237E-20  2.410E-20  6.827E-20
3.311E+03  1.082E-30  9.508E-20  2.482E-20  7.025E-20
3.281E+03  1.124E-30  9.786E-20  2.557E-20  7.229E-20
3.251E+03  1.168E-30  1.007E-19  2.634E-20  7.440E-20
3.221E+03  1.214E-30  1.037E-19  2.713E-20  7.657E-20
3.192E+03  1.261E-30  1.067E-19  2.795E-20  7.880E-20
3.162E+03  1.310E-30  1.099E-19  2.880E-20  8.110E-20
3.133E+03  1.361E-30  1.131E-19  2.967E-20  8.347E-20
3.105E+03  1.414E-30  1.165E-19  3.057E-20  8.591E-20
3.076E+03  1.470E-30  1.199E-19  3.149E-20  8.843E-20
3.048E+03  1.527E-30  1.235E-19  3.245E-20  9.102E-20
3.020E+03  1.587E-30  1.271E-19  3.344E-20  9.369E-20
2.992E+03  1.649E-30  1.309E-19  3.446E-20  9.644E-20
2.965E+03  1.714E-30  1.348E-19  3.551E-20  9.926E-20
2.938E+03  1.781E-30  1.388E-19  3.660E-20  1.022E-19
2.911E+03  1.851E-30  1.429E-19  3.772E-20  1.052E-19
2.884E+03  1.923E-30  1.471E-19  3.888E-20  1.083E-19
2.858E+03  1.999E-30  1.515E-19  4.007E-20  1.114E-19
2.831E+03  2.077E-30  1.560E-19  4.131E-20  1.147E-19
2.805E+03  2.159E-30  1.607E-19  4.258E-20  1.181E-19
2.780E+03  2.244E-30  1.655E-19  4.390E-20  1.216E-19
2.754E+03  2.333E-30  1.704E-19  4.526E-20  1.252E-19
2.729E+03  2.425E-30  1.755E-19  4.666E-20  1.289E-19
2.704E+03  2.521E-30  1.808E-19  4.811E-20  1.327E-19
2.679E+03  2.620E-30  1.862E-19  4.961E-20  1.366E-19
2.655E+03  2.724E-30  1.918E-19  5.115E-20  1.407E-19
2.630E+03  2.832E-30  1.976E-19  5.275E-20  1.448E-19
2.606E+03  2.944E-30  2.035E-19  5.440E-20  1.492E-19
2.582E+03  3.061E-30  2.097E-19  5.610E-20  1.536E-19
2.559E+03  3.183E-30  2.160E-19  5.786E-20  1.582E-19
2.535E+03  3.310E-30  2.226E-19  5.967E-20  1.629E-19
2.512E+03  3.442E-30  2.293E-19  6.155E-20  1.678E-19
2.489E+03  3.579E-30  2.363E-19  6.349E-20  1.728E-19
2.466E+03  3.722E-30  2.434E-19  6.550E-20  1.779E-19
2.443E+03  3.870E-30  2.508E-19  6.757E-20  1.833E-19
2.421E+03  4.025E-30  2.585E-19  6.971E-20  1.888E-19
2.399E+03  4.186E-30  2.664E-19  7.192E-20  1.944E-19
2.377E+03  4.354E-30  2.745E-19  7.420E-20  2.003E-19
2.355E+03  4.528E-30  2.829E-19  7.656E-20  2.063E-19
2.333E+03  4.710E-30  2.915E-19  7.900E-20  2.125E-19
2.312E+03  4.899E-30  3.005E-19  8.153E-20  2.189E-19
2.291E+03  5.096E-30  3.097E-19  8.413E-20  2.255E-19
2.270E+03  5.301E-30  3.192E-19  8.683E-20  2.324E-19
2.249E+03  5.515E-30  3.290E-19  8.962E-20  2.394E-19
2.228E+03  5.737E-30  3.391E-19  9.250E-20  2.466E-19
2.208E+03  5.968E-30  3.496E-19  9.547E-20  2.541E-19
2.188E+03  6.209E-30  3.603E-19  9.855E-20  2.618E-19
2.168E+03  6.460E-30  3.715E-19  1.017E-19  2.697E-19
2.148E+03  6.722E-30  3.830E-19  1.050E-19  2.779E-19
2.128E+03  6.994E-30  3.948E-19  1.084E-19  2.864E-19
2.109E+03  7.277E-30  4.070E-19  1.119E-19  2.951E-19
2.089E+03  7.572E-30  4.197E-19  1.156E-19  3.041E-19
2.070E+03  7.879E-30  4.327E-19  1.193E-19  3.133E-19
2.051E+03  8.199E-30  4.461E-19  1.232E-19  3.229E-19
2.032E+03  8.533E-30  4.600E-19  1.273E-19  3.327E-19
2.014E+03  8.880E-30  4.743E-19  1.314E-19  3.429E-19
1.995E+03  9.241E-30  4.891E-19  1.357E-19  3.534E-19
1.977E+03  9.617E-30  5.043E-19  1.402E-19  3.641E-19
1.959E+03  1.001E-29  5.201E-19  1.448E-19  3.753E-19
1.941E+03  1.042E-29  5.363E-19  1.496E-19  3.868E-19
1.923E+03  1.084E-29  5.531E-19  1.545E-19  3.986E-19
1.905E+03  1.129E-29  5.704E-19  1.596E-19  4.108E-19
1.888E+03  1.175E-29  5.883E-19  1.649E-19  4.234E-19
1.871E+03  1.223E-29  6.067E-19  1.703E-19  4.364E-19
1.854E+03  1.273E-29  6.258E-19  1.760E-19  4.498E-19
1.837E+03  1.325E-29  6.454E-19  1.818E-19  4.636E-19
1.820E+03  1.379E-29  6.657E-19  1.879E-19  4.779E-19
1.803E+03  1.436E-29  6.867E-19  1.941E-19  4.926E-19
1.786E+03  1.495E-29  7.084E-19  2.006E-19  5.078E-19
1.770E+03  1.556E-29  7.307E-19  2.073E-19  5.234E-19
1.754E+03  1.620E-29  7.538E-19  2.142E-19  5.395E-19
1.738E+03  1.687E-29  7.776E-19  2.214E-19  5.562E-19
1.722E+03  1.756E-29  8.022E-19  2.288E-19  5.733E-19
1.706E+03  1.829E-29  8.276E-19  2.365E-19  5.911E-19
1.690E+03  1.904E-29  8.538E-19  2.445E-19  6.093E-19
1.675E+03  1.983E-29  8.809E-19  2.527E-19  6.282E-19
1.660E+03  2.064E-29  9.088E-19  2.612E-19  6.476E-19
1.644E+03  2.150E-29  9.377E-19  2.701E-19  6.676E-19
1.629E+03  2.239E-29  9.675E-19  2.792E-19  6.883E-19
1.614E+03  2.331E-29  9.983E-19  2.886E-19  7.096E-19
1.600E+03  2.428E-29  1.030E-18  2.984E-19  7.316E-19
1.585E+03  2.528E-29  1.063E-18  3.086E-19  7.543E-19
1.570E+03  2.633E-29  1.097E-18  3.190E-19  7.777E-19
1.556E+03  2.742E-29  1.132E-18  3.299E-19  8.018E-19
1.542E+03  2.856E-29  1.168E-18  3.411E-19  8.267E-19
1.528E+03  2.974E-29  1.205E-18  3.528E-19  8.524E-19
1.514E+03  3.098E-29  1.244E-18  3.648E-19  8.788E-19
1.500E+03  3.226E-29  1.283E-18  3.773E-19  9.061E-19
1.486E+03  3.360E-29  1.325E-18  3.902E-19  9.343E-19
1.472E+03  3.500E-29  1.367E-18  4.036E-19  9.634E-19
1.459E+03  3.646E-29  1.411E-18  4.174E-19  9.934E-19
1.445E+03  3.798E-29  1.456E-18  4.318E-19  1.024E-18
1.432E+03  3.956E-29  1.503E-18  4.466E-19  1.056E-18
1.419E+03  4.121E-29  1.551E-18  4.620E-19  1.089E-18
1.406E+03  4.293E-29  1.601E-18  4.779E-19  1.123E-18
1.393E+03  4.472E-29  1.653E-18  4.944E-19  1.158E-18
1.380E+03  4.659E-29  1.706E-18  5.115E-19  1.194E-18
1.368E+03  4.853E-29  1.761E-18  5.292E-19  1.232E-18
1.355E+03  5.056E-29  1.818E-18  5.475E-19  1.270E-18
1.343E+03  5.268E-29  1.876E-18  5.665E-19  1.310E-18
1.330E+03  5.488E-29  1.937E-18  5.861E-19  1.351E-18
1.318E+03  5.718E-29  1.999E-18  6.064E-19  1.393E-18
1.306E+03  5.957E-29  2.064E-18  6.275E-19  1.436E-18
1.294E+03  6.206E-29  2.131E-18  6.493E-19  1.481E-18
1.282E+03  6.466E-29  2.200E-18  6.719E-19  1.528E-18
1.271E+03  6.737E-29  2.271E-18  6.953E-19  1.575E-18
1.259E+03  7.020E-29  2.344E-18  7.196E-19  1.625E-18
1.247E+03  7.314E-29  2.420E-18  7.447E-19  1.675E-18
1.236E+03  7.621E-29  2.498E-18  7.707E-19  1.728E-18
1.225E+03  7.940E-29  2.579E-18  7.977E-19  1.782E-18
1.213E+03  8.274E-29  2.663E-18  8.256E-19  1.837E-18
1.202E+03  8.621E-29  2.749E-18  8.545E-19  1.895E-18
1.191E+03  8.983E-29  2.838E-18  8.844E-19  1.954E-18
1.180E+03  9.360E-29  2.930E-18  9.154E-19  2.015E-18
1.169E+03  9.753E-29  3.026E-18  9.476E-19  2.078E-18
1.159E+03  1.016E-28  3.124E-18  9.809E-19  2.143E-18
1.148E+03  1.059E-28  3.225E-18  1.015E-18  2.210E-18
1.138E+03  1.104E-28  3.330E-18  1.051E-18  2.279E-18
1.127E+03  1.150E-28  3.438E-18  1.088E-18  2.350E-18
1.117E+03  1.198E-28  3.550E-18  1.126E-18  2.423E-18
1.107E+03  1.249E-28  3.665E-18  1.166E-18  2.499E-18
1.096E+03  1.301E-28  3.784E-18  1.207E-18  2.577E-18
1.086E+03  1.356E-28  3.907E-18  1.250E-18  2.658E-18
1.076E+03  1.413E-28  4.034E-18  1.294E-18  2.740E-18
1.067E+03  1.472E-28  4.166E-18  1.340E-18  2.826E-18
1.057E+03  1.534E-28  4.301E-18  1.387E-18  2.914E-18
1.047E+03  1.599E-28  4.441E-18  1.436E-18  3.005E-18
1.038E+03  1.666E-28  4.585E-18  1.487E-18  3.098E-18
1.028E+03  1.736E-28  4.734E-18  1.540E-18  3.195E-18
1.019E+03  1.809E-28  4.888E-18  1.594E-18  3.294E-18
1.009E+03  1.885E-28  5.047E-18  1.651E-18  3.397E-18
1.000E+03  1.965E-28  5.212E-18  1.709E-18  3.502E-18
9.908E+02  2.047E-28  5.381E-18  1.770E-18  3.612E-18
9.817E+02  2.134E-28  5.557E-18  1.833E-18  3.724E-18
9.727E+02  2.224E-28  5.738E-18  1.898E-18  3.840E-18
9.638E+02  2.317E-28  5.925E-18  1.965E-18  3.960E-18
9.550E+02  2.415E-28  6.118E-18  2.035E-18  4.083E-18
9.462E+02  2.517E-28  6.317E-18  2.107E-18  4.210E-18
9.376E+02  2.623E-28  6.523E-18  2.182E-18  4.341E-18
9.290E+02  2.734E-28  6.736E-18  2.260E-18  4.476E-18
9.204E+02  2.849E-28  6.955E-18  2.340E-18  4.615E-18
9.120E+02  2.969E-28  7.182E-18  2.423E-18  4.759E-18
9.036E+02  3.094E-28  7.416E-18  2.510E-18  4.906E-18
8.954E+02  3.224E-28  7.657E-18  2.599E-18  5.058E-18
8.872E+02  3.360E-28  7.907E-18  2.692E-18  5.215E-18
8.790E+02  3.501E-28  8.164E-18  2.788E-18  5.376E-18
8.710E+02  3.649E-28  8.429E-18  2.887E-18  5.542E-18
8.630E+02  3.802E-28  8.703E-18  2.990E-18  5.714E-18
8.551E+02  3.962E-28  8.986E-18  3.096E-18  5.890E-18
8.472E+02  4.129E-28  9.278E-18  3.207E-18  6.071E-18
8.395E+02  4.302E-28  9.580E-18  3.321E-18  6.258E-18
8.318E+02  4.483E-28  9.891E-18  3.440E-18  6.451E-18
8.241E+02  4.671E-28  1.021E-17  3.563E-18  6.649E-18
8.166E+02  4.867E-28  1.054E-17  3.690E-18  6.853E-18
8.091E+02  5.072E-28  1.089E-17  3.821E-18  7.064E-18
8.017E+02  5.285E-28  1.124E-17  3.958E-18  7.280E-18
7.943E+02  5.506E-28  1.160E-17  4.099E-18  7.503E-18
7.870E+02  5.737E-28  1.198E-17  4.246E-18  7.733E-18
7.798E+02  5.978E-28  1.237E-17  4.397E-18  7.969E-18
7.727E+02  6.229E-28  1.277E-17  4.554E-18  8.212E-18
7.656E+02  6.490E-28  1.318E-17  4.717E-18  8.463E-18
7.586E+02  6.762E-28  1.361E-17  4.885E-18  8.722E-18
7.516E+02  7.046E-28  1.405E-17  5.060E-18  8.987E-18
7.447E+02  7.341E-28  1.450E-17  5.241E-18  9.262E-18
7.379E+02  7.650E-28  1.497E-17  5.428E-18  9.546E-18
7.311E+02  7.971E-28  1.546E-17  5.622E-18  9.838E-18
7.244E+02  8.306E-28  1.596E-17  5.822E-18  1.014E-17
7.178E+02  8.655E-28  1.648E-17  6.030E-18  1.045E-17
7.112E+02  9.019E-28  1.702E-17  6.246E-18  1.077E-17
7.047E+02  9.399E-28  1.757E-17  6.469E-18  1.110E-17
6.982E+02  9.794E-28  1.814E-17  6.700E-18  1.144E-17
6.918E+02  1.021E-27  1.873E-17  6.939E-18  1.179E-17
6.855E+02  1.064E-27  1.934E-17  7.187E-18  1.215E-17
6.792E+02  1.108E-27  1.997E-17  7.444E-18  1.252E-17
6.730E+02  1.155E-27  2.062E-17  7.709E-18  1.291E-17
6.668E+02  1.203E-27  2.128E-17  7.985E-18  1.330E-17
6.607E+02  1.254E-27  2.198E-17  8.270E-18  1.371E-17
6.546E+02  1.307E-27  2.269E-17  8.565E-18  1.413E-17
6.486E+02  1.362E-27  2.343E-17  8.870E-18  1.456E-17
6.427E+02  1.419E-27  2.420E-17  9.187E-18  1.501E-17
6.368E+02  1.479E-27  2.499E-17  9.515E-18  1.547E-17
6.310E+02  1.542E-27  2.581E-17  9.854E-18  1.595E-17
6.252E+02  1.607E-27  2.665E-17  1.021E-17  1.644E-17
6.194E+02  1.675E-27  2.752E-17  1.057E-17  1.695E-17
6.138E+02  1.746E-27  2.842E-17  1.095E-17  1.748E-17
6.081E+02  1.820E-27  2.935E-17  1.134E-17  1.802E-17
6.026E+02  1.897E-27  3.032E-17  1.174E-17  1.857E-17
5.970E+02  1.977E-27  3.131E-17  1.216E-17  1.915E-17
5.916E+02  2.061E-27  3.234E-17  1.259E-17  1.974E-17
5.861E+02  2.148E-27  3.340E-17  1.304E-17  2.036E-17
5.808E+02  2.239E-27  3.449E-17  1.350E-17  2.099E-17
5.754E+02  2.334E-27  3.563E-17  1.399E-17  2.164E-17
5.702E+02  2.433E-27  3.680E-17  1.448E-17  2.231E-17
5.649E+02  2.536E-27  3.800E-17  1.500E-17  2.301E-17
5.598E+02  2.644E-27  3.925E-17  1.553E-17  2.372E-17
5.546E+02  2.756E-27  4.055E-17  1.608E-17  2.446E-17
5.495E+02  2.873E-27  4.188E-17  1.666E-17  2.522E-17
5.445E+02  2.995E-27  4.326E-17  1.725E-17  2.601E-17
5.395E+02  3.122E-27  4.468E-17  1.786E-17  2.682E-17
5.346E+02  3.255E-27  4.616E-17  1.849E-17  2.766E-17
5.297E+02  3.393E-27  4.768E-17  1.915E-17  2.853E-17
5.248E+02  3.538E-27  4.925E-17  1.983E-17  2.942E-17
5.200E+02  3.688E-27  5.087E-17  2.053E-17  3.034E-17
5.152E+02  3.845E-27  5.255E-17  2.126E-17  3.129E-17
5.105E+02  4.009E-27  5.429E-17  2.202E-17  3.227E-17
5.058E+02  4.180E-27  5.608E-17  2.280E-17  3.328E-17
5.012E+02  4.358E-27  5.793E-17  2.360E-17  3.433E-17
4.966E+02  4.543E-27  5.985E-17  2.444E-17  3.541E-17
4.920E+02  4.737E-27  6.182E-17  2.531E-17  3.652E-17
4.875E+02  4.939E-27  6.387E-17  2.620E-17  3.767E-17
4.831E+02  5.149E-27  6.598E-17  2.713E-17  3.885E-17
4.786E+02  5.369E-27  6.816E-17  2.809E-17  4.007E-17
4.742E+02  5.598E-27  7.042E-17  2.908E-17  4.134E-17
4.699E+02  5.836E-27  7.274E-17  3.011E-17  4.264E-17
4.656E+02  6.085E-27  7.515E-17  3.117E-17  4.398E-17
4.613E+02  6.345E-27  7.764E-17  3.227E-17  4.537E-17
4.571E+02  6.615E-27  8.021E-17  3.341E-17  4.680E-17
4.529E+02  6.897E-27  8.286E-17  3.459E-17  4.828E-17
4.487E+02  7.192E-27  8.561E-17  3.581E-17  4.980E-17
4.446E+02  7.498E-27  8.844E-17  3.707E-17  5.137E-17
4.406E+02  7.818E-27  9.136E-17  3.837E-17  5.299E-17
4.365E+02  8.152E-27  9.439E-17  3.972E-17  5.466E-17
4.325E+02  8.500E-27  9.751E-17  4.112E-17  5.639E-17
4.285E+02  8.862E-27  1.007E-16  4.257E-17  5.818E-17
4.246E+02  9.241E-27  1.041E-16  4.406E-17  6.002E-17
4.207E+02  9.635E-27  1.075E-16  4.561E-17  6.192E-17
4.169E+02  1.005E-26  1.111E-16  4.721E-17  6.388E-17
4.130E+02  1.048E-26  1.148E-16  4.887E-17  6.590E-17
4.093E+02  1.092E-26  1.186E-16  5.058E-17  6.799E-17
4.055E+02  1.139E-26  1.225E-16  5.236E-17  7.015E-17
4.018E+02  1.188E-26  1.266E-16  5.419E-17  7.238E-17
3.981E+02  1.238E-26  1.308E-16  5.609E-17  7.467E-17
3.945E+02  1.291E-26  1.351E-16  5.805E-17  7.705E-17
3.908E+02  1.346E-26  1.396E-16  6.008E-17  7.950E-17
3.873E+02  1.404E-26  1.442E-16  6.218E-17  8.203E-17
3.837E+02  1.464E-26  1.490E-16  6.435E-17  8.464E-17
3.802E+02  1.526E-26  1.539E-16  6.660E-17  8.734E-17
3.767E+02  1.592E-26  1.590E-16  6.892E-17  9.012E-17
3.733E+02  1.660E-26  1.643E-16  7.133E-17  9.298E-17
3.698E+02  1.730E-26  1.698E-16  7.381E-17  9.595E-17
3.664E+02  1.804E-26  1.754E-16  7.638E-17  9.901E-17
3.631E+02  1.881E-26  1.812E-16  7.904E-17  1.022E-16
3.597E+02  1.962E-26  1.872E-16  8.179E-17  1.054E-16
3.565E+02  2.046E-26  1.934E-16  8.463E-17  1.088E-16
3.532E+02  2.133E-26  1.998E-16  8.757E-17  1.122E-16
3.499E+02  2.224E-26  2.064E-16  9.061E-17  1.158E-16
3.467E+02  2.319E-26  2.133E-16  9.375E-17  1.195E-16
3.436E+02  2.418E-26  2.203E-16  9.700E-17  1.233E-16
3.404E+02  2.521E-26  2.276E-16  1.004E-16  1.273E-16
3.373E+02  2.629E-26  2.352E-16  1.038E-16  1.313E-16
3.342E+02  2.741E-26  2.430E-16  1.074E-16  1.355E-16
3.311E+02  2.858E-26  2.510E-16  1.111E-16  1.399E-16
3.281E+02  2.979E-26  2.593E-16  1.150E-16  1.443E-16
3.251E+02  3.106E-26  2.678E-16  1.189E-16  1.489E-16
3.221E+02  3.238E-26  2.767E-16  1.230E-16  1.536E-16
3.192E+02  3.376E-26  2.858E-16  1.273E-16  1.585E-16
3.162E+02  3.520E-26  2.953E-16  1.317E-16  1.636E-16
3.133E+02  3.668E-26  3.049E-16  1.362E-16  1.687E-16
3.105E+02  3.824E-26  3.149E-16  1.409E-16  1.741E-16
3.076E+02  3.987E-26  3.253E-16  1.457E-16  1.796E-16
3.048E+02  4.157E-26  3.361E-16  1.507E-16  1.854E-16
3.020E+02  4.333E-26  3.471E-16  1.559E-16  1.913E-16
2.992E+02  4.518E-26  3.586E-16  1.612E-16  1.974E-16
2.965E+02  4.710E-26  3.704E-16  1.667E-16  2.037E-16
2.938E+02  4.910E-26  3.826E-16  1.724E-16  2.102E-16
2.911E+02  5.118E-26  3.952E-16  1.783E-16  2.169E-16
2.884E+02  5.333E-26  4.080E-16  1.844E-16  2.236E-16
2.858E+02  5.559E-26  4.214E-16  1.907E-16  2.307E-16
2.831E+02  5.795E-26  4.352E-16  1.972E-16  2.380E-16
2.805E+02  6.040E-26  4.494E-16  2.039E-16  2.455E-16
2.780E+02  6.291E-26  4.639E-16  2.108E-16  2.530E-16
2.754E+02  6.557E-26  4.791E-16  2.180E-16  2.611E-16
2.729E+02  6.832E-26  4.946E-16  2.254E-16  2.692E-16
2.704E+02  7.122E-26  5.108E-16  2.330E-16  2.778E-16
2.679E+02  7.424E-26  5.276E-16  2.409E-16  2.867E-16
2.655E+02  7.739E-26  5.449E-16  2.491E-16  2.959E-16
2.630E+02  8.067E-26  5.628E-16  2.575E-16  3.053E-16
2.606E+02  8.408E-26  5.813E-16  2.662E-16  3.151E-16
2.582E+02  8.763E-26  6.003E-16  2.752E-16  3.251E-16
2.559E+02  9.125E-26  6.193E-16  2.844E-16  3.348E-16
2.535E+02  9.508E-26  6.394E-16  2.940E-16  3.454E-16
2.512E+02  9.906E-26  6.600E-16  3.039E-16  3.561E-16
2.489E+02  1.032E-25  6.811E-16  3.141E-16  3.670E-16
2.466E+02  1.073E-25  7.016E-16  3.246E-16  3.769E-16
2.443E+02  1.116E-25  7.235E-16  3.355E-16  3.879E-16
2.421E+02  1.161E-25  7.457E-16  3.468E-16  3.989E-16
2.399E+02  1.208E-25  7.686E-16  3.584E-16  4.102E-16
2.377E+02  1.256E-25  7.919E-16  3.703E-16  4.216E-16
2.355E+02  1.305E-25  8.151E-16  3.827E-16  4.325E-16
2.333E+02  1.357E-25  8.398E-16  3.954E-16  4.444E-16
2.312E+02  1.411E-25  8.651E-16  4.085E-16  4.566E-16
2.291E+02  1.467E-25  8.912E-16  4.221E-16  4.691E-16
2.270E+02  1.525E-25  9.181E-16  4.361E-16  4.819E-16
2.249E+02  1.585E-25  9.456E-16  4.506E-16  4.950E-16
2.228E+02  1.645E-25  9.722E-16  4.655E-16  5.067E-16
2.208E+02  1.710E-25  1.001E-15  4.809E-16  5.205E-16
2.188E+02  1.774E-25  1.029E-15  4.968E-16  5.325E-16
2.168E+02  1.844E-25  1.060E-15  5.132E-16  5.469E-16
2.148E+02  1.916E-25  1.092E-15  5.301E-16  5.616E-16
2.128E+02  1.991E-25  1.124E-15  5.475E-16  5.766E-16
2.109E+02  2.070E-25  1.158E-15  5.655E-16  5.920E-16
2.089E+02  2.149E-25  1.191E-15  5.841E-16  6.070E-16
2.070E+02  2.233E-25  1.226E-15  6.032E-16  6.231E-16
2.051E+02  2.315E-25  1.260E-15  6.225E-16  6.370E-16
2.032E+02  2.405E-25  1.297E-15  6.429E-16  6.538E-16
2.014E+02  2.499E-25  1.335E-15  6.638E-16  6.710E-16
1.995E+02  2.596E-25  1.374E-15  6.855E-16  6.885E-16
1.977E+02  2.697E-25  1.414E-15  7.078E-16  7.065E-16
1.959E+02  2.795E-25  1.452E-15  7.308E-16  7.215E-16
1.941E+02  2.903E-25  1.495E-15  7.543E-16  7.402E-16
1.923E+02  3.006E-25  1.534E-15  7.788E-16  7.548E-16
1.905E+02  3.121E-25  1.577E-15  8.040E-16  7.734E-16
1.888E+02  3.241E-25  1.623E-15  8.300E-16  7.933E-16
1.871E+02  3.366E-25  1.670E-15  8.568E-16  8.135E-16
1.854E+02  3.495E-25  1.719E-15  8.843E-16  8.342E-16
1.837E+02  3.629E-25  1.768E-15  9.128E-16  8.553E-16
1.820E+02  3.768E-25  1.819E-15  9.421E-16  8.765E-16
1.803E+02  3.903E-25  1.867E-15  9.701E-16  8.965E-16
1.786E+02  4.052E-25  1.920E-15  1.001E-15  9.190E-16
1.770E+02  4.194E-25  1.969E-15  1.033E-15  9.363E-16
1.754E+02  4.353E-25  2.025E-15  1.066E-15  9.588E-16
1.738E+02  4.518E-25  2.083E-15  1.100E-15  9.825E-16
1.722E+02  4.676E-25  2.136E-15  1.135E-15  1.000E-15
1.706E+02  4.839E-25  2.190E-15  1.171E-15  1.019E-15
1.690E+02  5.019E-25  2.251E-15  1.207E-15  1.044E-15
1.675E+02  5.209E-25  2.314E-15  1.245E-15  1.069E-15
1.660E+02  5.406E-25  2.380E-15  1.285E-15  1.095E-15
1.644E+02  5.607E-25  2.446E-15  1.325E-15  1.120E-15
1.629E+02  5.813E-25  2.512E-15  1.367E-15  1.145E-15
1.614E+02  6.031E-25  2.583E-15  1.410E-15  1.173E-15
1.600E+02  6.241E-25  2.648E-15  1.447E-15  1.201E-15
1.585E+02  6.474E-25  2.722E-15  1.492E-15  1.230E-15
1.570E+02  6.715E-25  2.797E-15  1.539E-15  1.258E-15
1.556E+02  6.955E-25  2.871E-15  1.587E-15  1.284E-15
1.542E+02  7.212E-25  2.949E-15  1.636E-15  1.313E-15
1.528E+02  7.453E-25  3.020E-15  1.687E-15  1.333E-15
1.514E+02  7.709E-25  3.095E-15  1.739E-15  1.355E-15
1.500E+02  7.967E-25  3.169E-15  1.793E-15  1.376E-15
1.486E+02  8.221E-25  3.240E-15  1.832E-15  1.408E-15
1.472E+02  8.525E-25  3.330E-15  1.889E-15  1.441E-15
1.459E+02  8.824E-25  3.415E-15  1.942E-15  1.473E-15
1.445E+02  9.150E-25  3.508E-15  2.001E-15  1.507E-15
1.432E+02  9.486E-25  3.604E-15  2.063E-15  1.541E-15
1.419E+02  9.765E-25  3.676E-15  2.100E-15  1.576E-15
1.406E+02  1.012E-24  3.774E-15  2.164E-15  1.610E-15
1.393E+02  1.048E-24  3.872E-15  2.230E-15  1.641E-15
1.380E+02  1.086E-24  3.977E-15  2.298E-15  1.678E-15
1.368E+02  1.126E-24  4.084E-15  2.368E-15  1.716E-15
1.355E+02  1.166E-24  4.193E-15  2.439E-15  1.754E-15
1.343E+02  1.209E-24  4.305E-15  2.513E-15  1.793E-15
1.330E+02  1.250E-24  4.412E-15  2.589E-15  1.823E-15
1.318E+02  1.289E-24  4.509E-15  2.667E-15  1.841E-15
1.306E+02  1.331E-24  4.610E-15  2.748E-15  1.862E-15
1.294E+02  1.379E-24  4.733E-15  2.830E-15  1.903E-15
1.282E+02  1.427E-24  4.855E-15  2.915E-15  1.940E-15
1.271E+02  1.473E-24  4.965E-15  2.984E-15  1.981E-15
1.259E+02  1.526E-24  5.097E-15  3.073E-15  2.024E-15
1.247E+02  1.581E-24  5.230E-15  3.164E-15  2.066E-15
1.236E+02  1.637E-24  5.368E-15  3.259E-15  2.109E-15
1.225E+02  1.680E-24  5.456E-15  3.303E-15  2.153E-15
1.213E+02  1.740E-24  5.599E-15  3.401E-15  2.198E-15
1.202E+02  1.802E-24  5.746E-15  3.501E-15  2.244E-15
1.191E+02  1.863E-24  5.886E-15  3.605E-15  2.282E-15
1.180E+02  1.929E-24  6.038E-15  3.711E-15  2.328E-15
1.169E+02  1.995E-24  6.190E-15  3.820E-15  2.370E-15
1.159E+02  2.063E-24  6.341E-15  3.923E-15  2.418E-15
1.148E+02  2.135E-24  6.503E-15  4.036E-15  2.467E-15
1.138E+02  2.203E-24  6.649E-15  4.154E-15  2.495E-15
1.127E+02  2.257E-24  6.747E-15  4.229E-15  2.518E-15
1.117E+02  2.335E-24  6.918E-15  4.352E-15  2.566E-15
1.107E+02  2.417E-24  7.096E-15  4.478E-15  2.617E-15
1.096E+02  2.501E-24  7.273E-15  4.608E-15  2.665E-15
1.086E+02  2.588E-24  7.458E-15  4.741E-15  2.717E-15
1.076E+02  2.678E-24  7.647E-15  4.877E-15  2.769E-15
1.067E+02  2.771E-24  7.841E-15  5.017E-15  2.824E-15
1.057E+02  2.867E-24  8.038E-15  5.161E-15  2.877E-15
1.047E+02  2.967E-24  8.240E-15  5.308E-15  2.932E-15
1.038E+02  3.069E-24  8.446E-15  5.459E-15  2.987E-15
1.028E+02  3.142E-24  8.568E-15  5.523E-15  3.044E-15
1.019E+02  3.218E-24  8.694E-15  5.603E-15  3.092E-15
1.009E+02  3.327E-24  8.907E-15  5.760E-15  3.148E-15
1.000E+02  3.442E-24  9.129E-15  5.922E-15  3.207E-15
9.908E+01  3.542E-24  9.309E-15  6.049E-15  3.260E-15
9.817E+01  3.663E-24  9.540E-15  6.219E-15  3.320E-15
9.727E+01  3.770E-24  9.727E-15  6.384E-15  3.343E-15
9.638E+01  3.898E-24  9.967E-15  6.563E-15  3.404E-15
9.550E+01  4.029E-24  1.021E-14  6.746E-15  3.461E-15
9.462E+01  4.166E-24  1.046E-14  6.933E-15  3.524E-15
9.376E+01  4.307E-24  1.071E-14  7.124E-15  3.587E-15
9.290E+01  4.450E-24  1.097E-14  7.320E-15  3.646E-15
9.204E+01  4.600E-24  1.123E-14  7.521E-15  3.711E-15
9.120E+01  4.754E-24  1.150E-14  7.727E-15  3.774E-15
9.036E+01  4.914E-24  1.178E-14  7.938E-15  3.840E-15
8.954E+01  5.078E-24  1.206E-14  8.154E-15  3.905E-15
8.872E+01  5.247E-24  1.235E-14  8.376E-15  3.972E-15
8.790E+01  5.421E-24  1.264E-14  8.600E-15  4.039E-15
8.710E+01  5.537E-24  1.279E-14  8.692E-15  4.102E-15
8.630E+01  5.721E-24  1.310E-14  8.925E-15  4.171E-15
8.551E+01  5.908E-24  1.340E-14  9.165E-15  4.236E-15
8.472E+01  6.023E-24  1.354E-14  9.229E-15  4.306E-15
8.395E+01  6.221E-24  1.385E-14  9.475E-15  4.377E-15
8.318E+01  6.421E-24  1.417E-14  9.728E-15  4.438E-15
8.241E+01  6.603E-24  1.443E-14  9.949E-15  4.485E-15
8.166E+01  6.819E-24  1.477E-14  1.021E-14  4.558E-15
8.091E+01  7.038E-24  1.510E-14  1.048E-14  4.629E-15
8.017E+01  7.267E-24  1.545E-14  1.075E-14  4.701E-15
7.943E+01  7.501E-24  1.580E-14  1.103E-14  4.771E-15
7.870E+01  7.744E-24  1.617E-14  1.132E-14  4.846E-15
7.798E+01  7.994E-24  1.654E-14  1.161E-14  4.922E-15
7.727E+01  8.251E-24  1.691E-14  1.192E-14  4.996E-15
7.656E+01  8.513E-24  1.729E-14  1.222E-14  5.073E-15
7.586E+01  8.774E-24  1.766E-14  1.251E-14  5.149E-15
7.516E+01  9.056E-24  1.805E-14  1.283E-14  5.228E-15
7.447E+01  9.344E-24  1.846E-14  1.315E-14  5.306E-15
7.379E+01  9.512E-24  1.862E-14  1.324E-14  5.378E-15
7.311E+01  9.814E-24  1.903E-14  1.358E-14  5.454E-15
7.244E+01  9.929E-24  1.908E-14  1.355E-14  5.534E-15
7.178E+01  1.020E-23  1.942E-14  1.380E-14  5.612E-15
7.112E+01  1.051E-23  1.983E-14  1.414E-14  5.691E-15
7.047E+01  1.084E-23  2.026E-14  1.450E-14  5.761E-15
6.982E+01  1.116E-23  2.067E-14  1.483E-14  5.836E-15
6.918E+01  1.151E-23  2.113E-14  1.521E-14  5.919E-15
6.855E+01  1.187E-23  2.158E-14  1.559E-14  5.997E-15
6.792E+01  1.224E-23  2.205E-14  1.597E-14  6.079E-15
6.730E+01  1.262E-23  2.253E-14  1.637E-14  6.157E-15
6.668E+01  1.301E-23  2.301E-14  1.677E-14  6.240E-15
6.607E+01  1.341E-23  2.350E-14  1.717E-14  6.325E-15
6.546E+01  1.371E-23  2.381E-14  1.740E-14  6.408E-15
6.486E+01  1.414E-23  2.432E-14  1.783E-14  6.491E-15
6.427E+01  1.457E-23  2.484E-14  1.827E-14  6.574E-15
6.368E+01  1.501E-23  2.536E-14  1.870E-14  6.658E-15
6.310E+01  1.533E-23  2.566E-14  1.892E-14  6.743E-15
6.252E+01  1.580E-23  2.620E-14  1.937E-14  6.828E-15
6.194E+01  1.628E-23  2.674E-14  1.984E-14  6.907E-15
6.138E+01  1.677E-23  2.730E-14  2.030E-14  6.993E-15
6.081E+01  1.727E-23  2.786E-14  2.078E-14  7.077E-15
6.026E+01  1.775E-23  2.838E-14  2.121E-14  7.164E-15
5.970E+01  1.820E-23  2.883E-14  2.158E-14  7.246E-15
5.916E+01  1.875E-23  2.942E-14  2.209E-14  7.332E-15
5.861E+01  1.919E-23  2.984E-14  2.242E-14  7.416E-15
5.808E+01  1.969E-23  3.033E-14  2.283E-14  7.498E-15
5.754E+01  2.027E-23  3.093E-14  2.335E-14  7.583E-15
5.702E+01  2.085E-23  3.153E-14  2.386E-14  7.667E-15
5.649E+01  2.146E-23  3.216E-14  2.440E-14  7.752E-15
5.598E+01  2.208E-23  3.279E-14  2.495E-14  7.834E-15
5.546E+01  2.267E-23  3.336E-14  2.544E-14  7.918E-15
5.495E+01  2.334E-23  3.402E-14  2.601E-14  8.003E-15
5.445E+01  2.401E-23  3.468E-14  2.659E-14  8.086E-15
5.395E+01  2.468E-23  3.532E-14  2.714E-14  8.172E-15
5.346E+01  2.539E-23  3.600E-14  2.775E-14  8.257E-15
5.297E+01  2.596E-23  3.647E-14  2.813E-14  8.337E-15
5.248E+01  2.669E-23  3.716E-14  2.874E-14  8.421E-15
5.200E+01  2.737E-23  3.775E-14  2.925E-14  8.505E-15
5.152E+01  2.814E-23  3.846E-14  2.988E-14  8.584E-15
5.105E+01  2.876E-23  3.894E-14  3.028E-14  8.666E-15
5.058E+01  2.957E-23  3.967E-14  3.092E-14  8.746E-15
5.012E+01  3.025E-23  4.021E-14  3.138E-14  8.826E-15
4.966E+01  3.108E-23  4.094E-14  3.204E-14  8.906E-15
4.920E+01  3.195E-23  4.169E-14  3.271E-14  8.984E-15
4.875E+01  3.277E-23  4.238E-14  3.332E-14  9.062E-15
4.831E+01  3.367E-23  4.314E-14  3.400E-14  9.137E-15
4.786E+01  3.459E-23  4.391E-14  3.470E-14  9.213E-15
4.742E+01  3.553E-23  4.470E-14  3.541E-14  9.289E-15
4.699E+01  3.649E-23  4.548E-14  3.611E-14  9.365E-15
4.656E+01  3.737E-23  4.615E-14  3.672E-14  9.438E-15
4.613E+01  3.835E-23  4.693E-14  3.742E-14  9.512E-15
4.571E+01  3.937E-23  4.773E-14  3.815E-14  9.586E-15
4.529E+01  4.035E-23  4.848E-14  3.882E-14  9.658E-15
4.487E+01  4.142E-23  4.930E-14  3.958E-14  9.729E-15
4.446E+01  4.246E-23  5.008E-14  4.028E-14  9.801E-15
4.406E+01  4.342E-23  5.074E-14  4.087E-14  9.871E-15
4.365E+01  4.448E-23  5.150E-14  4.156E-14  9.941E-15
4.325E+01  4.562E-23  5.234E-14  4.233E-14  1.001E-14
4.285E+01  4.667E-23  5.305E-14  4.297E-14  1.007E-14
4.246E+01  4.777E-23  5.380E-14  4.366E-14  1.014E-14
4.207E+01  4.884E-23  5.450E-14  4.430E-14  1.021E-14
4.169E+01  5.006E-23  5.536E-14  4.509E-14  1.027E-14
4.130E+01  5.125E-23  5.615E-14  4.582E-14  1.033E-14
4.093E+01  5.243E-23  5.692E-14  4.653E-14  1.039E-14
4.055E+01  5.369E-23  5.775E-14  4.731E-14  1.045E-14
4.018E+01  5.495E-23  5.857E-14  4.806E-14  1.050E-14
3.981E+01  5.628E-23  5.944E-14  4.888E-14  1.056E-14
3.945E+01  5.763E-23  6.030E-14  4.969E-14  1.061E-14
3.908E+01  5.899E-23  6.115E-14  5.049E-14  1.066E-14
3.873E+01  6.037E-23  6.202E-14  5.131E-14  1.071E-14
3.837E+01  6.172E-23  6.282E-14  5.206E-14  1.076E-14
3.802E+01  6.310E-23  6.363E-14  5.283E-14  1.081E-14
3.767E+01  6.445E-23  6.440E-14  5.355E-14  1.085E-14
3.733E+01  6.581E-23  6.516E-14  5.427E-14  1.089E-14
3.698E+01  6.729E-23  6.601E-14  5.509E-14  1.092E-14
3.664E+01  6.881E-23  6.688E-14  5.593E-14  1.095E-14
3.631E+01  7.034E-23  6.774E-14  5.676E-14  1.098E-14
3.597E+01  7.164E-23  6.837E-14  5.736E-14  1.101E-14
3.565E+01  7.322E-23  6.923E-14  5.819E-14  1.104E-14
3.532E+01  7.482E-23  7.010E-14  5.903E-14  1.107E-14
3.499E+01  7.637E-23  7.089E-14  5.979E-14  1.110E-14
3.467E+01  7.787E-23  7.162E-14  6.050E-14  1.112E-14
3.436E+01  7.954E-23  7.249E-14  6.134E-14  1.115E-14
3.404E+01  8.118E-23  7.330E-14  6.213E-14  1.118E-14
3.373E+01  8.280E-23  7.408E-14  6.289E-14  1.120E-14
3.342E+01  8.454E-23  7.495E-14  6.372E-14  1.122E-14
3.311E+01  8.632E-23  7.582E-14  6.456E-14  1.125E-14
3.281E+01  8.811E-23  7.668E-14  6.540E-14  1.128E-14
3.251E+01  8.980E-23  7.744E-14  6.613E-14  1.131E-14
3.221E+01  9.165E-23  7.830E-14  6.697E-14  1.133E-14
3.192E+01  9.346E-23  7.912E-14  6.776E-14  1.136E-14
3.162E+01  9.525E-23  7.990E-14  6.851E-14  1.138E-14
3.133E+01  9.719E-23  8.077E-14  6.937E-14  1.141E-14
3.105E+01  9.899E-23  8.152E-14  7.009E-14  1.143E-14
3.076E+01  1.009E-22  8.235E-14  7.090E-14  1.145E-14
3.048E+01  1.029E-22  8.322E-14  7.174E-14  1.148E-14
3.020E+01  1.049E-22  8.405E-14  7.255E-14  1.150E-14
2.992E+01  1.070E-22  8.494E-14  7.342E-14  1.152E-14
2.965E+01  1.090E-22  8.574E-14  7.421E-14  1.153E-14
2.938E+01  1.111E-22  8.661E-14  7.506E-14  1.155E-14
2.911E+01  1.133E-22  8.744E-14  7.588E-14  1.156E-14
2.884E+01  1.154E-22  8.829E-14  7.672E-14  1.157E-14
2.858E+01  1.176E-22  8.916E-14  7.757E-14  1.158E-14
2.831E+01  1.199E-22  9.005E-14  7.845E-14  1.159E-14
2.805E+01  1.222E-22  9.096E-14  7.936E-14  1.160E-14
2.780E+01  1.246E-22  9.190E-14  8.029E-14  1.161E-14
2.754E+01  1.270E-22  9.281E-14  8.120E-14  1.162E-14
2.729E+01  1.294E-22  9.364E-14  8.202E-14  1.163E-14
2.704E+01  1.319E-22  9.462E-14  8.299E-14  1.163E-14
2.679E+01  1.345E-22  9.560E-14  8.397E-14  1.164E-14
2.655E+01  1.371E-22  9.653E-14  8.489E-14  1.164E-14
2.630E+01  1.398E-22  9.752E-14  8.587E-14  1.164E-14
2.606E+01  1.424E-22  9.842E-14  8.677E-14  1.165E-14
2.582E+01  1.452E-22  9.944E-14  8.780E-14  1.165E-14
2.559E+01  1.480E-22  1.005E-13  8.883E-14  1.165E-14
2.535E+01  1.510E-22  1.015E-13  8.987E-14  1.165E-14
2.512E+01  1.540E-22  1.026E-13  9.094E-14  1.165E-14
2.489E+01  1.569E-22  1.036E-13  9.197E-14  1.164E-14
2.466E+01  1.600E-22  1.047E-13  9.305E-14  1.164E-14
2.443E+01  1.631E-22  1.057E-13  9.411E-14  1.163E-14
2.421E+01  1.664E-22  1.069E-13  9.525E-14  1.162E-14
2.399E+01  1.697E-22  1.080E-13  9.641E-14  1.159E-14
2.377E+01  1.730E-22  1.091E-13  9.753E-14  1.158E-14
2.355E+01  1.765E-22  1.102E-13  9.867E-14  1.157E-14
2.333E+01  1.800E-22  1.114E-13  9.988E-14  1.156E-14
2.312E+01  1.837E-22  1.127E-13  1.011E-13  1.153E-14
2.291E+01  1.873E-22  1.138E-13  1.023E-13  1.150E-14
2.270E+01  1.911E-22  1.150E-13  1.035E-13  1.149E-14
2.249E+01  1.950E-22  1.163E-13  1.048E-13  1.150E-14
2.228E+01  1.990E-22  1.176E-13  1.061E-13  1.151E-14
2.208E+01  2.031E-22  1.190E-13  1.074E-13  1.151E-14
2.188E+01  2.072E-22  1.202E-13  1.088E-13  1.149E-14
2.168E+01  2.114E-22  1.215E-13  1.101E-13  1.146E-14
2.148E+01  2.157E-22  1.229E-13  1.115E-13  1.143E-14
2.128E+01  2.201E-22  1.243E-13  1.128E-13  1.141E-14
2.109E+01  2.247E-22  1.257E-13  1.143E-13  1.140E-14
2.089E+01  2.293E-22  1.271E-13  1.157E-13  1.139E-14
2.070E+01  2.341E-22  1.285E-13  1.172E-13  1.136E-14
2.051E+01  2.389E-22  1.300E-13  1.187E-13  1.133E-14
2.032E+01  2.440E-22  1.315E-13  1.202E-13  1.131E-14
2.014E+01  2.493E-22  1.332E-13  1.218E-13  1.133E-14
1.995E+01  2.548E-22  1.349E-13  1.235E-13  1.134E-14
1.977E+01  2.608E-22  1.367E-13  1.254E-13  1.134E-14
1.959E+01  2.670E-22  1.387E-13  1.274E-13  1.131E-14
1.941E+01  2.744E-22  1.413E-13  1.300E-13  1.127E-14
1.923E+01  2.843E-22  1.450E-13  1.339E-13  1.119E-14
1.905E+01  3.023E-22  1.528E-13  1.417E-13  1.109E-14
1.888E+01  3.183E-22  1.594E-13  1.485E-13  1.096E-14
1.871E+01  3.096E-22  1.536E-13  1.428E-13  1.080E-14
1.854E+01  3.110E-22  1.529E-13  1.423E-13  1.062E-14
1.837E+01  3.184E-22  1.551E-13  1.447E-13  1.040E-14
1.820E+01  3.300E-22  1.593E-13  1.491E-13  1.016E-14
1.803E+01  3.491E-22  1.670E-13  1.571E-13  9.905E-15
1.786E+01  3.782E-22  1.792E-13  1.696E-13  9.629E-15
1.770E+01  3.885E-22  1.824E-13  1.731E-13  9.333E-15
1.754E+01  4.191E-22  1.950E-13  1.860E-13  9.016E-15
1.738E+01  4.841E-22  2.232E-13  2.145E-13  8.689E-15
1.722E+01  4.844E-22  2.213E-13  2.129E-13  8.352E-15
1.706E+01  4.946E-22  2.238E-13  2.158E-13  8.022E-15
1.690E+01  4.893E-22  2.194E-13  2.117E-13  7.691E-15
1.675E+01  4.745E-22  2.108E-13  2.035E-13  7.360E-15
1.660E+01  4.881E-22  2.149E-13  2.079E-13  7.025E-15
1.644E+01  5.709E-22  2.490E-13  2.423E-13  6.695E-15
1.629E+01  4.450E-22  1.923E-13  1.860E-13  6.372E-15
1.614E+01  3.955E-22  1.694E-13  1.633E-13  6.063E-15
1.600E+01  3.808E-22  1.616E-13  1.558E-13  5.765E-15
1.585E+01  3.727E-22  1.567E-13  1.512E-13  5.479E-15
1.570E+01  3.625E-22  1.510E-13  1.458E-13  5.206E-15
1.556E+01  3.572E-22  1.474E-13  1.425E-13  4.946E-15
1.542E+01  3.544E-22  1.449E-13  1.402E-13  4.699E-15
1.528E+01  3.531E-22  1.431E-13  1.386E-13  4.467E-15
1.514E+01  3.528E-22  1.416E-13  1.374E-13  4.249E-15
1.500E+01  3.535E-22  1.406E-13  1.366E-13  4.048E-15
1.486E+01  3.553E-22  1.400E-13  1.362E-13  3.855E-15
1.472E+01  3.588E-22  1.401E-13  1.365E-13  3.672E-15
1.459E+01  3.655E-22  1.414E-13  1.379E-13  3.502E-15
1.445E+01  3.789E-22  1.453E-13  1.419E-13  3.355E-15
1.432E+01  4.071E-22  1.547E-13  1.514E-13  3.232E-15
1.419E+01  4.394E-22  1.654E-13  1.623E-13  3.136E-15
1.406E+01  4.273E-22  1.594E-13  1.563E-13  3.070E-15
1.393E+01  4.241E-22  1.567E-13  1.537E-13  3.037E-15
1.380E+01  4.474E-22  1.638E-13  1.608E-13  3.032E-15
1.368E+01  4.963E-22  1.800E-13  1.770E-13  3.056E-15
1.355E+01  5.582E-22  2.006E-13  1.975E-13  3.098E-15
1.343E+01  5.782E-22  2.059E-13  2.028E-13  3.152E-15
1.330E+01  5.512E-22  1.945E-13  1.913E-13  3.209E-15
1.318E+01  5.404E-22  1.890E-13  1.857E-13  3.272E-15
1.306E+01  5.718E-22  1.981E-13  1.948E-13  3.334E-15
1.294E+01  6.566E-22  2.254E-13  2.220E-13  3.400E-15
1.282E+01  8.104E-22  2.757E-13  2.722E-13  3.480E-15
1.271E+01  1.006E-21  3.391E-13  3.355E-13  3.565E-15
1.259E+01  1.075E-21  3.591E-13  3.554E-13  3.653E-15
1.247E+01  9.459E-22  3.130E-13  3.092E-13  3.740E-15
1.236E+01  8.105E-22  2.657E-13  2.619E-13  3.825E-15
1.225E+01  7.670E-22  2.491E-13  2.452E-13  3.903E-15
1.213E+01  8.072E-22  2.598E-13  2.558E-13  3.993E-15
1.202E+01  8.637E-22  2.755E-13  2.714E-13  4.097E-15
1.191E+01  8.363E-22  2.643E-13  2.601E-13  4.201E-15
1.180E+01  7.613E-22  2.384E-13  2.341E-13  4.305E-15
1.169E+01  7.440E-22  2.308E-13  2.264E-13  4.404E-15
1.159E+01  8.452E-22  2.598E-13  2.553E-13  4.487E-15
1.148E+01  1.142E-21  3.479E-13  3.433E-13  4.567E-15
1.138E+01  1.641E-21  4.952E-13  4.906E-13  4.659E-15
1.127E+01  2.188E-21  6.543E-13  6.496E-13  4.758E-15
1.117E+01  1.550E-21  4.593E-13  4.544E-13  4.866E-15
1.107E+01  8.027E-22  2.356E-13  2.306E-13  4.977E-15
1.096E+01  5.546E-22  1.613E-13  1.562E-13  5.080E-15
1.086E+01  4.405E-22  1.270E-13  1.218E-13  5.191E-15
1.076E+01  3.806E-22  1.087E-13  1.034E-13  5.322E-15
1.067E+01  3.455E-22  9.776E-14  9.229E-14  5.472E-15
1.057E+01  3.151E-22  8.834E-14  8.270E-14  5.638E-15
1.047E+01  2.951E-22  8.197E-14  7.618E-14  5.795E-15
1.038E+01  2.819E-22  7.759E-14  7.168E-14  5.914E-15
1.028E+01  2.727E-22  7.437E-14  6.839E-14  5.985E-15
1.019E+01  2.663E-22  7.194E-14  6.592E-14  6.016E-15
1.009E+01  2.619E-22  7.012E-14  6.409E-14  6.027E-15
1.000E+01  2.594E-22  6.880E-14  6.277E-14  6.036E-15
9.908E+00  2.585E-22  6.794E-14  6.189E-14  6.058E-15
9.817E+00  2.592E-22  6.750E-14  6.141E-14  6.088E-15
9.727E+00  2.614E-22  6.746E-14  6.134E-14  6.121E-15
9.638E+00  2.653E-22  6.783E-14  6.169E-14  6.148E-15
9.550E+00  2.709E-22  6.863E-14  6.250E-14  6.134E-15
9.462E+00  2.785E-22  6.990E-14  6.384E-14  6.060E-15
9.376E+00  2.885E-22  7.175E-14  6.584E-14  5.912E-15
9.290E+00  3.018E-22  7.437E-14  6.869E-14  5.683E-15
9.204E+00  3.198E-22  7.807E-14  7.270E-14  5.378E-15
9.120E+00  3.447E-22  8.338E-14  7.836E-14  5.017E-15
9.036E+00  3.804E-22  9.119E-14  8.657E-14  4.623E-15
8.954E+00  4.343E-22  1.031E-13  9.892E-14  4.226E-15
8.872E+00  5.195E-22  1.223E-13  1.184E-13  3.850E-15
8.790E+00  6.593E-22  1.537E-13  1.502E-13  3.509E-15
8.710E+00  8.729E-22  2.017E-13  1.985E-13  3.208E-15
8.630E+00  1.073E-21  2.457E-13  2.428E-13  2.947E-15
8.551E+00  1.051E-21  2.383E-13  2.356E-13  2.720E-15
8.472E+00  9.141E-22  2.054E-13  2.029E-13  2.508E-15
8.395E+00  8.447E-22  1.881E-13  1.858E-13  2.295E-15
8.318E+00  8.415E-22  1.857E-13  1.836E-13  2.068E-15
8.241E+00  8.789E-22  1.921E-13  1.903E-13  1.827E-15
8.166E+00  9.720E-22  2.105E-13  2.090E-13  1.580E-15
8.091E+00  1.149E-21  2.465E-13  2.452E-13  1.357E-15
8.017E+00  1.430E-21  3.041E-13  3.029E-13  1.158E-15
7.943E+00  1.798E-21  3.789E-13  3.779E-13  9.856E-16
7.870E+00  2.121E-21  4.428E-13  4.420E-13  8.373E-16
7.798E+00  2.238E-21  4.630E-13  4.623E-13  7.116E-16
7.727E+00  2.254E-21  4.620E-13  4.614E-13  6.084E-16
7.656E+00  2.327E-21  4.725E-13  4.720E-13  5.249E-16
7.586E+00  2.267E-21  4.562E-13  4.557E-13  4.579E-16
7.516E+00  1.909E-21  3.806E-13  3.802E-13  4.069E-16
7.447E+00  1.506E-21  2.974E-13  2.971E-13  3.696E-16
7.379E+00  1.209E-21  2.367E-13  2.364E-13  3.412E-16
7.311E+00  1.004E-21  1.947E-13  1.944E-13  3.217E-16
7.244E+00  8.538E-22  1.641E-13  1.638E-13  3.069E-16
7.178E+00  7.392E-22  1.407E-13  1.404E-13  2.951E-16
7.112E+00  6.512E-22  1.228E-13  1.226E-13  2.870E-16
7.047E+00  5.859E-22  1.095E-13  1.092E-13  2.811E-16
6.982E+00  5.417E-22  1.003E-13  1.001E-13  2.756E-16
6.918E+00  5.175E-22  9.496E-14  9.469E-14  2.712E-16
6.855E+00  5.116E-22  9.303E-14  9.276E-14  2.672E-16
6.792E+00  5.187E-22  9.346E-14  9.319E-14  2.633E-16
6.730E+00  5.261E-22  9.391E-14  9.365E-14  2.596E-16
6.668E+00  5.188E-22  9.177E-14  9.151E-14  2.561E-16
6.607E+00  4.969E-22  8.709E-14  8.684E-14  2.524E-16
6.546E+00  4.790E-22  8.318E-14  8.294E-14  2.488E-16
6.486E+00  4.887E-22  8.409E-14  8.384E-14  2.452E-16
6.427E+00  5.529E-22  9.425E-14  9.401E-14  2.415E-16
6.368E+00  7.214E-22  1.219E-13  1.216E-13  2.379E-16
6.310E+00  1.099E-21  1.839E-13  1.837E-13  2.341E-16
6.252E+00  1.710E-21  2.836E-13  2.834E-13  2.303E-16
6.194E+00  1.732E-21  2.846E-13  2.844E-13  2.265E-16
6.138E+00  1.079E-21  1.757E-13  1.755E-13  2.225E-16
6.081E+00  6.428E-22  1.037E-13  1.035E-13  2.185E-16
6.026E+00  4.281E-22  6.843E-14  6.821E-14  2.147E-16
5.970E+00  3.192E-22  5.056E-14  5.034E-14  2.110E-16
5.916E+00  2.624E-22  4.118E-14  4.097E-14  2.074E-16
5.861E+00  2.372E-22  3.688E-14  3.668E-14  2.039E-16
5.808E+00  2.393E-22  3.686E-14  3.666E-14  2.006E-16
5.754E+00  2.685E-22  4.099E-14  4.079E-14  1.974E-16
5.702E+00  2.892E-22  4.374E-14  4.355E-14  1.944E-16
5.649E+00  2.438E-22  3.653E-14  3.634E-14  1.914E-16
5.598E+00  1.855E-22  2.755E-14  2.736E-14  1.886E-16
5.546E+00  1.497E-22  2.202E-14  2.183E-14  1.859E-16
5.495E+00  1.306E-22  1.904E-14  1.886E-14  1.833E-16
5.445E+00  1.224E-22  1.768E-14  1.750E-14  1.809E-16
5.395E+00  1.237E-22  1.771E-14  1.753E-14  1.785E-16
5.346E+00  1.372E-22  1.945E-14  1.927E-14  1.763E-16
5.297E+00  1.593E-22  2.238E-14  2.221E-14  1.741E-16
5.248E+00  1.557E-22  2.167E-14  2.150E-14  1.720E-16
5.200E+00  1.235E-22  1.704E-14  1.687E-14  1.699E-16
5.152E+00  9.844E-23  1.345E-14  1.329E-14  1.680E-16
5.105E+00  8.391E-23  1.136E-14  1.120E-14  1.662E-16
5.058E+00  7.517E-23  1.009E-14  9.922E-15  1.644E-16
5.012E+00  6.941E-23  9.227E-15  9.065E-15  1.627E-16
4.966E+00  6.527E-23  8.598E-15  8.437E-15  1.611E-16
4.920E+00  6.211E-23  8.106E-15  7.947E-15  1.595E-16
4.875E+00  5.958E-23  7.704E-15  7.546E-15  1.580E-16
4.831E+00  5.748E-23  7.365E-15  7.208E-15  1.565E-16
4.786E+00  5.569E-23  7.071E-15  6.916E-15  1.550E-16
4.742E+00  5.415E-23  6.812E-15  6.658E-15  1.536E-16
4.699E+00  5.280E-23  6.581E-15  6.429E-15  1.523E-16
4.656E+00  5.159E-23  6.372E-15  6.221E-15  1.510E-16
4.613E+00  5.051E-23  6.181E-15  6.032E-15  1.497E-16
4.571E+00  4.954E-23  6.006E-15  5.858E-15  1.484E-16
4.529E+00  4.866E-23  5.845E-15  5.698E-15  1.471E-16
4.487E+00  4.785E-23  5.696E-15  5.550E-15  1.459E-16
4.446E+00  4.711E-23  5.557E-15  5.412E-15  1.447E-16
4.406E+00  4.644E-23  5.427E-15  5.284E-15  1.435E-16
4.365E+00  4.582E-23  5.306E-15  5.163E-15  1.424E-16
4.325E+00  4.525E-23  5.192E-15  5.051E-15  1.413E-16
4.285E+00  4.473E-23  5.085E-15  4.945E-15  1.401E-16
4.246E+00  4.426E-23  4.985E-15  4.846E-15  1.390E-16
4.207E+00  4.382E-23  4.891E-15  4.753E-15  1.379E-16
4.169E+00  4.343E-23  4.802E-15  4.666E-15  1.368E-16
4.130E+00  4.308E-23  4.720E-15  4.584E-15  1.358E-16
4.093E+00  4.276E-23  4.642E-15  4.507E-15  1.346E-16
4.055E+00  4.248E-23  4.569E-15  4.436E-15  1.334E-16
4.018E+00  4.224E-23  4.502E-15  4.370E-15  1.322E-16
3.981E+00  4.205E-23  4.440E-15  4.309E-15  1.311E-16
3.945E+00  4.190E-23  4.384E-15  4.254E-15  1.299E-16
3.908E+00  4.181E-23  4.335E-15  4.206E-15  1.287E-16
3.873E+00  4.178E-23  4.292E-15  4.164E-15  1.275E-16
3.837E+00  4.183E-23  4.257E-15  4.131E-15  1.264E-16
3.802E+00  4.196E-23  4.231E-15  4.106E-15  1.253E-16
3.767E+00  4.220E-23  4.217E-15  4.093E-15  1.241E-16
3.733E+00  4.258E-23  4.215E-15  4.092E-15  1.230E-16
3.698E+00  4.313E-23  4.231E-15  4.109E-15  1.219E-16
3.664E+00  4.392E-23  4.269E-15  4.148E-15  1.207E-16
3.631E+00  4.503E-23  4.337E-15  4.217E-15  1.196E-16
3.597E+00  4.661E-23  4.448E-15  4.329E-15  1.185E-16
3.565E+00  4.887E-23  4.621E-15  4.504E-15  1.174E-16
3.532E+00  5.220E-23  4.891E-15  4.774E-15  1.163E-16
3.499E+00  5.730E-23  5.319E-15  5.204E-15  1.151E-16
3.467E+00  6.555E-23  6.029E-15  5.915E-15  1.140E-16
3.436E+00  7.999E-23  7.290E-15  7.177E-15  1.129E-16
3.404E+00  1.085E-22  9.798E-15  9.687E-15  1.118E-16
3.373E+00  1.766E-22  1.580E-14  1.569E-14  1.106E-16
3.342E+00  4.024E-22  3.567E-14  3.556E-14  1.095E-16
3.311E+00  1.522E-21  1.337E-13  1.335E-13  1.083E-16
3.281E+00  1.039E-21  9.043E-14  9.033E-14  1.072E-16
3.251E+00  2.968E-22  2.560E-14  2.549E-14  1.060E-16
3.221E+00  1.418E-22  1.211E-14  1.201E-14  1.048E-16
3.192E+00  9.046E-23  7.658E-15  7.554E-15  1.035E-16
3.162E+00  6.779E-23  5.687E-15  5.584E-15  1.023E-16
3.133E+00  5.586E-23  4.643E-15  4.542E-15  1.011E-16
3.105E+00  4.881E-23  4.019E-15  3.919E-15  9.997E-17
3.076E+00  4.427E-23  3.612E-15  3.513E-15  9.885E-17
3.048E+00  4.116E-23  3.327E-15  3.230E-15  9.775E-17
3.020E+00  3.891E-23  3.117E-15  3.020E-15  9.666E-17
2.992E+00  3.722E-23  2.954E-15  2.859E-15  9.557E-17
2.965E+00  3.590E-23  2.823E-15  2.729E-15  9.448E-17
2.938E+00  3.484E-23  2.715E-15  2.621E-15  9.339E-17
2.911E+00  3.396E-23  2.622E-15  2.530E-15  9.232E-17
2.884E+00  3.322E-23  2.541E-15  2.450E-15  9.124E-17
2.858E+00  3.258E-23  2.469E-15  2.379E-15  9.018E-17
2.831E+00  3.201E-23  2.404E-15  2.315E-15  8.911E-17
2.805E+00  3.150E-23  2.344E-15  2.256E-15  8.806E-17
2.780E+00  3.105E-23  2.289E-15  2.202E-15  8.700E-17
2.754E+00  3.062E-23  2.237E-15  2.151E-15  8.596E-17
2.729E+00  3.023E-23  2.188E-15  2.104E-15  8.491E-17
2.704E+00  2.986E-23  2.142E-15  2.058E-15  8.387E-17
2.679E+00  2.951E-23  2.097E-15  2.015E-15  8.284E-17
2.655E+00  2.918E-23  2.055E-15  1.973E-15  8.181E-17
2.630E+00  2.886E-23  2.014E-15  1.933E-15  8.079E-17
2.606E+00  2.855E-23  1.974E-15  1.894E-15  7.978E-17
2.582E+00  2.825E-23  1.935E-15  1.856E-15  7.877E-17
2.559E+00  2.796E-23  1.897E-15  1.820E-15  7.777E-17
2.535E+00  2.767E-23  1.861E-15  1.784E-15  7.677E-17
2.512E+00  2.738E-23  1.825E-15  1.749E-15  7.578E-17
2.489E+00  2.710E-23  1.789E-15  1.715E-15  7.480E-17
2.466E+00  2.682E-23  1.755E-15  1.681E-15  7.383E-17
2.443E+00  2.654E-23  1.720E-15  1.648E-15  7.287E-17
2.421E+00  2.627E-23  1.687E-15  1.615E-15  7.192E-17
2.399E+00  2.600E-23  1.654E-15  1.583E-15  7.097E-17
2.377E+00  2.573E-23  1.622E-15  1.552E-15  7.002E-17
2.355E+00  2.546E-23  1.591E-15  1.521E-15  6.907E-17
2.333E+00  2.520E-23  1.559E-15  1.491E-15  6.813E-17
2.312E+00  2.493E-23  1.529E-15  1.462E-15  6.719E-17
2.291E+00  2.466E-23  1.499E-15  1.433E-15  6.625E-17
2.270E+00  2.440E-23  1.469E-15  1.404E-15  6.532E-17
2.249E+00  2.413E-23  1.440E-15  1.375E-15  6.439E-17
2.228E+00  2.386E-23  1.410E-15  1.347E-15  6.347E-17
2.208E+00  2.358E-23  1.381E-15  1.319E-15  6.255E-17
2.188E+00  2.330E-23  1.352E-15  1.291E-15  6.165E-17
2.168E+00  2.301E-23  1.323E-15  1.262E-15  6.074E-17
2.148E+00  2.271E-23  1.294E-15  1.234E-15  5.985E-17
2.128E+00  2.240E-23  1.265E-15  1.206E-15  5.896E-17
2.109E+00  2.208E-23  1.235E-15  1.177E-15  5.808E-17
2.089E+00  2.173E-23  1.204E-15  1.147E-15  5.721E-17
2.070E+00  2.136E-23  1.173E-15  1.116E-15  5.634E-17
2.051E+00  2.095E-23  1.140E-15  1.084E-15  5.548E-17
2.032E+00  2.050E-23  1.105E-15  1.051E-15  5.462E-17
2.014E+00  2.000E-23  1.068E-15  1.015E-15  5.377E-17
1.995E+00  1.944E-23  1.029E-15  9.758E-16  5.292E-17
1.977E+00  1.881E-23  9.866E-16  9.345E-16  5.208E-17
1.959E+00  1.815E-23  9.430E-16  8.917E-16  5.125E-17
1.941E+00  1.750E-23  9.012E-16  8.508E-16  5.042E-17
1.923E+00  1.700E-23  8.670E-16  8.174E-16  4.960E-17
1.905E+00  1.675E-23  8.466E-16  7.978E-16  4.878E-17
1.888E+00  1.681E-23  8.416E-16  7.936E-16  4.798E-17
1.871E+00  1.707E-23  8.472E-16  8.000E-16  4.717E-17
1.854E+00  1.741E-23  8.560E-16  8.096E-16  4.638E-17
1.837E+00  1.771E-23  8.627E-16  8.171E-16  4.559E-17
1.820E+00  1.792E-23  8.652E-16  8.204E-16  4.481E-17
1.803E+00  1.805E-23  8.635E-16  8.194E-16  4.404E-17
1.786E+00  1.811E-23  8.582E-16  8.149E-16  4.328E-17
1.770E+00  1.811E-23  8.503E-16  8.078E-16  4.253E-17
1.754E+00  1.807E-23  8.406E-16  7.988E-16  4.179E-17
1.738E+00  1.800E-23  8.295E-16  7.885E-16  4.106E-17
1.722E+00  1.790E-23  8.176E-16  7.773E-16  4.033E-17
1.706E+00  1.779E-23  8.052E-16  7.656E-16  3.961E-17
1.690E+00  1.767E-23  7.925E-16  7.536E-16  3.890E-17
1.675E+00  1.755E-23  7.796E-16  7.414E-16  3.820E-17
1.660E+00  1.742E-23  7.668E-16  7.293E-16  3.751E-17
1.644E+00  1.729E-23  7.541E-16  7.173E-16  3.682E-17
1.629E+00  1.716E-23  7.416E-16  7.054E-16  3.613E-17
1.614E+00  1.703E-23  7.294E-16  6.939E-16  3.546E-17
1.600E+00  1.691E-23  7.175E-16  6.827E-16  3.479E-17
1.585E+00  1.680E-23  7.061E-16  6.720E-16  3.412E-17
1.570E+00  1.669E-23  6.953E-16  6.618E-16  3.346E-17
1.556E+00  1.660E-23  6.849E-16  6.521E-16  3.281E-17
1.542E+00  1.651E-23  6.753E-16  6.431E-16  3.217E-17
1.528E+00  1.645E-23  6.664E-16  6.349E-16  3.153E-17
1.514E+00  1.640E-23  6.584E-16  6.275E-16  3.089E-17
1.500E+00  1.637E-23  6.513E-16  6.210E-16  3.027E-17
1.486E+00  1.637E-23  6.452E-16  6.156E-16  2.965E-17
1.472E+00  1.640E-23  6.404E-16  6.114E-16  2.904E-17
1.459E+00  1.646E-23  6.369E-16  6.085E-16  2.843E-17
1.445E+00  1.656E-23  6.351E-16  6.073E-16  2.784E-17
1.432E+00  1.672E-23  6.351E-16  6.078E-16  2.725E-17
1.419E+00  1.693E-23  6.373E-16  6.106E-16  2.667E-17
1.406E+00  1.721E-23  6.419E-16  6.159E-16  2.609E-17
1.393E+00  1.758E-23  6.496E-16  6.241E-16  2.553E-17
1.380E+00  1.805E-23  6.608E-16  6.359E-16  2.497E-17
1.368E+00  1.864E-23  6.762E-16  6.518E-16  2.441E-17
1.355E+00  1.937E-23  6.962E-16  6.724E-16  2.386E-17
1.343E+00  2.026E-23  7.216E-16  6.982E-16  2.332E-17
1.330E+00  2.131E-23  7.522E-16  7.294E-16  2.279E-17
1.318E+00  2.252E-23  7.875E-16  7.652E-16  2.226E-17
1.306E+00  2.380E-23  8.247E-16  8.029E-16  2.174E-17
1.294E+00  2.501E-23  8.585E-16  8.373E-16  2.123E-17
1.282E+00  2.589E-23  8.807E-16  8.599E-16  2.073E-17
1.271E+00  2.615E-23  8.813E-16  8.611E-16  2.024E-17
1.259E+00  2.557E-23  8.538E-16  8.341E-16  1.976E-17
1.247E+00  2.417E-23  7.996E-16  7.804E-16  1.928E-17
1.236E+00  2.221E-23  7.282E-16  7.094E-16  1.882E-17
1.225E+00  2.007E-23  6.521E-16  6.337E-16  1.837E-17
1.213E+00  1.805E-23  5.810E-16  5.631E-16  1.792E-17
1.202E+00  1.630E-23  5.199E-16  5.025E-16  1.748E-17
1.191E+00  1.488E-23  4.703E-16  4.533E-16  1.704E-17
1.180E+00  1.378E-23  4.316E-16  4.150E-16  1.661E-17
1.169E+00  1.297E-23  4.024E-16  3.862E-16  1.619E-17
1.159E+00  1.242E-23  3.817E-16  3.659E-16  1.578E-17
1.148E+00  1.210E-23  3.685E-16  3.531E-16  1.537E-17
1.138E+00  1.202E-23  3.627E-16  3.477E-16  1.497E-17
1.127E+00  1.220E-23  3.647E-16  3.501E-16  1.458E-17
1.117E+00  1.269E-23  3.759E-16  3.617E-16  1.419E-17
1.107E+00  1.359E-23  3.989E-16  3.851E-16  1.381E-17
1.096E+00  1.506E-23  4.380E-16  4.246E-16  1.344E-17
1.086E+00  1.734E-23  4.996E-16  4.865E-16  1.307E-17
1.076E+00  2.064E-23  5.895E-16  5.768E-16  1.271E-17
1.067E+00  2.479E-23  7.014E-16  6.891E-16  1.236E-17
1.057E+00  2.811E-23  7.880E-16  7.760E-16  1.201E-17
1.047E+00  2.755E-23  7.651E-16  7.535E-16  1.167E-17
1.038E+00  2.284E-23  6.287E-16  6.174E-16  1.134E-17
1.028E+00  1.730E-23  4.718E-16  4.608E-16  1.102E-17
1.019E+00  1.300E-23  3.513E-16  3.406E-16  1.070E-17
1.009E+00  1.009E-23  2.702E-16  2.598E-16  1.038E-17
1.000E+00  8.163E-24  2.165E-16  2.064E-16  1.008E-17
