Dust emission spectrum from Draine,B.T., & Li, A. (2007), ApJ, in press [astro-ph/0608003]
==========================================================
         7 = grain model
 4.000E-08 4.000E-01 4.500E-05 = a_01 (cm) , sigma_1 , b_C1
 2.000E-07 5.500E-01 1.500E-05 = a_02 (cm) , sigma_2 , b_C2
 5.000E-01 5.000E-01 1.000E+00 = Umin , Umax, beta (dN/dU propto U^{-beta})
 5.000E-01 = <U>       mmp83 = radfield
 0.000E+00 2.000E-07 = a_{min} (cm), a_{max} (cm)
 5.253E-25 5.093E-25 1.601E-26 = P(tot)  P(carb)  P(sil) (erg s-1 H-1)
 band     <nu*P_nu> <j_nu(tot)><j_nu(carb)><j_nu(sil)>
 (um)   (erg s-1 H-1)(Jy/(sr*H))(Jy/(sr*H))(Jy/(sr*H))
1.270E+00  9.291E-27  3.130E-19  3.032E-19  9.792E-21 COBE-DIRBE
2.220E+00  1.176E-26  6.927E-19  6.613E-19  3.138E-20 COBE-DIRBE
3.530E+00  7.641E-26  7.155E-18  7.097E-18  5.792E-20 COBE-DIRBE
4.880E+00  3.423E-26  4.431E-18  4.352E-18  7.929E-20 COBE-DIRBE
1.229E+01  2.877E-25  9.378E-17  9.149E-17  2.288E-18 COBE-DIRBE
2.079E+01  1.396E-25  7.699E-17  7.178E-17  5.207E-18 COBE-DIRBE
5.599E+01  1.939E-26  2.880E-17  2.445E-17  4.351E-18 COBE-DIRBE
9.770E+01  5.771E-27  1.496E-17  1.268E-17  2.275E-18 COBE-DIRBE
1.479E+02  2.867E-27  1.125E-17  9.913E-18  1.335E-18 COBE-DIRBE
2.479E+02  1.008E-27  6.627E-18  5.827E-18  8.003E-19 COBE-DIRBE
1.200E+01  3.206E-25  1.021E-16  9.982E-17  2.244E-18 IRAS
2.500E+01  1.072E-25  7.110E-17  6.513E-17  5.973E-18 IRAS
6.000E+01  1.780E-26  2.833E-17  2.404E-17  4.286E-18 IRAS
1.000E+02  5.469E-27  1.451E-17  1.233E-17  2.177E-18 IRAS
3.550E+00  8.884E-26  8.366E-18  8.307E-18  5.840E-20 SST-IRAC
4.493E+00  2.491E-26  2.969E-18  2.896E-18  7.325E-20 SST-IRAC
5.731E+00  1.980E-25  3.011E-17  3.001E-17  9.850E-20 SST-IRAC
7.872E+00  4.783E-25  9.987E-17  9.903E-17  8.340E-19 SST-IRAC
2.368E+01  9.132E-26  5.736E-17  5.192E-17  5.439E-18 SST-MIPS
7.142E+01  9.786E-27  1.854E-17  1.551E-17  3.030E-18 SST-MIPS
1.559E+02  2.470E-27  1.021E-17  9.076E-18  1.137E-18 SST-MIPS
1.600E+01  2.025E-25  8.595E-17  8.309E-17  2.860E-18 SST-IRSPU
2.200E+01  1.069E-25  6.237E-17  5.688E-17  5.488E-18 SST-IRSPU
7.500E+01  8.451E-27  1.681E-17  1.406E-17  2.756E-18 Herschel-PACS
1.100E+02  3.862E-27  1.127E-17  9.591E-18  1.677E-18 Herschel-PACS
1.700E+02  1.893E-27  8.535E-18  7.571E-18  9.644E-19 Herschel-PACS
2.500E+02  8.717E-28  5.781E-18  5.076E-18  7.050E-19 Herschel-SPIRE
3.600E+02  2.825E-28  2.698E-18  2.088E-18  6.092E-19 Herschel-SPIRE
5.200E+02  8.593E-29  1.185E-18  6.634E-19  5.219E-19 Herschel-SPIRE
2.400E+00  1.318E-26  8.391E-19  8.040E-19  3.512E-20 Akari IRC NIR N2
3.200E+00  5.877E-26  4.989E-18  4.937E-18  5.166E-20 Akari IRC NIR N3
4.100E+00  2.703E-26  2.939E-18  2.872E-18  6.705E-20 Akari IRC NIR N4
7.000E+00  5.434E-25  1.009E-16  1.006E-16  3.062E-19 Akari IRC MIR-S S7
9.000E+00  3.820E-25  9.121E-17  8.958E-17  1.622E-18 Akari IRC MIR-S S9W
1.100E+01  2.937E-25  8.569E-17  8.323E-17  2.466E-18 Akari IRC MIR-S S11
1.500E+01  2.092E-25  8.324E-17  8.027E-17  2.964E-18 Akari IRC MIR-L L15
1.800E+01  1.524E-25  7.277E-17  6.861E-17  4.161E-18 Akari IRC MIR-L L18W
2.400E+01  1.004E-25  6.394E-17  5.807E-17  5.873E-18 Akari IRC MIR-L L24
6.500E+01  1.269E-26  2.189E-17  1.834E-17  3.544E-18 Akari FIS N60
8.000E+01  7.781E-27  1.651E-17  1.392E-17  2.596E-18 Akari FIS WIDE-S
1.400E+02  2.849E-27  1.058E-17  9.332E-18  1.247E-18 Akari FIS WIDE-L
1.600E+02  2.410E-27  1.023E-17  9.119E-18  1.109E-18 Akari FIS N160






lambda    nu*dP/dnu     j_nu    j_nu(carb.) j_nu(sil)
 (um)    (erg/(s*H)) (Jy/(sr*H) (Jy/(sr*H)) (Jy/(sr*H)
1.000E+04  9.663E-34  2.563E-22  3.318E-23  2.231E-22
9.908E+03  1.001E-33  2.631E-22  3.413E-23  2.290E-22
9.817E+03  1.037E-33  2.700E-22  3.512E-23  2.349E-22
9.727E+03  1.074E-33  2.772E-22  3.613E-23  2.410E-22
9.638E+03  1.113E-33  2.845E-22  3.717E-23  2.473E-22
9.550E+03  1.153E-33  2.920E-22  3.824E-23  2.537E-22
9.462E+03  1.194E-33  2.997E-22  3.934E-23  2.603E-22
9.376E+03  1.237E-33  3.076E-22  4.048E-23  2.671E-22
9.290E+03  1.281E-33  3.157E-22  4.165E-23  2.740E-22
9.204E+03  1.327E-33  3.240E-22  4.285E-23  2.811E-22
9.120E+03  1.374E-33  3.325E-22  4.408E-23  2.884E-22
9.036E+03  1.424E-33  3.413E-22  4.535E-23  2.959E-22
8.954E+03  1.475E-33  3.502E-22  4.666E-23  3.035E-22
8.872E+03  1.527E-33  3.593E-22  4.801E-23  3.113E-22
8.790E+03  1.581E-33  3.687E-22  4.939E-23  3.193E-22
8.710E+03  1.638E-33  3.784E-22  5.081E-23  3.275E-22
8.630E+03  1.696E-33  3.883E-22  5.228E-23  3.360E-22
8.551E+03  1.757E-33  3.984E-22  5.379E-23  3.446E-22
8.472E+03  1.819E-33  4.088E-22  5.534E-23  3.535E-22
8.395E+03  1.884E-33  4.196E-22  5.693E-23  3.626E-22
8.318E+03  1.951E-33  4.306E-22  5.858E-23  3.720E-22
8.241E+03  2.021E-33  4.418E-22  6.027E-23  3.816E-22
8.166E+03  2.093E-33  4.534E-22  6.200E-23  3.914E-22
8.091E+03  2.168E-33  4.654E-22  6.379E-23  4.016E-22
8.017E+03  2.246E-33  4.776E-22  6.563E-23  4.119E-22
7.943E+03  2.326E-33  4.901E-22  6.753E-23  4.226E-22
7.870E+03  2.410E-33  5.030E-22  6.948E-23  4.336E-22
7.798E+03  2.496E-33  5.163E-22  7.148E-23  4.448E-22
7.727E+03  2.585E-33  5.299E-22  7.354E-23  4.563E-22
7.656E+03  2.678E-33  5.438E-22  7.566E-23  4.682E-22
7.586E+03  2.774E-33  5.582E-22  7.785E-23  4.803E-22
7.516E+03  2.874E-33  5.729E-22  8.009E-23  4.928E-22
7.447E+03  2.977E-33  5.880E-22  8.241E-23  5.056E-22
7.379E+03  3.084E-33  6.036E-22  8.478E-23  5.188E-22
7.311E+03  3.194E-33  6.195E-22  8.723E-23  5.323E-22
7.244E+03  3.309E-33  6.359E-22  8.975E-23  5.461E-22
7.178E+03  3.428E-33  6.527E-22  9.234E-23  5.604E-22
7.112E+03  3.551E-33  6.700E-22  9.501E-23  5.750E-22
7.047E+03  3.679E-33  6.877E-22  9.775E-23  5.900E-22
6.982E+03  3.811E-33  7.059E-22  1.006E-22  6.054E-22
6.918E+03  3.948E-33  7.246E-22  1.035E-22  6.211E-22
6.855E+03  4.090E-33  7.437E-22  1.065E-22  6.373E-22
6.792E+03  4.237E-33  7.634E-22  1.095E-22  6.539E-22
6.730E+03  4.390E-33  7.836E-22  1.127E-22  6.709E-22
6.668E+03  4.548E-33  8.044E-22  1.160E-22  6.884E-22
6.607E+03  4.712E-33  8.257E-22  1.193E-22  7.064E-22
6.546E+03  4.881E-33  8.476E-22  1.228E-22  7.249E-22
6.486E+03  5.057E-33  8.701E-22  1.263E-22  7.438E-22
6.427E+03  5.240E-33  8.932E-22  1.300E-22  7.633E-22
6.368E+03  5.429E-33  9.170E-22  1.337E-22  7.833E-22
6.310E+03  5.625E-33  9.414E-22  1.376E-22  8.038E-22
6.252E+03  5.828E-33  9.664E-22  1.416E-22  8.249E-22
6.194E+03  6.038E-33  9.922E-22  1.456E-22  8.465E-22
6.138E+03  6.256E-33  1.019E-21  1.499E-22  8.687E-22
6.081E+03  6.483E-33  1.046E-21  1.542E-22  8.915E-22
6.026E+03  6.717E-33  1.074E-21  1.587E-22  9.150E-22
5.970E+03  6.960E-33  1.102E-21  1.632E-22  9.390E-22
5.916E+03  7.212E-33  1.132E-21  1.680E-22  9.637E-22
5.861E+03  7.473E-33  1.162E-21  1.728E-22  9.891E-22
5.808E+03  7.744E-33  1.193E-21  1.778E-22  1.015E-21
5.754E+03  8.025E-33  1.225E-21  1.830E-22  1.042E-21
5.702E+03  8.316E-33  1.258E-21  1.883E-22  1.069E-21
5.649E+03  8.617E-33  1.291E-21  1.937E-22  1.098E-21
5.598E+03  8.930E-33  1.326E-21  1.993E-22  1.127E-21
5.546E+03  9.254E-33  1.361E-21  2.051E-22  1.156E-21
5.495E+03  9.590E-33  1.398E-21  2.111E-22  1.187E-21
5.445E+03  9.938E-33  1.435E-21  2.172E-22  1.218E-21
5.395E+03  1.030E-32  1.474E-21  2.235E-22  1.250E-21
5.346E+03  1.067E-32  1.514E-21  2.300E-22  1.284E-21
5.297E+03  1.106E-32  1.554E-21  2.366E-22  1.318E-21
5.248E+03  1.146E-32  1.596E-21  2.435E-22  1.352E-21
5.200E+03  1.188E-32  1.639E-21  2.506E-22  1.388E-21
5.152E+03  1.231E-32  1.683E-21  2.578E-22  1.425E-21
5.105E+03  1.276E-32  1.728E-21  2.653E-22  1.463E-21
5.058E+03  1.323E-32  1.775E-21  2.730E-22  1.502E-21
5.012E+03  1.371E-32  1.823E-21  2.810E-22  1.542E-21
4.966E+03  1.421E-32  1.872E-21  2.891E-22  1.582E-21
4.920E+03  1.473E-32  1.922E-21  2.976E-22  1.624E-21
4.875E+03  1.526E-32  1.974E-21  3.062E-22  1.668E-21
4.831E+03  1.582E-32  2.027E-21  3.151E-22  1.712E-21
4.786E+03  1.640E-32  2.082E-21  3.243E-22  1.757E-21
4.742E+03  1.699E-32  2.138E-21  3.337E-22  1.804E-21
4.699E+03  1.761E-32  2.196E-21  3.435E-22  1.852E-21
4.656E+03  1.826E-32  2.255E-21  3.535E-22  1.901E-21
4.613E+03  1.893E-32  2.316E-21  3.638E-22  1.952E-21
4.571E+03  1.962E-32  2.379E-21  3.744E-22  2.004E-21
4.529E+03  2.033E-32  2.443E-21  3.853E-22  2.058E-21
4.487E+03  2.108E-32  2.509E-21  3.965E-22  2.113E-21
4.446E+03  2.185E-32  2.577E-21  4.081E-22  2.169E-21
4.406E+03  2.265E-32  2.647E-21  4.200E-22  2.227E-21
4.365E+03  2.348E-32  2.719E-21  4.323E-22  2.286E-21
4.325E+03  2.434E-32  2.793E-21  4.449E-22  2.348E-21
4.285E+03  2.523E-32  2.868E-21  4.580E-22  2.410E-21
4.246E+03  2.616E-32  2.946E-21  4.714E-22  2.475E-21
4.207E+03  2.712E-32  3.026E-21  4.852E-22  2.541E-21
4.169E+03  2.811E-32  3.109E-21  4.994E-22  2.609E-21
4.130E+03  2.915E-32  3.193E-21  5.140E-22  2.679E-21
4.093E+03  3.022E-32  3.280E-21  5.291E-22  2.751E-21
4.055E+03  3.133E-32  3.370E-21  5.446E-22  2.825E-21
4.018E+03  3.248E-32  3.462E-21  5.606E-22  2.901E-21
3.981E+03  3.367E-32  3.556E-21  5.771E-22  2.979E-21
3.945E+03  3.491E-32  3.652E-21  5.940E-22  3.058E-21
3.908E+03  3.619E-32  3.752E-21  6.115E-22  3.140E-21
3.873E+03  3.752E-32  3.854E-21  6.295E-22  3.225E-21
3.837E+03  3.890E-32  3.959E-21  6.480E-22  3.311E-21
3.802E+03  4.033E-32  4.067E-21  6.671E-22  3.400E-21
3.767E+03  4.182E-32  4.178E-21  6.868E-22  3.492E-21
3.733E+03  4.336E-32  4.293E-21  7.071E-22  3.585E-21
3.698E+03  4.495E-32  4.410E-21  7.279E-22  3.682E-21
3.664E+03  4.661E-32  4.531E-21  7.494E-22  3.781E-21
3.631E+03  4.833E-32  4.655E-21  7.716E-22  3.883E-21
3.597E+03  5.011E-32  4.782E-21  7.944E-22  3.988E-21
3.565E+03  5.196E-32  4.913E-21  8.179E-22  4.095E-21
3.532E+03  5.388E-32  5.048E-21  8.422E-22  4.206E-21
3.499E+03  5.588E-32  5.187E-21  8.671E-22  4.320E-21
3.467E+03  5.794E-32  5.329E-21  8.929E-22  4.436E-21
3.436E+03  6.009E-32  5.476E-21  9.194E-22  4.556E-21
3.404E+03  6.231E-32  5.626E-21  9.467E-22  4.680E-21
3.373E+03  6.462E-32  5.781E-21  9.748E-22  4.806E-21
3.342E+03  6.701E-32  5.940E-21  1.004E-21  4.937E-21
3.311E+03  6.950E-32  6.104E-21  1.034E-21  5.070E-21
3.281E+03  7.207E-32  6.272E-21  1.065E-21  5.208E-21
3.251E+03  7.475E-32  6.446E-21  1.096E-21  5.349E-21
3.221E+03  7.752E-32  6.623E-21  1.129E-21  5.494E-21
3.192E+03  8.040E-32  6.806E-21  1.163E-21  5.644E-21
3.162E+03  8.338E-32  6.994E-21  1.198E-21  5.797E-21
3.133E+03  8.648E-32  7.188E-21  1.233E-21  5.954E-21
3.105E+03  8.970E-32  7.387E-21  1.270E-21  6.116E-21
3.076E+03  9.303E-32  7.591E-21  1.309E-21  6.283E-21
3.048E+03  9.650E-32  7.801E-21  1.348E-21  6.454E-21
3.020E+03  1.001E-31  8.018E-21  1.388E-21  6.629E-21
2.992E+03  1.038E-31  8.240E-21  1.430E-21  6.809E-21
2.965E+03  1.077E-31  8.467E-21  1.473E-21  6.994E-21
2.938E+03  1.117E-31  8.701E-21  1.518E-21  7.183E-21
2.911E+03  1.158E-31  8.941E-21  1.563E-21  7.378E-21
2.884E+03  1.201E-31  9.188E-21  1.611E-21  7.578E-21
2.858E+03  1.246E-31  9.443E-21  1.659E-21  7.783E-21
2.831E+03  1.292E-31  9.704E-21  1.710E-21  7.995E-21
2.805E+03  1.340E-31  9.973E-21  1.761E-21  8.212E-21
2.780E+03  1.390E-31  1.025E-20  1.815E-21  8.435E-21
2.754E+03  1.442E-31  1.053E-20  1.870E-21  8.664E-21
2.729E+03  1.496E-31  1.083E-20  1.927E-21  8.899E-21
2.704E+03  1.551E-31  1.113E-20  1.985E-21  9.141E-21
2.679E+03  1.609E-31  1.144E-20  2.046E-21  9.390E-21
2.655E+03  1.669E-31  1.175E-20  2.108E-21  9.646E-21
2.630E+03  1.731E-31  1.208E-20  2.172E-21  9.908E-21
2.606E+03  1.796E-31  1.242E-20  2.239E-21  1.018E-20
2.582E+03  1.863E-31  1.276E-20  2.307E-21  1.046E-20
2.559E+03  1.933E-31  1.312E-20  2.378E-21  1.074E-20
2.535E+03  2.005E-31  1.348E-20  2.451E-21  1.103E-20
2.512E+03  2.080E-31  1.386E-20  2.526E-21  1.133E-20
2.489E+03  2.158E-31  1.425E-20  2.604E-21  1.164E-20
2.466E+03  2.239E-31  1.464E-20  2.684E-21  1.196E-20
2.443E+03  2.322E-31  1.505E-20  2.766E-21  1.229E-20
2.421E+03  2.409E-31  1.547E-20  2.851E-21  1.262E-20
2.399E+03  2.500E-31  1.591E-20  2.939E-21  1.297E-20
2.377E+03  2.593E-31  1.635E-20  3.030E-21  1.332E-20
2.355E+03  2.690E-31  1.681E-20  3.124E-21  1.368E-20
2.333E+03  2.791E-31  1.728E-20  3.221E-21  1.406E-20
2.312E+03  2.896E-31  1.776E-20  3.321E-21  1.444E-20
2.291E+03  3.005E-31  1.826E-20  3.424E-21  1.483E-20
2.270E+03  3.117E-31  1.877E-20  3.530E-21  1.524E-20
2.249E+03  3.234E-31  1.929E-20  3.640E-21  1.565E-20
2.228E+03  3.356E-31  1.984E-20  3.753E-21  1.608E-20
2.208E+03  3.482E-31  2.039E-20  3.870E-21  1.652E-20
2.188E+03  3.612E-31  2.096E-20  3.991E-21  1.697E-20
2.168E+03  3.748E-31  2.155E-20  4.116E-21  1.743E-20
2.148E+03  3.889E-31  2.215E-20  4.245E-21  1.791E-20
2.128E+03  4.035E-31  2.278E-20  4.378E-21  1.840E-20
2.109E+03  4.186E-31  2.341E-20  4.515E-21  1.890E-20
2.089E+03  4.343E-31  2.407E-20  4.657E-21  1.941E-20
2.070E+03  4.506E-31  2.475E-20  4.803E-21  1.994E-20
2.051E+03  4.676E-31  2.544E-20  4.955E-21  2.049E-20
2.032E+03  4.851E-31  2.615E-20  5.111E-21  2.104E-20
2.014E+03  5.034E-31  2.689E-20  5.272E-21  2.162E-20
1.995E+03  5.223E-31  2.764E-20  5.439E-21  2.220E-20
1.977E+03  5.419E-31  2.842E-20  5.611E-21  2.281E-20
1.959E+03  5.622E-31  2.921E-20  5.788E-21  2.342E-20
1.941E+03  5.833E-31  3.003E-20  5.972E-21  2.406E-20
1.923E+03  6.052E-31  3.087E-20  6.161E-21  2.471E-20
1.905E+03  6.279E-31  3.174E-20  6.357E-21  2.538E-20
1.888E+03  6.515E-31  3.263E-20  6.559E-21  2.607E-20
1.871E+03  6.760E-31  3.354E-20  6.768E-21  2.677E-20
1.854E+03  7.014E-31  3.448E-20  6.984E-21  2.750E-20
1.837E+03  7.277E-31  3.545E-20  7.207E-21  2.824E-20
1.820E+03  7.550E-31  3.644E-20  7.437E-21  2.901E-20
1.803E+03  7.833E-31  3.746E-20  7.675E-21  2.979E-20
1.786E+03  8.127E-31  3.851E-20  7.921E-21  3.059E-20
1.770E+03  8.433E-31  3.959E-20  8.175E-21  3.142E-20
1.754E+03  8.749E-31  4.070E-20  8.437E-21  3.227E-20
1.738E+03  9.077E-31  4.184E-20  8.709E-21  3.313E-20
1.722E+03  9.418E-31  4.301E-20  8.989E-21  3.403E-20
1.706E+03  9.771E-31  4.422E-20  9.278E-21  3.494E-20
1.690E+03  1.014E-30  4.546E-20  9.577E-21  3.588E-20
1.675E+03  1.052E-30  4.673E-20  9.886E-21  3.684E-20
1.660E+03  1.091E-30  4.804E-20  1.021E-20  3.783E-20
1.644E+03  1.132E-30  4.938E-20  1.054E-20  3.884E-20
1.629E+03  1.174E-30  5.076E-20  1.088E-20  3.988E-20
1.614E+03  1.218E-30  5.218E-20  1.123E-20  4.095E-20
1.600E+03  1.264E-30  5.363E-20  1.159E-20  4.204E-20
1.585E+03  1.311E-30  5.513E-20  1.197E-20  4.316E-20
1.570E+03  1.360E-30  5.667E-20  1.236E-20  4.431E-20
1.556E+03  1.411E-30  5.825E-20  1.276E-20  4.549E-20
1.542E+03  1.464E-30  5.987E-20  1.318E-20  4.670E-20
1.528E+03  1.519E-30  6.154E-20  1.361E-20  4.794E-20
1.514E+03  1.576E-30  6.325E-20  1.405E-20  4.920E-20
1.500E+03  1.634E-30  6.501E-20  1.451E-20  5.051E-20
1.486E+03  1.695E-30  6.682E-20  1.498E-20  5.184E-20
1.472E+03  1.759E-30  6.868E-20  1.547E-20  5.321E-20
1.459E+03  1.824E-30  7.059E-20  1.598E-20  5.461E-20
1.445E+03  1.892E-30  7.256E-20  1.650E-20  5.605E-20
1.432E+03  1.963E-30  7.457E-20  1.704E-20  5.753E-20
1.419E+03  2.036E-30  7.664E-20  1.760E-20  5.904E-20
1.406E+03  2.112E-30  7.877E-20  1.818E-20  6.059E-20
1.393E+03  2.191E-30  8.095E-20  1.878E-20  6.217E-20
1.380E+03  2.272E-30  8.320E-20  1.940E-20  6.380E-20
1.368E+03  2.357E-30  8.550E-20  2.004E-20  6.546E-20
1.355E+03  2.444E-30  8.787E-20  2.070E-20  6.717E-20
1.343E+03  2.535E-30  9.030E-20  2.138E-20  6.892E-20
1.330E+03  2.629E-30  9.279E-20  2.208E-20  7.071E-20
1.318E+03  2.727E-30  9.535E-20  2.281E-20  7.254E-20
1.306E+03  2.828E-30  9.798E-20  2.357E-20  7.441E-20
1.294E+03  2.933E-30  1.007E-19  2.435E-20  7.633E-20
1.282E+03  3.041E-30  1.035E-19  2.515E-20  7.830E-20
1.271E+03  3.154E-30  1.063E-19  2.598E-20  8.031E-20
1.259E+03  3.271E-30  1.092E-19  2.684E-20  8.237E-20
1.247E+03  3.391E-30  1.122E-19  2.773E-20  8.448E-20
1.236E+03  3.517E-30  1.153E-19  2.865E-20  8.663E-20
1.225E+03  3.646E-30  1.184E-19  2.960E-20  8.884E-20
1.213E+03  3.781E-30  1.217E-19  3.059E-20  9.110E-20
1.202E+03  3.920E-30  1.250E-19  3.160E-20  9.341E-20
1.191E+03  4.064E-30  1.284E-19  3.265E-20  9.577E-20
1.180E+03  4.213E-30  1.319E-19  3.374E-20  9.818E-20
1.169E+03  4.368E-30  1.355E-19  3.486E-20  1.007E-19
1.159E+03  4.529E-30  1.392E-19  3.602E-20  1.032E-19
1.148E+03  4.695E-30  1.430E-19  3.722E-20  1.058E-19
1.138E+03  4.867E-30  1.469E-19  3.846E-20  1.084E-19
1.127E+03  5.045E-30  1.508E-19  3.974E-20  1.111E-19
1.117E+03  5.229E-30  1.549E-19  4.107E-20  1.139E-19
1.107E+03  5.420E-30  1.591E-19  4.244E-20  1.167E-19
1.096E+03  5.618E-30  1.634E-19  4.385E-20  1.195E-19
1.086E+03  5.823E-30  1.678E-19  4.531E-20  1.225E-19
1.076E+03  6.035E-30  1.723E-19  4.683E-20  1.255E-19
1.067E+03  6.254E-30  1.769E-19  4.839E-20  1.286E-19
1.057E+03  6.481E-30  1.817E-19  5.000E-20  1.317E-19
1.047E+03  6.717E-30  1.866E-19  5.167E-20  1.349E-19
1.038E+03  6.960E-30  1.915E-19  5.340E-20  1.381E-19
1.028E+03  7.212E-30  1.967E-19  5.518E-20  1.415E-19
1.019E+03  7.473E-30  2.019E-19  5.703E-20  1.449E-19
1.009E+03  7.742E-30  2.073E-19  5.893E-20  1.483E-19
1.000E+03  8.022E-30  2.128E-19  6.090E-20  1.519E-19
9.908E+02  8.311E-30  2.184E-19  6.294E-20  1.555E-19
9.817E+02  8.611E-30  2.242E-19  6.504E-20  1.592E-19
9.727E+02  8.921E-30  2.302E-19  6.721E-20  1.630E-19
9.638E+02  9.242E-30  2.363E-19  6.946E-20  1.668E-19
9.550E+02  9.574E-30  2.425E-19  7.178E-20  1.707E-19
9.462E+02  9.917E-30  2.489E-19  7.418E-20  1.747E-19
9.376E+02  1.027E-29  2.555E-19  7.666E-20  1.788E-19
9.290E+02  1.064E-29  2.622E-19  7.922E-20  1.830E-19
9.204E+02  1.102E-29  2.691E-19  8.187E-20  1.872E-19
9.120E+02  1.141E-29  2.761E-19  8.460E-20  1.915E-19
9.036E+02  1.182E-29  2.833E-19  8.743E-20  1.959E-19
8.954E+02  1.224E-29  2.907E-19  9.035E-20  2.004E-19
8.872E+02  1.268E-29  2.983E-19  9.336E-20  2.049E-19
8.790E+02  1.313E-29  3.061E-19  9.648E-20  2.096E-19
8.710E+02  1.359E-29  3.140E-19  9.970E-20  2.143E-19
8.630E+02  1.407E-29  3.221E-19  1.030E-19  2.191E-19
8.551E+02  1.457E-29  3.304E-19  1.065E-19  2.240E-19
8.472E+02  1.508E-29  3.389E-19  1.100E-19  2.289E-19
8.395E+02  1.561E-29  3.476E-19  1.137E-19  2.340E-19
8.318E+02  1.616E-29  3.566E-19  1.175E-19  2.391E-19
8.241E+02  1.673E-29  3.657E-19  1.214E-19  2.443E-19
8.166E+02  1.731E-29  3.750E-19  1.254E-19  2.496E-19
8.091E+02  1.792E-29  3.846E-19  1.296E-19  2.550E-19
8.017E+02  1.855E-29  3.944E-19  1.339E-19  2.604E-19
7.943E+02  1.919E-29  4.044E-19  1.384E-19  2.660E-19
7.870E+02  1.986E-29  4.146E-19  1.430E-19  2.716E-19
7.798E+02  2.055E-29  4.251E-19  1.477E-19  2.774E-19
7.727E+02  2.126E-29  4.358E-19  1.526E-19  2.832E-19
7.656E+02  2.200E-29  4.468E-19  1.577E-19  2.891E-19
7.586E+02  2.276E-29  4.580E-19  1.629E-19  2.951E-19
7.516E+02  2.355E-29  4.695E-19  1.683E-19  3.012E-19
7.447E+02  2.437E-29  4.813E-19  1.739E-19  3.074E-19
7.379E+02  2.521E-29  4.934E-19  1.797E-19  3.137E-19
7.311E+02  2.608E-29  5.058E-19  1.856E-19  3.201E-19
7.244E+02  2.698E-29  5.184E-19  1.918E-19  3.267E-19
7.178E+02  2.791E-29  5.314E-19  1.981E-19  3.333E-19
7.112E+02  2.881E-29  5.436E-19  2.047E-19  3.389E-19
7.047E+02  2.981E-29  5.572E-19  2.114E-19  3.457E-19
6.982E+02  3.083E-29  5.711E-19  2.184E-19  3.527E-19
6.918E+02  3.190E-29  5.853E-19  2.256E-19  3.597E-19
6.855E+02  3.290E-29  5.983E-19  2.330E-19  3.652E-19
6.792E+02  3.403E-29  6.132E-19  2.407E-19  3.724E-19
6.730E+02  3.520E-29  6.284E-19  2.486E-19  3.797E-19
6.668E+02  3.640E-29  6.439E-19  2.568E-19  3.871E-19
6.607E+02  3.765E-29  6.598E-19  2.652E-19  3.946E-19
6.546E+02  3.894E-29  6.762E-19  2.740E-19  4.023E-19
6.486E+02  4.028E-29  6.930E-19  2.829E-19  4.101E-19
6.427E+02  4.166E-29  7.102E-19  2.922E-19  4.180E-19
6.368E+02  4.281E-29  7.231E-19  3.018E-19  4.213E-19
6.310E+02  4.428E-29  7.411E-19  3.116E-19  4.294E-19
6.252E+02  4.580E-29  7.595E-19  3.218E-19  4.376E-19
6.194E+02  4.737E-29  7.783E-19  3.323E-19  4.460E-19
6.138E+02  4.867E-29  7.924E-19  3.432E-19  4.492E-19
6.081E+02  4.992E-29  8.052E-19  3.543E-19  4.509E-19
6.026E+02  5.164E-29  8.254E-19  3.659E-19  4.595E-19
5.970E+02  5.342E-29  8.460E-19  3.778E-19  4.682E-19
5.916E+02  5.526E-29  8.671E-19  3.900E-19  4.771E-19
5.861E+02  5.716E-29  8.888E-19  4.027E-19  4.861E-19
5.808E+02  5.913E-29  9.109E-19  4.157E-19  4.952E-19
5.754E+02  6.116E-29  9.336E-19  4.292E-19  5.044E-19
5.702E+02  6.302E-29  9.531E-19  4.431E-19  5.101E-19
5.649E+02  6.460E-29  9.681E-19  4.574E-19  5.107E-19
5.598E+02  6.683E-29  9.923E-19  4.721E-19  5.201E-19
5.546E+02  6.913E-29  1.017E-18  4.874E-19  5.298E-19
5.495E+02  7.152E-29  1.043E-18  5.030E-19  5.395E-19
5.445E+02  7.398E-29  1.069E-18  5.192E-19  5.494E-19
5.395E+02  7.414E-29  1.061E-18  5.357E-19  5.254E-19
5.346E+02  7.651E-29  1.085E-18  5.529E-19  5.320E-19
5.297E+02  7.918E-29  1.113E-18  5.706E-19  5.419E-19
5.248E+02  8.195E-29  1.141E-18  5.888E-19  5.520E-19
5.200E+02  8.481E-29  1.170E-18  6.076E-19  5.622E-19
5.152E+02  8.777E-29  1.200E-18  6.270E-19  5.725E-19
5.105E+02  9.083E-29  1.230E-18  6.470E-19  5.830E-19
5.058E+02  9.379E-29  1.258E-18  6.675E-19  5.909E-19
5.012E+02  9.603E-29  1.277E-18  6.887E-19  5.879E-19
4.966E+02  9.837E-29  1.296E-18  7.106E-19  5.852E-19
4.920E+02  1.018E-28  1.329E-18  7.328E-19  5.959E-19
4.875E+02  1.054E-28  1.363E-18  7.559E-19  6.068E-19
4.831E+02  1.091E-28  1.398E-18  7.798E-19  6.178E-19
4.786E+02  1.126E-28  1.430E-18  8.034E-19  6.265E-19
4.742E+02  1.150E-28  1.447E-18  8.287E-19  6.184E-19
4.699E+02  1.161E-28  1.447E-18  8.547E-19  5.922E-19
4.656E+02  1.202E-28  1.485E-18  8.815E-19  6.032E-19
4.613E+02  1.236E-28  1.513E-18  9.091E-19  6.034E-19
4.571E+02  1.279E-28  1.550E-18  9.376E-19  6.126E-19
4.529E+02  1.324E-28  1.591E-18  9.668E-19  6.239E-19
4.487E+02  1.357E-28  1.616E-18  9.970E-19  6.186E-19
4.446E+02  1.406E-28  1.658E-18  1.028E-18  6.299E-19
4.406E+02  1.456E-28  1.701E-18  1.060E-18  6.414E-19
4.365E+02  1.499E-28  1.736E-18  1.093E-18  6.428E-19
4.325E+02  1.533E-28  1.759E-18  1.125E-18  6.338E-19
4.285E+02  1.588E-28  1.805E-18  1.160E-18  6.455E-19
4.246E+02  1.642E-28  1.849E-18  1.192E-18  6.574E-19
4.207E+02  1.678E-28  1.873E-18  1.229E-18  6.444E-19
4.169E+02  1.739E-28  1.923E-18  1.266E-18  6.563E-19
4.130E+02  1.748E-28  1.916E-18  1.305E-18  6.105E-19
4.093E+02  1.812E-28  1.967E-18  1.345E-18  6.221E-19
4.055E+02  1.877E-28  2.019E-18  1.386E-18  6.325E-19
4.018E+02  1.931E-28  2.058E-18  1.429E-18  6.292E-19
3.981E+02  1.985E-28  2.096E-18  1.472E-18  6.235E-19
3.945E+02  2.052E-28  2.147E-18  1.517E-18  6.301E-19
3.908E+02  2.124E-28  2.202E-18  1.561E-18  6.409E-19
3.873E+02  2.202E-28  2.262E-18  1.609E-18  6.531E-19
3.837E+02  2.282E-28  2.323E-18  1.657E-18  6.654E-19
3.802E+02  2.359E-28  2.379E-18  1.701E-18  6.779E-19
3.767E+02  2.390E-28  2.388E-18  1.739E-18  6.490E-19
3.733E+02  2.454E-28  2.430E-18  1.792E-18  6.378E-19
3.698E+02  2.544E-28  2.496E-18  1.846E-18  6.501E-19
3.664E+02  2.636E-28  2.563E-18  1.901E-18  6.617E-19
3.631E+02  2.733E-28  2.632E-18  1.958E-18  6.744E-19
3.597E+02  2.768E-28  2.642E-18  2.016E-18  6.254E-19
3.565E+02  2.862E-28  2.706E-18  2.076E-18  6.297E-19
3.532E+02  2.949E-28  2.762E-18  2.138E-18  6.247E-19
3.499E+02  3.057E-28  2.838E-18  2.201E-18  6.370E-19
3.467E+02  3.148E-28  2.896E-18  2.266E-18  6.297E-19
3.436E+02  3.263E-28  2.974E-18  2.332E-18  6.423E-19
3.404E+02  3.383E-28  3.054E-18  2.400E-18  6.543E-19
3.373E+02  3.491E-28  3.123E-18  2.462E-18  6.613E-19
3.342E+02  3.569E-28  3.164E-18  2.492E-18  6.719E-19
3.311E+02  3.674E-28  3.227E-18  2.543E-18  6.846E-19
3.281E+02  3.784E-28  3.293E-18  2.617E-18  6.757E-19
3.251E+02  3.879E-28  3.345E-18  2.694E-18  6.514E-19
3.221E+02  4.014E-28  3.429E-18  2.772E-18  6.574E-19
3.192E+02  4.162E-28  3.523E-18  2.853E-18  6.707E-19
3.162E+02  4.315E-28  3.620E-18  2.935E-18  6.842E-19
3.133E+02  4.387E-28  3.646E-18  3.020E-18  6.256E-19
3.105E+02  4.542E-28  3.740E-18  3.107E-18  6.331E-19
3.076E+02  4.708E-28  3.841E-18  3.195E-18  6.462E-19
3.048E+02  4.871E-28  3.938E-18  3.287E-18  6.511E-19
3.020E+02  5.048E-28  4.044E-18  3.381E-18  6.630E-19
2.992E+02  5.213E-28  4.137E-18  3.477E-18  6.603E-19
2.965E+02  5.258E-28  4.135E-18  3.464E-18  6.707E-19
2.938E+02  5.442E-28  4.241E-18  3.556E-18  6.847E-19
2.911E+02  5.513E-28  4.256E-18  3.559E-18  6.976E-19
2.884E+02  5.681E-28  4.346E-18  3.660E-18  6.860E-19
2.858E+02  5.887E-28  4.462E-18  3.764E-18  6.978E-19
2.831E+02  6.099E-28  4.581E-18  3.869E-18  7.112E-19
2.805E+02  6.289E-28  4.680E-18  3.979E-18  7.015E-19
2.780E+02  6.487E-28  4.783E-18  4.091E-18  6.924E-19
2.754E+02  6.715E-28  4.906E-18  4.206E-18  7.006E-19
2.729E+02  6.887E-28  4.986E-18  4.323E-18  6.625E-19
2.704E+02  7.139E-28  5.121E-18  4.444E-18  6.769E-19
2.679E+02  7.400E-28  5.259E-18  4.567E-18  6.913E-19
2.655E+02  7.661E-28  5.394E-18  4.694E-18  7.004E-19
2.630E+02  7.586E-28  5.293E-18  4.584E-18  7.084E-19
2.606E+02  7.862E-28  5.435E-18  4.711E-18  7.236E-19
2.582E+02  8.124E-28  5.565E-18  4.841E-18  7.240E-19
2.559E+02  8.391E-28  5.695E-18  4.974E-18  7.211E-19
2.535E+02  8.427E-28  5.667E-18  4.933E-18  7.337E-19
2.512E+02  8.565E-28  5.707E-18  4.958E-18  7.486E-19
2.489E+02  8.866E-28  5.854E-18  5.095E-18  7.585E-19
2.466E+02  9.164E-28  5.994E-18  5.234E-18  7.608E-19
2.443E+02  9.488E-28  6.150E-18  5.377E-18  7.726E-19
2.421E+02  9.784E-28  6.283E-18  5.517E-18  7.661E-19
2.399E+02  1.012E-27  6.438E-18  5.667E-18  7.701E-19
2.377E+02  1.048E-27  6.604E-18  5.821E-18  7.833E-19
2.355E+02  1.077E-27  6.727E-18  5.978E-18  7.483E-19
2.333E+02  1.114E-27  6.898E-18  6.138E-18  7.600E-19
2.312E+02  1.091E-27  6.691E-18  5.918E-18  7.724E-19
2.291E+02  1.129E-27  6.863E-18  6.077E-18  7.865E-19
2.270E+02  1.169E-27  7.040E-18  6.239E-18  8.007E-19
2.249E+02  1.204E-27  7.184E-18  6.381E-18  8.030E-19
2.228E+02  1.185E-27  7.002E-18  6.212E-18  7.903E-19
2.208E+02  1.226E-27  7.181E-18  6.377E-18  8.043E-19
2.188E+02  1.267E-27  7.355E-18  6.546E-18  8.084E-19
2.168E+02  1.302E-27  7.485E-18  6.666E-18  8.193E-19
2.148E+02  1.304E-27  7.431E-18  6.597E-18  8.335E-19
2.128E+02  1.349E-27  7.616E-18  6.772E-18  8.434E-19
2.109E+02  1.395E-27  7.803E-18  6.945E-18  8.573E-19
2.089E+02  1.441E-27  7.984E-18  7.129E-18  8.547E-19
2.070E+02  1.490E-27  8.184E-18  7.316E-18  8.673E-19
2.051E+02  1.437E-27  7.819E-18  6.982E-18  8.364E-19
2.032E+02  1.487E-27  8.015E-18  7.165E-18  8.504E-19
2.014E+02  1.537E-27  8.212E-18  7.350E-18  8.619E-19
1.995E+02  1.590E-27  8.416E-18  7.541E-18  8.753E-19
1.977E+02  1.644E-27  8.621E-18  7.731E-18  8.901E-19
1.959E+02  1.698E-27  8.822E-18  7.930E-18  8.923E-19
1.941E+02  1.656E-27  8.523E-18  7.615E-18  9.081E-19
1.923E+02  1.701E-27  8.675E-18  7.769E-18  9.062E-19
1.905E+02  1.754E-27  8.865E-18  7.955E-18  9.106E-19
1.888E+02  1.813E-27  9.080E-18  8.154E-18  9.265E-19
1.871E+02  1.875E-27  9.303E-18  8.361E-18  9.425E-19
1.854E+02  1.811E-27  8.906E-18  7.949E-18  9.567E-19
1.837E+02  1.873E-27  9.126E-18  8.154E-18  9.711E-19
1.820E+02  1.937E-27  9.348E-18  8.364E-18  9.838E-19
1.803E+02  1.876E-27  8.973E-18  7.988E-18  9.853E-19
1.786E+02  1.936E-27  9.176E-18  8.175E-18  1.001E-18
1.770E+02  1.995E-27  9.366E-18  8.382E-18  9.839E-19
1.754E+02  2.054E-27  9.556E-18  8.561E-18  9.943E-19
1.738E+02  2.123E-27  9.788E-18  8.777E-18  1.011E-18
1.722E+02  2.192E-27  1.001E-17  8.997E-18  1.013E-18
1.706E+02  2.263E-27  1.024E-17  9.216E-18  1.023E-18
1.690E+02  2.189E-27  9.818E-18  8.779E-18  1.038E-18
1.675E+02  2.263E-27  1.005E-17  8.997E-18  1.055E-18
1.660E+02  2.338E-27  1.029E-17  9.219E-18  1.073E-18
1.644E+02  2.395E-27  1.044E-17  9.361E-18  1.084E-18
1.629E+02  2.466E-27  1.066E-17  9.566E-18  1.092E-18
1.614E+02  2.546E-27  1.090E-17  9.795E-18  1.109E-18
1.600E+02  2.491E-27  1.057E-17  9.444E-18  1.128E-18
1.585E+02  2.377E-27  9.994E-18  8.848E-18  1.146E-18
1.570E+02  2.405E-27  1.002E-17  8.857E-18  1.161E-18
1.556E+02  2.481E-27  1.024E-17  9.070E-18  1.168E-18
1.542E+02  2.562E-27  1.048E-17  9.292E-18  1.184E-18
1.528E+02  2.640E-27  1.070E-17  9.519E-18  1.176E-18
1.514E+02  2.720E-27  1.092E-17  9.731E-18  1.187E-18
1.500E+02  2.803E-27  1.115E-17  9.959E-18  1.190E-18
1.486E+02  2.749E-27  1.083E-17  9.625E-18  1.209E-18
1.472E+02  2.838E-27  1.108E-17  9.856E-18  1.229E-18
1.459E+02  2.741E-27  1.060E-17  9.360E-18  1.245E-18
1.445E+02  2.824E-27  1.083E-17  9.563E-18  1.265E-18
1.432E+02  2.915E-27  1.107E-17  9.788E-18  1.284E-18
1.419E+02  2.902E-27  1.092E-17  9.618E-18  1.304E-18
1.406E+02  2.993E-27  1.116E-17  9.843E-18  1.321E-18
1.393E+02  3.046E-27  1.126E-17  9.924E-18  1.332E-18
1.380E+02  3.131E-27  1.146E-17  1.011E-17  1.353E-18
1.368E+02  3.230E-27  1.172E-17  1.035E-17  1.374E-18
1.355E+02  3.026E-27  1.088E-17  9.482E-18  1.395E-18
1.343E+02  3.040E-27  1.083E-17  9.411E-18  1.417E-18
1.330E+02  3.131E-27  1.105E-17  9.624E-18  1.426E-18
1.318E+02  3.226E-27  1.128E-17  9.849E-18  1.431E-18
1.306E+02  3.314E-27  1.148E-17  1.005E-17  1.430E-18
1.294E+02  3.418E-27  1.173E-17  1.028E-17  1.452E-18
1.282E+02  3.522E-27  1.198E-17  1.051E-17  1.468E-18
1.271E+02  3.395E-27  1.144E-17  9.953E-18  1.490E-18
1.259E+02  3.501E-27  1.169E-17  1.018E-17  1.512E-18
1.247E+02  3.604E-27  1.193E-17  1.039E-17  1.533E-18
1.236E+02  3.714E-27  1.218E-17  1.062E-17  1.555E-18
1.225E+02  3.734E-27  1.213E-17  1.055E-17  1.577E-18
1.213E+02  3.849E-27  1.239E-17  1.079E-17  1.601E-18
1.202E+02  3.963E-27  1.264E-17  1.101E-17  1.624E-18
1.191E+02  4.024E-27  1.271E-17  1.107E-17  1.639E-18
1.180E+02  4.129E-27  1.293E-17  1.126E-17  1.662E-18
1.169E+02  4.250E-27  1.319E-17  1.150E-17  1.683E-18
1.159E+02  3.967E-27  1.219E-17  1.049E-17  1.707E-18
1.148E+02  3.970E-27  1.209E-17  1.036E-17  1.732E-18
1.138E+02  4.083E-27  1.232E-17  1.058E-17  1.742E-18
1.127E+02  3.992E-27  1.194E-17  1.019E-17  1.745E-18
1.117E+02  4.111E-27  1.218E-17  1.041E-17  1.767E-18
1.107E+02  4.233E-27  1.243E-17  1.063E-17  1.793E-18
1.096E+02  4.360E-27  1.268E-17  1.087E-17  1.815E-18
1.086E+02  4.492E-27  1.295E-17  1.111E-17  1.840E-18
1.076E+02  4.575E-27  1.306E-17  1.120E-17  1.865E-18
1.067E+02  4.710E-27  1.332E-17  1.143E-17  1.892E-18
1.057E+02  4.851E-27  1.360E-17  1.168E-17  1.917E-18
1.047E+02  4.994E-27  1.387E-17  1.193E-17  1.943E-18
1.038E+02  5.140E-27  1.415E-17  1.218E-17  1.970E-18
1.028E+02  5.189E-27  1.415E-17  1.215E-17  1.997E-18
1.019E+02  5.190E-27  1.402E-17  1.200E-17  2.017E-18
1.009E+02  5.262E-27  1.409E-17  1.204E-17  2.043E-18
1.000E+02  5.418E-27  1.437E-17  1.230E-17  2.072E-18
9.908E+01  5.081E-27  1.335E-17  1.126E-17  2.096E-18
9.817E+01  5.229E-27  1.362E-17  1.149E-17  2.125E-18
9.727E+01  5.188E-27  1.339E-17  1.126E-17  2.129E-18
9.638E+01  5.338E-27  1.365E-17  1.149E-17  2.158E-18
9.550E+01  5.492E-27  1.391E-17  1.173E-17  2.184E-18
9.462E+01  5.653E-27  1.419E-17  1.198E-17  2.213E-18
9.376E+01  5.776E-27  1.437E-17  1.212E-17  2.242E-18
9.290E+01  5.933E-27  1.462E-17  1.235E-17  2.269E-18
9.204E+01  6.084E-27  1.485E-17  1.255E-17  2.298E-18
9.120E+01  6.260E-27  1.514E-17  1.282E-17  2.327E-18
9.036E+01  6.439E-27  1.543E-17  1.308E-17  2.358E-18
8.954E+01  6.621E-27  1.573E-17  1.334E-17  2.387E-18
8.872E+01  6.802E-27  1.601E-17  1.359E-17  2.417E-18
8.790E+01  6.957E-27  1.622E-17  1.377E-17  2.448E-18
8.710E+01  6.940E-27  1.603E-17  1.356E-17  2.476E-18
8.630E+01  7.116E-27  1.629E-17  1.378E-17  2.507E-18
8.551E+01  7.313E-27  1.659E-17  1.405E-17  2.536E-18
8.472E+01  6.957E-27  1.564E-17  1.307E-17  2.568E-18
8.395E+01  7.128E-27  1.587E-17  1.327E-17  2.599E-18
8.318E+01  7.326E-27  1.616E-17  1.354E-17  2.626E-18
8.241E+01  7.347E-27  1.606E-17  1.342E-17  2.645E-18
8.166E+01  7.523E-27  1.629E-17  1.362E-17  2.677E-18
8.091E+01  7.684E-27  1.649E-17  1.378E-17  2.709E-18
8.017E+01  7.897E-27  1.679E-17  1.405E-17  2.741E-18
7.943E+01  8.116E-27  1.710E-17  1.433E-17  2.771E-18
7.870E+01  8.340E-27  1.741E-17  1.461E-17  2.805E-18
7.798E+01  8.527E-27  1.764E-17  1.480E-17  2.839E-18
7.727E+01  8.745E-27  1.792E-17  1.505E-17  2.871E-18
7.656E+01  8.943E-27  1.816E-17  1.526E-17  2.905E-18
7.586E+01  9.116E-27  1.834E-17  1.540E-17  2.939E-18
7.516E+01  9.358E-27  1.866E-17  1.568E-17  2.974E-18
7.447E+01  9.591E-27  1.895E-17  1.594E-17  3.008E-18
7.379E+01  9.410E-27  1.842E-17  1.538E-17  3.039E-18
7.311E+01  9.650E-27  1.871E-17  1.564E-17  3.073E-18
7.244E+01  9.598E-27  1.844E-17  1.534E-17  3.108E-18
7.178E+01  9.695E-27  1.846E-17  1.532E-17  3.141E-18
7.112E+01  9.884E-27  1.865E-17  1.547E-17  3.176E-18
7.047E+01  1.015E-26  1.897E-17  1.577E-17  3.206E-18
6.982E+01  1.032E-26  1.912E-17  1.588E-17  3.238E-18
6.918E+01  1.060E-26  1.945E-17  1.618E-17  3.275E-18
6.855E+01  1.088E-26  1.979E-17  1.648E-17  3.308E-18
6.792E+01  1.115E-26  2.009E-17  1.674E-17  3.344E-18
6.730E+01  1.144E-26  2.043E-17  1.705E-17  3.377E-18
6.668E+01  1.173E-26  2.076E-17  1.734E-17  3.414E-18
6.607E+01  1.200E-26  2.103E-17  1.758E-17  3.451E-18
6.546E+01  1.206E-26  2.094E-17  1.745E-17  3.487E-18
6.486E+01  1.238E-26  2.130E-17  1.777E-17  3.523E-18
6.427E+01  1.270E-26  2.166E-17  1.810E-17  3.558E-18
6.368E+01  1.299E-26  2.195E-17  1.835E-17  3.595E-18
6.310E+01  1.317E-26  2.203E-17  1.840E-17  3.632E-18
6.252E+01  1.351E-26  2.240E-17  1.874E-17  3.669E-18
6.194E+01  1.386E-26  2.277E-17  1.907E-17  3.702E-18
6.138E+01  1.419E-26  2.310E-17  1.936E-17  3.740E-18
6.081E+01  1.454E-26  2.346E-17  1.968E-17  3.776E-18
6.026E+01  1.483E-26  2.371E-17  1.989E-17  3.814E-18
5.970E+01  1.508E-26  2.388E-17  2.003E-17  3.849E-18
5.916E+01  1.547E-26  2.427E-17  2.038E-17  3.886E-18
5.861E+01  1.571E-26  2.442E-17  2.050E-17  3.922E-18
5.808E+01  1.601E-26  2.466E-17  2.070E-17  3.957E-18
5.754E+01  1.639E-26  2.502E-17  2.103E-17  3.994E-18
5.702E+01  1.677E-26  2.536E-17  2.133E-17  4.030E-18
5.649E+01  1.717E-26  2.573E-17  2.166E-17  4.066E-18
5.598E+01  1.757E-26  2.609E-17  2.199E-17  4.101E-18
5.546E+01  1.793E-26  2.638E-17  2.224E-17  4.138E-18
5.495E+01  1.837E-26  2.678E-17  2.260E-17  4.174E-18
5.445E+01  1.881E-26  2.717E-17  2.296E-17  4.210E-18
5.395E+01  1.920E-26  2.748E-17  2.324E-17  4.247E-18
5.346E+01  1.967E-26  2.790E-17  2.361E-17  4.283E-18
5.297E+01  2.004E-26  2.815E-17  2.383E-17  4.318E-18
5.248E+01  2.049E-26  2.853E-17  2.417E-17  4.354E-18
5.200E+01  2.089E-26  2.882E-17  2.443E-17  4.390E-18
5.152E+01  2.139E-26  2.924E-17  2.482E-17  4.423E-18
5.105E+01  2.169E-26  2.937E-17  2.491E-17  4.458E-18
5.058E+01  2.221E-26  2.979E-17  2.530E-17  4.493E-18
5.012E+01  2.261E-26  3.006E-17  2.554E-17  4.527E-18
4.966E+01  2.312E-26  3.046E-17  2.589E-17  4.561E-18
4.920E+01  2.366E-26  3.088E-17  2.629E-17  4.594E-18
4.875E+01  2.413E-26  3.121E-17  2.658E-17  4.628E-18
4.831E+01  2.468E-26  3.162E-17  2.696E-17  4.660E-18
4.786E+01  2.524E-26  3.204E-17  2.735E-17  4.692E-18
4.742E+01  2.582E-26  3.248E-17  2.775E-17  4.725E-18
4.699E+01  2.638E-26  3.288E-17  2.813E-17  4.757E-18
4.656E+01  2.689E-26  3.321E-17  2.842E-17  4.788E-18
4.613E+01  2.746E-26  3.360E-17  2.878E-17  4.820E-18
4.571E+01  2.805E-26  3.401E-17  2.916E-17  4.851E-18
4.529E+01  2.861E-26  3.437E-17  2.949E-17  4.882E-18
4.487E+01  2.924E-26  3.481E-17  2.990E-17  4.912E-18
4.446E+01  2.984E-26  3.519E-17  3.025E-17  4.943E-18
4.406E+01  3.036E-26  3.547E-17  3.050E-17  4.973E-18
4.365E+01  3.098E-26  3.587E-17  3.086E-17  5.003E-18
4.325E+01  3.163E-26  3.629E-17  3.126E-17  5.032E-18
4.285E+01  3.221E-26  3.661E-17  3.155E-17  5.060E-18
4.246E+01  3.280E-26  3.694E-17  3.186E-17  5.088E-18
4.207E+01  3.340E-26  3.728E-17  3.216E-17  5.116E-18
4.169E+01  3.409E-26  3.769E-17  3.255E-17  5.143E-18
4.130E+01  3.474E-26  3.806E-17  3.289E-17  5.169E-18
4.093E+01  3.538E-26  3.841E-17  3.322E-17  5.193E-18
4.055E+01  3.605E-26  3.878E-17  3.356E-17  5.218E-18
4.018E+01  3.673E-26  3.915E-17  3.391E-17  5.241E-18
3.981E+01  3.746E-26  3.956E-17  3.429E-17  5.265E-18
3.945E+01  3.818E-26  3.995E-17  3.466E-17  5.286E-18
3.908E+01  3.891E-26  4.033E-17  3.503E-17  5.308E-18
3.873E+01  3.964E-26  4.072E-17  3.539E-17  5.328E-18
3.837E+01  4.035E-26  4.106E-17  3.572E-17  5.348E-18
3.802E+01  4.105E-26  4.140E-17  3.603E-17  5.367E-18
3.767E+01  4.175E-26  4.172E-17  3.633E-17  5.385E-18
3.733E+01  4.245E-26  4.203E-17  3.663E-17  5.399E-18
3.698E+01  4.322E-26  4.239E-17  3.698E-17  5.412E-18
3.664E+01  4.400E-26  4.277E-17  3.735E-17  5.424E-18
3.631E+01  4.478E-26  4.312E-17  3.769E-17  5.436E-18
3.597E+01  4.541E-26  4.333E-17  3.788E-17  5.448E-18
3.565E+01  4.621E-26  4.369E-17  3.823E-17  5.459E-18
3.532E+01  4.701E-26  4.404E-17  3.857E-17  5.470E-18
3.499E+01  4.777E-26  4.434E-17  3.886E-17  5.480E-18
3.467E+01  4.851E-26  4.461E-17  3.912E-17  5.490E-18
3.436E+01  4.934E-26  4.497E-17  3.946E-17  5.500E-18
3.404E+01  5.013E-26  4.526E-17  3.976E-17  5.510E-18
3.373E+01  5.091E-26  4.555E-17  4.003E-17  5.519E-18
3.342E+01  5.176E-26  4.588E-17  4.035E-17  5.528E-18
3.311E+01  5.261E-26  4.621E-17  4.067E-17  5.539E-18
3.281E+01  5.348E-26  4.654E-17  4.099E-17  5.551E-18
3.251E+01  5.427E-26  4.680E-17  4.123E-17  5.561E-18
3.221E+01  5.515E-26  4.712E-17  4.155E-17  5.572E-18
3.192E+01  5.600E-26  4.741E-17  4.183E-17  5.582E-18
3.162E+01  5.684E-26  4.768E-17  4.208E-17  5.592E-18
3.133E+01  5.775E-26  4.800E-17  4.240E-17  5.602E-18
3.105E+01  5.859E-26  4.825E-17  4.264E-17  5.611E-18
3.076E+01  5.949E-26  4.854E-17  4.292E-17  5.620E-18
3.048E+01  6.042E-26  4.885E-17  4.322E-17  5.630E-18
3.020E+01  6.134E-26  4.913E-17  4.350E-17  5.638E-18
2.992E+01  6.232E-26  4.946E-17  4.382E-17  5.646E-18
2.965E+01  6.323E-26  4.972E-17  4.407E-17  5.652E-18
2.938E+01  6.421E-26  5.004E-17  4.438E-17  5.657E-18
2.911E+01  6.518E-26  5.032E-17  4.466E-17  5.662E-18
2.884E+01  6.616E-26  5.062E-17  4.495E-17  5.666E-18
2.858E+01  6.717E-26  5.092E-17  4.525E-17  5.670E-18
2.831E+01  6.822E-26  5.123E-17  4.556E-17  5.673E-18
2.805E+01  6.928E-26  5.156E-17  4.588E-17  5.676E-18
2.780E+01  7.039E-26  5.190E-17  4.622E-17  5.679E-18
2.754E+01  7.149E-26  5.223E-17  4.655E-17  5.681E-18
2.729E+01  7.252E-26  5.250E-17  4.682E-17  5.683E-18
2.704E+01  7.370E-26  5.286E-17  4.718E-17  5.684E-18
2.679E+01  7.489E-26  5.322E-17  4.754E-17  5.686E-18
2.655E+01  7.606E-26  5.355E-17  4.787E-17  5.687E-18
2.630E+01  7.728E-26  5.392E-17  4.823E-17  5.687E-18
2.606E+01  7.845E-26  5.424E-17  4.855E-17  5.687E-18
2.582E+01  7.973E-26  5.462E-17  4.893E-17  5.687E-18
2.559E+01  8.105E-26  5.501E-17  4.932E-17  5.687E-18
2.535E+01  8.238E-26  5.539E-17  4.971E-17  5.685E-18
2.512E+01  8.375E-26  5.580E-17  5.012E-17  5.684E-18
2.489E+01  8.510E-26  5.618E-17  5.050E-17  5.682E-18
2.466E+01  8.652E-26  5.659E-17  5.092E-17  5.677E-18
2.443E+01  8.792E-26  5.699E-17  5.131E-17  5.673E-18
2.421E+01  8.942E-26  5.742E-17  5.176E-17  5.665E-18
2.399E+01  9.093E-26  5.786E-17  5.221E-17  5.654E-18
2.377E+01  9.245E-26  5.828E-17  5.264E-17  5.645E-18
2.355E+01  9.401E-26  5.873E-17  5.308E-17  5.641E-18
2.333E+01  9.564E-26  5.920E-17  5.356E-17  5.634E-18
2.312E+01  9.731E-26  5.968E-17  5.406E-17  5.618E-18
2.291E+01  9.895E-26  6.013E-17  5.453E-17  5.605E-18
2.270E+01  1.007E-25  6.061E-17  5.501E-17  5.600E-18
2.249E+01  1.025E-25  6.114E-17  5.554E-17  5.602E-18
2.228E+01  1.043E-25  6.166E-17  5.605E-17  5.608E-18
2.208E+01  1.062E-25  6.219E-17  5.658E-17  5.609E-18
2.188E+01  1.081E-25  6.271E-17  5.711E-17  5.599E-18
2.168E+01  1.100E-25  6.323E-17  5.764E-17  5.584E-18
2.148E+01  1.120E-25  6.379E-17  5.822E-17  5.568E-18
2.128E+01  1.140E-25  6.433E-17  5.878E-17  5.559E-18
2.109E+01  1.161E-25  6.492E-17  5.936E-17  5.556E-18
2.089E+01  1.182E-25  6.550E-17  5.995E-17  5.548E-18
2.070E+01  1.204E-25  6.609E-17  6.056E-17  5.536E-18
2.051E+01  1.226E-25  6.671E-17  6.119E-17  5.520E-18
2.032E+01  1.249E-25  6.735E-17  6.184E-17  5.509E-18
2.014E+01  1.274E-25  6.804E-17  6.252E-17  5.518E-18
1.995E+01  1.299E-25  6.877E-17  6.325E-17  5.523E-18
1.977E+01  1.327E-25  6.958E-17  6.406E-17  5.523E-18
1.959E+01  1.356E-25  7.045E-17  6.494E-17  5.512E-18
1.941E+01  1.391E-25  7.160E-17  6.611E-17  5.489E-18
1.923E+01  1.439E-25  7.339E-17  6.793E-17  5.453E-18
1.905E+01  1.527E-25  7.718E-17  7.178E-17  5.404E-18
1.888E+01  1.605E-25  8.038E-17  7.504E-17  5.341E-18
1.871E+01  1.558E-25  7.733E-17  7.206E-17  5.264E-18
1.854E+01  1.562E-25  7.681E-17  7.164E-17  5.173E-18
1.837E+01  1.597E-25  7.779E-17  7.272E-17  5.069E-18
1.820E+01  1.652E-25  7.976E-17  7.481E-17  4.953E-18
1.803E+01  1.745E-25  8.348E-17  7.865E-17  4.828E-18
1.786E+01  1.888E-25  8.948E-17  8.478E-17  4.694E-18
1.770E+01  1.936E-25  9.092E-17  8.637E-17  4.551E-18
1.754E+01  2.086E-25  9.706E-17  9.266E-17  4.396E-18
1.738E+01  2.407E-25  1.109E-16  1.067E-16  4.237E-18
1.722E+01  2.405E-25  1.098E-16  1.058E-16  4.074E-18
1.706E+01  2.452E-25  1.110E-16  1.070E-16  3.913E-18
1.690E+01  2.422E-25  1.086E-16  1.049E-16  3.752E-18
1.675E+01  2.346E-25  1.042E-16  1.006E-16  3.591E-18
1.660E+01  2.410E-25  1.061E-16  1.027E-16  3.428E-18
1.644E+01  2.816E-25  1.228E-16  1.195E-16  3.268E-18
1.629E+01  2.192E-25  9.473E-17  9.162E-17  3.111E-18
1.614E+01  1.946E-25  8.332E-17  8.036E-17  2.960E-18
1.600E+01  1.871E-25  7.940E-17  7.659E-17  2.815E-18
1.585E+01  1.830E-25  7.691E-17  7.424E-17  2.676E-18
1.570E+01  1.778E-25  7.405E-17  7.151E-17  2.543E-18
1.556E+01  1.750E-25  7.222E-17  6.981E-17  2.417E-18
1.542E+01  1.735E-25  7.094E-17  6.864E-17  2.297E-18
1.528E+01  1.727E-25  6.996E-17  6.778E-17  2.184E-18
1.514E+01  1.723E-25  6.919E-17  6.712E-17  2.077E-18
1.500E+01  1.725E-25  6.864E-17  6.666E-17  1.979E-18
1.486E+01  1.733E-25  6.830E-17  6.641E-17  1.886E-18
1.472E+01  1.749E-25  6.830E-17  6.651E-17  1.797E-18
1.459E+01  1.780E-25  6.889E-17  6.717E-17  1.714E-18
1.445E+01  1.844E-25  7.071E-17  6.907E-17  1.643E-18
1.432E+01  1.980E-25  7.523E-17  7.364E-17  1.582E-18
1.419E+01  2.136E-25  8.040E-17  7.886E-17  1.536E-18
1.406E+01  2.076E-25  7.742E-17  7.592E-17  1.504E-18
1.393E+01  2.060E-25  7.612E-17  7.463E-17  1.488E-18
1.380E+01  2.172E-25  7.952E-17  7.803E-17  1.486E-18
1.368E+01  2.408E-25  8.737E-17  8.588E-17  1.498E-18
1.355E+01  2.708E-25  9.735E-17  9.583E-17  1.519E-18
1.343E+01  2.804E-25  9.989E-17  9.834E-17  1.546E-18
1.330E+01  2.673E-25  9.432E-17  9.274E-17  1.575E-18
1.318E+01  2.619E-25  9.158E-17  8.998E-17  1.606E-18
1.306E+01  2.771E-25  9.600E-17  9.436E-17  1.637E-18
1.294E+01  3.182E-25  1.092E-16  1.076E-16  1.670E-18
1.282E+01  3.927E-25  1.336E-16  1.319E-16  1.709E-18
1.271E+01  4.875E-25  1.643E-16  1.626E-16  1.752E-18
1.259E+01  5.210E-25  1.740E-16  1.722E-16  1.795E-18
1.247E+01  4.582E-25  1.516E-16  1.498E-16  1.839E-18
1.236E+01  3.925E-25  1.287E-16  1.268E-16  1.881E-18
1.225E+01  3.714E-25  1.206E-16  1.187E-16  1.920E-18
1.213E+01  3.908E-25  1.258E-16  1.238E-16  1.965E-18
1.202E+01  4.182E-25  1.334E-16  1.314E-16  2.017E-18
1.191E+01  4.049E-25  1.280E-16  1.259E-16  2.068E-18
1.180E+01  3.686E-25  1.154E-16  1.133E-16  2.120E-18
1.169E+01  3.601E-25  1.117E-16  1.096E-16  2.170E-18
1.159E+01  4.091E-25  1.258E-16  1.235E-16  2.211E-18
1.148E+01  5.531E-25  1.685E-16  1.662E-16  2.252E-18
1.138E+01  7.949E-25  2.399E-16  2.376E-16  2.298E-18
1.127E+01  1.060E-24  3.170E-16  3.147E-16  2.347E-18
1.117E+01  7.511E-25  2.225E-16  2.201E-16  2.401E-18
1.107E+01  3.887E-25  1.141E-16  1.116E-16  2.456E-18
1.096E+01  2.684E-25  7.807E-17  7.557E-17  2.508E-18
1.086E+01  2.132E-25  6.143E-17  5.886E-17  2.564E-18
1.076E+01  1.841E-25  5.258E-17  4.995E-17  2.629E-18
1.067E+01  1.671E-25  4.729E-17  4.458E-17  2.704E-18
1.057E+01  1.524E-25  4.272E-17  3.994E-17  2.787E-18
1.047E+01  1.427E-25  3.964E-17  3.678E-17  2.865E-18
1.038E+01  1.363E-25  3.752E-17  3.460E-17  2.925E-18
1.028E+01  1.319E-25  3.597E-17  3.300E-17  2.961E-18
1.019E+01  1.288E-25  3.479E-17  3.181E-17  2.977E-18
1.009E+01  1.267E-25  3.391E-17  3.092E-17  2.983E-18
1.000E+01  1.254E-25  3.327E-17  3.028E-17  2.988E-18
9.908E+00  1.250E-25  3.286E-17  2.986E-17  3.000E-18
9.817E+00  1.253E-25  3.264E-17  2.963E-17  3.016E-18
9.727E+00  1.264E-25  3.262E-17  2.959E-17  3.033E-18
9.638E+00  1.283E-25  3.281E-17  2.976E-17  3.047E-18
9.550E+00  1.310E-25  3.319E-17  3.015E-17  3.041E-18
9.462E+00  1.347E-25  3.380E-17  3.080E-17  3.005E-18
9.376E+00  1.395E-25  3.470E-17  3.177E-17  2.932E-18
9.290E+00  1.459E-25  3.596E-17  3.314E-17  2.819E-18
9.204E+00  1.546E-25  3.775E-17  3.508E-17  2.669E-18
9.120E+00  1.666E-25  4.031E-17  3.782E-17  2.490E-18
9.036E+00  1.839E-25  4.408E-17  4.179E-17  2.295E-18
8.954E+00  2.099E-25  4.986E-17  4.776E-17  2.098E-18
8.872E+00  2.511E-25  5.910E-17  5.719E-17  1.912E-18
8.790E+00  3.188E-25  7.432E-17  7.258E-17  1.743E-18
8.710E+00  4.221E-25  9.753E-17  9.593E-17  1.594E-18
8.630E+00  5.193E-25  1.189E-16  1.174E-16  1.465E-18
8.551E+00  5.084E-25  1.153E-16  1.140E-16  1.352E-18
8.472E+00  4.424E-25  9.942E-17  9.818E-17  1.247E-18
8.395E+00  4.088E-25  9.104E-17  8.989E-17  1.141E-18
8.318E+00  4.072E-25  8.985E-17  8.882E-17  1.028E-18
8.241E+00  4.254E-25  9.299E-17  9.208E-17  9.089E-19
8.166E+00  4.704E-25  1.019E-16  1.011E-16  7.863E-19
8.091E+00  5.559E-25  1.193E-16  1.186E-16  6.755E-19
8.017E+00  6.921E-25  1.472E-16  1.466E-16  5.764E-19
7.943E+00  8.705E-25  1.834E-16  1.829E-16  4.906E-19
7.870E+00  1.027E-24  2.145E-16  2.141E-16  4.169E-19
7.798E+00  1.085E-24  2.244E-16  2.240E-16  3.544E-19
7.727E+00  1.093E-24  2.240E-16  2.237E-16  3.030E-19
7.656E+00  1.128E-24  2.292E-16  2.289E-16  2.615E-19
7.586E+00  1.100E-24  2.214E-16  2.211E-16  2.281E-19
7.516E+00  9.268E-25  1.848E-16  1.846E-16  2.027E-19
7.447E+00  7.314E-25  1.445E-16  1.443E-16  1.842E-19
7.379E+00  5.878E-25  1.151E-16  1.149E-16  1.701E-19
7.311E+00  4.882E-25  9.469E-17  9.453E-17  1.603E-19
7.244E+00  4.155E-25  7.983E-17  7.968E-17  1.530E-19
7.178E+00  3.599E-25  6.852E-17  6.837E-17  1.471E-19
7.112E+00  3.172E-25  5.984E-17  5.969E-17  1.431E-19
7.047E+00  2.855E-25  5.338E-17  5.324E-17  1.402E-19
6.982E+00  2.641E-25  4.892E-17  4.878E-17  1.375E-19
6.918E+00  2.524E-25  4.633E-17  4.619E-17  1.353E-19
6.855E+00  2.497E-25  4.540E-17  4.527E-17  1.333E-19
6.792E+00  2.533E-25  4.563E-17  4.550E-17  1.314E-19
6.730E+00  2.570E-25  4.587E-17  4.574E-17  1.296E-19
6.668E+00  2.535E-25  4.485E-17  4.472E-17  1.278E-19
6.607E+00  2.429E-25  4.258E-17  4.245E-17  1.260E-19
6.546E+00  2.343E-25  4.069E-17  4.056E-17  1.242E-19
6.486E+00  2.391E-25  4.114E-17  4.102E-17  1.224E-19
6.427E+00  2.706E-25  4.613E-17  4.601E-17  1.206E-19
6.368E+00  3.532E-25  5.966E-17  5.954E-17  1.188E-19
6.310E+00  5.382E-25  9.008E-17  8.996E-17  1.169E-19
6.252E+00  8.379E-25  1.389E-16  1.388E-16  1.150E-19
6.194E+00  8.489E-25  1.395E-16  1.394E-16  1.131E-19
6.138E+00  5.291E-25  8.614E-17  8.603E-17  1.111E-19
6.081E+00  3.153E-25  5.086E-17  5.075E-17  1.092E-19
6.026E+00  2.101E-25  3.358E-17  3.347E-17  1.073E-19
5.970E+00  1.567E-25  2.482E-17  2.471E-17  1.054E-19
5.916E+00  1.289E-25  2.022E-17  2.012E-17  1.036E-19
5.861E+00  1.166E-25  1.812E-17  1.802E-17  1.019E-19
5.808E+00  1.176E-25  1.812E-17  1.802E-17  1.003E-19
5.754E+00  1.320E-25  2.015E-17  2.005E-17  9.868E-20
5.702E+00  1.422E-25  2.151E-17  2.141E-17  9.715E-20
5.649E+00  1.199E-25  1.797E-17  1.787E-17  9.569E-20
5.598E+00  9.131E-26  1.356E-17  1.346E-17  9.429E-20
5.546E+00  7.369E-26  1.084E-17  1.075E-17  9.295E-20
5.495E+00  6.434E-26  9.378E-18  9.287E-18  9.166E-20
5.445E+00  6.030E-26  8.710E-18  8.619E-18  9.045E-20
5.395E+00  6.098E-26  8.727E-18  8.638E-18  8.927E-20
5.346E+00  6.760E-26  9.586E-18  9.498E-18  8.814E-20
5.297E+00  7.853E-26  1.103E-17  1.095E-17  8.705E-20
5.248E+00  7.676E-26  1.069E-17  1.060E-17  8.600E-20
5.200E+00  6.092E-26  8.403E-18  8.318E-18  8.500E-20
5.152E+00  4.857E-26  6.639E-18  6.555E-18  8.404E-20
5.105E+00  4.142E-26  5.609E-18  5.526E-18  8.312E-20
5.058E+00  3.712E-26  4.980E-18  4.898E-18  8.224E-20
5.012E+00  3.428E-26  4.558E-18  4.476E-18  8.139E-20
4.966E+00  3.225E-26  4.248E-18  4.167E-18  8.059E-20
4.920E+00  3.069E-26  4.006E-18  3.926E-18  7.981E-20
4.875E+00  2.945E-26  3.808E-18  3.729E-18  7.905E-20
4.831E+00  2.842E-26  3.641E-18  3.563E-18  7.831E-20
4.786E+00  2.754E-26  3.497E-18  3.419E-18  7.758E-20
4.742E+00  2.678E-26  3.369E-18  3.293E-18  7.689E-20
4.699E+00  2.612E-26  3.256E-18  3.179E-18  7.621E-20
4.656E+00  2.553E-26  3.153E-18  3.077E-18  7.555E-20
4.613E+00  2.500E-26  3.059E-18  2.984E-18  7.490E-20
4.571E+00  2.452E-26  2.973E-18  2.899E-18  7.426E-20
4.529E+00  2.409E-26  2.894E-18  2.820E-18  7.364E-20
4.487E+00  2.369E-26  2.820E-18  2.747E-18  7.302E-20
4.446E+00  2.333E-26  2.752E-18  2.680E-18  7.242E-20
4.406E+00  2.300E-26  2.688E-18  2.616E-18  7.184E-20
4.365E+00  2.270E-26  2.629E-18  2.557E-18  7.128E-20
4.325E+00  2.242E-26  2.573E-18  2.502E-18  7.072E-20
4.285E+00  2.217E-26  2.520E-18  2.450E-18  7.016E-20
4.246E+00  2.194E-26  2.471E-18  2.401E-18  6.961E-20
4.207E+00  2.172E-26  2.424E-18  2.355E-18  6.906E-20
4.169E+00  2.153E-26  2.381E-18  2.312E-18  6.852E-20
4.130E+00  2.136E-26  2.340E-18  2.272E-18  6.797E-20
4.093E+00  2.120E-26  2.302E-18  2.234E-18  6.739E-20
4.055E+00  2.107E-26  2.266E-18  2.199E-18  6.680E-20
4.018E+00  2.095E-26  2.233E-18  2.167E-18  6.622E-20
3.981E+00  2.086E-26  2.203E-18  2.137E-18  6.563E-20
3.945E+00  2.079E-26  2.175E-18  2.110E-18  6.504E-20
3.908E+00  2.075E-26  2.151E-18  2.087E-18  6.446E-20
3.873E+00  2.074E-26  2.130E-18  2.066E-18  6.387E-20
3.837E+00  2.076E-26  2.113E-18  2.050E-18  6.330E-20
3.802E+00  2.083E-26  2.101E-18  2.038E-18  6.273E-20
3.767E+00  2.095E-26  2.094E-18  2.031E-18  6.216E-20
3.733E+00  2.114E-26  2.093E-18  2.032E-18  6.159E-20
3.698E+00  2.142E-26  2.101E-18  2.040E-18  6.103E-20
3.664E+00  2.181E-26  2.120E-18  2.060E-18  6.046E-20
3.631E+00  2.237E-26  2.154E-18  2.094E-18  5.990E-20
3.597E+00  2.316E-26  2.210E-18  2.150E-18  5.934E-20
3.565E+00  2.428E-26  2.296E-18  2.237E-18  5.878E-20
3.532E+00  2.594E-26  2.431E-18  2.372E-18  5.821E-20
3.499E+00  2.848E-26  2.644E-18  2.586E-18  5.765E-20
3.467E+00  3.259E-26  2.997E-18  2.940E-18  5.709E-20
3.436E+00  3.977E-26  3.625E-18  3.568E-18  5.652E-20
3.404E+00  5.397E-26  4.873E-18  4.817E-18  5.596E-20
3.373E+00  8.787E-26  7.861E-18  7.806E-18  5.539E-20
3.342E+00  2.002E-25  1.775E-17  1.769E-17  5.481E-20
3.311E+00  7.572E-25  6.651E-17  6.645E-17  5.424E-20
3.281E+00  5.171E-25  4.500E-17  4.495E-17  5.366E-20
3.251E+00  1.477E-25  1.274E-17  1.268E-17  5.306E-20
3.221E+00  7.054E-26  6.027E-18  5.975E-18  5.244E-20
3.192E+00  4.501E-26  3.810E-18  3.759E-18  5.183E-20
3.162E+00  3.373E-26  2.829E-18  2.778E-18  5.123E-20
3.133E+00  2.779E-26  2.310E-18  2.259E-18  5.063E-20
3.105E+00  2.428E-26  2.000E-18  1.950E-18  5.004E-20
3.076E+00  2.203E-26  1.797E-18  1.748E-18  4.948E-20
3.048E+00  2.048E-26  1.656E-18  1.607E-18  4.892E-20
3.020E+00  1.936E-26  1.551E-18  1.503E-18  4.837E-20
2.992E+00  1.852E-26  1.470E-18  1.422E-18  4.782E-20
2.965E+00  1.786E-26  1.405E-18  1.358E-18  4.727E-20
2.938E+00  1.734E-26  1.351E-18  1.304E-18  4.673E-20
2.911E+00  1.690E-26  1.305E-18  1.259E-18  4.619E-20
2.884E+00  1.653E-26  1.265E-18  1.219E-18  4.564E-20
2.858E+00  1.621E-26  1.229E-18  1.184E-18  4.511E-20
2.831E+00  1.593E-26  1.197E-18  1.152E-18  4.457E-20
2.805E+00  1.568E-26  1.167E-18  1.123E-18  4.404E-20
2.780E+00  1.545E-26  1.140E-18  1.096E-18  4.351E-20
2.754E+00  1.525E-26  1.114E-18  1.071E-18  4.298E-20
2.729E+00  1.505E-26  1.090E-18  1.047E-18  4.246E-20
2.704E+00  1.487E-26  1.066E-18  1.024E-18  4.193E-20
2.679E+00  1.470E-26  1.044E-18  1.003E-18  4.141E-20
2.655E+00  1.453E-26  1.023E-18  9.822E-19  4.089E-20
2.630E+00  1.437E-26  1.003E-18  9.623E-19  4.038E-20
2.606E+00  1.422E-26  9.829E-19  9.430E-19  3.987E-20
2.582E+00  1.407E-26  9.636E-19  9.243E-19  3.936E-20
2.559E+00  1.392E-26  9.449E-19  9.061E-19  3.885E-20
2.535E+00  1.378E-26  9.266E-19  8.883E-19  3.835E-20
2.512E+00  1.364E-26  9.088E-19  8.709E-19  3.785E-20
2.489E+00  1.350E-26  8.913E-19  8.539E-19  3.736E-20
2.466E+00  1.336E-26  8.741E-19  8.372E-19  3.687E-20
2.443E+00  1.322E-26  8.571E-19  8.207E-19  3.638E-20
2.421E+00  1.309E-26  8.404E-19  8.045E-19  3.590E-20
2.399E+00  1.295E-26  8.241E-19  7.887E-19  3.542E-20
2.377E+00  1.282E-26  8.082E-19  7.732E-19  3.494E-20
2.355E+00  1.269E-26  7.925E-19  7.580E-19  3.447E-20
2.333E+00  1.255E-26  7.771E-19  7.431E-19  3.399E-20
2.312E+00  1.242E-26  7.619E-19  7.283E-19  3.352E-20
2.291E+00  1.229E-26  7.469E-19  7.138E-19  3.304E-20
2.270E+00  1.216E-26  7.321E-19  6.995E-19  3.257E-20
2.249E+00  1.203E-26  7.174E-19  6.853E-19  3.211E-20
2.228E+00  1.189E-26  7.028E-19  6.712E-19  3.164E-20
2.208E+00  1.175E-26  6.884E-19  6.572E-19  3.118E-20
2.188E+00  1.161E-26  6.740E-19  6.433E-19  3.072E-20
2.168E+00  1.147E-26  6.596E-19  6.293E-19  3.027E-20
2.148E+00  1.132E-26  6.451E-19  6.153E-19  2.981E-20
2.128E+00  1.117E-26  6.305E-19  6.011E-19  2.937E-20
2.109E+00  1.101E-26  6.156E-19  5.867E-19  2.892E-20
2.089E+00  1.083E-26  6.004E-19  5.719E-19  2.848E-20
2.070E+00  1.065E-26  5.847E-19  5.566E-19  2.804E-20
2.051E+00  1.045E-26  5.683E-19  5.407E-19  2.761E-20
2.032E+00  1.022E-26  5.510E-19  5.239E-19  2.718E-20
2.014E+00  9.972E-27  5.327E-19  5.059E-19  2.675E-20
1.995E+00  9.692E-27  5.130E-19  4.866E-19  2.632E-20
1.977E+00  9.381E-27  4.920E-19  4.661E-19  2.589E-20
1.959E+00  9.050E-27  4.702E-19  4.447E-19  2.547E-20
1.941E+00  8.729E-27  4.494E-19  4.243E-19  2.506E-20
1.923E+00  8.476E-27  4.324E-19  4.077E-19  2.464E-20
1.905E+00  8.353E-27  4.222E-19  3.980E-19  2.423E-20
1.888E+00  8.381E-27  4.197E-19  3.959E-19  2.382E-20
1.871E+00  8.515E-27  4.225E-19  3.991E-19  2.342E-20
1.854E+00  8.684E-27  4.270E-19  4.039E-19  2.302E-20
1.837E+00  8.833E-27  4.303E-19  4.077E-19  2.262E-20
1.820E+00  8.942E-27  4.316E-19  4.094E-19  2.223E-20
1.803E+00  9.007E-27  4.308E-19  4.089E-19  2.184E-20
1.786E+00  9.035E-27  4.282E-19  4.067E-19  2.146E-20
1.770E+00  9.036E-27  4.243E-19  4.032E-19  2.108E-20
1.754E+00  9.016E-27  4.194E-19  3.987E-19  2.071E-20
1.738E+00  8.980E-27  4.140E-19  3.936E-19  2.034E-20
1.722E+00  8.934E-27  4.080E-19  3.881E-19  1.997E-20
1.706E+00  8.880E-27  4.019E-19  3.823E-19  1.961E-20
1.690E+00  8.821E-27  3.955E-19  3.763E-19  1.925E-20
1.675E+00  8.759E-27  3.892E-19  3.703E-19  1.890E-20
1.660E+00  8.696E-27  3.828E-19  3.643E-19  1.855E-20
1.644E+00  8.632E-27  3.765E-19  3.583E-19  1.820E-20
1.629E+00  8.568E-27  3.703E-19  3.524E-19  1.786E-20
1.614E+00  8.505E-27  3.642E-19  3.467E-19  1.752E-20
1.600E+00  8.446E-27  3.583E-19  3.412E-19  1.718E-20
1.585E+00  8.390E-27  3.527E-19  3.359E-19  1.684E-20
1.570E+00  8.338E-27  3.473E-19  3.308E-19  1.651E-20
1.556E+00  8.291E-27  3.422E-19  3.260E-19  1.619E-20
1.542E+00  8.251E-27  3.374E-19  3.216E-19  1.586E-20
1.528E+00  8.219E-27  3.331E-19  3.175E-19  1.554E-20
1.514E+00  8.197E-27  3.291E-19  3.139E-19  1.522E-20
1.500E+00  8.185E-27  3.256E-19  3.107E-19  1.491E-20
1.486E+00  8.185E-27  3.226E-19  3.080E-19  1.459E-20
1.472E+00  8.201E-27  3.203E-19  3.060E-19  1.429E-20
1.459E+00  8.234E-27  3.186E-19  3.046E-19  1.398E-20
1.445E+00  8.288E-27  3.178E-19  3.041E-19  1.368E-20
1.432E+00  8.367E-27  3.179E-19  3.045E-19  1.339E-20
1.419E+00  8.476E-27  3.190E-19  3.059E-19  1.310E-20
1.406E+00  8.620E-27  3.215E-19  3.087E-19  1.281E-20
1.393E+00  8.807E-27  3.255E-19  3.129E-19  1.252E-20
1.380E+00  9.046E-27  3.312E-19  3.190E-19  1.224E-20
1.368E+00  9.345E-27  3.391E-19  3.271E-19  1.197E-20
1.355E+00  9.717E-27  3.493E-19  3.376E-19  1.169E-20
1.343E+00  1.017E-26  3.622E-19  3.508E-19  1.142E-20
1.330E+00  1.070E-26  3.778E-19  3.666E-19  1.115E-20
1.318E+00  1.132E-26  3.957E-19  3.848E-19  1.089E-20
1.306E+00  1.197E-26  4.147E-19  4.040E-19  1.063E-20
1.294E+00  1.258E-26  4.320E-19  4.216E-19  1.037E-20
1.282E+00  1.303E-26  4.433E-19  4.332E-19  1.012E-20
1.271E+00  1.317E-26  4.439E-19  4.340E-19  9.877E-21
1.259E+00  1.288E-26  4.302E-19  4.206E-19  9.635E-21
1.247E+00  1.218E-26  4.030E-19  3.936E-19  9.398E-21
1.236E+00  1.120E-26  3.671E-19  3.579E-19  9.167E-21
1.225E+00  1.012E-26  3.287E-19  3.198E-19  8.939E-21
1.213E+00  9.100E-27  2.929E-19  2.842E-19  8.715E-21
1.202E+00  8.219E-27  2.621E-19  2.536E-19  8.495E-21
1.191E+00  7.503E-27  2.371E-19  2.288E-19  8.278E-21
1.180E+00  6.949E-27  2.176E-19  2.095E-19  8.064E-21
1.169E+00  6.540E-27  2.029E-19  1.950E-19  7.855E-21
1.159E+00  6.262E-27  1.925E-19  1.848E-19  7.648E-21
1.148E+00  6.105E-27  1.859E-19  1.785E-19  7.445E-21
1.138E+00  6.068E-27  1.831E-19  1.759E-19  7.246E-21
1.127E+00  6.163E-27  1.843E-19  1.772E-19  7.050E-21
1.117E+00  6.418E-27  1.901E-19  1.833E-19  6.858E-21
1.107E+00  6.883E-27  2.020E-19  1.954E-19  6.669E-21
1.096E+00  7.639E-27  2.222E-19  2.157E-19  6.484E-21
1.086E+00  8.809E-27  2.539E-19  2.476E-19  6.302E-21
1.076E+00  1.051E-26  3.001E-19  2.940E-19  6.124E-21
1.067E+00  1.264E-26  3.577E-19  3.518E-19  5.949E-21
1.057E+00  1.436E-26  4.025E-19  3.967E-19  5.777E-21
1.047E+00  1.408E-26  3.911E-19  3.855E-19  5.609E-21
1.038E+00  1.168E-26  3.214E-19  3.160E-19  5.444E-21
1.028E+00  8.841E-27  2.411E-19  2.358E-19  5.283E-21
1.019E+00  6.637E-27  1.793E-19  1.742E-19  5.124E-21
1.009E+00  5.144E-27  1.377E-19  1.327E-19  4.970E-21
1.000E+00  4.154E-27  1.102E-19  1.054E-19  4.818E-21
