Dust emission spectrum from Draine,B.T., & Li, A. (2007), ApJ, in press [astro-ph/0608003]
==========================================================
         7 = grain model
 4.000E-08 4.000E-01 4.500E-05 = a_01 (cm) , sigma_1 , b_C1
 2.000E-07 5.500E-01 1.500E-05 = a_02 (cm) , sigma_2 , b_C2
 1.000E+01 1.000E+01 1.000E+00 = Umin , Umax, beta (dN/dU propto U^{-beta})
 1.000E+01 = <U>       mmp83 = radfield
 2.000E-07 2.000E-06 = a_{min} (cm), a_{max} (cm)
 6.947E-24 4.389E-24 2.558E-24 = P(tot)  P(carb)  P(sil) (erg s-1 H-1)
 band     <nu*P_nu> <j_nu(tot)><j_nu(carb)><j_nu(sil)>
 (um)   (erg s-1 H-1)(Jy/(sr*H))(Jy/(sr*H))(Jy/(sr*H))
1.270E+00  3.774E-45  1.271E-37  1.271E-37  1.864E-48 COBE-DIRBE
2.220E+00  1.406E-37  8.282E-30  8.282E-30  6.571E-37 COBE-DIRBE
3.530E+00  1.643E-32  1.538E-24  1.538E-24  4.409E-29 COBE-DIRBE
4.880E+00  4.676E-30  6.053E-22  6.053E-22  7.169E-26 COBE-DIRBE
1.229E+01  1.674E-25  5.456E-17  5.337E-17  1.188E-18 COBE-DIRBE
2.079E+01  9.226E-25  5.088E-16  4.704E-16  3.836E-17 COBE-DIRBE
5.599E+01  4.310E-24  6.401E-15  4.448E-15  1.953E-15 COBE-DIRBE
9.770E+01  3.448E-24  8.936E-15  3.814E-15  5.123E-15 COBE-DIRBE
1.479E+02  1.672E-24  6.561E-15  2.095E-15  4.465E-15 COBE-DIRBE
2.479E+02  3.851E-25  2.532E-15  6.629E-16  1.869E-15 COBE-DIRBE
1.200E+01  1.025E-25  3.264E-17  3.214E-17  5.044E-19 IRAS
2.500E+01  1.210E-24  8.026E-16  7.334E-16  6.926E-17 IRAS
6.000E+01  4.300E-24  6.844E-15  4.537E-15  2.307E-15 IRAS
1.000E+02  3.347E-24  8.877E-15  3.696E-15  5.181E-15 IRAS
3.550E+00  1.385E-32  1.304E-24  1.304E-24  2.727E-29 SST-IRAC
4.493E+00  1.034E-30  1.232E-22  1.232E-22  1.681E-26 SST-IRAC
5.731E+00  4.423E-28  6.723E-20  6.723E-20  3.182E-24 SST-IRAC
7.872E+00  1.637E-26  3.418E-18  3.407E-18  1.063E-20 SST-IRAC
2.368E+01  1.151E-24  7.227E-16  6.589E-16  6.383E-17 SST-MIPS
7.142E+01  3.980E-24  7.540E-15  4.234E-15  3.305E-15 SST-MIPS
1.559E+02  1.355E-24  5.604E-15  1.694E-15  3.910E-15 SST-MIPS
1.600E+01  4.452E-25  1.890E-16  1.812E-16  7.728E-18 SST-IRSPU
2.200E+01  1.092E-24  6.372E-16  5.828E-16  5.437E-17 SST-IRSPU
7.500E+01  3.443E-24  6.849E-15  3.862E-15  2.988E-15 Herschel-PACS
1.100E+02  2.410E-24  7.032E-15  2.878E-15  4.154E-15 Herschel-PACS
1.700E+02  1.032E-24  4.654E-15  1.412E-15  3.242E-15 Herschel-PACS
2.500E+02  3.188E-25  2.114E-15  5.438E-16  1.571E-15 Herschel-SPIRE
3.600E+02  7.648E-26  7.304E-16  1.850E-16  5.454E-16 Herschel-SPIRE
5.200E+02  1.696E-26  2.339E-16  5.736E-17  1.766E-16 Herschel-SPIRE
2.400E+00  3.855E-32  2.454E-24  2.454E-24  2.765E-28 Akari IRC NIR N2
3.200E+00  3.493E-32  2.965E-24  2.965E-24  2.811E-28 Akari IRC NIR N3
4.100E+00  2.117E-30  2.303E-22  2.302E-22  2.601E-26 Akari IRC NIR N4
7.000E+00  1.464E-26  2.719E-18  2.700E-18  1.942E-20 Akari IRC MIR-S S7
9.000E+00  3.169E-26  7.565E-18  7.463E-18  1.015E-19 Akari IRC MIR-S S9W
1.100E+01  7.928E-26  2.313E-17  2.278E-17  3.493E-19 Akari IRC MIR-S S11
1.500E+01  4.876E-25  1.940E-16  1.855E-16  8.508E-18 Akari IRC MIR-L L15
1.800E+01  7.778E-25  3.714E-16  3.452E-16  2.618E-17 Akari IRC MIR-L L18W
2.400E+01  1.113E-24  7.088E-16  6.473E-16  6.149E-17 Akari IRC MIR-L L24
6.500E+01  4.409E-24  7.601E-15  4.576E-15  3.025E-15 Akari FIS N60
8.000E+01  3.832E-24  8.132E-15  3.939E-15  4.193E-15 Akari FIS WIDE-S
1.400E+02  1.660E-24  6.165E-15  1.954E-15  4.212E-15 Akari FIS WIDE-L
1.600E+02  1.270E-24  5.392E-15  1.593E-15  3.799E-15 Akari FIS N160






lambda    nu*dP/dnu     j_nu    j_nu(carb.) j_nu(sil)
 (um)    (erg/(s*H)) (Jy/(sr*H) (Jy/(sr*H)) (Jy/(sr*H)
1.000E+04  7.066E-32  1.874E-20  1.658E-21  1.708E-20
9.908E+03  7.323E-32  1.925E-20  1.707E-21  1.754E-20
9.817E+03  7.589E-32  1.976E-20  1.758E-21  1.800E-20
9.727E+03  7.865E-32  2.029E-20  1.811E-21  1.848E-20
9.638E+03  8.151E-32  2.084E-20  1.866E-21  1.897E-20
9.550E+03  8.447E-32  2.140E-20  1.922E-21  1.948E-20
9.462E+03  8.755E-32  2.197E-20  1.979E-21  1.999E-20
9.376E+03  9.073E-32  2.256E-20  2.039E-21  2.053E-20
9.290E+03  9.403E-32  2.317E-20  2.100E-21  2.107E-20
9.204E+03  9.745E-32  2.379E-20  2.163E-21  2.163E-20
9.120E+03  1.010E-31  2.443E-20  2.228E-21  2.220E-20
9.036E+03  1.047E-31  2.509E-20  2.295E-21  2.279E-20
8.954E+03  1.085E-31  2.576E-20  2.365E-21  2.339E-20
8.872E+03  1.124E-31  2.645E-20  2.436E-21  2.401E-20
8.790E+03  1.164E-31  2.715E-20  2.509E-21  2.464E-20
8.710E+03  1.207E-31  2.788E-20  2.585E-21  2.529E-20
8.630E+03  1.250E-31  2.862E-20  2.663E-21  2.596E-20
8.551E+03  1.296E-31  2.938E-20  2.744E-21  2.664E-20
8.472E+03  1.343E-31  3.017E-20  2.827E-21  2.734E-20
8.395E+03  1.391E-31  3.098E-20  2.912E-21  2.807E-20
8.318E+03  1.442E-31  3.181E-20  3.001E-21  2.881E-20
8.241E+03  1.494E-31  3.266E-20  3.092E-21  2.957E-20
8.166E+03  1.548E-31  3.354E-20  3.185E-21  3.036E-20
8.091E+03  1.605E-31  3.444E-20  3.282E-21  3.116E-20
8.017E+03  1.663E-31  3.537E-20  3.382E-21  3.199E-20
7.943E+03  1.724E-31  3.632E-20  3.484E-21  3.284E-20
7.870E+03  1.787E-31  3.730E-20  3.590E-21  3.371E-20
7.798E+03  1.852E-31  3.831E-20  3.699E-21  3.461E-20
7.727E+03  1.919E-31  3.934E-20  3.812E-21  3.553E-20
7.656E+03  1.990E-31  4.040E-20  3.928E-21  3.648E-20
7.586E+03  2.062E-31  4.150E-20  4.048E-21  3.745E-20
7.516E+03  2.138E-31  4.262E-20  4.171E-21  3.845E-20
7.447E+03  2.216E-31  4.377E-20  4.298E-21  3.948E-20
7.379E+03  2.297E-31  4.496E-20  4.430E-21  4.053E-20
7.311E+03  2.381E-31  4.618E-20  4.565E-21  4.162E-20
7.244E+03  2.468E-31  4.744E-20  4.705E-21  4.273E-20
7.178E+03  2.559E-31  4.872E-20  4.849E-21  4.388E-20
7.112E+03  2.653E-31  5.005E-20  4.997E-21  4.505E-20
7.047E+03  2.750E-31  5.141E-20  5.150E-21  4.626E-20
6.982E+03  2.851E-31  5.281E-20  5.308E-21  4.751E-20
6.918E+03  2.956E-31  5.425E-20  5.471E-21  4.878E-20
6.855E+03  3.065E-31  5.573E-20  5.639E-21  5.009E-20
6.792E+03  3.177E-31  5.724E-20  5.812E-21  5.143E-20
6.730E+03  3.294E-31  5.880E-20  5.990E-21  5.281E-20
6.668E+03  3.415E-31  6.041E-20  6.175E-21  5.424E-20
6.607E+03  3.541E-31  6.206E-20  6.365E-21  5.570E-20
6.546E+03  3.672E-31  6.376E-20  6.561E-21  5.720E-20
6.486E+03  3.807E-31  6.550E-20  6.763E-21  5.874E-20
6.427E+03  3.948E-31  6.730E-20  6.972E-21  6.033E-20
6.368E+03  4.093E-31  6.915E-20  7.187E-21  6.196E-20
6.310E+03  4.245E-31  7.104E-20  7.409E-21  6.363E-20
6.252E+03  4.402E-31  7.300E-20  7.638E-21  6.536E-20
6.194E+03  4.565E-31  7.500E-20  7.874E-21  6.713E-20
6.138E+03  4.734E-31  7.707E-20  8.118E-21  6.895E-20
6.081E+03  4.909E-31  7.919E-20  8.369E-21  7.082E-20
6.026E+03  5.091E-31  8.138E-20  8.629E-21  7.275E-20
5.970E+03  5.280E-31  8.362E-20  8.896E-21  7.473E-20
5.916E+03  5.477E-31  8.594E-20  9.172E-21  7.676E-20
5.861E+03  5.680E-31  8.831E-20  9.457E-21  7.886E-20
5.808E+03  5.891E-31  9.076E-20  9.751E-21  8.101E-20
5.754E+03  6.111E-31  9.327E-20  1.005E-20  8.322E-20
5.702E+03  6.338E-31  9.586E-20  1.037E-20  8.549E-20
5.649E+03  6.575E-31  9.852E-20  1.069E-20  8.783E-20
5.598E+03  6.820E-31  1.013E-19  1.102E-20  9.024E-20
5.546E+03  7.074E-31  1.041E-19  1.137E-20  9.271E-20
5.495E+03  7.338E-31  1.070E-19  1.172E-20  9.525E-20
5.445E+03  7.613E-31  1.100E-19  1.209E-20  9.786E-20
5.395E+03  7.897E-31  1.130E-19  1.247E-20  1.006E-19
5.346E+03  8.193E-31  1.162E-19  1.286E-20  1.033E-19
5.297E+03  8.500E-31  1.194E-19  1.326E-20  1.062E-19
5.248E+03  8.818E-31  1.228E-19  1.368E-20  1.091E-19
5.200E+03  9.149E-31  1.262E-19  1.411E-20  1.121E-19
5.152E+03  9.492E-31  1.297E-19  1.455E-20  1.152E-19
5.105E+03  9.848E-31  1.334E-19  1.501E-20  1.184E-19
5.058E+03  1.022E-30  1.371E-19  1.548E-20  1.216E-19
5.012E+03  1.060E-30  1.410E-19  1.596E-20  1.250E-19
4.966E+03  1.100E-30  1.449E-19  1.647E-20  1.284E-19
4.920E+03  1.141E-30  1.490E-19  1.699E-20  1.320E-19
4.875E+03  1.184E-30  1.532E-19  1.752E-20  1.356E-19
4.831E+03  1.229E-30  1.575E-19  1.808E-20  1.394E-19
4.786E+03  1.275E-30  1.619E-19  1.865E-20  1.433E-19
4.742E+03  1.323E-30  1.665E-19  1.924E-20  1.472E-19
4.699E+03  1.373E-30  1.712E-19  1.984E-20  1.513E-19
4.656E+03  1.425E-30  1.760E-19  2.047E-20  1.555E-19
4.613E+03  1.479E-30  1.810E-19  2.112E-20  1.599E-19
4.571E+03  1.535E-30  1.861E-19  2.179E-20  1.643E-19
4.529E+03  1.593E-30  1.914E-19  2.248E-20  1.689E-19
4.487E+03  1.654E-30  1.968E-19  2.320E-20  1.736E-19
4.446E+03  1.716E-30  2.024E-19  2.394E-20  1.785E-19
4.406E+03  1.781E-30  2.082E-19  2.470E-20  1.835E-19
4.365E+03  1.849E-30  2.141E-19  2.549E-20  1.886E-19
4.325E+03  1.919E-30  2.202E-19  2.630E-20  1.939E-19
4.285E+03  1.992E-30  2.265E-19  2.714E-20  1.994E-19
4.246E+03  2.068E-30  2.330E-19  2.800E-20  2.050E-19
4.207E+03  2.147E-30  2.396E-19  2.890E-20  2.107E-19
4.169E+03  2.229E-30  2.465E-19  2.982E-20  2.166E-19
4.130E+03  2.314E-30  2.535E-19  3.078E-20  2.227E-19
4.093E+03  2.402E-30  2.608E-19  3.176E-20  2.290E-19
4.055E+03  2.494E-30  2.683E-19  3.278E-20  2.355E-19
4.018E+03  2.589E-30  2.760E-19  3.383E-20  2.421E-19
3.981E+03  2.688E-30  2.839E-19  3.492E-20  2.490E-19
3.945E+03  2.791E-30  2.920E-19  3.604E-20  2.560E-19
3.908E+03  2.898E-30  3.004E-19  3.720E-20  2.632E-19
3.873E+03  3.009E-30  3.091E-19  3.840E-20  2.707E-19
3.837E+03  3.124E-30  3.180E-19  3.964E-20  2.783E-19
3.802E+03  3.244E-30  3.271E-19  4.092E-20  2.862E-19
3.767E+03  3.368E-30  3.366E-19  4.224E-20  2.943E-19
3.733E+03  3.498E-30  3.463E-19  4.360E-20  3.027E-19
3.698E+03  3.632E-30  3.563E-19  4.501E-20  3.113E-19
3.664E+03  3.772E-30  3.666E-19  4.647E-20  3.201E-19
3.631E+03  3.917E-30  3.772E-19  4.798E-20  3.293E-19
3.597E+03  4.068E-30  3.882E-19  4.953E-20  3.387E-19
3.565E+03  4.225E-30  3.995E-19  5.114E-20  3.483E-19
3.532E+03  4.388E-30  4.111E-19  5.280E-20  3.583E-19
3.499E+03  4.558E-30  4.231E-19  5.451E-20  3.686E-19
3.467E+03  4.734E-30  4.354E-19  5.629E-20  3.791E-19
3.436E+03  4.917E-30  4.481E-19  5.812E-20  3.900E-19
3.404E+03  5.108E-30  4.612E-19  6.001E-20  4.012E-19
3.373E+03  5.306E-30  4.747E-19  6.197E-20  4.127E-19
3.342E+03  5.512E-30  4.886E-19  6.399E-20  4.246E-19
3.311E+03  5.726E-30  5.029E-19  6.608E-20  4.369E-19
3.281E+03  5.949E-30  5.177E-19  6.825E-20  4.495E-19
3.251E+03  6.180E-30  5.329E-19  7.048E-20  4.624E-19
3.221E+03  6.421E-30  5.486E-19  7.279E-20  4.758E-19
3.192E+03  6.671E-30  5.647E-19  7.517E-20  4.896E-19
3.162E+03  6.931E-30  5.814E-19  7.764E-20  5.038E-19
3.133E+03  7.202E-30  5.986E-19  8.019E-20  5.184E-19
3.105E+03  7.483E-30  6.162E-19  8.282E-20  5.334E-19
3.076E+03  7.776E-30  6.345E-19  8.555E-20  5.489E-19
3.048E+03  8.080E-30  6.532E-19  8.836E-20  5.649E-19
3.020E+03  8.396E-30  6.726E-19  9.127E-20  5.813E-19
2.992E+03  8.725E-30  6.925E-19  9.428E-20  5.982E-19
2.965E+03  9.066E-30  7.130E-19  9.739E-20  6.156E-19
2.938E+03  9.420E-30  7.341E-19  1.006E-19  6.334E-19
2.911E+03  9.789E-30  7.558E-19  1.039E-19  6.519E-19
2.884E+03  1.017E-29  7.782E-19  1.074E-19  6.708E-19
2.858E+03  1.057E-29  8.013E-19  1.109E-19  6.904E-19
2.831E+03  1.099E-29  8.251E-19  1.146E-19  7.105E-19
2.805E+03  1.142E-29  8.497E-19  1.184E-19  7.313E-19
2.780E+03  1.187E-29  8.750E-19  1.223E-19  7.526E-19
2.754E+03  1.233E-29  9.011E-19  1.264E-19  7.747E-19
2.729E+03  1.282E-29  9.280E-19  1.306E-19  7.974E-19
2.704E+03  1.332E-29  9.557E-19  1.349E-19  8.207E-19
2.679E+03  1.385E-29  9.843E-19  1.394E-19  8.448E-19
2.655E+03  1.440E-29  1.014E-18  1.441E-19  8.697E-19
2.630E+03  1.497E-29  1.044E-18  1.489E-19  8.953E-19
2.606E+03  1.556E-29  1.075E-18  1.539E-19  9.216E-19
2.582E+03  1.617E-29  1.108E-18  1.590E-19  9.488E-19
2.559E+03  1.681E-29  1.141E-18  1.643E-19  9.768E-19
2.535E+03  1.748E-29  1.175E-18  1.698E-19  1.006E-18
2.512E+03  1.817E-29  1.211E-18  1.755E-19  1.035E-18
2.489E+03  1.890E-29  1.247E-18  1.814E-19  1.066E-18
2.466E+03  1.965E-29  1.285E-18  1.875E-19  1.098E-18
2.443E+03  2.043E-29  1.324E-18  1.937E-19  1.130E-18
2.421E+03  2.124E-29  1.364E-18  2.003E-19  1.164E-18
2.399E+03  2.209E-29  1.405E-18  2.070E-19  1.198E-18
2.377E+03  2.297E-29  1.448E-18  2.139E-19  1.234E-18
2.355E+03  2.388E-29  1.492E-18  2.211E-19  1.271E-18
2.333E+03  2.483E-29  1.537E-18  2.286E-19  1.309E-18
2.312E+03  2.583E-29  1.584E-18  2.363E-19  1.348E-18
2.291E+03  2.686E-29  1.632E-18  2.443E-19  1.388E-18
2.270E+03  2.793E-29  1.682E-18  2.525E-19  1.429E-18
2.249E+03  2.905E-29  1.733E-18  2.610E-19  1.472E-18
2.228E+03  3.021E-29  1.786E-18  2.699E-19  1.516E-18
2.208E+03  3.142E-29  1.841E-18  2.790E-19  1.562E-18
2.188E+03  3.268E-29  1.897E-18  2.884E-19  1.608E-18
2.168E+03  3.400E-29  1.955E-18  2.982E-19  1.657E-18
2.148E+03  3.536E-29  2.015E-18  3.083E-19  1.706E-18
2.128E+03  3.678E-29  2.076E-18  3.188E-19  1.758E-18
2.109E+03  3.826E-29  2.140E-18  3.296E-19  1.810E-18
2.089E+03  3.980E-29  2.206E-18  3.408E-19  1.865E-18
2.070E+03  4.140E-29  2.273E-18  3.524E-19  1.921E-18
2.051E+03  4.307E-29  2.343E-18  3.643E-19  1.979E-18
2.032E+03  4.480E-29  2.415E-18  3.767E-19  2.038E-18
2.014E+03  4.661E-29  2.489E-18  3.896E-19  2.100E-18
1.995E+03  4.848E-29  2.566E-18  4.028E-19  2.163E-18
1.977E+03  5.044E-29  2.645E-18  4.166E-19  2.228E-18
1.959E+03  5.247E-29  2.726E-18  4.308E-19  2.296E-18
1.941E+03  5.459E-29  2.811E-18  4.455E-19  2.365E-18
1.923E+03  5.679E-29  2.897E-18  4.607E-19  2.437E-18
1.905E+03  5.909E-29  2.987E-18  4.764E-19  2.510E-18
1.888E+03  6.148E-29  3.079E-18  4.927E-19  2.586E-18
1.871E+03  6.396E-29  3.174E-18  5.096E-19  2.664E-18
1.854E+03  6.655E-29  3.272E-18  5.270E-19  2.745E-18
1.837E+03  6.925E-29  3.373E-18  5.450E-19  2.828E-18
1.820E+03  7.205E-29  3.478E-18  5.637E-19  2.914E-18
1.803E+03  7.497E-29  3.586E-18  5.830E-19  3.003E-18
1.786E+03  7.801E-29  3.697E-18  6.030E-19  3.094E-18
1.770E+03  8.118E-29  3.812E-18  6.237E-19  3.188E-18
1.754E+03  8.447E-29  3.930E-18  6.451E-19  3.285E-18
1.738E+03  8.790E-29  4.052E-18  6.673E-19  3.385E-18
1.722E+03  9.147E-29  4.178E-18  6.902E-19  3.488E-18
1.706E+03  9.519E-29  4.308E-18  7.139E-19  3.594E-18
1.690E+03  9.906E-29  4.442E-18  7.384E-19  3.703E-18
1.675E+03  1.031E-28  4.580E-18  7.638E-19  3.816E-18
1.660E+03  1.073E-28  4.722E-18  7.901E-19  3.932E-18
1.644E+03  1.116E-28  4.870E-18  8.173E-19  4.052E-18
1.629E+03  1.162E-28  5.021E-18  8.455E-19  4.176E-18
1.614E+03  1.209E-28  5.178E-18  8.746E-19  4.303E-18
1.600E+03  1.258E-28  5.339E-18  9.047E-19  4.434E-18
1.585E+03  1.310E-28  5.506E-18  9.359E-19  4.570E-18
1.570E+03  1.363E-28  5.677E-18  9.682E-19  4.709E-18
1.556E+03  1.418E-28  5.855E-18  1.002E-18  4.853E-18
1.542E+03  1.476E-28  6.037E-18  1.036E-18  5.001E-18
1.528E+03  1.536E-28  6.226E-18  1.072E-18  5.154E-18
1.514E+03  1.599E-28  6.420E-18  1.109E-18  5.311E-18
1.500E+03  1.664E-28  6.621E-18  1.147E-18  5.474E-18
1.486E+03  1.732E-28  6.828E-18  1.187E-18  5.641E-18
1.472E+03  1.803E-28  7.041E-18  1.228E-18  5.814E-18
1.459E+03  1.877E-28  7.262E-18  1.270E-18  5.992E-18
1.445E+03  1.953E-28  7.489E-18  1.314E-18  6.175E-18
1.432E+03  2.033E-28  7.724E-18  1.359E-18  6.364E-18
1.419E+03  2.116E-28  7.966E-18  1.406E-18  6.559E-18
1.406E+03  2.203E-28  8.215E-18  1.455E-18  6.760E-18
1.393E+03  2.293E-28  8.473E-18  1.505E-18  6.967E-18
1.380E+03  2.386E-28  8.738E-18  1.557E-18  7.181E-18
1.368E+03  2.484E-28  9.012E-18  1.611E-18  7.401E-18
1.355E+03  2.586E-28  9.295E-18  1.667E-18  7.628E-18
1.343E+03  2.691E-28  9.586E-18  1.725E-18  7.861E-18
1.330E+03  2.801E-28  9.887E-18  1.784E-18  8.102E-18
1.318E+03  2.916E-28  1.020E-17  1.846E-18  8.351E-18
1.306E+03  3.035E-28  1.052E-17  1.910E-18  8.607E-18
1.294E+03  3.160E-28  1.085E-17  1.976E-18  8.870E-18
1.282E+03  3.289E-28  1.119E-17  2.044E-18  9.142E-18
1.271E+03  3.423E-28  1.154E-17  2.115E-18  9.422E-18
1.259E+03  3.563E-28  1.190E-17  2.188E-18  9.711E-18
1.247E+03  3.709E-28  1.227E-17  2.264E-18  1.001E-17
1.236E+03  3.861E-28  1.266E-17  2.342E-18  1.031E-17
1.225E+03  4.018E-28  1.305E-17  2.423E-18  1.063E-17
1.213E+03  4.183E-28  1.346E-17  2.507E-18  1.096E-17
1.202E+03  4.354E-28  1.388E-17  2.594E-18  1.129E-17
1.191E+03  4.532E-28  1.432E-17  2.683E-18  1.164E-17
1.180E+03  4.717E-28  1.477E-17  2.776E-18  1.199E-17
1.169E+03  4.910E-28  1.523E-17  2.872E-18  1.236E-17
1.159E+03  5.110E-28  1.571E-17  2.971E-18  1.274E-17
1.148E+03  5.319E-28  1.620E-17  3.074E-18  1.313E-17
1.138E+03  5.536E-28  1.671E-17  3.180E-18  1.353E-17
1.127E+03  5.762E-28  1.723E-17  3.290E-18  1.394E-17
1.117E+03  5.997E-28  1.777E-17  3.404E-18  1.436E-17
1.107E+03  6.242E-28  1.832E-17  3.521E-18  1.480E-17
1.096E+03  6.497E-28  1.890E-17  3.643E-18  1.525E-17
1.086E+03  6.762E-28  1.949E-17  3.768E-18  1.572E-17
1.076E+03  7.038E-28  2.010E-17  3.898E-18  1.620E-17
1.067E+03  7.324E-28  2.072E-17  4.033E-18  1.669E-17
1.057E+03  7.623E-28  2.137E-17  4.172E-18  1.720E-17
1.047E+03  7.933E-28  2.204E-17  4.315E-18  1.772E-17
1.038E+03  8.256E-28  2.272E-17  4.464E-18  1.826E-17
1.028E+03  8.592E-28  2.343E-17  4.618E-18  1.881E-17
1.019E+03  8.942E-28  2.416E-17  4.776E-18  1.938E-17
1.009E+03  9.305E-28  2.491E-17  4.941E-18  1.997E-17
1.000E+03  9.683E-28  2.569E-17  5.111E-18  2.058E-17
9.908E+02  1.008E-27  2.649E-17  5.286E-18  2.120E-17
9.817E+02  1.049E-27  2.731E-17  5.468E-18  2.184E-17
9.727E+02  1.091E-27  2.816E-17  5.655E-18  2.251E-17
9.638E+02  1.136E-27  2.904E-17  5.849E-18  2.319E-17
9.550E+02  1.182E-27  2.994E-17  6.050E-18  2.389E-17
9.462E+02  1.230E-27  3.087E-17  6.257E-18  2.461E-17
9.376E+02  1.280E-27  3.183E-17  6.472E-18  2.536E-17
9.290E+02  1.332E-27  3.282E-17  6.693E-18  2.612E-17
9.204E+02  1.386E-27  3.383E-17  6.922E-18  2.691E-17
9.120E+02  1.442E-27  3.488E-17  7.159E-18  2.772E-17
9.036E+02  1.500E-27  3.596E-17  7.403E-18  2.856E-17
8.954E+02  1.561E-27  3.707E-17  7.656E-18  2.942E-17
8.872E+02  1.624E-27  3.822E-17  7.917E-18  3.030E-17
8.790E+02  1.690E-27  3.940E-17  8.187E-18  3.121E-17
8.710E+02  1.758E-27  4.061E-17  8.466E-18  3.214E-17
8.630E+02  1.829E-27  4.186E-17  8.754E-18  3.311E-17
8.551E+02  1.902E-27  4.315E-17  9.052E-18  3.410E-17
8.472E+02  1.979E-27  4.447E-17  9.360E-18  3.511E-17
8.395E+02  2.059E-27  4.584E-17  9.678E-18  3.616E-17
8.318E+02  2.141E-27  4.724E-17  1.001E-17  3.724E-17
8.241E+02  2.227E-27  4.869E-17  1.035E-17  3.834E-17
8.166E+02  2.317E-27  5.018E-17  1.070E-17  3.948E-17
8.091E+02  2.409E-27  5.171E-17  1.106E-17  4.065E-17
8.017E+02  2.506E-27  5.329E-17  1.143E-17  4.186E-17
7.943E+02  2.606E-27  5.491E-17  1.182E-17  4.309E-17
7.870E+02  2.710E-27  5.658E-17  1.222E-17  4.437E-17
7.798E+02  2.819E-27  5.831E-17  1.263E-17  4.568E-17
7.727E+02  2.931E-27  6.008E-17  1.306E-17  4.702E-17
7.656E+02  3.048E-27  6.190E-17  1.350E-17  4.841E-17
7.586E+02  3.170E-27  6.378E-17  1.395E-17  4.983E-17
7.516E+02  3.296E-27  6.571E-17  1.442E-17  5.129E-17
7.447E+02  3.427E-27  6.770E-17  1.490E-17  5.280E-17
7.379E+02  3.564E-27  6.976E-17  1.540E-17  5.436E-17
7.311E+02  3.706E-27  7.188E-17  1.592E-17  5.596E-17
7.244E+02  3.854E-27  7.406E-17  1.645E-17  5.760E-17
7.178E+02  4.008E-27  7.630E-17  1.700E-17  5.930E-17
7.112E+02  4.167E-27  7.862E-17  1.757E-17  6.105E-17
7.047E+02  4.333E-27  8.100E-17  1.816E-17  6.284E-17
6.982E+02  4.506E-27  8.346E-17  1.876E-17  6.469E-17
6.918E+02  4.685E-27  8.598E-17  1.939E-17  6.659E-17
6.855E+02  4.872E-27  8.858E-17  2.003E-17  6.855E-17
6.792E+02  5.066E-27  9.126E-17  2.070E-17  7.057E-17
6.730E+02  5.267E-27  9.401E-17  2.139E-17  7.263E-17
6.668E+02  5.475E-27  9.684E-17  2.210E-17  7.475E-17
6.607E+02  5.692E-27  9.976E-17  2.283E-17  7.693E-17
6.546E+02  5.919E-27  1.028E-16  2.358E-17  7.919E-17
6.486E+02  6.154E-27  1.059E-16  2.436E-17  8.153E-17
6.427E+02  6.399E-27  1.091E-16  2.517E-17  8.393E-17
6.368E+02  6.654E-27  1.124E-16  2.599E-17  8.640E-17
6.310E+02  6.919E-27  1.158E-16  2.685E-17  8.895E-17
6.252E+02  7.194E-27  1.193E-16  2.773E-17  9.157E-17
6.194E+02  7.481E-27  1.229E-16  2.864E-17  9.427E-17
6.138E+02  7.778E-27  1.266E-16  2.958E-17  9.705E-17
6.081E+02  8.088E-27  1.305E-16  3.055E-17  9.991E-17
6.026E+02  8.409E-27  1.344E-16  3.155E-17  1.029E-16
5.970E+02  8.744E-27  1.385E-16  3.258E-17  1.059E-16
5.916E+02  9.091E-27  1.427E-16  3.365E-17  1.090E-16
5.861E+02  9.453E-27  1.470E-16  3.474E-17  1.122E-16
5.808E+02  9.829E-27  1.514E-16  3.587E-17  1.155E-16
5.754E+02  1.022E-26  1.560E-16  3.704E-17  1.189E-16
5.702E+02  1.063E-26  1.607E-16  3.824E-17  1.225E-16
5.649E+02  1.105E-26  1.656E-16  3.948E-17  1.261E-16
5.598E+02  1.149E-26  1.706E-16  4.076E-17  1.298E-16
5.546E+02  1.194E-26  1.757E-16  4.207E-17  1.336E-16
5.495E+02  1.242E-26  1.810E-16  4.343E-17  1.376E-16
5.445E+02  1.291E-26  1.865E-16  4.483E-17  1.416E-16
5.395E+02  1.342E-26  1.921E-16  4.627E-17  1.458E-16
5.346E+02  1.396E-26  1.979E-16  4.776E-17  1.501E-16
5.297E+02  1.451E-26  2.039E-16  4.929E-17  1.546E-16
5.248E+02  1.509E-26  2.100E-16  5.087E-17  1.591E-16
5.200E+02  1.568E-26  2.163E-16  5.249E-17  1.638E-16
5.152E+02  1.631E-26  2.228E-16  5.417E-17  1.687E-16
5.105E+02  1.695E-26  2.296E-16  5.589E-17  1.737E-16
5.058E+02  1.762E-26  2.365E-16  5.767E-17  1.788E-16
5.012E+02  1.832E-26  2.436E-16  5.950E-17  1.841E-16
4.966E+02  1.905E-26  2.509E-16  6.139E-17  1.895E-16
4.920E+02  1.980E-26  2.584E-16  6.333E-17  1.951E-16
4.875E+02  2.058E-26  2.662E-16  6.533E-17  2.009E-16
4.831E+02  2.140E-26  2.742E-16  6.740E-17  2.068E-16
4.786E+02  2.224E-26  2.824E-16  6.952E-17  2.129E-16
4.742E+02  2.312E-26  2.909E-16  7.170E-17  2.192E-16
4.699E+02  2.404E-26  2.996E-16  7.396E-17  2.256E-16
4.656E+02  2.498E-26  3.086E-16  7.627E-17  2.323E-16
4.613E+02  2.597E-26  3.178E-16  7.866E-17  2.391E-16
4.571E+02  2.699E-26  3.273E-16  8.111E-17  2.462E-16
4.529E+02  2.806E-26  3.371E-16  8.364E-17  2.534E-16
4.487E+02  2.916E-26  3.471E-16  8.624E-17  2.609E-16
4.446E+02  3.031E-26  3.575E-16  8.892E-17  2.685E-16
4.406E+02  3.150E-26  3.681E-16  9.168E-17  2.764E-16
4.365E+02  3.274E-26  3.791E-16  9.451E-17  2.846E-16
4.325E+02  3.402E-26  3.903E-16  9.743E-17  2.929E-16
4.285E+02  3.536E-26  4.019E-16  1.004E-16  3.015E-16
4.246E+02  3.675E-26  4.139E-16  1.035E-16  3.104E-16
4.207E+02  3.819E-26  4.262E-16  1.067E-16  3.195E-16
4.169E+02  3.968E-26  4.388E-16  1.100E-16  3.288E-16
4.130E+02  4.124E-26  4.518E-16  1.133E-16  3.385E-16
4.093E+02  4.285E-26  4.652E-16  1.168E-16  3.484E-16
4.055E+02  4.453E-26  4.789E-16  1.203E-16  3.586E-16
4.018E+02  4.627E-26  4.931E-16  1.240E-16  3.691E-16
3.981E+02  4.807E-26  5.077E-16  1.278E-16  3.799E-16
3.945E+02  4.995E-26  5.226E-16  1.316E-16  3.910E-16
3.908E+02  5.190E-26  5.381E-16  1.356E-16  4.025E-16
3.873E+02  5.392E-26  5.539E-16  1.397E-16  4.142E-16
3.837E+02  5.602E-26  5.702E-16  1.439E-16  4.263E-16
3.802E+02  5.820E-26  5.870E-16  1.482E-16  4.388E-16
3.767E+02  6.047E-26  6.042E-16  1.526E-16  4.516E-16
3.733E+02  6.282E-26  6.219E-16  1.572E-16  4.647E-16
3.698E+02  6.526E-26  6.402E-16  1.619E-16  4.783E-16
3.664E+02  6.779E-26  6.589E-16  1.667E-16  4.922E-16
3.631E+02  7.041E-26  6.781E-16  1.716E-16  5.065E-16
3.597E+02  7.314E-26  6.979E-16  1.767E-16  5.212E-16
3.565E+02  7.597E-26  7.183E-16  1.819E-16  5.363E-16
3.532E+02  7.890E-26  7.392E-16  1.873E-16  5.519E-16
3.499E+02  8.194E-26  7.606E-16  1.928E-16  5.678E-16
3.467E+02  8.510E-26  7.827E-16  1.984E-16  5.843E-16
3.436E+02  8.837E-26  8.054E-16  2.042E-16  6.011E-16
3.404E+02  9.177E-26  8.287E-16  2.102E-16  6.185E-16
3.373E+02  9.529E-26  8.526E-16  2.163E-16  6.363E-16
3.342E+02  9.895E-26  8.771E-16  2.226E-16  6.546E-16
3.311E+02  1.027E-25  9.024E-16  2.290E-16  6.734E-16
3.281E+02  1.067E-25  9.283E-16  2.356E-16  6.927E-16
3.251E+02  1.107E-25  9.549E-16  2.424E-16  7.125E-16
3.221E+02  1.150E-25  9.822E-16  2.494E-16  7.328E-16
3.192E+02  1.193E-25  1.010E-15  2.565E-16  7.537E-16
3.162E+02  1.239E-25  1.039E-15  2.638E-16  7.752E-16
3.133E+02  1.286E-25  1.069E-15  2.713E-16  7.972E-16
3.105E+02  1.334E-25  1.099E-15  2.790E-16  8.199E-16
3.076E+02  1.385E-25  1.130E-15  2.869E-16  8.431E-16
3.048E+02  1.437E-25  1.162E-15  2.950E-16  8.669E-16
3.020E+02  1.491E-25  1.195E-15  3.033E-16  8.914E-16
2.992E+02  1.548E-25  1.228E-15  3.118E-16  9.165E-16
2.965E+02  1.606E-25  1.263E-15  3.206E-16  9.422E-16
2.938E+02  1.666E-25  1.298E-15  3.295E-16  9.686E-16
2.911E+02  1.728E-25  1.334E-15  3.387E-16  9.957E-16
2.884E+02  1.793E-25  1.371E-15  3.480E-16  1.023E-15
2.858E+02  1.860E-25  1.410E-15  3.576E-16  1.052E-15
2.831E+02  1.929E-25  1.449E-15  3.675E-16  1.081E-15
2.805E+02  2.000E-25  1.489E-15  3.776E-16  1.111E-15
2.780E+02  2.075E-25  1.530E-15  3.879E-16  1.142E-15
2.754E+02  2.151E-25  1.572E-15  3.985E-16  1.173E-15
2.729E+02  2.231E-25  1.615E-15  4.093E-16  1.206E-15
2.704E+02  2.313E-25  1.659E-15  4.204E-16  1.239E-15
2.679E+02  2.399E-25  1.705E-15  4.317E-16  1.273E-15
2.655E+02  2.487E-25  1.751E-15  4.433E-16  1.308E-15
2.630E+02  2.579E-25  1.799E-15  4.552E-16  1.344E-15
2.606E+02  2.673E-25  1.848E-15  4.674E-16  1.381E-15
2.582E+02  2.771E-25  1.898E-15  4.798E-16  1.418E-15
2.559E+02  2.872E-25  1.949E-15  4.925E-16  1.456E-15
2.535E+02  2.975E-25  2.001E-15  5.055E-16  1.495E-15
2.512E+02  3.082E-25  2.053E-15  5.188E-16  1.535E-15
2.489E+02  3.190E-25  2.106E-15  5.324E-16  1.574E-15
2.466E+02  3.300E-25  2.158E-15  5.463E-16  1.612E-15
2.443E+02  3.412E-25  2.212E-15  5.605E-16  1.651E-15
2.421E+02  3.527E-25  2.265E-15  5.750E-16  1.690E-15
2.399E+02  3.645E-25  2.319E-15  5.898E-16  1.730E-15
2.377E+02  3.764E-25  2.373E-15  6.050E-16  1.768E-15
2.355E+02  3.887E-25  2.428E-15  6.204E-16  1.808E-15
2.333E+02  4.013E-25  2.484E-15  6.362E-16  1.848E-15
2.312E+02  4.142E-25  2.540E-15  6.524E-16  1.888E-15
2.291E+02  4.275E-25  2.598E-15  6.688E-16  1.929E-15
2.270E+02  4.412E-25  2.656E-15  6.856E-16  1.971E-15
2.249E+02  4.552E-25  2.716E-15  7.028E-16  2.013E-15
2.228E+02  4.697E-25  2.776E-15  7.203E-16  2.056E-15
2.208E+02  4.845E-25  2.838E-15  7.382E-16  2.100E-15
2.188E+02  4.997E-25  2.900E-15  7.564E-16  2.144E-15
2.168E+02  5.153E-25  2.963E-15  7.750E-16  2.188E-15
2.148E+02  5.314E-25  3.027E-15  7.939E-16  2.233E-15
2.128E+02  5.478E-25  3.092E-15  8.132E-16  2.279E-15
2.109E+02  5.646E-25  3.158E-15  8.329E-16  2.325E-15
2.089E+02  5.819E-25  3.225E-15  8.530E-16  2.372E-15
2.070E+02  5.996E-25  3.292E-15  8.734E-16  2.419E-15
2.051E+02  6.177E-25  3.361E-15  8.943E-16  2.467E-15
2.032E+02  6.363E-25  3.430E-15  9.155E-16  2.515E-15
2.014E+02  6.553E-25  3.500E-15  9.371E-16  2.563E-15
1.995E+02  6.748E-25  3.571E-15  9.591E-16  2.612E-15
1.977E+02  6.947E-25  3.643E-15  9.815E-16  2.662E-15
1.959E+02  7.151E-25  3.716E-15  1.004E-15  2.711E-15
1.941E+02  7.360E-25  3.789E-15  1.027E-15  2.762E-15
1.923E+02  7.573E-25  3.863E-15  1.051E-15  2.812E-15
1.905E+02  7.791E-25  3.938E-15  1.075E-15  2.863E-15
1.888E+02  8.014E-25  4.014E-15  1.099E-15  2.914E-15
1.871E+02  8.242E-25  4.090E-15  1.124E-15  2.966E-15
1.854E+02  8.475E-25  4.167E-15  1.149E-15  3.017E-15
1.837E+02  8.713E-25  4.245E-15  1.175E-15  3.069E-15
1.820E+02  8.956E-25  4.323E-15  1.201E-15  3.122E-15
1.803E+02  9.204E-25  4.402E-15  1.228E-15  3.174E-15
1.786E+02  9.457E-25  4.481E-15  1.255E-15  3.227E-15
1.770E+02  9.715E-25  4.562E-15  1.282E-15  3.280E-15
1.754E+02  9.978E-25  4.642E-15  1.310E-15  3.333E-15
1.738E+02  1.025E-24  4.723E-15  1.338E-15  3.386E-15
1.722E+02  1.052E-24  4.805E-15  1.366E-15  3.439E-15
1.706E+02  1.080E-24  4.887E-15  1.395E-15  3.492E-15
1.690E+02  1.108E-24  4.970E-15  1.425E-15  3.545E-15
1.675E+02  1.137E-24  5.053E-15  1.454E-15  3.598E-15
1.660E+02  1.167E-24  5.136E-15  1.485E-15  3.651E-15
1.644E+02  1.197E-24  5.220E-15  1.515E-15  3.704E-15
1.629E+02  1.227E-24  5.304E-15  1.546E-15  3.757E-15
1.614E+02  1.258E-24  5.388E-15  1.578E-15  3.810E-15
1.600E+02  1.290E-24  5.472E-15  1.610E-15  3.863E-15
1.585E+02  1.322E-24  5.557E-15  1.642E-15  3.915E-15
1.570E+02  1.354E-24  5.642E-15  1.675E-15  3.967E-15
1.556E+02  1.388E-24  5.727E-15  1.708E-15  4.019E-15
1.542E+02  1.421E-24  5.812E-15  1.741E-15  4.070E-15
1.528E+02  1.455E-24  5.897E-15  1.775E-15  4.122E-15
1.514E+02  1.490E-24  5.982E-15  1.809E-15  4.172E-15
1.500E+02  1.525E-24  6.066E-15  1.844E-15  4.222E-15
1.486E+02  1.561E-24  6.151E-15  1.879E-15  4.272E-15
1.472E+02  1.597E-24  6.236E-15  1.914E-15  4.322E-15
1.459E+02  1.633E-24  6.320E-15  1.950E-15  4.370E-15
1.445E+02  1.670E-24  6.405E-15  1.986E-15  4.418E-15
1.432E+02  1.708E-24  6.488E-15  2.023E-15  4.466E-15
1.419E+02  1.746E-24  6.572E-15  2.059E-15  4.513E-15
1.406E+02  1.784E-24  6.655E-15  2.096E-15  4.559E-15
1.393E+02  1.823E-24  6.738E-15  2.134E-15  4.604E-15
1.380E+02  1.863E-24  6.820E-15  2.172E-15  4.648E-15
1.368E+02  1.902E-24  6.902E-15  2.210E-15  4.692E-15
1.355E+02  1.942E-24  6.982E-15  2.248E-15  4.734E-15
1.343E+02  1.983E-24  7.063E-15  2.287E-15  4.776E-15
1.330E+02  2.024E-24  7.142E-15  2.326E-15  4.816E-15
1.318E+02  2.065E-24  7.220E-15  2.365E-15  4.855E-15
1.306E+02  2.106E-24  7.298E-15  2.405E-15  4.893E-15
1.294E+02  2.148E-24  7.375E-15  2.445E-15  4.930E-15
1.282E+02  2.190E-24  7.450E-15  2.485E-15  4.966E-15
1.271E+02  2.233E-24  7.525E-15  2.525E-15  5.000E-15
1.259E+02  2.275E-24  7.599E-15  2.565E-15  5.033E-15
1.247E+02  2.318E-24  7.671E-15  2.606E-15  5.065E-15
1.236E+02  2.362E-24  7.742E-15  2.647E-15  5.095E-15
1.225E+02  2.405E-24  7.812E-15  2.688E-15  5.124E-15
1.213E+02  2.449E-24  7.881E-15  2.729E-15  5.152E-15
1.202E+02  2.492E-24  7.948E-15  2.771E-15  5.177E-15
1.191E+02  2.536E-24  8.014E-15  2.812E-15  5.202E-15
1.180E+02  2.580E-24  8.079E-15  2.854E-15  5.225E-15
1.169E+02  2.624E-24  8.141E-15  2.896E-15  5.245E-15
1.159E+02  2.668E-24  8.201E-15  2.937E-15  5.264E-15
1.148E+02  2.712E-24  8.261E-15  2.979E-15  5.281E-15
1.138E+02  2.756E-24  8.318E-15  3.021E-15  5.297E-15
1.127E+02  2.801E-24  8.374E-15  3.063E-15  5.311E-15
1.117E+02  2.845E-24  8.428E-15  3.105E-15  5.324E-15
1.107E+02  2.889E-24  8.481E-15  3.147E-15  5.334E-15
1.096E+02  2.933E-24  8.532E-15  3.189E-15  5.343E-15
1.086E+02  2.978E-24  8.581E-15  3.230E-15  5.351E-15
1.076E+02  3.022E-24  8.628E-15  3.272E-15  5.356E-15
1.067E+02  3.066E-24  8.673E-15  3.314E-15  5.360E-15
1.057E+02  3.109E-24  8.716E-15  3.355E-15  5.361E-15
1.047E+02  3.153E-24  8.757E-15  3.396E-15  5.361E-15
1.038E+02  3.196E-24  8.796E-15  3.437E-15  5.359E-15
1.028E+02  3.239E-24  8.833E-15  3.478E-15  5.355E-15
1.019E+02  3.282E-24  8.867E-15  3.518E-15  5.348E-15
1.009E+02  3.324E-24  8.898E-15  3.558E-15  5.340E-15
1.000E+02  3.366E-24  8.928E-15  3.598E-15  5.329E-15
9.908E+01  3.407E-24  8.955E-15  3.638E-15  5.317E-15
9.817E+01  3.448E-24  8.980E-15  3.677E-15  5.302E-15
9.727E+01  3.489E-24  9.002E-15  3.716E-15  5.286E-15
9.638E+01  3.529E-24  9.022E-15  3.754E-15  5.268E-15
9.550E+01  3.568E-24  9.039E-15  3.792E-15  5.247E-15
9.462E+01  3.607E-24  9.054E-15  3.829E-15  5.225E-15
9.376E+01  3.646E-24  9.066E-15  3.865E-15  5.201E-15
9.290E+01  3.683E-24  9.076E-15  3.901E-15  5.175E-15
9.204E+01  3.720E-24  9.084E-15  3.937E-15  5.147E-15
9.120E+01  3.757E-24  9.088E-15  3.971E-15  5.117E-15
9.036E+01  3.792E-24  9.090E-15  4.006E-15  5.085E-15
8.954E+01  3.827E-24  9.090E-15  4.039E-15  5.051E-15
8.872E+01  3.861E-24  9.087E-15  4.072E-15  5.015E-15
8.790E+01  3.895E-24  9.082E-15  4.104E-15  4.978E-15
8.710E+01  3.928E-24  9.074E-15  4.135E-15  4.939E-15
8.630E+01  3.960E-24  9.064E-15  4.166E-15  4.898E-15
8.551E+01  3.991E-24  9.052E-15  4.196E-15  4.856E-15
8.472E+01  4.021E-24  9.036E-15  4.225E-15  4.812E-15
8.395E+01  4.050E-24  9.019E-15  4.253E-15  4.765E-15
8.318E+01  4.078E-24  8.998E-15  4.281E-15  4.718E-15
8.241E+01  4.106E-24  8.976E-15  4.308E-15  4.668E-15
8.166E+01  4.133E-24  8.952E-15  4.334E-15  4.618E-15
8.091E+01  4.159E-24  8.925E-15  4.359E-15  4.566E-15
8.017E+01  4.183E-24  8.896E-15  4.383E-15  4.513E-15
7.943E+01  4.207E-24  8.865E-15  4.406E-15  4.459E-15
7.870E+01  4.230E-24  8.831E-15  4.429E-15  4.402E-15
7.798E+01  4.252E-24  8.795E-15  4.450E-15  4.345E-15
7.727E+01  4.273E-24  8.757E-15  4.471E-15  4.287E-15
7.656E+01  4.293E-24  8.718E-15  4.490E-15  4.228E-15
7.586E+01  4.312E-24  8.676E-15  4.509E-15  4.168E-15
7.516E+01  4.330E-24  8.633E-15  4.526E-15  4.106E-15
7.447E+01  4.347E-24  8.587E-15  4.543E-15  4.044E-15
7.379E+01  4.363E-24  8.539E-15  4.558E-15  3.981E-15
7.311E+01  4.377E-24  8.489E-15  4.573E-15  3.917E-15
7.244E+01  4.391E-24  8.438E-15  4.586E-15  3.851E-15
7.178E+01  4.403E-24  8.384E-15  4.599E-15  3.785E-15
7.112E+01  4.415E-24  8.329E-15  4.610E-15  3.719E-15
7.047E+01  4.426E-24  8.273E-15  4.620E-15  3.653E-15
6.982E+01  4.436E-24  8.217E-15  4.630E-15  3.587E-15
6.918E+01  4.445E-24  8.158E-15  4.638E-15  3.520E-15
6.855E+01  4.453E-24  8.097E-15  4.645E-15  3.452E-15
6.792E+01  4.460E-24  8.035E-15  4.651E-15  3.383E-15
6.730E+01  4.465E-24  7.971E-15  4.656E-15  3.315E-15
6.668E+01  4.470E-24  7.907E-15  4.660E-15  3.247E-15
6.607E+01  4.475E-24  7.842E-15  4.663E-15  3.178E-15
6.546E+01  4.478E-24  7.776E-15  4.665E-15  3.110E-15
6.486E+01  4.480E-24  7.708E-15  4.666E-15  3.042E-15
6.427E+01  4.481E-24  7.640E-15  4.666E-15  2.973E-15
6.368E+01  4.482E-24  7.570E-15  4.665E-15  2.905E-15
6.310E+01  4.482E-24  7.501E-15  4.663E-15  2.837E-15
6.252E+01  4.481E-24  7.430E-15  4.660E-15  2.770E-15
6.194E+01  4.479E-24  7.359E-15  4.656E-15  2.703E-15
6.138E+01  4.476E-24  7.288E-15  4.651E-15  2.637E-15
6.081E+01  4.473E-24  7.216E-15  4.645E-15  2.571E-15
6.026E+01  4.469E-24  7.143E-15  4.638E-15  2.505E-15
5.970E+01  4.465E-24  7.070E-15  4.630E-15  2.440E-15
5.916E+01  4.459E-24  6.997E-15  4.621E-15  2.376E-15
5.861E+01  4.453E-24  6.923E-15  4.611E-15  2.312E-15
5.808E+01  4.446E-24  6.849E-15  4.600E-15  2.248E-15
5.754E+01  4.438E-24  6.774E-15  4.589E-15  2.186E-15
5.702E+01  4.430E-24  6.700E-15  4.576E-15  2.124E-15
5.649E+01  4.421E-24  6.625E-15  4.562E-15  2.063E-15
5.598E+01  4.412E-24  6.551E-15  4.548E-15  2.003E-15
5.546E+01  4.403E-24  6.477E-15  4.533E-15  1.944E-15
5.495E+01  4.393E-24  6.403E-15  4.516E-15  1.887E-15
5.445E+01  4.382E-24  6.329E-15  4.499E-15  1.830E-15
5.395E+01  4.371E-24  6.255E-15  4.482E-15  1.774E-15
5.346E+01  4.360E-24  6.182E-15  4.463E-15  1.719E-15
5.297E+01  4.348E-24  6.108E-15  4.443E-15  1.665E-15
5.248E+01  4.335E-24  6.035E-15  4.423E-15  1.612E-15
5.200E+01  4.323E-24  5.962E-15  4.402E-15  1.561E-15
5.152E+01  4.309E-24  5.890E-15  4.380E-15  1.510E-15
5.105E+01  4.296E-24  5.817E-15  4.357E-15  1.460E-15
5.058E+01  4.282E-24  5.745E-15  4.333E-15  1.412E-15
5.012E+01  4.267E-24  5.673E-15  4.309E-15  1.364E-15
4.966E+01  4.253E-24  5.602E-15  4.284E-15  1.318E-15
4.920E+01  4.238E-24  5.531E-15  4.258E-15  1.273E-15
4.875E+01  4.222E-24  5.460E-15  4.231E-15  1.229E-15
4.831E+01  4.207E-24  5.390E-15  4.204E-15  1.186E-15
4.786E+01  4.190E-24  5.320E-15  4.176E-15  1.144E-15
4.742E+01  4.174E-24  5.250E-15  4.146E-15  1.104E-15
4.699E+01  4.157E-24  5.181E-15  4.116E-15  1.065E-15
4.656E+01  4.139E-24  5.112E-15  4.086E-15  1.026E-15
4.613E+01  4.121E-24  5.043E-15  4.054E-15  9.894E-16
4.571E+01  4.103E-24  4.975E-15  4.021E-15  9.535E-16
4.529E+01  4.084E-24  4.907E-15  3.988E-15  9.187E-16
4.487E+01  4.065E-24  4.839E-15  3.954E-15  8.850E-16
4.446E+01  4.045E-24  4.771E-15  3.918E-15  8.525E-16
4.406E+01  4.024E-24  4.703E-15  3.882E-15  8.210E-16
4.365E+01  4.003E-24  4.635E-15  3.845E-15  7.905E-16
4.325E+01  3.981E-24  4.568E-15  3.807E-15  7.611E-16
4.285E+01  3.959E-24  4.500E-15  3.767E-15  7.326E-16
4.246E+01  3.935E-24  4.432E-15  3.727E-15  7.051E-16
4.207E+01  3.911E-24  4.364E-15  3.686E-15  6.786E-16
4.169E+01  3.885E-24  4.296E-15  3.643E-15  6.529E-16
4.130E+01  3.859E-24  4.228E-15  3.600E-15  6.282E-16
4.093E+01  3.831E-24  4.159E-15  3.555E-15  6.043E-16
4.055E+01  3.803E-24  4.090E-15  3.509E-15  5.813E-16
4.018E+01  3.773E-24  4.021E-15  3.462E-15  5.591E-16
3.981E+01  3.742E-24  3.952E-15  3.414E-15  5.377E-16
3.945E+01  3.710E-24  3.882E-15  3.364E-15  5.171E-16
3.908E+01  3.676E-24  3.811E-15  3.314E-15  4.973E-16
3.873E+01  3.641E-24  3.740E-15  3.262E-15  4.782E-16
3.837E+01  3.604E-24  3.669E-15  3.209E-15  4.598E-16
3.802E+01  3.566E-24  3.597E-15  3.154E-15  4.422E-16
3.767E+01  3.527E-24  3.524E-15  3.099E-15  4.252E-16
3.733E+01  3.486E-24  3.451E-15  3.042E-15  4.087E-16
3.698E+01  3.443E-24  3.377E-15  2.985E-15  3.927E-16
3.664E+01  3.398E-24  3.303E-15  2.926E-15  3.775E-16
3.631E+01  3.353E-24  3.229E-15  2.866E-15  3.629E-16
3.597E+01  3.305E-24  3.154E-15  2.805E-15  3.488E-16
3.565E+01  3.257E-24  3.079E-15  2.744E-15  3.354E-16
3.532E+01  3.206E-24  3.004E-15  2.681E-15  3.226E-16
3.499E+01  3.155E-24  2.928E-15  2.618E-15  3.103E-16
3.467E+01  3.102E-24  2.853E-15  2.555E-15  2.985E-16
3.436E+01  3.048E-24  2.778E-15  2.491E-15  2.872E-16
3.404E+01  2.993E-24  2.703E-15  2.426E-15  2.763E-16
3.373E+01  2.937E-24  2.628E-15  2.362E-15  2.660E-16
3.342E+01  2.880E-24  2.553E-15  2.297E-15  2.560E-16
3.311E+01  2.823E-24  2.479E-15  2.233E-15  2.466E-16
3.281E+01  2.765E-24  2.406E-15  2.169E-15  2.376E-16
3.251E+01  2.706E-24  2.334E-15  2.105E-15  2.290E-16
3.221E+01  2.648E-24  2.262E-15  2.042E-15  2.207E-16
3.192E+01  2.589E-24  2.192E-15  1.979E-15  2.127E-16
3.162E+01  2.530E-24  2.122E-15  1.917E-15  2.051E-16
3.133E+01  2.472E-24  2.054E-15  1.857E-15  1.978E-16
3.105E+01  2.414E-24  1.988E-15  1.797E-15  1.907E-16
3.076E+01  2.356E-24  1.922E-15  1.738E-15  1.840E-16
3.048E+01  2.299E-24  1.859E-15  1.681E-15  1.775E-16
3.020E+01  2.243E-24  1.797E-15  1.625E-15  1.712E-16
2.992E+01  2.187E-24  1.736E-15  1.571E-15  1.652E-16
2.965E+01  2.133E-24  1.677E-15  1.518E-15  1.593E-16
2.938E+01  2.079E-24  1.620E-15  1.467E-15  1.537E-16
2.911E+01  2.027E-24  1.565E-15  1.417E-15  1.482E-16
2.884E+01  1.976E-24  1.512E-15  1.369E-15  1.430E-16
2.858E+01  1.926E-24  1.460E-15  1.322E-15  1.380E-16
2.831E+01  1.877E-24  1.410E-15  1.277E-15  1.331E-16
2.805E+01  1.830E-24  1.362E-15  1.234E-15  1.284E-16
2.780E+01  1.784E-24  1.316E-15  1.192E-15  1.239E-16
2.754E+01  1.740E-24  1.271E-15  1.151E-15  1.195E-16
2.729E+01  1.696E-24  1.228E-15  1.113E-15  1.153E-16
2.704E+01  1.655E-24  1.187E-15  1.075E-15  1.113E-16
2.679E+01  1.614E-24  1.147E-15  1.040E-15  1.073E-16
2.655E+01  1.575E-24  1.109E-15  1.005E-15  1.036E-16
2.630E+01  1.537E-24  1.072E-15  9.723E-16  9.990E-17
2.606E+01  1.500E-24  1.037E-15  9.406E-16  9.636E-17
2.582E+01  1.464E-24  1.003E-15  9.101E-16  9.294E-17
2.559E+01  1.430E-24  9.705E-16  8.808E-16  8.964E-17
2.535E+01  1.397E-24  9.392E-16  8.527E-16  8.644E-17
2.512E+01  1.364E-24  9.090E-16  8.257E-16  8.334E-17
2.489E+01  1.333E-24  8.800E-16  7.997E-16  8.034E-17
2.466E+01  1.303E-24  8.521E-16  7.747E-16  7.742E-17
2.443E+01  1.273E-24  8.252E-16  7.506E-16  7.459E-17
2.421E+01  1.244E-24  7.992E-16  7.274E-16  7.182E-17
2.399E+01  1.217E-24  7.741E-16  7.050E-16  6.910E-17
2.377E+01  1.190E-24  7.500E-16  6.835E-16  6.650E-17
2.355E+01  1.163E-24  7.267E-16  6.626E-16  6.405E-17
2.333E+01  1.138E-24  7.042E-16  6.425E-16  6.165E-17
2.312E+01  1.113E-24  6.824E-16  6.231E-16  5.924E-17
2.291E+01  1.088E-24  6.613E-16  6.044E-16  5.693E-17
2.270E+01  1.065E-24  6.410E-16  5.862E-16  5.479E-17
2.249E+01  1.042E-24  6.214E-16  5.686E-16  5.279E-17
2.228E+01  1.019E-24  6.025E-16  5.516E-16  5.088E-17
2.208E+01  9.972E-25  5.840E-16  5.351E-16  4.899E-17
2.188E+01  9.755E-25  5.661E-16  5.190E-16  4.707E-17
2.168E+01  9.542E-25  5.487E-16  5.035E-16  4.518E-17
2.148E+01  9.333E-25  5.317E-16  4.884E-16  4.334E-17
2.128E+01  9.129E-25  5.154E-16  4.737E-16  4.162E-17
2.109E+01  8.930E-25  4.995E-16  4.595E-16  3.999E-17
2.089E+01  8.735E-25  4.841E-16  4.457E-16  3.840E-17
2.070E+01  8.543E-25  4.691E-16  4.323E-16  3.682E-17
2.051E+01  8.354E-25  4.545E-16  4.193E-16  3.528E-17
2.032E+01  8.171E-25  4.405E-16  4.067E-16  3.382E-17
2.014E+01  7.994E-25  4.270E-16  3.945E-16  3.253E-17
1.995E+01  7.824E-25  4.141E-16  3.828E-16  3.126E-17
1.977E+01  7.660E-25  4.017E-16  3.717E-16  3.000E-17
1.959E+01  7.509E-25  3.902E-16  3.614E-16  2.872E-17
1.941E+01  7.381E-25  3.800E-16  3.526E-16  2.743E-17
1.923E+01  7.314E-25  3.731E-16  3.470E-16  2.612E-17
1.905E+01  7.427E-25  3.754E-16  3.506E-16  2.481E-17
1.888E+01  7.472E-25  3.742E-16  3.507E-16  2.350E-17
1.871E+01  6.958E-25  3.453E-16  3.231E-16  2.218E-17
1.854E+01  6.682E-25  3.285E-16  3.077E-16  2.086E-17
1.837E+01  6.536E-25  3.184E-16  2.989E-16  1.956E-17
1.820E+01  6.468E-25  3.122E-16  2.939E-16  1.829E-17
1.803E+01  6.527E-25  3.122E-16  2.951E-16  1.704E-17
1.786E+01  6.740E-25  3.194E-16  3.036E-16  1.584E-17
1.770E+01  6.606E-25  3.102E-16  2.955E-16  1.467E-17
1.754E+01  6.790E-25  3.159E-16  3.024E-16  1.353E-17
1.738E+01  7.458E-25  3.438E-16  3.313E-16  1.245E-17
1.722E+01  7.119E-25  3.252E-16  3.137E-16  1.142E-17
1.706E+01  6.929E-25  3.136E-16  3.031E-16  1.046E-17
1.690E+01  6.537E-25  2.931E-16  2.836E-16  9.559E-18
1.675E+01  6.047E-25  2.687E-16  2.599E-16  8.716E-18
1.660E+01  5.922E-25  2.607E-16  2.528E-16  7.923E-18
1.644E+01  6.572E-25  2.867E-16  2.795E-16  7.187E-18
1.629E+01  4.910E-25  2.122E-16  2.057E-16  6.508E-18
1.614E+01  4.169E-25  1.785E-16  1.726E-16  5.887E-18
1.600E+01  3.824E-25  1.622E-16  1.569E-16  5.320E-18
1.585E+01  3.564E-25  1.498E-16  1.450E-16  4.803E-18
1.570E+01  3.300E-25  1.375E-16  1.331E-16  4.332E-18
1.556E+01  3.093E-25  1.277E-16  1.238E-16  3.904E-18
1.542E+01  2.918E-25  1.193E-16  1.158E-16  3.517E-18
1.528E+01  2.762E-25  1.119E-16  1.088E-16  3.168E-18
1.514E+01  2.621E-25  1.052E-16  1.024E-16  2.854E-18
1.500E+01  2.493E-25  9.916E-17  9.658E-17  2.573E-18
1.486E+01  2.377E-25  9.369E-17  9.137E-17  2.318E-18
1.472E+01  2.276E-25  8.889E-17  8.680E-17  2.087E-18
1.459E+01  2.196E-25  8.498E-17  8.310E-17  1.880E-18
1.445E+01  2.154E-25  8.257E-17  8.087E-17  1.701E-18
1.432E+01  2.184E-25  8.298E-17  8.143E-17  1.545E-18
1.419E+01  2.224E-25  8.371E-17  8.229E-17  1.414E-18
1.406E+01  2.045E-25  7.628E-17  7.498E-17  1.304E-18
1.393E+01  1.916E-25  7.080E-17  6.958E-17  1.214E-18
1.380E+01  1.898E-25  6.951E-17  6.837E-17  1.140E-18
1.368E+01  1.971E-25  7.151E-17  7.043E-17  1.080E-18
1.355E+01  2.074E-25  7.454E-17  7.351E-17  1.029E-18
1.343E+01  2.021E-25  7.199E-17  7.101E-17  9.823E-19
1.330E+01  1.822E-25  6.430E-17  6.336E-17  9.382E-19
1.318E+01  1.683E-25  5.886E-17  5.796E-17  8.965E-19
1.306E+01  1.665E-25  5.770E-17  5.685E-17  8.552E-19
1.294E+01  1.775E-25  6.094E-17  6.012E-17  8.163E-19
1.282E+01  2.025E-25  6.887E-17  6.809E-17  7.809E-19
1.271E+01  2.329E-25  7.849E-17  7.774E-17  7.474E-19
1.259E+01  2.333E-25  7.790E-17  7.719E-17  7.147E-19
1.247E+01  1.948E-25  6.446E-17  6.377E-17  6.824E-19
1.236E+01  1.589E-25  5.210E-17  5.145E-17  6.504E-19
1.225E+01  1.420E-25  4.611E-17  4.550E-17  6.179E-19
1.213E+01  1.396E-25  4.494E-17  4.435E-17  5.879E-19
1.202E+01  1.395E-25  4.450E-17  4.393E-17  5.606E-19
1.191E+01  1.275E-25  4.030E-17  3.977E-17  5.337E-19
1.180E+01  1.105E-25  3.461E-17  3.410E-17  5.074E-19
1.169E+01  1.023E-25  3.173E-17  3.125E-17  4.811E-19
1.159E+01  1.084E-25  3.331E-17  3.286E-17  4.539E-19
1.148E+01  1.348E-25  4.104E-17  4.061E-17  4.274E-19
1.138E+01  1.781E-25  5.376E-17  5.335E-17  4.029E-19
1.127E+01  2.200E-25  6.579E-17  6.541E-17  3.799E-19
1.117E+01  1.484E-25  4.397E-17  4.361E-17  3.584E-19
1.107E+01  7.580E-26  2.225E-17  2.191E-17  3.378E-19
1.096E+01  5.150E-26  1.498E-17  1.466E-17  3.174E-19
1.086E+01  3.996E-26  1.152E-17  1.122E-17  2.983E-19
1.076E+01  3.347E-26  9.558E-18  9.277E-18  2.810E-19
1.067E+01  2.927E-26  8.281E-18  8.016E-18  2.652E-19
1.057E+01  2.575E-26  7.219E-18  6.969E-18  2.505E-19
1.047E+01  2.318E-26  6.438E-18  6.202E-18  2.358E-19
1.038E+01  2.121E-26  5.838E-18  5.618E-18  2.202E-19
1.028E+01  1.962E-26  5.351E-18  5.147E-18  2.037E-19
1.019E+01  1.830E-26  4.945E-18  4.758E-18  1.869E-19
1.009E+01  1.719E-26  4.601E-18  4.430E-18  1.708E-19
1.000E+01  1.624E-26  4.307E-18  4.151E-18  1.558E-19
9.908E+00  1.543E-26  4.056E-18  3.914E-18  1.423E-19
9.817E+00  1.475E-26  3.841E-18  3.711E-18  1.300E-19
9.727E+00  1.418E-26  3.660E-18  3.541E-18  1.187E-19
9.638E+00  1.372E-26  3.508E-18  3.400E-18  1.082E-19
9.550E+00  1.336E-26  3.384E-18  3.287E-18  9.777E-20
9.462E+00  1.311E-26  3.290E-18  3.202E-18  8.741E-20
9.376E+00  1.297E-26  3.226E-18  3.149E-18  7.708E-20
9.290E+00  1.297E-26  3.197E-18  3.130E-18  6.690E-20
9.204E+00  1.315E-26  3.211E-18  3.153E-18  5.710E-20
9.120E+00  1.356E-26  3.281E-18  3.233E-18  4.798E-20
9.036E+00  1.432E-26  3.432E-18  3.392E-18  3.978E-20
8.954E+00  1.561E-26  3.707E-18  3.674E-18  3.268E-20
8.872E+00  1.778E-26  4.184E-18  4.157E-18  2.672E-20
8.790E+00  2.139E-26  4.987E-18  4.965E-18  2.183E-20
8.710E+00  2.668E-26  6.163E-18  6.145E-18  1.787E-20
8.630E+00  3.069E-26  7.025E-18  7.010E-18  1.469E-20
8.551E+00  2.804E-26  6.360E-18  6.347E-18  1.211E-20
8.472E+00  2.285E-26  5.135E-18  5.125E-18  9.960E-21
8.395E+00  1.987E-26  4.425E-18  4.417E-18  8.119E-21
8.318E+00  1.869E-26  4.123E-18  4.116E-18  6.510E-21
8.241E+00  1.847E-26  4.038E-18  4.033E-18  5.113E-21
8.166E+00  1.934E-26  4.189E-18  4.185E-18  3.925E-21
8.091E+00  2.157E-26  4.629E-18  4.626E-18  2.989E-21
8.017E+00  2.521E-26  5.362E-18  5.360E-18  2.258E-21
7.943E+00  2.960E-26  6.236E-18  6.234E-18  1.699E-21
7.870E+00  3.239E-26  6.762E-18  6.760E-18  1.275E-21
7.798E+00  3.155E-26  6.527E-18  6.526E-18  9.553E-22
7.727E+00  2.927E-26  5.999E-18  5.998E-18  7.193E-22
7.656E+00  2.781E-26  5.649E-18  5.648E-18  5.458E-22
7.586E+00  2.490E-26  5.011E-18  5.010E-18  4.182E-22
7.516E+00  1.919E-26  3.825E-18  3.825E-18  3.260E-22
7.447E+00  1.380E-26  2.727E-18  2.726E-18  2.594E-22
7.379E+00  1.010E-26  1.976E-18  1.976E-18  2.095E-22
7.311E+00  7.624E-27  1.479E-18  1.478E-18  1.725E-22
7.244E+00  5.893E-27  1.132E-18  1.132E-18  1.436E-22
7.178E+00  4.632E-27  8.819E-19  8.818E-19  1.203E-22
7.112E+00  3.700E-27  6.981E-19  6.980E-19  1.017E-22
7.047E+00  3.018E-27  5.641E-19  5.641E-19  8.656E-23
6.982E+00  2.529E-27  4.684E-19  4.683E-19  7.363E-23
6.918E+00  2.191E-27  4.022E-19  4.021E-19  6.275E-23
6.855E+00  1.968E-27  3.578E-19  3.578E-19  5.347E-23
6.792E+00  1.814E-27  3.268E-19  3.267E-19  4.551E-23
6.730E+00  1.672E-27  2.984E-19  2.984E-19  3.870E-23
6.668E+00  1.495E-27  2.645E-19  2.645E-19  3.287E-23
6.607E+00  1.296E-27  2.272E-19  2.272E-19  2.786E-23
6.546E+00  1.131E-27  1.963E-19  1.963E-19  2.358E-23
6.486E+00  1.046E-27  1.800E-19  1.800E-19  1.992E-23
6.427E+00  1.079E-27  1.839E-19  1.839E-19  1.679E-23
6.368E+00  1.289E-27  2.177E-19  2.177E-19  1.413E-23
6.310E+00  1.799E-27  3.010E-19  3.010E-19  1.187E-23
6.252E+00  2.550E-27  4.229E-19  4.229E-19  9.949E-24
6.194E+00  2.331E-27  3.830E-19  3.830E-19  8.323E-24
6.138E+00  1.297E-27  2.111E-19  2.111E-19  6.942E-24
6.081E+00  6.840E-28  1.103E-19  1.103E-19  5.782E-24
6.026E+00  4.013E-28  6.414E-20  6.414E-20  4.809E-24
5.970E+00  2.632E-28  4.168E-20  4.168E-20  3.994E-24
5.916E+00  1.907E-28  2.992E-20  2.992E-20  3.313E-24
5.861E+00  1.530E-28  2.379E-20  2.379E-20  2.745E-24
5.808E+00  1.386E-28  2.135E-20  2.135E-20  2.271E-24
5.754E+00  1.412E-28  2.155E-20  2.155E-20  1.876E-24
5.702E+00  1.372E-28  2.075E-20  2.074E-20  1.548E-24
5.649E+00  1.016E-28  1.522E-20  1.522E-20  1.276E-24
5.598E+00  6.662E-29  9.891E-21  9.890E-21  1.050E-24
5.546E+00  4.621E-29  6.799E-21  6.798E-21  8.632E-25
5.495E+00  3.495E-29  5.095E-21  5.095E-21  7.086E-25
5.445E+00  2.875E-29  4.152E-21  4.151E-21  5.809E-25
5.395E+00  2.596E-29  3.714E-21  3.714E-21  4.756E-25
5.346E+00  2.621E-29  3.716E-21  3.716E-21  3.888E-25
5.297E+00  2.785E-29  3.913E-21  3.913E-21  3.174E-25
5.248E+00  2.405E-29  3.349E-21  3.348E-21  2.587E-25
5.200E+00  1.612E-29  2.224E-21  2.223E-21  2.106E-25
5.152E+00  1.069E-29  1.461E-21  1.461E-21  1.711E-25
5.105E+00  7.629E-30  1.033E-21  1.033E-21  1.389E-25
5.058E+00  5.772E-30  7.745E-22  7.744E-22  1.125E-25
5.012E+00  4.534E-30  6.028E-22  6.027E-22  9.102E-26
4.966E+00  3.646E-30  4.802E-22  4.802E-22  7.352E-26
4.920E+00  2.975E-30  3.883E-22  3.883E-22  5.929E-26
4.875E+00  2.453E-30  3.172E-22  3.171E-22  4.773E-26
4.831E+00  2.036E-30  2.609E-22  2.608E-22  3.835E-26
4.786E+00  1.699E-30  2.156E-22  2.156E-22  3.076E-26
4.742E+00  1.422E-30  1.789E-22  1.789E-22  2.463E-26
4.699E+00  1.194E-30  1.488E-22  1.488E-22  1.968E-26
4.656E+00  1.005E-30  1.241E-22  1.241E-22  1.570E-26
4.613E+00  8.468E-31  1.036E-22  1.036E-22  1.250E-26
4.571E+00  7.145E-31  8.663E-23  8.662E-23  9.933E-27
4.529E+00  6.035E-31  7.250E-23  7.249E-23  7.878E-27
4.487E+00  5.100E-31  6.071E-23  6.070E-23  6.235E-27
4.446E+00  4.312E-31  5.086E-23  5.086E-23  4.925E-27
4.406E+00  3.648E-31  4.263E-23  4.262E-23  3.883E-27
4.365E+00  3.086E-31  3.573E-23  3.573E-23  3.055E-27
4.325E+00  2.611E-31  2.995E-23  2.995E-23  2.399E-27
4.285E+00  2.208E-31  2.510E-23  2.510E-23  1.880E-27
4.246E+00  1.868E-31  2.104E-23  2.104E-23  1.469E-27
4.207E+00  1.580E-31  1.763E-23  1.763E-23  1.146E-27
4.169E+00  1.335E-31  1.477E-23  1.477E-23  8.922E-28
4.130E+00  1.129E-31  1.237E-23  1.236E-23  6.928E-28
4.093E+00  9.534E-32  1.035E-23  1.035E-23  5.365E-28
4.055E+00  8.050E-32  8.659E-24  8.659E-24  4.145E-28
4.018E+00  6.794E-32  7.241E-24  7.241E-24  3.194E-28
3.981E+00  5.731E-32  6.052E-24  6.052E-24  2.456E-28
3.945E+00  4.832E-32  5.056E-24  5.056E-24  1.884E-28
3.908E+00  4.072E-32  4.222E-24  4.222E-24  1.442E-28
3.873E+00  3.430E-32  3.524E-24  3.524E-24  1.100E-28
3.837E+00  2.889E-32  2.940E-24  2.940E-24  8.383E-29
3.802E+00  2.432E-32  2.452E-24  2.452E-24  6.370E-29
3.767E+00  2.047E-32  2.045E-24  2.045E-24  4.829E-29
3.733E+00  1.723E-32  1.706E-24  1.706E-24  3.652E-29
3.698E+00  1.451E-32  1.423E-24  1.423E-24  2.755E-29
3.664E+00  1.223E-32  1.189E-24  1.189E-24  2.073E-29
3.631E+00  1.032E-32  9.943E-25  9.943E-25  1.556E-29
3.597E+00  8.738E-33  8.338E-25  8.338E-25  1.165E-29
3.565E+00  7.427E-33  7.023E-25  7.023E-25  8.705E-30
3.532E+00  6.359E-33  5.957E-25  5.957E-25  6.486E-30
3.499E+00  5.508E-33  5.113E-25  5.113E-25  4.820E-30
3.467E+00  4.871E-33  4.480E-25  4.480E-25  3.573E-30
3.436E+00  4.470E-33  4.073E-25  4.073E-25  2.642E-30
3.404E+00  4.405E-33  3.978E-25  3.978E-25  1.949E-30
3.373E+00  5.035E-33  4.505E-25  4.505E-25  1.434E-30
3.342E+00  7.973E-33  7.068E-25  7.068E-25  1.052E-30
3.311E+00  2.221E-32  1.951E-24  1.951E-24  7.698E-31
3.281E+00  1.279E-32  1.113E-24  1.113E-24  5.619E-31
3.251E+00  3.488E-33  3.007E-25  3.007E-25  4.090E-31
3.221E+00  1.655E-33  1.414E-25  1.414E-25  2.968E-31
3.192E+00  1.028E-33  8.705E-26  8.705E-26  2.149E-31
3.162E+00  7.227E-34  6.063E-26  6.063E-26  1.552E-31
3.133E+00  5.394E-34  4.483E-26  4.483E-26  1.119E-31
3.105E+00  4.154E-34  3.421E-26  3.421E-26  8.041E-32
3.076E+00  3.254E-34  2.655E-26  2.655E-26  5.771E-32
3.048E+00  2.575E-34  2.081E-26  2.081E-26  4.132E-32
3.020E+00  2.048E-34  1.641E-26  1.641E-26  2.951E-32
2.992E+00  1.634E-34  1.297E-26  1.297E-26  2.103E-32
2.965E+00  1.306E-34  1.027E-26  1.027E-26  1.496E-32
2.938E+00  1.045E-34  8.142E-27  8.142E-27  1.061E-32
2.911E+00  8.356E-35  6.452E-27  6.452E-27  7.513E-33
2.884E+00  6.680E-35  5.110E-27  5.110E-27  5.307E-33
2.858E+00  5.336E-35  4.044E-27  4.044E-27  3.741E-33
2.831E+00  4.257E-35  3.198E-27  3.198E-27  2.632E-33
2.805E+00  3.393E-35  2.525E-27  2.525E-27  1.848E-33
2.780E+00  2.700E-35  1.991E-27  1.991E-27  1.295E-33
2.754E+00  2.146E-35  1.568E-27  1.568E-27  9.056E-34
2.729E+00  1.703E-35  1.233E-27  1.233E-27  6.322E-34
2.704E+00  1.349E-35  9.675E-28  9.675E-28  4.405E-34
2.679E+00  1.067E-35  7.582E-28  7.582E-28  3.064E-34
2.655E+00  8.423E-36  5.931E-28  5.931E-28  2.127E-34
2.630E+00  6.638E-36  4.632E-28  4.632E-28  1.475E-34
2.606E+00  5.222E-36  3.610E-28  3.610E-28  1.020E-34
2.582E+00  4.101E-36  2.809E-28  2.809E-28  7.051E-35
2.559E+00  3.214E-36  2.181E-28  2.181E-28  4.864E-35
2.535E+00  2.514E-36  1.691E-28  1.691E-28  3.350E-35
2.512E+00  1.963E-36  1.308E-28  1.308E-28  2.304E-35
2.489E+00  1.530E-36  1.010E-28  1.010E-28  1.582E-35
2.466E+00  1.190E-36  7.781E-29  7.781E-29  1.085E-35
2.443E+00  9.231E-37  5.983E-29  5.983E-29  7.427E-36
2.421E+00  7.149E-37  4.591E-29  4.591E-29  5.077E-36
2.399E+00  5.526E-37  3.516E-29  3.516E-29  3.465E-36
2.377E+00  4.262E-37  2.687E-29  2.687E-29  2.361E-36
2.355E+00  3.281E-37  2.049E-29  2.049E-29  1.606E-36
2.333E+00  2.520E-37  1.560E-29  1.560E-29  1.091E-36
2.312E+00  1.931E-37  1.184E-29  1.184E-29  7.394E-37
2.291E+00  1.476E-37  8.970E-30  8.970E-30  5.003E-37
2.270E+00  1.126E-37  6.779E-30  6.779E-30  3.379E-37
2.249E+00  8.566E-38  5.110E-30  5.110E-30  2.278E-37
2.228E+00  6.500E-38  3.842E-30  3.842E-30  1.532E-37
2.208E+00  4.918E-38  2.881E-30  2.881E-30  1.029E-37
2.188E+00  3.710E-38  2.153E-30  2.153E-30  6.890E-38
2.168E+00  2.790E-38  1.604E-30  1.604E-30  4.605E-38
2.148E+00  2.090E-38  1.191E-30  1.191E-30  3.071E-38
2.128E+00  1.559E-38  8.800E-31  8.800E-31  2.043E-38
2.109E+00  1.157E-38  6.472E-31  6.472E-31  1.355E-38
2.089E+00  8.540E-39  4.733E-31  4.733E-31  8.968E-39
2.070E+00  6.258E-39  3.436E-31  3.436E-31  5.918E-39
2.051E+00  4.545E-39  2.473E-31  2.473E-31  3.894E-39
2.032E+00  3.264E-39  1.760E-31  1.760E-31  2.555E-39
2.014E+00  2.310E-39  1.234E-31  1.234E-31  1.671E-39
1.995E+00  1.605E-39  8.494E-32  8.494E-32  1.090E-39
1.977E+00  1.090E-39  5.715E-32  5.715E-32  7.085E-40
1.959E+00  7.232E-40  3.758E-32  3.758E-32  4.590E-40
1.941E+00  4.750E-40  2.446E-32  2.446E-32  2.964E-40
1.923E+00  3.207E-40  1.636E-32  1.636E-32  1.907E-40
1.905E+00  2.347E-40  1.186E-32  1.186E-32  1.223E-40
1.888E+00  1.892E-40  9.474E-33  9.474E-33  7.812E-41
1.871E+00  1.604E-40  7.958E-33  7.958E-33  4.972E-41
1.854E+00  1.356E-40  6.665E-33  6.665E-33  3.153E-41
1.837E+00  1.115E-40  5.433E-33  5.433E-33  1.992E-41
1.820E+00  8.910E-41  4.301E-33  4.301E-33  1.253E-41
1.803E+00  6.946E-41  3.322E-33  3.322E-33  7.857E-42
1.786E+00  5.316E-41  2.519E-33  2.519E-33  4.905E-42
1.770E+00  4.014E-41  1.885E-33  1.885E-33  3.050E-42
1.754E+00  3.001E-41  1.396E-33  1.396E-33  1.889E-42
1.738E+00  2.227E-41  1.026E-33  1.026E-33  1.165E-42
1.722E+00  1.643E-41  7.503E-34  7.503E-34  7.151E-43
1.706E+00  1.206E-41  5.458E-34  5.458E-34  4.372E-43
1.690E+00  8.823E-42  3.956E-34  3.956E-34  2.661E-43
1.675E+00  6.434E-42  2.858E-34  2.858E-34  1.613E-43
1.660E+00  4.679E-42  2.060E-34  2.060E-34  9.730E-44
1.644E+00  3.395E-42  1.481E-34  1.481E-34  5.843E-44
1.629E+00  2.458E-42  1.062E-34  1.062E-34  3.493E-44
1.614E+00  1.777E-42  7.609E-35  7.609E-35  2.078E-44
1.600E+00  1.282E-42  5.441E-35  5.441E-35  1.230E-44
1.585E+00  9.242E-43  3.886E-35  3.886E-35  7.249E-45
1.570E+00  6.654E-43  2.772E-35  2.772E-35  4.251E-45
1.556E+00  4.785E-43  1.975E-35  1.975E-35  2.480E-45
1.542E+00  3.439E-43  1.406E-35  1.406E-35  1.440E-45
1.528E+00  2.470E-43  1.001E-35  1.001E-35  8.319E-46
1.514E+00  1.774E-43  7.121E-36  7.121E-36  4.781E-46
1.500E+00  1.273E-43  5.066E-36  5.066E-36  2.734E-46
1.486E+00  9.145E-44  3.605E-36  3.605E-36  1.555E-46
1.472E+00  6.571E-44  2.566E-36  2.566E-36  8.801E-47
1.459E+00  4.726E-44  1.829E-36  1.829E-36  4.954E-47
1.445E+00  3.403E-44  1.305E-36  1.305E-36  2.774E-47
1.432E+00  2.455E-44  9.327E-37  9.327E-37  1.545E-47
1.419E+00  1.775E-44  6.682E-37  6.682E-37  8.558E-48
1.406E+00  1.287E-44  4.801E-37  4.801E-37  4.714E-48
1.393E+00  9.364E-45  3.461E-37  3.461E-37  2.583E-48
1.380E+00  6.839E-45  2.504E-37  2.504E-37  1.407E-48
1.368E+00  5.015E-45  1.820E-37  1.820E-37  7.620E-49
1.355E+00  3.694E-45  1.328E-37  1.328E-37  4.104E-49
1.343E+00  2.731E-45  9.727E-38  9.727E-38  2.197E-49
1.330E+00  2.024E-45  7.143E-38  7.143E-38  1.170E-49
1.318E+00  1.499E-45  5.242E-38  5.242E-38  6.190E-50
1.306E+00  1.104E-45  3.826E-38  3.826E-38  3.256E-50
1.294E+00  8.023E-46  2.754E-38  2.754E-38  1.703E-50
1.282E+00  5.690E-46  1.935E-38  1.935E-38  8.853E-51
1.271E+00  3.894E-46  1.312E-38  1.312E-38  4.574E-51
1.259E+00  2.548E-46  8.510E-39  8.510E-39  2.349E-51
1.247E+00  1.592E-46  5.269E-39  5.269E-39  1.199E-51
1.236E+00  9.562E-47  3.135E-39  3.135E-39  6.084E-52
1.225E+00  5.591E-47  1.816E-39  1.816E-39  3.067E-52
1.213E+00  3.229E-47  1.039E-39  1.039E-39  1.536E-52
1.202E+00  1.865E-47  5.949E-40  5.949E-40  7.647E-53
1.191E+00  1.088E-47  3.439E-40  3.439E-40  3.781E-53
1.180E+00  6.453E-48  2.020E-40  2.020E-40  1.857E-53
1.169E+00  3.904E-48  1.211E-40  1.211E-40  9.062E-54
1.159E+00  2.416E-48  7.426E-41  7.426E-41  4.392E-54
1.148E+00  1.531E-48  4.662E-41  4.662E-41  2.114E-54
1.138E+00  9.946E-49  3.001E-41  3.001E-41  1.011E-54
1.127E+00  6.634E-49  1.984E-41  1.984E-41  4.801E-55
1.117E+00  4.554E-49  1.349E-41  1.349E-41  2.264E-55
1.107E+00  3.226E-49  9.469E-42  9.469E-42  1.060E-55
1.096E+00  2.365E-49  6.879E-42  6.879E-42  4.927E-56
1.086E+00  1.796E-49  5.176E-42  5.176E-42  2.274E-56
1.076E+00  1.401E-49  4.002E-42  4.002E-42  1.042E-56
1.067E+00  1.089E-49  3.082E-42  3.082E-42  4.741E-57
1.057E+00  7.858E-50  2.203E-42  2.203E-42  2.141E-57
1.047E+00  4.794E-50  1.332E-42  1.332E-42  9.595E-58
1.038E+00  2.420E-50  6.661E-43  6.661E-43  4.268E-58
1.028E+00  1.094E-50  2.983E-43  2.983E-43  1.884E-58
1.019E+00  4.837E-51  1.307E-43  1.307E-43  8.256E-59
1.009E+00  2.194E-51  5.872E-44  5.872E-44  3.589E-59
1.000E+00  1.037E-51  2.752E-44  2.752E-44  1.548E-59
