Dust emission spectrum from Draine,B.T., & Li, A. (2007), ApJ, in press [astro-ph/0608003]
==========================================================
         7 = grain model
 4.000E-08 4.000E-01 4.500E-05 = a_01 (cm) , sigma_1 , b_C1
 2.000E-07 5.500E-01 1.500E-05 = a_02 (cm) , sigma_2 , b_C2
 1.000E+06 1.000E+06 1.000E+00 = Umin , Umax, beta (dN/dU propto U^{-beta})
 1.000E+06 = <U>       mmp83 = radfield
 2.000E-07 2.000E-06 = a_{min} (cm), a_{max} (cm)
 6.935E-19 4.391E-19 2.544E-19 = P(tot)  P(carb)  P(sil) (erg s-1 H-1)
 band     <nu*P_nu> <j_nu(tot)><j_nu(carb)><j_nu(sil)>
 (um)   (erg s-1 H-1)(Jy/(sr*H))(Jy/(sr*H))(Jy/(sr*H))
1.270E+00  2.367E-24  7.975E-17  7.975E-17  3.202E-28 COBE-DIRBE
2.220E+00  7.388E-22  4.350E-14  4.350E-14  5.309E-21 COBE-DIRBE
3.530E+00  2.884E-20  2.701E-12  2.700E-12  2.186E-16 COBE-DIRBE
4.880E+00  8.723E-20  1.129E-11  1.128E-11  1.534E-14 COBE-DIRBE
1.229E+01  3.567E-19  1.163E-10  5.938E-11  5.691E-11 COBE-DIRBE
2.079E+01  2.916E-19  1.608E-10  4.319E-11  1.176E-10 COBE-DIRBE
5.599E+01  1.619E-20  2.405E-11  9.920E-12  1.413E-11 COBE-DIRBE
9.770E+01  1.027E-21  2.662E-12  7.316E-13  1.930E-12 COBE-DIRBE
1.479E+02  1.431E-22  5.614E-13  1.367E-13  4.247E-13 COBE-DIRBE
2.479E+02  1.273E-23  8.368E-14  1.984E-14  6.384E-14 COBE-DIRBE
1.200E+01  3.973E-19  1.265E-10  7.456E-11  5.191E-11 IRAS
2.500E+01  2.492E-19  1.653E-10  5.061E-11  1.147E-10 IRAS
6.000E+01  1.496E-20  2.381E-11  1.005E-11  1.376E-11 IRAS
1.000E+02  8.739E-22  2.318E-12  6.246E-13  1.694E-12 IRAS
3.550E+00  3.096E-20  2.916E-12  2.916E-12  1.913E-16 SST-IRAC
4.493E+00  6.316E-20  7.527E-12  7.521E-12  6.385E-15 SST-IRAC
5.731E+00  2.630E-19  3.998E-11  3.988E-11  9.792E-14 SST-IRAC
7.872E+00  5.757E-19  1.202E-10  1.096E-10  1.066E-11 SST-IRAC
2.368E+01  2.273E-19  1.428E-10  4.482E-11  9.796E-11 SST-MIPS
7.142E+01  3.890E-21  7.370E-12  2.338E-12  5.032E-12 SST-MIPS
1.559E+02  8.950E-23  3.701E-13  8.850E-14  2.816E-13 SST-MIPS
1.600E+01  2.952E-19  1.253E-10  4.203E-11  8.324E-11 SST-IRSPU
2.200E+01  2.615E-19  1.526E-10  4.348E-11  1.092E-10 SST-IRSPU
7.500E+01  3.321E-21  6.607E-12  2.078E-12  4.529E-12 Herschel-PACS
1.100E+02  5.667E-22  1.653E-12  4.380E-13  1.215E-12 Herschel-PACS
1.700E+02  7.019E-23  3.165E-13  7.593E-14  2.406E-13 Herschel-PACS
2.500E+02  9.536E-24  6.324E-14  1.500E-14  4.824E-14 Herschel-SPIRE
3.600E+02  1.506E-24  1.438E-14  3.668E-15  1.071E-14 Herschel-SPIRE
5.200E+02  2.582E-25  3.561E-15  9.302E-16  2.631E-15 Herschel-SPIRE
2.400E+00  2.539E-21  1.616E-13  1.615E-13  7.274E-17 Akari IRC NIR N2
3.200E+00  1.949E-20  1.655E-12  1.655E-12  1.409E-16 Akari IRC NIR N3
4.100E+00  6.173E-20  6.713E-12  6.706E-12  7.124E-15 Akari IRC NIR N4
7.000E+00  6.119E-19  1.136E-10  1.111E-10  2.504E-12 Akari IRC MIR-S S7
9.000E+00  5.072E-19  1.211E-10  9.085E-11  3.024E-11 Akari IRC MIR-S S9W
1.100E+01  3.963E-19  1.156E-10  6.053E-11  5.511E-11 Akari IRC MIR-S S11
1.500E+01  3.021E-19  1.202E-10  4.055E-11  7.967E-11 Akari IRC MIR-L L15
1.800E+01  2.888E-19  1.379E-10  4.003E-11  9.785E-11 Akari IRC MIR-L L18W
2.400E+01  2.457E-19  1.564E-10  4.724E-11  1.091E-10 Akari IRC MIR-L L24
6.500E+01  6.280E-21  1.083E-11  3.686E-12  7.141E-12 Akari FIS N60
8.000E+01  2.426E-21  5.149E-12  1.636E-12  3.513E-12 Akari FIS WIDE-S
1.400E+02  1.359E-22  5.048E-13  1.223E-13  3.825E-13 Akari FIS WIDE-L
1.600E+02  7.556E-23  3.207E-13  7.629E-14  2.444E-13 Akari FIS N160
 
 
 
 


lambda    nu*dP/dnu     j_nu    j_nu(carb.) j_nu(sil)
 (um)    (erg/(s*H)) (Jy/(sr*H) (Jy/(sr*H)) (Jy/(sr*H)
1.000E+04  5.989E-31  1.589E-19  1.750E-20  1.414E-19
9.908E+03  6.209E-31  1.632E-19  1.802E-20  1.452E-19
9.817E+03  6.437E-31  1.676E-19  1.857E-20  1.491E-19
9.727E+03  6.673E-31  1.722E-19  1.913E-20  1.531E-19
9.638E+03  6.918E-31  1.769E-19  1.971E-20  1.572E-19
9.550E+03  7.172E-31  1.817E-19  2.030E-20  1.614E-19
9.462E+03  7.435E-31  1.866E-19  2.092E-20  1.657E-19
9.376E+03  7.708E-31  1.917E-19  2.155E-20  1.702E-19
9.290E+03  7.992E-31  1.969E-19  2.220E-20  1.747E-19
9.204E+03  8.285E-31  2.023E-19  2.287E-20  1.794E-19
9.120E+03  8.589E-31  2.078E-19  2.357E-20  1.842E-19
9.036E+03  8.905E-31  2.134E-19  2.428E-20  1.892E-19
8.954E+03  9.231E-31  2.192E-19  2.502E-20  1.942E-19
8.872E+03  9.568E-31  2.252E-19  2.578E-20  1.994E-19
8.790E+03  9.917E-31  2.312E-19  2.656E-20  2.047E-19
8.710E+03  1.028E-30  2.375E-19  2.737E-20  2.101E-19
8.630E+03  1.066E-30  2.439E-19  2.820E-20  2.157E-19
8.551E+03  1.105E-30  2.505E-19  2.906E-20  2.215E-19
8.472E+03  1.145E-30  2.573E-19  2.995E-20  2.274E-19
8.395E+03  1.187E-30  2.643E-19  3.086E-20  2.335E-19
8.318E+03  1.231E-30  2.715E-19  3.180E-20  2.397E-19
8.241E+03  1.276E-30  2.789E-19  3.277E-20  2.461E-19
8.166E+03  1.323E-30  2.865E-19  3.377E-20  2.527E-19
8.091E+03  1.371E-30  2.943E-19  3.481E-20  2.595E-19
8.017E+03  1.422E-30  3.024E-19  3.587E-20  2.665E-19
7.943E+03  1.474E-30  3.106E-19  3.697E-20  2.737E-19
7.870E+03  1.529E-30  3.191E-19  3.810E-20  2.810E-19
7.798E+03  1.585E-30  3.279E-19  3.927E-20  2.886E-19
7.727E+03  1.644E-30  3.369E-19  4.048E-20  2.964E-19
7.656E+03  1.704E-30  3.461E-19  4.172E-20  3.044E-19
7.586E+03  1.767E-30  3.556E-19  4.300E-20  3.126E-19
7.516E+03  1.833E-30  3.654E-19  4.432E-20  3.211E-19
7.447E+03  1.901E-30  3.754E-19  4.569E-20  3.298E-19
7.379E+03  1.971E-30  3.858E-19  4.709E-20  3.387E-19
7.311E+03  2.044E-30  3.964E-19  4.854E-20  3.479E-19
7.244E+03  2.120E-30  4.074E-19  5.004E-20  3.573E-19
7.178E+03  2.199E-30  4.186E-19  5.158E-20  3.670E-19
7.112E+03  2.280E-30  4.302E-19  5.318E-20  3.770E-19
7.047E+03  2.365E-30  4.421E-19  5.482E-20  3.873E-19
6.982E+03  2.453E-30  4.543E-19  5.652E-20  3.978E-19
6.918E+03  2.544E-30  4.669E-19  5.826E-20  4.086E-19
6.855E+03  2.639E-30  4.798E-19  6.007E-20  4.198E-19
6.792E+03  2.737E-30  4.931E-19  6.193E-20  4.312E-19
6.730E+03  2.839E-30  5.068E-19  6.385E-20  4.429E-19
6.668E+03  2.945E-30  5.209E-19  6.583E-20  4.550E-19
6.607E+03  3.055E-30  5.353E-19  6.788E-20  4.675E-19
6.546E+03  3.169E-30  5.502E-19  6.999E-20  4.803E-19
6.486E+03  3.287E-30  5.656E-19  7.217E-20  4.934E-19
6.427E+03  3.410E-30  5.813E-19  7.441E-20  5.069E-19
6.368E+03  3.538E-30  5.976E-19  7.673E-20  5.208E-19
6.310E+03  3.670E-30  6.143E-19  7.913E-20  5.352E-19
6.252E+03  3.808E-30  6.315E-19  8.160E-20  5.499E-19
6.194E+03  3.951E-30  6.492E-19  8.415E-20  5.650E-19
6.138E+03  4.099E-30  6.674E-19  8.678E-20  5.806E-19
6.081E+03  4.253E-30  6.861E-19  8.949E-20  5.966E-19
6.026E+03  4.413E-30  7.054E-19  9.229E-20  6.131E-19
5.970E+03  4.579E-30  7.252E-19  9.519E-20  6.300E-19
5.916E+03  4.752E-30  7.456E-19  9.817E-20  6.475E-19
5.861E+03  4.931E-30  7.666E-19  1.013E-19  6.654E-19
5.808E+03  5.117E-30  7.883E-19  1.044E-19  6.838E-19
5.754E+03  5.310E-30  8.105E-19  1.077E-19  7.028E-19
5.702E+03  5.511E-30  8.335E-19  1.111E-19  7.224E-19
5.649E+03  5.719E-30  8.571E-19  1.146E-19  7.424E-19
5.598E+03  5.936E-30  8.813E-19  1.182E-19  7.631E-19
5.546E+03  6.161E-30  9.063E-19  1.220E-19  7.844E-19
5.495E+03  6.394E-30  9.321E-19  1.258E-19  8.063E-19
5.445E+03  6.637E-30  9.586E-19  1.298E-19  8.288E-19
5.395E+03  6.889E-30  9.858E-19  1.339E-19  8.519E-19
5.346E+03  7.150E-30  1.014E-18  1.381E-19  8.758E-19
5.297E+03  7.422E-30  1.043E-18  1.425E-19  9.003E-19
5.248E+03  7.705E-30  1.073E-18  1.470E-19  9.255E-19
5.200E+03  7.998E-30  1.103E-18  1.517E-19  9.515E-19
5.152E+03  8.303E-30  1.135E-18  1.565E-19  9.782E-19
5.105E+03  8.619E-30  1.167E-18  1.615E-19  1.006E-18
5.058E+03  8.948E-30  1.201E-18  1.666E-19  1.034E-18
5.012E+03  9.290E-30  1.235E-18  1.719E-19  1.063E-18
4.966E+03  9.645E-30  1.270E-18  1.774E-19  1.093E-18
4.920E+03  1.001E-29  1.307E-18  1.831E-19  1.124E-18
4.875E+03  1.040E-29  1.345E-18  1.889E-19  1.156E-18
4.831E+03  1.079E-29  1.383E-18  1.950E-19  1.188E-18
4.786E+03  1.121E-29  1.423E-18  2.012E-19  1.222E-18
4.742E+03  1.164E-29  1.464E-18  2.076E-19  1.256E-18
4.699E+03  1.209E-29  1.506E-18  2.143E-19  1.292E-18
4.656E+03  1.255E-29  1.550E-18  2.212E-19  1.329E-18
4.613E+03  1.303E-29  1.595E-18  2.283E-19  1.366E-18
4.571E+03  1.353E-29  1.641E-18  2.356E-19  1.405E-18
4.529E+03  1.406E-29  1.689E-18  2.432E-19  1.445E-18
4.487E+03  1.460E-29  1.738E-18  2.510E-19  1.487E-18
4.446E+03  1.516E-29  1.788E-18  2.591E-19  1.529E-18
4.406E+03  1.575E-29  1.840E-18  2.675E-19  1.573E-18
4.365E+03  1.636E-29  1.894E-18  2.761E-19  1.618E-18
4.325E+03  1.699E-29  1.949E-18  2.850E-19  1.664E-18
4.285E+03  1.765E-29  2.006E-18  2.943E-19  1.712E-18
4.246E+03  1.833E-29  2.065E-18  3.038E-19  1.761E-18
4.207E+03  1.904E-29  2.125E-18  3.136E-19  1.811E-18
4.169E+03  1.978E-29  2.187E-18  3.238E-19  1.864E-18
4.130E+03  2.055E-29  2.252E-18  3.343E-19  1.917E-18
4.093E+03  2.135E-29  2.318E-18  3.452E-19  1.973E-18
4.055E+03  2.218E-29  2.386E-18  3.564E-19  2.029E-18
4.018E+03  2.305E-29  2.456E-18  3.680E-19  2.088E-18
3.981E+03  2.394E-29  2.528E-18  3.800E-19  2.148E-18
3.945E+03  2.488E-29  2.603E-18  3.924E-19  2.210E-18
3.908E+03  2.585E-29  2.680E-18  4.053E-19  2.274E-18
3.873E+03  2.686E-29  2.759E-18  4.185E-19  2.340E-18
3.837E+03  2.791E-29  2.840E-18  4.322E-19  2.408E-18
3.802E+03  2.900E-29  2.924E-18  4.464E-19  2.478E-18
3.767E+03  3.013E-29  3.011E-18  4.610E-19  2.550E-18
3.733E+03  3.131E-29  3.100E-18  4.761E-19  2.624E-18
3.698E+03  3.254E-29  3.192E-18  4.918E-19  2.701E-18
3.664E+03  3.382E-29  3.287E-18  5.080E-19  2.780E-18
3.631E+03  3.515E-29  3.385E-18  5.247E-19  2.861E-18
3.597E+03  3.654E-29  3.486E-18  5.420E-19  2.944E-18
3.565E+03  3.798E-29  3.591E-18  5.599E-19  3.031E-18
3.532E+03  3.947E-29  3.698E-18  5.783E-19  3.120E-18
3.499E+03  4.103E-29  3.809E-18  5.975E-19  3.211E-18
3.467E+03  4.265E-29  3.923E-18  6.172E-19  3.306E-18
3.436E+03  4.434E-29  4.041E-18  6.377E-19  3.403E-18
3.404E+03  4.610E-29  4.162E-18  6.588E-19  3.504E-18
3.373E+03  4.793E-29  4.288E-18  6.807E-19  3.607E-18
3.342E+03  4.983E-29  4.417E-18  7.033E-19  3.714E-18
3.311E+03  5.181E-29  4.551E-18  7.267E-19  3.824E-18
3.281E+03  5.387E-29  4.688E-18  7.509E-19  3.937E-18
3.251E+03  5.601E-29  4.830E-18  7.759E-19  4.054E-18
3.221E+03  5.824E-29  4.976E-18  8.018E-19  4.175E-18
3.192E+03  6.057E-29  5.127E-18  8.285E-19  4.299E-18
3.162E+03  6.298E-29  5.283E-18  8.562E-19  4.427E-18
3.133E+03  6.550E-29  5.444E-18  8.848E-19  4.559E-18
3.105E+03  6.812E-29  5.610E-18  9.145E-19  4.695E-18
3.076E+03  7.085E-29  5.781E-18  9.451E-19  4.836E-18
3.048E+03  7.369E-29  5.958E-18  9.768E-19  4.981E-18
3.020E+03  7.664E-29  6.140E-18  1.010E-18  5.130E-18
2.992E+03  7.972E-29  6.327E-18  1.044E-18  5.284E-18
2.965E+03  8.291E-29  6.521E-18  1.079E-18  5.442E-18
2.938E+03  8.624E-29  6.720E-18  1.115E-18  5.605E-18
2.911E+03  8.970E-29  6.925E-18  1.153E-18  5.773E-18
2.884E+03  9.330E-29  7.138E-18  1.192E-18  5.946E-18
2.858E+03  9.705E-29  7.357E-18  1.232E-18  6.125E-18
2.831E+03  1.010E-28  7.583E-18  1.273E-18  6.309E-18
2.805E+03  1.050E-28  7.816E-18  1.317E-18  6.499E-18
2.780E+03  1.093E-28  8.057E-18  1.361E-18  6.696E-18
2.754E+03  1.137E-28  8.306E-18  1.407E-18  6.898E-18
2.729E+03  1.183E-28  8.562E-18  1.455E-18  7.107E-18
2.704E+03  1.231E-28  8.827E-18  1.505E-18  7.322E-18
2.679E+03  1.281E-28  9.101E-18  1.556E-18  7.545E-18
2.655E+03  1.332E-28  9.383E-18  1.609E-18  7.774E-18
2.630E+03  1.387E-28  9.674E-18  1.664E-18  8.011E-18
2.606E+03  1.443E-28  9.975E-18  1.720E-18  8.255E-18
2.582E+03  1.502E-28  1.029E-17  1.779E-18  8.507E-18
2.559E+03  1.563E-28  1.061E-17  1.840E-18  8.767E-18
2.535E+03  1.627E-28  1.094E-17  1.903E-18  9.035E-18
2.512E+03  1.693E-28  1.128E-17  1.968E-18  9.312E-18
2.489E+03  1.762E-28  1.163E-17  2.036E-18  9.598E-18
2.466E+03  1.834E-28  1.200E-17  2.106E-18  9.892E-18
2.443E+03  1.909E-28  1.237E-17  2.178E-18  1.020E-17
2.421E+03  1.987E-28  1.276E-17  2.253E-18  1.051E-17
2.399E+03  2.069E-28  1.316E-17  2.330E-18  1.083E-17
2.377E+03  2.154E-28  1.358E-17  2.411E-18  1.117E-17
2.355E+03  2.242E-28  1.401E-17  2.494E-18  1.151E-17
2.333E+03  2.335E-28  1.445E-17  2.580E-18  1.187E-17
2.312E+03  2.431E-28  1.491E-17  2.669E-18  1.224E-17
2.291E+03  2.531E-28  1.538E-17  2.761E-18  1.262E-17
2.270E+03  2.635E-28  1.587E-17  2.857E-18  1.301E-17
2.249E+03  2.744E-28  1.637E-17  2.956E-18  1.341E-17
2.228E+03  2.857E-28  1.689E-17  3.058E-18  1.383E-17
2.208E+03  2.976E-28  1.743E-17  3.164E-18  1.426E-17
2.188E+03  3.099E-28  1.798E-17  3.274E-18  1.471E-17
2.168E+03  3.227E-28  1.856E-17  3.388E-18  1.517E-17
2.148E+03  3.361E-28  1.915E-17  3.506E-18  1.564E-17
2.128E+03  3.500E-28  1.976E-17  3.628E-18  1.613E-17
2.109E+03  3.646E-28  2.039E-17  3.755E-18  1.664E-17
2.089E+03  3.797E-28  2.104E-17  3.886E-18  1.716E-17
2.070E+03  3.955E-28  2.172E-17  4.022E-18  1.770E-17
2.051E+03  4.120E-28  2.242E-17  4.162E-18  1.825E-17
2.032E+03  4.292E-28  2.314E-17  4.308E-18  1.883E-17
2.014E+03  4.470E-28  2.388E-17  4.459E-18  1.942E-17
1.995E+03  4.657E-28  2.465E-17  4.615E-18  2.003E-17
1.977E+03  4.851E-28  2.544E-17  4.777E-18  2.066E-17
1.959E+03  5.054E-28  2.626E-17  4.945E-18  2.132E-17
1.941E+03  5.265E-28  2.711E-17  5.119E-18  2.199E-17
1.923E+03  5.486E-28  2.798E-17  5.299E-18  2.268E-17
1.905E+03  5.715E-28  2.889E-17  5.485E-18  2.340E-17
1.888E+03  5.955E-28  2.982E-17  5.678E-18  2.414E-17
1.871E+03  6.205E-28  3.079E-17  5.879E-18  2.491E-17
1.854E+03  6.465E-28  3.179E-17  6.086E-18  2.570E-17
1.837E+03  6.737E-28  3.282E-17  6.301E-18  2.652E-17
1.820E+03  7.020E-28  3.389E-17  6.524E-18  2.736E-17
1.803E+03  7.316E-28  3.499E-17  6.754E-18  2.823E-17
1.786E+03  7.624E-28  3.613E-17  6.993E-18  2.913E-17
1.770E+03  7.945E-28  3.731E-17  7.241E-18  3.006E-17
1.754E+03  8.280E-28  3.852E-17  7.498E-18  3.102E-17
1.738E+03  8.630E-28  3.978E-17  7.764E-18  3.202E-17
1.722E+03  8.994E-28  4.108E-17  8.039E-18  3.304E-17
1.706E+03  9.375E-28  4.242E-17  8.325E-18  3.410E-17
1.690E+03  9.771E-28  4.381E-17  8.621E-18  3.519E-17
1.675E+03  1.018E-27  4.525E-17  8.928E-18  3.632E-17
1.660E+03  1.062E-27  4.673E-17  9.246E-18  3.749E-17
1.644E+03  1.107E-27  4.827E-17  9.575E-18  3.869E-17
1.629E+03  1.154E-27  4.985E-17  9.916E-18  3.994E-17
1.614E+03  1.202E-27  5.149E-17  1.027E-17  4.122E-17
1.600E+03  1.254E-27  5.319E-17  1.064E-17  4.255E-17
1.585E+03  1.307E-27  5.494E-17  1.102E-17  4.392E-17
1.570E+03  1.362E-27  5.675E-17  1.141E-17  4.534E-17
1.556E+03  1.420E-27  5.862E-17  1.182E-17  4.680E-17
1.542E+03  1.481E-27  6.056E-17  1.224E-17  4.831E-17
1.528E+03  1.544E-27  6.256E-17  1.268E-17  4.988E-17
1.514E+03  1.610E-27  6.462E-17  1.313E-17  5.149E-17
1.500E+03  1.678E-27  6.676E-17  1.361E-17  5.316E-17
1.486E+03  1.750E-27  6.897E-17  1.409E-17  5.488E-17
1.472E+03  1.825E-27  7.126E-17  1.460E-17  5.666E-17
1.459E+03  1.903E-27  7.363E-17  1.512E-17  5.850E-17
1.445E+03  1.984E-27  7.607E-17  1.567E-17  6.040E-17
1.432E+03  2.069E-27  7.860E-17  1.623E-17  6.237E-17
1.419E+03  2.158E-27  8.122E-17  1.681E-17  6.440E-17
1.406E+03  2.250E-27  8.392E-17  1.742E-17  6.650E-17
1.393E+03  2.347E-27  8.672E-17  1.805E-17  6.867E-17
1.380E+03  2.447E-27  8.961E-17  1.870E-17  7.091E-17
1.368E+03  2.552E-27  9.260E-17  1.937E-17  7.322E-17
1.355E+03  2.662E-27  9.569E-17  2.007E-17  7.562E-17
1.343E+03  2.776E-27  9.888E-17  2.079E-17  7.809E-17
1.330E+03  2.896E-27  1.022E-16  2.155E-17  8.064E-17
1.318E+03  3.020E-27  1.056E-16  2.232E-17  8.328E-17
1.306E+03  3.150E-27  1.091E-16  2.313E-17  8.601E-17
1.294E+03  3.286E-27  1.128E-16  2.397E-17  8.883E-17
1.282E+03  3.427E-27  1.166E-16  2.483E-17  9.174E-17
1.271E+03  3.575E-27  1.205E-16  2.573E-17  9.475E-17
1.259E+03  3.729E-27  1.245E-16  2.666E-17  9.786E-17
1.247E+03  3.890E-27  1.287E-16  2.763E-17  1.011E-16
1.236E+03  4.057E-27  1.330E-16  2.863E-17  1.044E-16
1.225E+03  4.233E-27  1.375E-16  2.967E-17  1.078E-16
1.213E+03  4.415E-27  1.421E-16  3.074E-17  1.114E-16
1.202E+03  4.606E-27  1.469E-16  3.186E-17  1.150E-16
1.191E+03  4.805E-27  1.518E-16  3.301E-17  1.188E-16
1.180E+03  5.013E-27  1.569E-16  3.421E-17  1.227E-16
1.169E+03  5.229E-27  1.622E-16  3.545E-17  1.268E-16
1.159E+03  5.455E-27  1.677E-16  3.674E-17  1.309E-16
1.148E+03  5.691E-27  1.733E-16  3.807E-17  1.353E-16
1.138E+03  5.938E-27  1.792E-16  3.945E-17  1.397E-16
1.127E+03  6.195E-27  1.852E-16  4.089E-17  1.443E-16
1.117E+03  6.463E-27  1.915E-16  4.237E-17  1.491E-16
1.107E+03  6.743E-27  1.979E-16  4.391E-17  1.540E-16
1.096E+03  7.035E-27  2.046E-16  4.551E-17  1.591E-16
1.086E+03  7.340E-27  2.115E-16  4.716E-17  1.644E-16
1.076E+03  7.658E-27  2.187E-16  4.888E-17  1.698E-16
1.067E+03  7.990E-27  2.261E-16  5.066E-17  1.754E-16
1.057E+03  8.336E-27  2.337E-16  5.250E-17  1.812E-16
1.047E+03  8.698E-27  2.416E-16  5.441E-17  1.872E-16
1.038E+03  9.075E-27  2.498E-16  5.639E-17  1.934E-16
1.028E+03  9.469E-27  2.582E-16  5.845E-17  1.998E-16
1.019E+03  9.880E-27  2.669E-16  6.057E-17  2.064E-16
1.009E+03  1.031E-26  2.760E-16  6.278E-17  2.132E-16
1.000E+03  1.076E-26  2.853E-16  6.507E-17  2.203E-16
9.908E+02  1.122E-26  2.950E-16  6.743E-17  2.276E-16
9.817E+02  1.171E-26  3.050E-16  6.989E-17  2.351E-16
9.727E+02  1.222E-26  3.154E-16  7.244E-17  2.429E-16
9.638E+02  1.275E-26  3.261E-16  7.508E-17  2.510E-16
9.550E+02  1.331E-26  3.371E-16  7.781E-17  2.593E-16
9.462E+02  1.389E-26  3.486E-16  8.065E-17  2.679E-16
9.376E+02  1.449E-26  3.604E-16  8.358E-17  2.768E-16
9.290E+02  1.512E-26  3.727E-16  8.663E-17  2.860E-16
9.204E+02  1.578E-26  3.853E-16  8.979E-17  2.956E-16
9.120E+02  1.647E-26  3.984E-16  9.306E-17  3.054E-16
9.036E+02  1.719E-26  4.120E-16  9.645E-17  3.155E-16
8.954E+02  1.794E-26  4.260E-16  9.996E-17  3.260E-16
8.872E+02  1.872E-26  4.404E-16  1.036E-16  3.368E-16
8.790E+02  1.953E-26  4.554E-16  1.074E-16  3.480E-16
8.710E+02  2.038E-26  4.709E-16  1.113E-16  3.596E-16
8.630E+02  2.127E-26  4.869E-16  1.153E-16  3.715E-16
8.551E+02  2.219E-26  5.034E-16  1.196E-16  3.839E-16
8.472E+02  2.316E-26  5.205E-16  1.239E-16  3.966E-16
8.395E+02  2.417E-26  5.382E-16  1.284E-16  4.097E-16
8.318E+02  2.522E-26  5.564E-16  1.331E-16  4.233E-16
8.241E+02  2.632E-26  5.753E-16  1.379E-16  4.374E-16
8.166E+02  2.746E-26  5.949E-16  1.430E-16  4.519E-16
8.091E+02  2.866E-26  6.150E-16  1.482E-16  4.669E-16
8.017E+02  2.990E-26  6.359E-16  1.536E-16  4.823E-16
7.943E+02  3.120E-26  6.575E-16  1.592E-16  4.983E-16
7.870E+02  3.256E-26  6.798E-16  1.650E-16  5.148E-16
7.798E+02  3.398E-26  7.029E-16  1.710E-16  5.319E-16
7.727E+02  3.546E-26  7.267E-16  1.772E-16  5.495E-16
7.656E+02  3.700E-26  7.514E-16  1.836E-16  5.678E-16
7.586E+02  3.861E-26  7.769E-16  1.903E-16  5.866E-16
7.516E+02  4.029E-26  8.033E-16  1.973E-16  6.060E-16
7.447E+02  4.205E-26  8.306E-16  2.044E-16  6.262E-16
7.379E+02  4.388E-26  8.589E-16  2.119E-16  6.471E-16
7.311E+02  4.580E-26  8.882E-16  2.196E-16  6.687E-16
7.244E+02  4.780E-26  9.185E-16  2.276E-16  6.910E-16
7.178E+02  4.989E-26  9.499E-16  2.358E-16  7.141E-16
7.112E+02  5.207E-26  9.824E-16  2.444E-16  7.380E-16
7.047E+02  5.435E-26  1.016E-15  2.533E-16  7.627E-16
6.982E+02  5.673E-26  1.051E-15  2.625E-16  7.883E-16
6.918E+02  5.922E-26  1.087E-15  2.720E-16  8.147E-16
6.855E+02  6.182E-26  1.124E-15  2.819E-16  8.421E-16
6.792E+02  6.453E-26  1.163E-15  2.922E-16  8.704E-16
6.730E+02  6.735E-26  1.202E-15  3.028E-16  8.996E-16
6.668E+02  7.031E-26  1.244E-15  3.138E-16  9.297E-16
6.607E+02  7.339E-26  1.286E-15  3.252E-16  9.610E-16
6.546E+02  7.662E-26  1.330E-15  3.370E-16  9.934E-16
6.486E+02  7.999E-26  1.376E-15  3.492E-16  1.027E-15
6.427E+02  8.352E-26  1.424E-15  3.619E-16  1.062E-15
6.368E+02  8.721E-26  1.473E-15  3.750E-16  1.098E-15
6.310E+02  9.107E-26  1.524E-15  3.886E-16  1.136E-15
6.252E+02  9.510E-26  1.577E-15  4.027E-16  1.174E-15
6.194E+02  9.931E-26  1.632E-15  4.173E-16  1.214E-15
6.138E+02  1.037E-25  1.688E-15  4.324E-16  1.256E-15
6.081E+02  1.083E-25  1.747E-15  4.481E-16  1.299E-15
6.026E+02  1.131E-25  1.808E-15  4.644E-16  1.344E-15
5.970E+02  1.181E-25  1.871E-15  4.812E-16  1.390E-15
5.916E+02  1.234E-25  1.936E-15  4.986E-16  1.438E-15
5.861E+02  1.289E-25  2.004E-15  5.167E-16  1.487E-15
5.808E+02  1.346E-25  2.074E-15  5.354E-16  1.539E-15
5.754E+02  1.406E-25  2.147E-15  5.548E-16  1.592E-15
5.702E+02  1.469E-25  2.222E-15  5.749E-16  1.647E-15
5.649E+02  1.535E-25  2.300E-15  5.957E-16  1.704E-15
5.598E+02  1.603E-25  2.381E-15  6.172E-16  1.763E-15
5.546E+02  1.675E-25  2.464E-15  6.395E-16  1.825E-15
5.495E+02  1.750E-25  2.551E-15  6.627E-16  1.888E-15
5.445E+02  1.828E-25  2.641E-15  6.866E-16  1.954E-15
5.395E+02  1.911E-25  2.734E-15  7.115E-16  2.023E-15
5.346E+02  1.996E-25  2.831E-15  7.372E-16  2.094E-15
5.297E+02  2.086E-25  2.931E-15  7.638E-16  2.167E-15
5.248E+02  2.180E-25  3.035E-15  7.914E-16  2.243E-15
5.200E+02  2.278E-25  3.142E-15  8.200E-16  2.322E-15
5.152E+02  2.381E-25  3.254E-15  8.496E-16  2.404E-15
5.105E+02  2.488E-25  3.370E-15  8.803E-16  2.489E-15
5.058E+02  2.601E-25  3.489E-15  9.121E-16  2.577E-15
5.012E+02  2.718E-25  3.614E-15  9.450E-16  2.669E-15
4.966E+02  2.841E-25  3.743E-15  9.791E-16  2.764E-15
4.920E+02  2.970E-25  3.876E-15  1.014E-15  2.862E-15
4.875E+02  3.105E-25  4.015E-15  1.051E-15  2.964E-15
4.831E+02  3.245E-25  4.158E-15  1.089E-15  3.070E-15
4.786E+02  3.393E-25  4.307E-15  1.128E-15  3.179E-15
4.742E+02  3.547E-25  4.462E-15  1.169E-15  3.293E-15
4.699E+02  3.708E-25  4.622E-15  1.211E-15  3.411E-15
4.656E+02  3.877E-25  4.788E-15  1.255E-15  3.534E-15
4.613E+02  4.054E-25  4.960E-15  1.300E-15  3.661E-15
4.571E+02  4.239E-25  5.139E-15  1.347E-15  3.792E-15
4.529E+02  4.432E-25  5.324E-15  1.395E-15  3.929E-15
4.487E+02  4.634E-25  5.517E-15  1.445E-15  4.071E-15
4.446E+02  4.846E-25  5.716E-15  1.497E-15  4.218E-15
4.406E+02  5.068E-25  5.922E-15  1.551E-15  4.371E-15
4.365E+02  5.300E-25  6.137E-15  1.607E-15  4.530E-15
4.325E+02  5.543E-25  6.359E-15  1.665E-15  4.694E-15
4.285E+02  5.797E-25  6.590E-15  1.725E-15  4.865E-15
4.246E+02  6.064E-25  6.830E-15  1.787E-15  5.043E-15
4.207E+02  6.342E-25  7.078E-15  1.851E-15  5.227E-15
4.169E+02  6.634E-25  7.336E-15  1.918E-15  5.418E-15
4.130E+02  6.940E-25  7.604E-15  1.987E-15  5.617E-15
4.093E+02  7.260E-25  7.881E-15  2.058E-15  5.823E-15
4.055E+02  7.595E-25  8.169E-15  2.132E-15  6.037E-15
4.018E+02  7.946E-25  8.469E-15  2.209E-15  6.260E-15
3.981E+02  8.313E-25  8.779E-15  2.288E-15  6.491E-15
3.945E+02  8.698E-25  9.101E-15  2.370E-15  6.731E-15
3.908E+02  9.102E-25  9.436E-15  2.455E-15  6.981E-15
3.873E+02  9.524E-25  9.784E-15  2.544E-15  7.240E-15
3.837E+02  9.967E-25  1.014E-14  2.635E-15  7.509E-15
3.802E+02  1.043E-24  1.052E-14  2.730E-15  7.789E-15
3.767E+02  1.092E-24  1.091E-14  2.828E-15  8.080E-15
3.733E+02  1.142E-24  1.131E-14  2.929E-15  8.382E-15
3.698E+02  1.196E-24  1.173E-14  3.034E-15  8.696E-15
3.664E+02  1.252E-24  1.217E-14  3.143E-15  9.022E-15
3.631E+02  1.310E-24  1.262E-14  3.256E-15  9.361E-15
3.597E+02  1.371E-24  1.309E-14  3.373E-15  9.713E-15
3.565E+02  1.436E-24  1.357E-14  3.494E-15  1.008E-14
3.532E+02  1.503E-24  1.408E-14  3.619E-15  1.046E-14
3.499E+02  1.573E-24  1.460E-14  3.749E-15  1.085E-14
3.467E+02  1.647E-24  1.515E-14  3.884E-15  1.127E-14
3.436E+02  1.725E-24  1.572E-14  4.023E-15  1.169E-14
3.404E+02  1.806E-24  1.630E-14  4.167E-15  1.214E-14
3.373E+02  1.891E-24  1.692E-14  4.317E-15  1.260E-14
3.342E+02  1.980E-24  1.755E-14  4.471E-15  1.308E-14
3.311E+02  2.073E-24  1.821E-14  4.632E-15  1.358E-14
3.281E+02  2.171E-24  1.889E-14  4.798E-15  1.410E-14
3.251E+02  2.274E-24  1.960E-14  4.970E-15  1.464E-14
3.221E+02  2.381E-24  2.034E-14  5.148E-15  1.520E-14
3.192E+02  2.494E-24  2.111E-14  5.333E-15  1.578E-14
3.162E+02  2.612E-24  2.191E-14  5.524E-15  1.638E-14
3.133E+02  2.736E-24  2.274E-14  5.722E-15  1.702E-14
3.105E+02  2.865E-24  2.360E-14  5.927E-15  1.767E-14
3.076E+02  3.002E-24  2.449E-14  6.139E-15  1.835E-14
3.048E+02  3.144E-24  2.542E-14  6.359E-15  1.906E-14
3.020E+02  3.294E-24  2.639E-14  6.587E-15  1.980E-14
2.992E+02  3.451E-24  2.739E-14  6.823E-15  2.057E-14
2.965E+02  3.615E-24  2.843E-14  7.068E-15  2.136E-14
2.938E+02  3.788E-24  2.951E-14  7.321E-15  2.219E-14
2.911E+02  3.968E-24  3.064E-14  7.583E-15  2.306E-14
2.884E+02  4.158E-24  3.181E-14  7.855E-15  2.395E-14
2.858E+02  4.357E-24  3.302E-14  8.136E-15  2.489E-14
2.831E+02  4.565E-24  3.429E-14  8.428E-15  2.586E-14
2.805E+02  4.784E-24  3.560E-14  8.730E-15  2.687E-14
2.780E+02  5.013E-24  3.696E-14  9.042E-15  2.792E-14
2.754E+02  5.254E-24  3.838E-14  9.366E-15  2.902E-14
2.729E+02  5.507E-24  3.986E-14  9.702E-15  3.016E-14
2.704E+02  5.772E-24  4.140E-14  1.005E-14  3.135E-14
2.679E+02  6.051E-24  4.300E-14  1.041E-14  3.259E-14
2.655E+02  6.343E-24  4.466E-14  1.078E-14  3.388E-14
2.630E+02  6.650E-24  4.640E-14  1.117E-14  3.523E-14
2.606E+02  6.972E-24  4.820E-14  1.157E-14  3.663E-14
2.582E+02  7.310E-24  5.007E-14  1.198E-14  3.809E-14
2.559E+02  7.663E-24  5.201E-14  1.241E-14  3.959E-14
2.535E+02  8.032E-24  5.401E-14  1.286E-14  4.116E-14
2.512E+02  8.418E-24  5.609E-14  1.332E-14  4.277E-14
2.489E+02  8.818E-24  5.821E-14  1.380E-14  4.442E-14
2.466E+02  9.231E-24  6.038E-14  1.429E-14  4.609E-14
2.443E+02  9.662E-24  6.262E-14  1.480E-14  4.782E-14
2.421E+02  1.011E-23  6.493E-14  1.533E-14  4.959E-14
2.399E+02  1.058E-23  6.731E-14  1.588E-14  5.142E-14
2.377E+02  1.106E-23  6.974E-14  1.645E-14  5.328E-14
2.355E+02  1.157E-23  7.225E-14  1.704E-14  5.521E-14
2.333E+02  1.209E-23  7.486E-14  1.765E-14  5.720E-14
2.312E+02  1.265E-23  7.756E-14  1.829E-14  5.927E-14
2.291E+02  1.322E-23  8.035E-14  1.894E-14  6.141E-14
2.270E+02  1.383E-23  8.325E-14  1.962E-14  6.362E-14
2.249E+02  1.446E-23  8.625E-14  2.033E-14  6.592E-14
2.228E+02  1.512E-23  8.936E-14  2.106E-14  6.830E-14
2.208E+02  1.581E-23  9.258E-14  2.181E-14  7.077E-14
2.188E+02  1.653E-23  9.592E-14  2.259E-14  7.332E-14
2.168E+02  1.728E-23  9.937E-14  2.341E-14  7.597E-14
2.148E+02  1.807E-23  1.030E-13  2.425E-14  7.871E-14
2.128E+02  1.889E-23  1.067E-13  2.512E-14  8.154E-14
2.109E+02  1.976E-23  1.105E-13  2.602E-14  8.448E-14
2.089E+02  2.066E-23  1.145E-13  2.695E-14  8.753E-14
2.070E+02  2.160E-23  1.186E-13  2.792E-14  9.068E-14
2.051E+02  2.258E-23  1.229E-13  2.892E-14  9.394E-14
2.032E+02  2.361E-23  1.273E-13  2.996E-14  9.731E-14
2.014E+02  2.468E-23  1.319E-13  3.104E-14  1.008E-13
1.995E+02  2.581E-23  1.366E-13  3.216E-14  1.044E-13
1.977E+02  2.698E-23  1.415E-13  3.331E-14  1.082E-13
1.959E+02  2.821E-23  1.466E-13  3.451E-14  1.121E-13
1.941E+02  2.949E-23  1.518E-13  3.575E-14  1.161E-13
1.923E+02  3.083E-23  1.573E-13  3.704E-14  1.202E-13
1.905E+02  3.223E-23  1.629E-13  3.837E-14  1.245E-13
1.888E+02  3.369E-23  1.687E-13  3.976E-14  1.290E-13
1.871E+02  3.522E-23  1.748E-13  4.119E-14  1.336E-13
1.854E+02  3.682E-23  1.810E-13  4.267E-14  1.384E-13
1.837E+02  3.849E-23  1.875E-13  4.421E-14  1.433E-13
1.820E+02  4.024E-23  1.942E-13  4.580E-14  1.484E-13
1.803E+02  4.206E-23  2.012E-13  4.746E-14  1.537E-13
1.786E+02  4.397E-23  2.084E-13  4.917E-14  1.592E-13
1.770E+02  4.596E-23  2.158E-13  5.095E-14  1.649E-13
1.754E+02  4.805E-23  2.235E-13  5.279E-14  1.707E-13
1.738E+02  5.022E-23  2.315E-13  5.469E-14  1.768E-13
1.722E+02  5.250E-23  2.398E-13  5.667E-14  1.831E-13
1.706E+02  5.488E-23  2.483E-13  5.872E-14  1.896E-13
1.690E+02  5.736E-23  2.572E-13  6.085E-14  1.964E-13
1.675E+02  5.996E-23  2.664E-13  6.305E-14  2.033E-13
1.660E+02  6.267E-23  2.759E-13  6.534E-14  2.105E-13
1.644E+02  6.550E-23  2.857E-13  6.771E-14  2.180E-13
1.629E+02  6.847E-23  2.959E-13  7.016E-14  2.257E-13
1.614E+02  7.156E-23  3.065E-13  7.271E-14  2.337E-13
1.600E+02  7.480E-23  3.174E-13  7.535E-14  2.420E-13
1.585E+02  7.818E-23  3.287E-13  7.809E-14  2.506E-13
1.570E+02  8.172E-23  3.404E-13  8.093E-14  2.595E-13
1.556E+02  8.541E-23  3.525E-13  8.388E-14  2.686E-13
1.542E+02  8.927E-23  3.651E-13  8.694E-14  2.781E-13
1.528E+02  9.330E-23  3.781E-13  9.011E-14  2.880E-13
1.514E+02  9.752E-23  3.915E-13  9.339E-14  2.981E-13
1.500E+02  1.019E-22  4.054E-13  9.680E-14  3.086E-13
1.486E+02  1.065E-22  4.199E-13  1.003E-13  3.195E-13
1.472E+02  1.113E-22  4.348E-13  1.040E-13  3.308E-13
1.459E+02  1.164E-22  4.503E-13  1.078E-13  3.425E-13
1.445E+02  1.216E-22  4.663E-13  1.118E-13  3.546E-13
1.432E+02  1.271E-22  4.829E-13  1.159E-13  3.670E-13
1.419E+02  1.329E-22  5.001E-13  1.201E-13  3.800E-13
1.406E+02  1.389E-22  5.179E-13  1.245E-13  3.933E-13
1.393E+02  1.451E-22  5.363E-13  1.291E-13  4.072E-13
1.380E+02  1.517E-22  5.554E-13  1.339E-13  4.215E-13
1.368E+02  1.585E-22  5.751E-13  1.388E-13  4.363E-13
1.355E+02  1.657E-22  5.955E-13  1.439E-13  4.516E-13
1.343E+02  1.731E-22  6.167E-13  1.492E-13  4.675E-13
1.330E+02  1.810E-22  6.386E-13  1.547E-13  4.839E-13
1.318E+02  1.891E-22  6.613E-13  1.605E-13  5.008E-13
1.306E+02  1.976E-22  6.847E-13  1.664E-13  5.183E-13
1.294E+02  2.065E-22  7.090E-13  1.726E-13  5.364E-13
1.282E+02  2.158E-22  7.342E-13  1.790E-13  5.552E-13
1.271E+02  2.256E-22  7.602E-13  1.857E-13  5.745E-13
1.259E+02  2.357E-22  7.871E-13  1.926E-13  5.946E-13
1.247E+02  2.463E-22  8.150E-13  1.998E-13  6.153E-13
1.236E+02  2.574E-22  8.439E-13  2.072E-13  6.367E-13
1.225E+02  2.690E-22  8.738E-13  2.150E-13  6.589E-13
1.213E+02  2.811E-22  9.048E-13  2.230E-13  6.818E-13
1.202E+02  2.938E-22  9.369E-13  2.314E-13  7.055E-13
1.191E+02  3.070E-22  9.701E-13  2.401E-13  7.300E-13
1.180E+02  3.208E-22  1.004E-12  2.491E-13  7.553E-13
1.169E+02  3.352E-22  1.040E-12  2.585E-13  7.814E-13
1.159E+02  3.503E-22  1.077E-12  2.682E-13  8.084E-13
1.148E+02  3.660E-22  1.115E-12  2.784E-13  8.363E-13
1.138E+02  3.824E-22  1.154E-12  2.889E-13  8.652E-13
1.127E+02  3.996E-22  1.195E-12  2.998E-13  8.950E-13
1.117E+02  4.176E-22  1.237E-12  3.112E-13  9.260E-13
1.107E+02  4.364E-22  1.281E-12  3.230E-13  9.580E-13
1.096E+02  4.560E-22  1.326E-12  3.353E-13  9.910E-13
1.086E+02  4.765E-22  1.373E-12  3.480E-13  1.025E-12
1.076E+02  4.980E-22  1.422E-12  3.613E-13  1.061E-12
1.067E+02  5.204E-22  1.472E-12  3.751E-13  1.097E-12
1.057E+02  5.438E-22  1.524E-12  3.894E-13  1.135E-12
1.047E+02  5.683E-22  1.578E-12  4.043E-13  1.174E-12
1.038E+02  5.938E-22  1.634E-12  4.198E-13  1.214E-12
1.028E+02  6.205E-22  1.692E-12  4.359E-13  1.256E-12
1.019E+02  6.484E-22  1.752E-12  4.526E-13  1.299E-12
1.009E+02  6.775E-22  1.814E-12  4.700E-13  1.344E-12
1.000E+02  7.079E-22  1.878E-12  4.881E-13  1.390E-12
9.908E+01  7.397E-22  1.944E-12  5.069E-13  1.437E-12
9.817E+01  7.729E-22  2.013E-12  5.265E-13  1.486E-12
9.727E+01  8.076E-22  2.084E-12  5.468E-13  1.537E-12
9.638E+01  8.438E-22  2.157E-12  5.680E-13  1.589E-12
9.550E+01  8.817E-22  2.234E-12  5.899E-13  1.644E-12
9.462E+01  9.212E-22  2.312E-12  6.128E-13  1.700E-12
9.376E+01  9.626E-22  2.394E-12  6.365E-13  1.757E-12
9.290E+01  1.006E-21  2.478E-12  6.612E-13  1.817E-12
9.204E+01  1.051E-21  2.566E-12  6.868E-13  1.879E-12
9.120E+01  1.098E-21  2.656E-12  7.135E-13  1.942E-12
9.036E+01  1.147E-21  2.749E-12  7.412E-13  2.008E-12
8.954E+01  1.198E-21  2.846E-12  7.701E-13  2.076E-12
8.872E+01  1.252E-21  2.946E-12  8.001E-13  2.146E-12
8.790E+01  1.308E-21  3.050E-12  8.313E-13  2.219E-12
8.710E+01  1.367E-21  3.158E-12  8.638E-13  2.294E-12
8.630E+01  1.428E-21  3.269E-12  8.976E-13  2.371E-12
8.551E+01  1.492E-21  3.384E-12  9.328E-13  2.451E-12
8.472E+01  1.559E-21  3.503E-12  9.694E-13  2.533E-12
8.395E+01  1.628E-21  3.626E-12  1.008E-12  2.618E-12
8.318E+01  1.701E-21  3.753E-12  1.047E-12  2.706E-12
8.241E+01  1.777E-21  3.885E-12  1.089E-12  2.796E-12
8.166E+01  1.857E-21  4.022E-12  1.132E-12  2.890E-12
8.091E+01  1.940E-21  4.163E-12  1.176E-12  2.987E-12
8.017E+01  2.027E-21  4.309E-12  1.223E-12  3.086E-12
7.943E+01  2.117E-21  4.461E-12  1.272E-12  3.189E-12
7.870E+01  2.212E-21  4.617E-12  1.322E-12  3.295E-12
7.798E+01  2.310E-21  4.779E-12  1.375E-12  3.405E-12
7.727E+01  2.414E-21  4.947E-12  1.430E-12  3.517E-12
7.656E+01  2.522E-21  5.121E-12  1.487E-12  3.634E-12
7.586E+01  2.635E-21  5.301E-12  1.546E-12  3.755E-12
7.516E+01  2.752E-21  5.488E-12  1.608E-12  3.879E-12
7.447E+01  2.875E-21  5.680E-12  1.673E-12  4.007E-12
7.379E+01  3.004E-21  5.880E-12  1.740E-12  4.139E-12
7.311E+01  3.138E-21  6.086E-12  1.811E-12  4.275E-12
7.244E+01  3.278E-21  6.299E-12  1.884E-12  4.415E-12
7.178E+01  3.424E-21  6.519E-12  1.960E-12  4.559E-12
7.112E+01  3.576E-21  6.747E-12  2.039E-12  4.708E-12
7.047E+01  3.736E-21  6.984E-12  2.122E-12  4.862E-12
6.982E+01  3.904E-21  7.231E-12  2.209E-12  5.022E-12
6.918E+01  4.079E-21  7.485E-12  2.299E-12  5.186E-12
6.855E+01  4.261E-21  7.747E-12  2.393E-12  5.354E-12
6.792E+01  4.450E-21  8.018E-12  2.491E-12  5.527E-12
6.730E+01  4.649E-21  8.299E-12  2.593E-12  5.705E-12
6.668E+01  4.856E-21  8.590E-12  2.700E-12  5.890E-12
6.607E+01  5.073E-21  8.891E-12  2.811E-12  6.080E-12
6.546E+01  5.300E-21  9.203E-12  2.928E-12  6.276E-12
6.486E+01  5.536E-21  9.526E-12  3.049E-12  6.477E-12
6.427E+01  5.783E-21  9.859E-12  3.175E-12  6.684E-12
6.368E+01  6.041E-21  1.020E-11  3.308E-12  6.897E-12
6.310E+01  6.311E-21  1.056E-11  3.446E-12  7.117E-12
6.252E+01  6.594E-21  1.093E-11  3.590E-12  7.344E-12
6.194E+01  6.888E-21  1.132E-11  3.740E-12  7.578E-12
6.138E+01  7.197E-21  1.172E-11  3.898E-12  7.819E-12
6.081E+01  7.519E-21  1.213E-11  4.062E-12  8.067E-12
6.026E+01  7.855E-21  1.256E-11  4.234E-12  8.322E-12
5.970E+01  8.207E-21  1.300E-11  4.413E-12  8.583E-12
5.916E+01  8.573E-21  1.345E-11  4.601E-12  8.852E-12
5.861E+01  8.956E-21  1.392E-11  4.796E-12  9.128E-12
5.808E+01  9.356E-21  1.441E-11  5.001E-12  9.412E-12
5.754E+01  9.773E-21  1.492E-11  5.215E-12  9.703E-12
5.702E+01  1.021E-20  1.544E-11  5.439E-12  1.000E-11
5.649E+01  1.067E-20  1.598E-11  5.673E-12  1.031E-11
5.598E+01  1.114E-20  1.655E-11  5.918E-12  1.063E-11
5.546E+01  1.164E-20  1.713E-11  6.174E-12  1.095E-11
5.495E+01  1.216E-20  1.773E-11  6.441E-12  1.129E-11
5.445E+01  1.271E-20  1.836E-11  6.721E-12  1.163E-11
5.395E+01  1.328E-20  1.900E-11  7.014E-12  1.199E-11
5.346E+01  1.387E-20  1.967E-11  7.321E-12  1.235E-11
5.297E+01  1.450E-20  2.037E-11  7.641E-12  1.273E-11
5.248E+01  1.515E-20  2.109E-11  7.977E-12  1.311E-11
5.200E+01  1.583E-20  2.183E-11  8.328E-12  1.350E-11
5.152E+01  1.654E-20  2.260E-11  8.695E-12  1.391E-11
5.105E+01  1.728E-20  2.340E-11  9.079E-12  1.432E-11
5.058E+01  1.805E-20  2.422E-11  9.481E-12  1.474E-11
5.012E+01  1.886E-20  2.508E-11  9.901E-12  1.518E-11
4.966E+01  1.971E-20  2.596E-11  1.034E-11  1.562E-11
4.920E+01  2.060E-20  2.688E-11  1.080E-11  1.608E-11
4.875E+01  2.152E-20  2.783E-11  1.128E-11  1.655E-11
4.831E+01  2.249E-20  2.881E-11  1.179E-11  1.702E-11
4.786E+01  2.350E-20  2.983E-11  1.232E-11  1.751E-11
4.742E+01  2.455E-20  3.089E-11  1.287E-11  1.802E-11
4.699E+01  2.565E-20  3.198E-11  1.344E-11  1.853E-11
4.656E+01  2.681E-20  3.311E-11  1.405E-11  1.906E-11
4.613E+01  2.801E-20  3.428E-11  1.468E-11  1.960E-11
4.571E+01  2.927E-20  3.549E-11  1.533E-11  2.015E-11
4.529E+01  3.058E-20  3.674E-11  1.602E-11  2.072E-11
4.487E+01  3.196E-20  3.804E-11  1.673E-11  2.130E-11
4.446E+01  3.339E-20  3.938E-11  1.748E-11  2.190E-11
4.406E+01  3.489E-20  4.077E-11  1.826E-11  2.251E-11
4.365E+01  3.645E-20  4.220E-11  1.907E-11  2.313E-11
4.325E+01  3.808E-20  4.369E-11  1.992E-11  2.377E-11
4.285E+01  3.978E-20  4.522E-11  2.080E-11  2.442E-11
4.246E+01  4.154E-20  4.679E-11  2.171E-11  2.508E-11
4.207E+01  4.339E-20  4.842E-11  2.266E-11  2.576E-11
4.169E+01  4.531E-20  5.010E-11  2.364E-11  2.646E-11
4.130E+01  4.730E-20  5.183E-11  2.466E-11  2.716E-11
4.093E+01  4.937E-20  5.360E-11  2.572E-11  2.788E-11
4.055E+01  5.152E-20  5.542E-11  2.681E-11  2.862E-11
4.018E+01  5.376E-20  5.729E-11  2.793E-11  2.936E-11
3.981E+01  5.607E-20  5.921E-11  2.909E-11  3.012E-11
3.945E+01  5.847E-20  6.118E-11  3.028E-11  3.090E-11
3.908E+01  6.095E-20  6.319E-11  3.150E-11  3.169E-11
3.873E+01  6.351E-20  6.524E-11  3.275E-11  3.249E-11
3.837E+01  6.616E-20  6.734E-11  3.403E-11  3.331E-11
3.802E+01  6.888E-20  6.947E-11  3.533E-11  3.414E-11
3.767E+01  7.169E-20  7.163E-11  3.665E-11  3.498E-11
3.733E+01  7.455E-20  7.381E-11  3.799E-11  3.582E-11
3.698E+01  7.748E-20  7.601E-11  3.934E-11  3.667E-11
3.664E+01  8.049E-20  7.824E-11  4.070E-11  3.753E-11
3.631E+01  8.356E-20  8.048E-11  4.206E-11  3.841E-11
3.597E+01  8.670E-20  8.273E-11  4.342E-11  3.931E-11
3.565E+01  8.989E-20  8.500E-11  4.477E-11  4.022E-11
3.532E+01  9.314E-20  8.726E-11  4.611E-11  4.115E-11
3.499E+01  9.644E-20  8.952E-11  4.742E-11  4.210E-11
3.467E+01  9.977E-20  9.177E-11  4.870E-11  4.307E-11
3.436E+01  1.031E-19  9.399E-11  4.995E-11  4.405E-11
3.404E+01  1.065E-19  9.619E-11  5.115E-11  4.505E-11
3.373E+01  1.099E-19  9.836E-11  5.230E-11  4.606E-11
3.342E+01  1.134E-19  1.005E-10  5.339E-11  4.711E-11
3.311E+01  1.168E-19  1.026E-10  5.441E-11  4.819E-11
3.281E+01  1.203E-19  1.047E-10  5.537E-11  4.929E-11
3.251E+01  1.237E-19  1.067E-10  5.625E-11  5.040E-11
3.221E+01  1.271E-19  1.086E-10  5.705E-11  5.154E-11
3.192E+01  1.305E-19  1.105E-10  5.776E-11  5.270E-11
3.162E+01  1.338E-19  1.123E-10  5.838E-11  5.388E-11
3.133E+01  1.372E-19  1.140E-10  5.891E-11  5.509E-11
3.105E+01  1.404E-19  1.157E-10  5.935E-11  5.631E-11
3.076E+01  1.437E-19  1.172E-10  5.970E-11  5.755E-11
3.048E+01  1.469E-19  1.188E-10  5.995E-11  5.882E-11
3.020E+01  1.501E-19  1.202E-10  6.011E-11  6.010E-11
2.992E+01  1.532E-19  1.216E-10  6.018E-11  6.140E-11
2.965E+01  1.562E-19  1.229E-10  6.017E-11  6.270E-11
2.938E+01  1.592E-19  1.241E-10  6.007E-11  6.402E-11
2.911E+01  1.622E-19  1.252E-10  5.989E-11  6.536E-11
2.884E+01  1.652E-19  1.264E-10  5.964E-11  6.671E-11
2.858E+01  1.681E-19  1.274E-10  5.933E-11  6.808E-11
2.831E+01  1.710E-19  1.284E-10  5.895E-11  6.947E-11
2.805E+01  1.739E-19  1.294E-10  5.851E-11  7.087E-11
2.780E+01  1.767E-19  1.303E-10  5.802E-11  7.230E-11
2.754E+01  1.796E-19  1.312E-10  5.749E-11  7.373E-11
2.729E+01  1.825E-19  1.321E-10  5.692E-11  7.520E-11
2.704E+01  1.854E-19  1.330E-10  5.631E-11  7.667E-11
2.679E+01  1.883E-19  1.338E-10  5.568E-11  7.817E-11
2.655E+01  1.913E-19  1.347E-10  5.502E-11  7.968E-11
2.630E+01  1.943E-19  1.356E-10  5.435E-11  8.121E-11
2.606E+01  1.973E-19  1.364E-10  5.366E-11  8.275E-11
2.582E+01  2.004E-19  1.373E-10  5.296E-11  8.430E-11
2.559E+01  2.035E-19  1.381E-10  5.226E-11  8.587E-11
2.535E+01  2.067E-19  1.390E-10  5.156E-11  8.746E-11
2.512E+01  2.100E-19  1.399E-10  5.085E-11  8.906E-11
2.489E+01  2.133E-19  1.408E-10  5.016E-11  9.065E-11
2.466E+01  2.166E-19  1.417E-10  4.946E-11  9.224E-11
2.443E+01  2.200E-19  1.426E-10  4.878E-11  9.384E-11
2.421E+01  2.235E-19  1.435E-10  4.811E-11  9.540E-11
2.399E+01  2.269E-19  1.444E-10  4.745E-11  9.691E-11
2.377E+01  2.304E-19  1.453E-10  4.680E-11  9.847E-11
2.355E+01  2.342E-19  1.463E-10  4.617E-11  1.001E-10
2.333E+01  2.380E-19  1.473E-10  4.556E-11  1.018E-10
2.312E+01  2.417E-19  1.482E-10  4.497E-11  1.032E-10
2.291E+01  2.454E-19  1.491E-10  4.439E-11  1.048E-10
2.270E+01  2.496E-19  1.503E-10  4.385E-11  1.065E-10
2.249E+01  2.541E-19  1.516E-10  4.332E-11  1.083E-10
2.228E+01  2.588E-19  1.530E-10  4.281E-11  1.102E-10
2.208E+01  2.636E-19  1.544E-10  4.233E-11  1.120E-10
2.188E+01  2.680E-19  1.555E-10  4.188E-11  1.137E-10
2.168E+01  2.724E-19  1.566E-10  4.145E-11  1.152E-10
2.148E+01  2.769E-19  1.577E-10  4.104E-11  1.167E-10
2.128E+01  2.817E-19  1.590E-10  4.066E-11  1.183E-10
2.109E+01  2.868E-19  1.604E-10  4.031E-11  1.201E-10
2.089E+01  2.919E-19  1.618E-10  3.998E-11  1.218E-10
2.070E+01  2.969E-19  1.630E-10  3.968E-11  1.233E-10
2.051E+01  3.019E-19  1.642E-10  3.940E-11  1.248E-10
2.032E+01  3.071E-19  1.656E-10  3.915E-11  1.264E-10
2.014E+01  3.134E-19  1.674E-10  3.893E-11  1.285E-10
1.995E+01  3.196E-19  1.692E-10  3.873E-11  1.304E-10
1.977E+01  3.257E-19  1.708E-10  3.856E-11  1.322E-10
1.959E+01  3.314E-19  1.722E-10  3.842E-11  1.338E-10
1.941E+01  3.368E-19  1.734E-10  3.833E-11  1.350E-10
1.923E+01  3.416E-19  1.743E-10  3.832E-11  1.359E-10
1.905E+01  3.462E-19  1.750E-10  3.854E-11  1.365E-10
1.888E+01  3.501E-19  1.753E-10  3.873E-11  1.366E-10
1.871E+01  3.519E-19  1.746E-10  3.830E-11  1.363E-10
1.854E+01  3.534E-19  1.737E-10  3.815E-11  1.356E-10
1.837E+01  3.544E-19  1.726E-10  3.818E-11  1.345E-10
1.820E+01  3.548E-19  1.712E-10  3.834E-11  1.329E-10
1.803E+01  3.549E-19  1.697E-10  3.872E-11  1.310E-10
1.786E+01  3.549E-19  1.682E-10  3.940E-11  1.288E-10
1.770E+01  3.530E-19  1.658E-10  3.959E-11  1.262E-10
1.754E+01  3.515E-19  1.635E-10  4.037E-11  1.232E-10
1.738E+01  3.515E-19  1.621E-10  4.215E-11  1.199E-10
1.722E+01  3.471E-19  1.585E-10  4.215E-11  1.164E-10
1.706E+01  3.432E-19  1.553E-10  4.245E-11  1.128E-10
1.690E+01  3.379E-19  1.515E-10  4.231E-11  1.092E-10
1.675E+01  3.316E-19  1.473E-10  4.192E-11  1.054E-10
1.660E+01  3.267E-19  1.438E-10  4.236E-11  1.015E-10
1.644E+01  3.263E-19  1.423E-10  4.486E-11  9.747E-11
1.629E+01  3.116E-19  1.347E-10  4.120E-11  9.348E-11
1.614E+01  3.021E-19  1.294E-10  3.978E-11  8.959E-11
1.600E+01  2.950E-19  1.252E-10  3.939E-11  8.578E-11
1.585E+01  2.885E-19  1.213E-10  3.922E-11  8.206E-11
1.570E+01  2.819E-19  1.174E-10  3.898E-11  7.844E-11
1.556E+01  2.758E-19  1.138E-10  3.889E-11  7.494E-11
1.542E+01  2.701E-19  1.105E-10  3.889E-11  7.158E-11
1.528E+01  2.649E-19  1.073E-10  3.895E-11  6.837E-11
1.514E+01  2.599E-19  1.044E-10  3.904E-11  6.532E-11
1.500E+01  2.555E-19  1.016E-10  3.918E-11  6.247E-11
1.486E+01  2.513E-19  9.906E-11  3.935E-11  5.970E-11
1.472E+01  2.475E-19  9.665E-11  3.960E-11  5.705E-11
1.459E+01  2.442E-19  9.449E-11  3.995E-11  5.454E-11
1.445E+01  2.423E-19  9.290E-11  4.054E-11  5.236E-11
1.432E+01  2.425E-19  9.214E-11  4.163E-11  5.051E-11
1.419E+01  2.442E-19  9.193E-11  4.286E-11  4.907E-11
1.406E+01  2.431E-19  9.065E-11  4.260E-11  4.806E-11
1.393E+01  2.440E-19  9.016E-11  4.261E-11  4.755E-11
1.380E+01  2.484E-19  9.094E-11  4.350E-11  4.744E-11
1.368E+01  2.564E-19  9.301E-11  4.525E-11  4.776E-11
1.355E+01  2.665E-19  9.578E-11  4.745E-11  4.834E-11
1.343E+01  2.734E-19  9.737E-11  4.829E-11  4.908E-11
1.330E+01  2.760E-19  9.742E-11  4.758E-11  4.984E-11
1.318E+01  2.803E-19  9.802E-11  4.737E-11  5.065E-11
1.306E+01  2.885E-19  9.995E-11  4.855E-11  5.140E-11
1.294E+01  3.020E-19  1.037E-10  5.147E-11  5.220E-11
1.282E+01  3.228E-19  1.098E-10  5.665E-11  5.314E-11
1.271E+01  3.483E-19  1.174E-10  6.325E-11  5.414E-11
1.259E+01  3.621E-19  1.209E-10  6.579E-11  5.513E-11
1.247E+01  3.563E-19  1.179E-10  6.183E-11  5.605E-11
1.236E+01  3.493E-19  1.145E-10  5.761E-11  5.690E-11
1.225E+01  3.508E-19  1.139E-10  5.635E-11  5.759E-11
1.213E+01  3.612E-19  1.162E-10  5.785E-11  5.839E-11
1.202E+01  3.740E-19  1.193E-10  5.993E-11  5.935E-11
1.191E+01  3.782E-19  1.195E-10  5.927E-11  6.024E-11
1.180E+01  3.773E-19  1.181E-10  5.706E-11  6.107E-11
1.169E+01  3.822E-19  1.186E-10  5.680E-11  6.177E-11
1.159E+01  4.003E-19  1.231E-10  6.089E-11  6.217E-11
1.148E+01  4.517E-19  1.376E-10  7.508E-11  6.248E-11
1.138E+01  5.057E-19  1.526E-10  8.973E-11  6.287E-11
1.127E+01  5.764E-19  1.723E-10  1.091E-10  6.330E-11
1.117E+01  5.086E-19  1.507E-10  8.690E-11  6.377E-11
1.107E+01  4.257E-19  1.250E-10  6.075E-11  6.420E-11
1.096E+01  4.010E-19  1.166E-10  5.217E-11  6.447E-11
1.086E+01  3.924E-19  1.131E-10  4.832E-11  6.476E-11
1.076E+01  3.908E-19  1.116E-10  4.638E-11  6.521E-11
1.067E+01  3.928E-19  1.111E-10  4.532E-11  6.580E-11
1.057E+01  3.957E-19  1.109E-10  4.441E-11  6.650E-11
1.047E+01  3.991E-19  1.109E-10  4.389E-11  6.698E-11
1.038E+01  4.017E-19  1.106E-10  4.362E-11  6.694E-11
1.028E+01  4.027E-19  1.098E-10  4.351E-11  6.629E-11
1.019E+01  4.021E-19  1.087E-10  4.351E-11  6.514E-11
1.009E+01  4.011E-19  1.074E-10  4.361E-11  6.376E-11
1.000E+01  4.001E-19  1.061E-10  4.379E-11  6.233E-11
9.908E+00  3.998E-19  1.051E-10  4.406E-11  6.102E-11
9.817E+00  4.000E-19  1.042E-10  4.441E-11  5.977E-11
9.727E+00  4.006E-19  1.034E-10  4.486E-11  5.852E-11
9.638E+00  4.013E-19  1.026E-10  4.542E-11  5.719E-11
9.550E+00  4.010E-19  1.016E-10  4.610E-11  5.547E-11
9.462E+00  3.992E-19  1.002E-10  4.695E-11  5.324E-11
9.376E+00  3.957E-19  9.842E-11  4.801E-11  5.041E-11
9.290E+00  3.909E-19  9.633E-11  4.934E-11  4.699E-11
9.204E+00  3.856E-19  9.414E-11  5.105E-11  4.309E-11
9.120E+00  3.813E-19  9.226E-11  5.333E-11  3.892E-11
9.036E+00  3.804E-19  9.118E-11  5.649E-11  3.469E-11
8.954E+00  3.862E-19  9.171E-11  6.106E-11  3.065E-11
8.872E+00  4.040E-19  9.507E-11  6.810E-11  2.696E-11
8.790E+00  4.422E-19  1.031E-10  7.940E-11  2.371E-11
8.710E+00  5.079E-19  1.173E-10  9.644E-11  2.090E-11
8.630E+00  5.720E-19  1.309E-10  1.125E-10  1.849E-11
8.551E+00  5.625E-19  1.276E-10  1.112E-10  1.642E-11
8.472E+00  5.150E-19  1.157E-10  1.012E-10  1.456E-11
8.395E+00  4.913E-19  1.094E-10  9.661E-11  1.279E-11
8.318E+00  4.919E-19  1.085E-10  9.746E-11  1.106E-11
8.241E+00  5.090E-19  1.113E-10  1.019E-10  9.373E-12
8.166E+00  5.496E-19  1.190E-10  1.113E-10  7.766E-12
8.091E+00  6.262E-19  1.344E-10  1.280E-10  6.384E-12
8.017E+00  7.488E-19  1.592E-10  1.540E-10  5.208E-12
7.943E+00  9.108E-19  1.919E-10  1.877E-10  4.234E-12
7.870E+00  1.055E-18  2.202E-10  2.168E-10  3.433E-12
7.798E+00  1.110E-18  2.297E-10  2.269E-10  2.782E-12
7.727E+00  1.121E-18  2.298E-10  2.275E-10  2.266E-12
7.656E+00  1.157E-18  2.350E-10  2.332E-10  1.861E-12
7.586E+00  1.134E-18  2.283E-10  2.267E-10  1.543E-12
7.516E+00  9.773E-19  1.949E-10  1.936E-10  1.303E-12
7.447E+00  7.983E-19  1.577E-10  1.566E-10  1.123E-12
7.379E+00  6.662E-19  1.304E-10  1.294E-10  9.830E-13
7.311E+00  5.742E-19  1.114E-10  1.105E-10  8.777E-13
7.244E+00  5.066E-19  9.736E-11  9.657E-11  7.923E-13
7.178E+00  4.547E-19  8.658E-11  8.586E-11  7.202E-13
7.112E+00  4.145E-19  7.820E-11  7.754E-11  6.615E-13
7.047E+00  3.844E-19  7.185E-11  7.124E-11  6.112E-13
6.982E+00  3.635E-19  6.733E-11  6.677E-11  5.649E-13
6.918E+00  3.516E-19  6.452E-11  6.399E-11  5.234E-13
6.855E+00  3.477E-19  6.323E-11  6.275E-11  4.850E-13
6.792E+00  3.496E-19  6.299E-11  6.255E-11  4.491E-13
6.730E+00  3.516E-19  6.277E-11  6.235E-11  4.157E-13
6.668E+00  3.470E-19  6.138E-11  6.099E-11  3.845E-13
6.607E+00  3.358E-19  5.886E-11  5.850E-11  3.550E-13
6.546E+00  3.263E-19  5.667E-11  5.634E-11  3.275E-13
6.486E+00  3.289E-19  5.660E-11  5.629E-11  3.017E-13
6.427E+00  3.553E-19  6.057E-11  6.030E-11  2.776E-13
6.368E+00  4.272E-19  7.216E-11  7.190E-11  2.550E-13
6.310E+00  5.885E-19  9.850E-11  9.826E-11  2.339E-13
6.252E+00  8.534E-19  1.415E-10  1.413E-10  2.142E-13
6.194E+00  8.584E-19  1.410E-10  1.409E-10  1.959E-13
6.138E+00  5.717E-19  9.307E-11  9.289E-11  1.787E-13
6.081E+00  3.805E-19  6.137E-11  6.121E-11  1.629E-13
6.026E+00  2.858E-19  4.568E-11  4.553E-11  1.483E-13
5.970E+00  2.370E-19  3.754E-11  3.740E-11  1.349E-13
5.916E+00  2.107E-19  3.306E-11  3.294E-11  1.227E-13
5.861E+00  1.979E-19  3.077E-11  3.065E-11  1.114E-13
5.808E+00  1.965E-19  3.026E-11  3.016E-11  1.011E-13
5.754E+00  2.062E-19  3.148E-11  3.138E-11  9.174E-14
5.702E+00  2.122E-19  3.209E-11  3.201E-11  8.315E-14
5.649E+00  1.911E-19  2.863E-11  2.856E-11  7.530E-14
5.598E+00  1.651E-19  2.451E-11  2.445E-11  6.815E-14
5.546E+00  1.484E-19  2.183E-11  2.177E-11  6.163E-14
5.495E+00  1.386E-19  2.020E-11  2.015E-11  5.569E-14
5.445E+00  1.331E-19  1.923E-11  1.918E-11  5.029E-14
5.395E+00  1.314E-19  1.880E-11  1.876E-11  4.538E-14
5.346E+00  1.342E-19  1.904E-11  1.899E-11  4.091E-14
5.297E+00  1.402E-19  1.970E-11  1.967E-11  3.685E-14
5.248E+00  1.364E-19  1.898E-11  1.895E-11  3.316E-14
5.200E+00  1.220E-19  1.682E-11  1.679E-11  2.982E-14
5.152E+00  1.104E-19  1.509E-11  1.507E-11  2.679E-14
5.105E+00  1.029E-19  1.393E-11  1.391E-11  2.404E-14
5.058E+00  9.755E-20  1.309E-11  1.307E-11  2.156E-14
5.012E+00  9.332E-20  1.241E-11  1.239E-11  1.932E-14
4.966E+00  8.966E-20  1.181E-11  1.179E-11  1.729E-14
4.920E+00  8.638E-20  1.127E-11  1.126E-11  1.546E-14
4.875E+00  8.334E-20  1.078E-11  1.076E-11  1.381E-14
4.831E+00  8.048E-20  1.031E-11  1.030E-11  1.232E-14
4.786E+00  7.775E-20  9.871E-12  9.860E-12  1.098E-14
4.742E+00  7.514E-20  9.452E-12  9.442E-12  9.778E-15
4.699E+00  7.261E-20  9.051E-12  9.042E-12  8.695E-15
4.656E+00  7.016E-20  8.665E-12  8.657E-12  7.722E-15
4.613E+00  6.778E-20  8.294E-12  8.287E-12  6.850E-15
4.571E+00  6.546E-20  7.937E-12  7.930E-12  6.069E-15
4.529E+00  6.319E-20  7.592E-12  7.586E-12  5.370E-15
4.487E+00  6.098E-20  7.259E-12  7.254E-12  4.745E-15
4.446E+00  5.882E-20  6.938E-12  6.934E-12  4.188E-15
4.406E+00  5.671E-20  6.628E-12  6.624E-12  3.692E-15
4.365E+00  5.465E-20  6.328E-12  6.325E-12  3.250E-15
4.325E+00  5.264E-20  6.039E-12  6.036E-12  2.858E-15
4.285E+00  5.067E-20  5.760E-12  5.757E-12  2.509E-15
4.246E+00  4.875E-20  5.491E-12  5.489E-12  2.200E-15
4.207E+00  4.687E-20  5.231E-12  5.229E-12  1.926E-15
4.169E+00  4.504E-20  4.981E-12  4.979E-12  1.683E-15
4.130E+00  4.326E-20  4.740E-12  4.739E-12  1.469E-15
4.093E+00  4.152E-20  4.508E-12  4.506E-12  1.280E-15
4.055E+00  3.983E-20  4.284E-12  4.283E-12  1.113E-15
4.018E+00  3.818E-20  4.070E-12  4.069E-12  9.662E-16
3.981E+00  3.659E-20  3.864E-12  3.863E-12  8.375E-16
3.945E+00  3.504E-20  3.666E-12  3.665E-12  7.249E-16
3.908E+00  3.354E-20  3.477E-12  3.476E-12  6.263E-16
3.873E+00  3.208E-20  3.296E-12  3.295E-12  5.403E-16
3.837E+00  3.068E-20  3.123E-12  3.122E-12  4.655E-16
3.802E+00  2.933E-20  2.958E-12  2.958E-12  4.003E-16
3.767E+00  2.804E-20  2.802E-12  2.801E-12  3.438E-16
3.733E+00  2.680E-20  2.653E-12  2.653E-12  2.947E-16
3.698E+00  2.561E-20  2.512E-12  2.512E-12  2.522E-16
3.664E+00  2.449E-20  2.380E-12  2.380E-12  2.155E-16
3.631E+00  2.343E-20  2.256E-12  2.256E-12  1.838E-16
3.597E+00  2.245E-20  2.142E-12  2.142E-12  1.566E-16
3.565E+00  2.156E-20  2.039E-12  2.038E-12  1.331E-16
3.532E+00  2.079E-20  1.948E-12  1.948E-12  1.129E-16
3.499E+00  2.019E-20  1.874E-12  1.874E-12  9.567E-17
3.467E+00  1.985E-20  1.826E-12  1.825E-12  8.090E-17
3.436E+00  1.999E-20  1.822E-12  1.822E-12  6.829E-17
3.404E+00  2.116E-20  1.911E-12  1.911E-12  5.754E-17
3.373E+00  2.514E-20  2.249E-12  2.249E-12  4.839E-17
3.342E+00  4.007E-20  3.552E-12  3.552E-12  4.062E-17
3.311E+00  1.161E-19  1.020E-11  1.020E-11  3.403E-17
3.281E+00  8.044E-20  7.001E-12  7.001E-12  2.846E-17
3.251E+00  2.921E-20  2.519E-12  2.519E-12  2.375E-17
3.221E+00  1.816E-20  1.551E-12  1.551E-12  1.977E-17
3.192E+00  1.414E-20  1.197E-12  1.197E-12  1.643E-17
3.162E+00  1.206E-20  1.012E-12  1.012E-12  1.363E-17
3.133E+00  1.072E-20  8.914E-13  8.914E-13  1.129E-17
3.105E+00  9.739E-21  8.020E-13  8.020E-13  9.329E-18
3.076E+00  8.946E-21  7.299E-13  7.299E-13  7.701E-18
3.048E+00  8.271E-21  6.687E-13  6.687E-13  6.346E-18
3.020E+00  7.677E-21  6.150E-13  6.150E-13  5.219E-18
2.992E+00  7.143E-21  5.670E-13  5.670E-13  4.284E-18
2.965E+00  6.656E-21  5.235E-13  5.235E-13  3.510E-18
2.938E+00  6.208E-21  4.838E-13  4.838E-13  2.871E-18
2.911E+00  5.794E-21  4.473E-13  4.473E-13  2.343E-18
2.884E+00  5.408E-21  4.137E-13  4.137E-13  1.909E-18
2.858E+00  5.049E-21  3.827E-13  3.827E-13  1.552E-18
2.831E+00  4.713E-21  3.540E-13  3.540E-13  1.259E-18
2.805E+00  4.399E-21  3.274E-13  3.274E-13  1.020E-18
2.780E+00  4.106E-21  3.027E-13  3.027E-13  8.244E-19
2.754E+00  3.831E-21  2.799E-13  2.799E-13  6.651E-19
2.729E+00  3.573E-21  2.586E-13  2.586E-13  5.355E-19
2.704E+00  3.332E-21  2.390E-13  2.390E-13  4.303E-19
2.679E+00  3.106E-21  2.207E-13  2.207E-13  3.451E-19
2.655E+00  2.894E-21  2.038E-13  2.038E-13  2.763E-19
2.630E+00  2.696E-21  1.881E-13  1.881E-13  2.207E-19
2.606E+00  2.511E-21  1.736E-13  1.736E-13  1.760E-19
2.582E+00  2.338E-21  1.601E-13  1.601E-13  1.400E-19
2.559E+00  2.176E-21  1.477E-13  1.477E-13  1.112E-19
2.535E+00  2.024E-21  1.361E-13  1.361E-13  8.819E-20
2.512E+00  1.882E-21  1.254E-13  1.254E-13  6.978E-20
2.489E+00  1.750E-21  1.155E-13  1.155E-13  5.511E-20
2.466E+00  1.626E-21  1.064E-13  1.064E-13  4.345E-20
2.443E+00  1.510E-21  9.787E-14  9.787E-14  3.419E-20
2.421E+00  1.402E-21  9.004E-14  9.004E-14  2.685E-20
2.399E+00  1.302E-21  8.282E-14  8.282E-14  2.105E-20
2.377E+00  1.208E-21  7.616E-14  7.616E-14  1.647E-20
2.355E+00  1.121E-21  7.001E-14  7.001E-14  1.286E-20
2.333E+00  1.039E-21  6.434E-14  6.434E-14  1.003E-20
2.312E+00  9.638E-22  5.911E-14  5.911E-14  7.804E-21
2.291E+00  8.933E-22  5.428E-14  5.428E-14  6.062E-21
2.270E+00  8.277E-22  4.984E-14  4.984E-14  4.701E-21
2.249E+00  7.667E-22  4.574E-14  4.574E-14  3.639E-21
2.228E+00  7.099E-22  4.196E-14  4.196E-14  2.812E-21
2.208E+00  6.570E-22  3.848E-14  3.848E-14  2.169E-21
2.188E+00  6.078E-22  3.527E-14  3.527E-14  1.671E-21
2.168E+00  5.620E-22  3.232E-14  3.232E-14  1.285E-21
2.148E+00  5.194E-22  2.959E-14  2.959E-14  9.866E-22
2.128E+00  4.798E-22  2.708E-14  2.708E-14  7.564E-22
2.109E+00  4.428E-22  2.477E-14  2.477E-14  5.791E-22
2.089E+00  4.085E-22  2.264E-14  2.264E-14  4.427E-22
2.070E+00  3.765E-22  2.068E-14  2.068E-14  3.379E-22
2.051E+00  3.468E-22  1.887E-14  1.887E-14  2.576E-22
2.032E+00  3.191E-22  1.720E-14  1.720E-14  1.960E-22
2.014E+00  2.933E-22  1.567E-14  1.567E-14  1.490E-22
1.995E+00  2.693E-22  1.426E-14  1.426E-14  1.131E-22
1.977E+00  2.471E-22  1.296E-14  1.296E-14  8.578E-23
1.959E+00  2.265E-22  1.177E-14  1.177E-14  6.495E-23
1.941E+00  2.075E-22  1.068E-14  1.068E-14  4.913E-23
1.923E+00  1.903E-22  9.707E-15  9.707E-15  3.711E-23
1.905E+00  1.748E-22  8.834E-15  8.834E-15  2.800E-23
1.888E+00  1.608E-22  8.055E-15  8.055E-15  2.110E-23
1.871E+00  1.481E-22  7.351E-15  7.351E-15  1.588E-23
1.854E+00  1.364E-22  6.706E-15  6.706E-15  1.194E-23
1.837E+00  1.254E-22  6.109E-15  6.109E-15  8.969E-24
1.820E+00  1.151E-22  5.557E-15  5.557E-15  6.728E-24
1.803E+00  1.055E-22  5.046E-15  5.046E-15  5.042E-24
1.786E+00  9.654E-23  4.575E-15  4.575E-15  3.774E-24
1.770E+00  8.822E-23  4.142E-15  4.142E-15  2.822E-24
1.754E+00  8.052E-23  3.746E-15  3.746E-15  2.108E-24
1.738E+00  7.340E-23  3.383E-15  3.383E-15  1.572E-24
1.722E+00  6.683E-23  3.052E-15  3.052E-15  1.172E-24
1.706E+00  6.078E-23  2.750E-15  2.750E-15  8.720E-25
1.690E+00  5.521E-23  2.476E-15  2.476E-15  6.481E-25
1.675E+00  5.010E-23  2.226E-15  2.226E-15  4.812E-25
1.660E+00  4.541E-23  1.999E-15  1.999E-15  3.567E-25
1.644E+00  4.111E-23  1.793E-15  1.793E-15  2.641E-25
1.629E+00  3.717E-23  1.606E-15  1.606E-15  1.953E-25
1.614E+00  3.357E-23  1.437E-15  1.437E-15  1.442E-25
1.600E+00  3.028E-23  1.285E-15  1.285E-15  1.063E-25
1.585E+00  2.728E-23  1.147E-15  1.147E-15  7.821E-26
1.570E+00  2.455E-23  1.023E-15  1.023E-15  5.747E-26
1.556E+00  2.207E-23  9.108E-16  9.108E-16  4.216E-26
1.542E+00  1.981E-23  8.102E-16  8.102E-16  3.088E-26
1.528E+00  1.776E-23  7.198E-16  7.198E-16  2.257E-26
1.514E+00  1.591E-23  6.388E-16  6.388E-16  1.647E-26
1.500E+00  1.423E-23  5.662E-16  5.662E-16  1.200E-26
1.486E+00  1.272E-23  5.013E-16  5.013E-16  8.726E-27
1.472E+00  1.135E-23  4.432E-16  4.432E-16  6.333E-27
1.459E+00  1.011E-23  3.914E-16  3.914E-16  4.588E-27
1.445E+00  9.005E-24  3.453E-16  3.453E-16  3.317E-27
1.432E+00  8.007E-24  3.042E-16  3.042E-16  2.394E-27
1.419E+00  7.111E-24  2.677E-16  2.677E-16  1.724E-27
1.406E+00  6.308E-24  2.353E-16  2.353E-16  1.239E-27
1.393E+00  5.588E-24  2.065E-16  2.065E-16  8.881E-28
1.380E+00  4.945E-24  1.811E-16  1.811E-16  6.355E-28
1.368E+00  4.370E-24  1.585E-16  1.585E-16  4.537E-28
1.355E+00  3.857E-24  1.386E-16  1.386E-16  3.231E-28
1.343E+00  3.400E-24  1.211E-16  1.211E-16  2.297E-28
1.330E+00  2.994E-24  1.057E-16  1.057E-16  1.628E-28
1.318E+00  2.633E-24  9.206E-17  9.206E-17  1.152E-28
1.306E+00  2.312E-24  8.009E-17  8.009E-17  8.130E-29
1.294E+00  2.026E-24  6.955E-17  6.955E-17  5.725E-29
1.282E+00  1.771E-24  6.025E-17  6.025E-17  4.022E-29
1.271E+00  1.544E-24  5.204E-17  5.204E-17  2.819E-29
1.259E+00  1.342E-24  4.481E-17  4.481E-17  1.971E-29
1.247E+00  1.163E-24  3.848E-17  3.848E-17  1.375E-29
1.236E+00  1.005E-24  3.296E-17  3.296E-17  9.567E-30
1.225E+00  8.680E-25  2.820E-17  2.820E-17  6.642E-30
1.213E+00  7.490E-25  2.411E-17  2.411E-17  4.599E-30
1.202E+00  6.460E-25  2.060E-17  2.060E-17  3.176E-30
1.191E+00  5.572E-25  1.761E-17  1.761E-17  2.188E-30
1.180E+00  4.804E-25  1.504E-17  1.504E-17  1.503E-30
1.169E+00  4.143E-25  1.285E-17  1.285E-17  1.030E-30
1.159E+00  3.573E-25  1.098E-17  1.098E-17  7.042E-31
1.148E+00  3.082E-25  9.386E-18  9.386E-18  4.800E-31
1.138E+00  2.660E-25  8.028E-18  8.028E-18  3.263E-31
1.127E+00  2.299E-25  6.874E-18  6.874E-18  2.212E-31
1.117E+00  1.991E-25  5.897E-18  5.897E-18  1.495E-31
1.107E+00  1.728E-25  5.072E-18  5.072E-18  1.008E-31
1.096E+00  1.505E-25  4.377E-18  4.377E-18  6.779E-32
1.086E+00  1.317E-25  3.796E-18  3.796E-18  4.545E-32
1.076E+00  1.160E-25  3.311E-18  3.311E-18  3.039E-32
1.067E+00  1.029E-25  2.910E-18  2.910E-18  2.026E-32
1.057E+00  9.191E-26  2.576E-18  2.576E-18  1.347E-32
1.047E+00  8.274E-26  2.298E-18  2.298E-18  8.926E-33
1.038E+00  7.519E-26  2.069E-18  2.069E-18  5.899E-33
1.028E+00  6.915E-26  1.886E-18  1.886E-18  3.888E-33
1.019E+00  6.434E-26  1.738E-18  1.738E-18  2.554E-33
1.009E+00  6.035E-26  1.616E-18  1.616E-18  1.673E-33
1.000E+00  5.679E-26  1.506E-18  1.506E-18  1.093E-33
