Dust emission spectrum from Draine,B.T., & Li, A. (2007), ApJ, in press [astro-ph/0608003]
==========================================================
         7 = grain model
 4.000E-08 4.000E-01 4.500E-05 = a_01 (cm) , sigma_1 , b_C1
 2.000E-07 5.500E-01 1.500E-05 = a_02 (cm) , sigma_2 , b_C2
 2.000E+01 2.000E+01 1.000E+00 = Umin , Umax, beta (dN/dU propto U^{-beta})
 2.000E+01 = <U>       mmp83 = radfield
 2.000E-07 2.000E-06 = a_{min} (cm), a_{max} (cm)
 1.389E-23 8.777E-24 5.111E-24 = P(tot)  P(carb)  P(sil) (erg s-1 H-1)
 band     <nu*P_nu> <j_nu(tot)><j_nu(carb)><j_nu(sil)>
 (um)   (erg s-1 H-1)(Jy/(sr*H))(Jy/(sr*H))(Jy/(sr*H))
1.270E+00  1.868E-44  6.292E-37  6.292E-37  1.497E-47 COBE-DIRBE
2.220E+00  4.294E-37  2.529E-29  2.529E-29  2.688E-36 COBE-DIRBE
3.530E+00  4.063E-32  3.805E-24  3.805E-24  9.561E-29 COBE-DIRBE
4.880E+00  1.117E-29  1.446E-21  1.446E-21  1.489E-25 COBE-DIRBE
1.229E+01  4.235E-25  1.381E-16  1.356E-16  2.428E-18 COBE-DIRBE
2.079E+01  2.196E-24  1.211E-15  1.130E-15  8.131E-17 COBE-DIRBE
5.599E+01  9.131E-24  1.356E-14  8.807E-15  4.753E-15 COBE-DIRBE
9.770E+01  6.054E-24  1.569E-14  6.109E-15  9.580E-15 COBE-DIRBE
1.479E+02  2.564E-24  1.006E-14  2.966E-15  7.094E-15 COBE-DIRBE
2.479E+02  5.244E-25  3.448E-15  8.497E-16  2.598E-15 COBE-DIRBE
1.200E+01  2.602E-25  8.282E-17  8.179E-17  1.028E-18 IRAS
2.500E+01  2.823E-24  1.872E-15  1.720E-15  1.517E-16 IRAS
6.000E+01  8.951E-24  1.425E-14  8.822E-15  5.424E-15 IRAS
1.000E+02  5.815E-24  1.543E-14  5.854E-15  9.571E-15 IRAS
3.550E+00  3.447E-32  3.246E-24  3.246E-24  5.969E-29 SST-IRAC
4.493E+00  2.478E-30  2.953E-22  2.953E-22  3.506E-26 SST-IRAC
5.731E+00  1.057E-27  1.606E-19  1.606E-19  6.536E-24 SST-IRAC
7.872E+00  4.010E-26  8.374E-18  8.352E-18  2.167E-20 SST-IRAC
2.368E+01  2.677E-24  1.682E-15  1.544E-15  1.377E-16 SST-MIPS
7.142E+01  7.829E-24  1.483E-14  7.600E-15  7.231E-15 SST-MIPS
1.559E+02  2.021E-24  8.357E-15  2.337E-15  6.020E-15 SST-MIPS
1.600E+01  1.108E-24  4.703E-16  4.541E-16  1.614E-17 SST-IRSPU
2.200E+01  2.559E-24  1.494E-15  1.377E-15  1.168E-16 SST-IRSPU
7.500E+01  6.788E-24  1.350E-14  6.935E-15  6.569E-15 Herschel-PACS
1.100E+02  4.160E-24  1.214E-14  4.521E-15  7.617E-15 Herschel-PACS
1.700E+02  1.541E-24  6.949E-15  1.953E-15  4.996E-15 Herschel-PACS
2.500E+02  4.291E-25  2.846E-15  6.903E-16  2.155E-15 Herschel-SPIRE
3.600E+02  9.725E-26  9.287E-16  2.249E-16  7.037E-16 Herschel-SPIRE
5.200E+02  2.082E-26  2.872E-16  6.796E-17  2.192E-16 Herschel-SPIRE
2.400E+00  9.207E-32  5.861E-24  5.861E-24  5.738E-28 Akari IRC NIR N2
3.200E+00  8.408E-32  7.137E-24  7.136E-24  5.843E-28 Akari IRC NIR N3
4.100E+00  5.060E-30  5.503E-22  5.502E-22  5.401E-26 Akari IRC NIR N4
7.000E+00  3.575E-26  6.638E-18  6.598E-18  3.993E-20 Akari IRC MIR-S S7
9.000E+00  7.918E-26  1.890E-17  1.870E-17  2.069E-19 Akari IRC MIR-S S9W
1.100E+01  2.006E-25  5.855E-17  5.783E-17  7.121E-19 Akari IRC MIR-S S11
1.500E+01  1.212E-24  4.822E-16  4.646E-16  1.753E-17 Akari IRC MIR-L L15
1.800E+01  1.865E-24  8.905E-16  8.353E-16  5.520E-17 Akari IRC MIR-L L18W
2.400E+01  2.602E-24  1.657E-15  1.525E-15  1.313E-16 Akari IRC MIR-L L24
6.500E+01  8.901E-24  1.535E-14  8.465E-15  6.881E-15 Akari FIS N60
8.000E+01  7.074E-24  1.501E-14  6.689E-15  8.322E-15 Akari FIS WIDE-S
1.400E+02  2.537E-24  9.420E-15  2.754E-15  6.666E-15 Akari FIS WIDE-L
1.600E+02  1.871E-24  7.942E-15  2.174E-15  5.767E-15 Akari FIS N160






lambda    nu*dP/dnu     j_nu    j_nu(carb.) j_nu(sil)
 (um)    (erg/(s*H)) (Jy/(sr*H) (Jy/(sr*H)) (Jy/(sr*H)
1.000E+04  8.066E-32  2.140E-20  1.863E-21  1.953E-20
9.908E+03  8.360E-32  2.197E-20  1.919E-21  2.005E-20
9.817E+03  8.664E-32  2.256E-20  1.976E-21  2.059E-20
9.727E+03  8.980E-32  2.317E-20  2.036E-21  2.113E-20
9.638E+03  9.306E-32  2.379E-20  2.097E-21  2.170E-20
9.550E+03  9.645E-32  2.443E-20  2.160E-21  2.227E-20
9.462E+03  9.996E-32  2.509E-20  2.225E-21  2.287E-20
9.376E+03  1.036E-31  2.577E-20  2.292E-21  2.347E-20
9.290E+03  1.074E-31  2.646E-20  2.361E-21  2.410E-20
9.204E+03  1.113E-31  2.717E-20  2.432E-21  2.474E-20
9.120E+03  1.153E-31  2.790E-20  2.505E-21  2.540E-20
9.036E+03  1.195E-31  2.865E-20  2.581E-21  2.607E-20
8.954E+03  1.239E-31  2.942E-20  2.658E-21  2.676E-20
8.872E+03  1.283E-31  3.020E-20  2.739E-21  2.746E-20
8.790E+03  1.330E-31  3.101E-20  2.821E-21  2.819E-20
8.710E+03  1.378E-31  3.184E-20  2.907E-21  2.893E-20
8.630E+03  1.428E-31  3.269E-20  2.995E-21  2.970E-20
8.551E+03  1.480E-31  3.357E-20  3.085E-21  3.048E-20
8.472E+03  1.534E-31  3.446E-20  3.179E-21  3.129E-20
8.395E+03  1.589E-31  3.539E-20  3.275E-21  3.211E-20
8.318E+03  1.647E-31  3.634E-20  3.374E-21  3.296E-20
8.241E+03  1.707E-31  3.732E-20  3.476E-21  3.384E-20
8.166E+03  1.769E-31  3.832E-20  3.582E-21  3.474E-20
8.091E+03  1.833E-31  3.935E-20  3.691E-21  3.566E-20
8.017E+03  1.900E-31  4.041E-20  3.803E-21  3.661E-20
7.943E+03  1.970E-31  4.150E-20  3.919E-21  3.758E-20
7.870E+03  2.041E-31  4.262E-20  4.038E-21  3.858E-20
7.798E+03  2.116E-31  4.377E-20  4.161E-21  3.961E-20
7.727E+03  2.193E-31  4.495E-20  4.287E-21  4.067E-20
7.656E+03  2.274E-31  4.617E-20  4.418E-21  4.175E-20
7.586E+03  2.357E-31  4.742E-20  4.553E-21  4.287E-20
7.516E+03  2.443E-31  4.871E-20  4.692E-21  4.402E-20
7.447E+03  2.533E-31  5.003E-20  4.835E-21  4.519E-20
7.379E+03  2.625E-31  5.139E-20  4.983E-21  4.640E-20
7.311E+03  2.722E-31  5.278E-20  5.135E-21  4.765E-20
7.244E+03  2.822E-31  5.422E-20  5.292E-21  4.893E-20
7.178E+03  2.925E-31  5.570E-20  5.455E-21  5.024E-20
7.112E+03  3.033E-31  5.721E-20  5.622E-21  5.159E-20
7.047E+03  3.144E-31  5.877E-20  5.794E-21  5.298E-20
6.982E+03  3.260E-31  6.038E-20  5.972E-21  5.441E-20
6.918E+03  3.380E-31  6.202E-20  6.155E-21  5.587E-20
6.855E+03  3.504E-31  6.371E-20  6.344E-21  5.737E-20
6.792E+03  3.633E-31  6.545E-20  6.539E-21  5.891E-20
6.730E+03  3.767E-31  6.724E-20  6.741E-21  6.050E-20
6.668E+03  3.905E-31  6.908E-20  6.948E-21  6.213E-20
6.607E+03  4.049E-31  7.097E-20  7.162E-21  6.381E-20
6.546E+03  4.199E-31  7.291E-20  7.383E-21  6.553E-20
6.486E+03  4.354E-31  7.491E-20  7.611E-21  6.730E-20
6.427E+03  4.515E-31  7.697E-20  7.846E-21  6.912E-20
6.368E+03  4.682E-31  7.908E-20  8.088E-21  7.100E-20
6.310E+03  4.855E-31  8.126E-20  8.339E-21  7.292E-20
6.252E+03  5.035E-31  8.350E-20  8.597E-21  7.490E-20
6.194E+03  5.222E-31  8.580E-20  8.863E-21  7.694E-20
6.138E+03  5.415E-31  8.817E-20  9.137E-21  7.903E-20
6.081E+03  5.616E-31  9.060E-20  9.421E-21  8.118E-20
6.026E+03  5.825E-31  9.310E-20  9.713E-21  8.339E-20
5.970E+03  6.042E-31  9.568E-20  1.001E-20  8.566E-20
5.916E+03  6.266E-31  9.833E-20  1.033E-20  8.800E-20
5.861E+03  6.500E-31  1.011E-19  1.065E-20  9.041E-20
5.808E+03  6.742E-31  1.039E-19  1.098E-20  9.288E-20
5.754E+03  6.993E-31  1.067E-19  1.132E-20  9.542E-20
5.702E+03  7.254E-31  1.097E-19  1.167E-20  9.803E-20
5.649E+03  7.525E-31  1.128E-19  1.204E-20  1.007E-19
5.598E+03  7.806E-31  1.159E-19  1.241E-20  1.035E-19
5.546E+03  8.097E-31  1.191E-19  1.280E-20  1.063E-19
5.495E+03  8.400E-31  1.225E-19  1.320E-20  1.093E-19
5.445E+03  8.715E-31  1.259E-19  1.362E-20  1.123E-19
5.395E+03  9.041E-31  1.294E-19  1.404E-20  1.153E-19
5.346E+03  9.380E-31  1.330E-19  1.448E-20  1.185E-19
5.297E+03  9.732E-31  1.367E-19  1.494E-20  1.218E-19
5.248E+03  1.010E-30  1.406E-19  1.540E-20  1.252E-19
5.200E+03  1.048E-30  1.445E-19  1.589E-20  1.286E-19
5.152E+03  1.087E-30  1.486E-19  1.639E-20  1.322E-19
5.105E+03  1.128E-30  1.527E-19  1.690E-20  1.358E-19
5.058E+03  1.170E-30  1.570E-19  1.744E-20  1.396E-19
5.012E+03  1.214E-30  1.614E-19  1.799E-20  1.435E-19
4.966E+03  1.260E-30  1.660E-19  1.855E-20  1.474E-19
4.920E+03  1.308E-30  1.707E-19  1.914E-20  1.515E-19
4.875E+03  1.357E-30  1.755E-19  1.974E-20  1.557E-19
4.831E+03  1.408E-30  1.804E-19  2.037E-20  1.601E-19
4.786E+03  1.461E-30  1.855E-19  2.101E-20  1.645E-19
4.742E+03  1.516E-30  1.908E-19  2.168E-20  1.691E-19
4.699E+03  1.574E-30  1.962E-19  2.237E-20  1.738E-19
4.656E+03  1.633E-30  2.017E-19  2.307E-20  1.786E-19
4.613E+03  1.695E-30  2.074E-19  2.381E-20  1.836E-19
4.571E+03  1.759E-30  2.133E-19  2.456E-20  1.888E-19
4.529E+03  1.826E-30  2.194E-19  2.534E-20  1.940E-19
4.487E+03  1.896E-30  2.256E-19  2.615E-20  1.995E-19
4.446E+03  1.968E-30  2.321E-19  2.698E-20  2.051E-19
4.406E+03  2.042E-30  2.387E-19  2.784E-20  2.108E-19
4.365E+03  2.120E-30  2.455E-19  2.873E-20  2.167E-19
4.325E+03  2.201E-30  2.525E-19  2.965E-20  2.228E-19
4.285E+03  2.285E-30  2.597E-19  3.060E-20  2.291E-19
4.246E+03  2.372E-30  2.671E-19  3.158E-20  2.356E-19
4.207E+03  2.462E-30  2.748E-19  3.259E-20  2.422E-19
4.169E+03  2.556E-30  2.827E-19  3.363E-20  2.490E-19
4.130E+03  2.654E-30  2.908E-19  3.471E-20  2.561E-19
4.093E+03  2.756E-30  2.992E-19  3.582E-20  2.633E-19
4.055E+03  2.861E-30  3.078E-19  3.698E-20  2.708E-19
4.018E+03  2.971E-30  3.166E-19  3.816E-20  2.785E-19
3.981E+03  3.085E-30  3.257E-19  3.939E-20  2.863E-19
3.945E+03  3.203E-30  3.351E-19  4.066E-20  2.944E-19
3.908E+03  3.325E-30  3.448E-19  4.197E-20  3.028E-19
3.873E+03  3.453E-30  3.547E-19  4.333E-20  3.114E-19
3.837E+03  3.585E-30  3.649E-19  4.472E-20  3.202E-19
3.802E+03  3.723E-30  3.755E-19  4.617E-20  3.293E-19
3.767E+03  3.866E-30  3.864E-19  4.766E-20  3.387E-19
3.733E+03  4.015E-30  3.975E-19  4.921E-20  3.483E-19
3.698E+03  4.170E-30  4.091E-19  5.080E-20  3.583E-19
3.664E+03  4.331E-30  4.210E-19  5.245E-20  3.685E-19
3.631E+03  4.498E-30  4.332E-19  5.415E-20  3.791E-19
3.597E+03  4.672E-30  4.458E-19  5.591E-20  3.899E-19
3.565E+03  4.853E-30  4.588E-19  5.773E-20  4.011E-19
3.532E+03  5.040E-30  4.722E-19  5.960E-20  4.126E-19
3.499E+03  5.236E-30  4.860E-19  6.155E-20  4.245E-19
3.467E+03  5.439E-30  5.002E-19  6.355E-20  4.367E-19
3.436E+03  5.650E-30  5.149E-19  6.563E-20  4.492E-19
3.404E+03  5.869E-30  5.300E-19  6.777E-20  4.622E-19
3.373E+03  6.097E-30  5.455E-19  6.998E-20  4.755E-19
3.342E+03  6.335E-30  5.616E-19  7.227E-20  4.893E-19
3.311E+03  6.581E-30  5.781E-19  7.464E-20  5.034E-19
3.281E+03  6.838E-30  5.951E-19  7.708E-20  5.180E-19
3.251E+03  7.105E-30  6.126E-19  7.961E-20  5.330E-19
3.221E+03  7.382E-30  6.307E-19  8.222E-20  5.485E-19
3.192E+03  7.670E-30  6.494E-19  8.493E-20  5.644E-19
3.162E+03  7.970E-30  6.686E-19  8.772E-20  5.809E-19
3.133E+03  8.282E-30  6.884E-19  9.060E-20  5.978E-19
3.105E+03  8.607E-30  7.088E-19  9.359E-20  6.152E-19
3.076E+03  8.944E-30  7.298E-19  9.667E-20  6.331E-19
3.048E+03  9.295E-30  7.515E-19  9.986E-20  6.516E-19
3.020E+03  9.660E-30  7.738E-19  1.032E-19  6.707E-19
2.992E+03  1.004E-29  7.968E-19  1.066E-19  6.903E-19
2.965E+03  1.043E-29  8.205E-19  1.101E-19  7.104E-19
2.938E+03  1.084E-29  8.448E-19  1.137E-19  7.311E-19
2.911E+03  1.127E-29  8.699E-19  1.175E-19  7.524E-19
2.884E+03  1.171E-29  8.958E-19  1.214E-19  7.744E-19
2.858E+03  1.217E-29  9.225E-19  1.254E-19  7.971E-19
2.831E+03  1.265E-29  9.500E-19  1.296E-19  8.204E-19
2.805E+03  1.315E-29  9.784E-19  1.339E-19  8.445E-19
2.780E+03  1.367E-29  1.008E-18  1.384E-19  8.693E-19
2.754E+03  1.421E-29  1.038E-18  1.430E-19  8.949E-19
2.729E+03  1.477E-29  1.069E-18  1.477E-19  9.212E-19
2.704E+03  1.535E-29  1.101E-18  1.527E-19  9.484E-19
2.679E+03  1.596E-29  1.134E-18  1.578E-19  9.763E-19
2.655E+03  1.659E-29  1.168E-18  1.630E-19  1.005E-18
2.630E+03  1.725E-29  1.203E-18  1.685E-19  1.035E-18
2.606E+03  1.793E-29  1.240E-18  1.741E-19  1.066E-18
2.582E+03  1.864E-29  1.277E-18  1.800E-19  1.097E-18
2.559E+03  1.939E-29  1.316E-18  1.860E-19  1.130E-18
2.535E+03  2.016E-29  1.355E-18  1.922E-19  1.163E-18
2.512E+03  2.096E-29  1.396E-18  1.987E-19  1.198E-18
2.489E+03  2.179E-29  1.439E-18  2.054E-19  1.233E-18
2.466E+03  2.266E-29  1.482E-18  2.123E-19  1.270E-18
2.443E+03  2.357E-29  1.527E-18  2.194E-19  1.308E-18
2.421E+03  2.451E-29  1.574E-18  2.268E-19  1.347E-18
2.399E+03  2.549E-29  1.622E-18  2.344E-19  1.387E-18
2.377E+03  2.651E-29  1.671E-18  2.423E-19  1.429E-18
2.355E+03  2.757E-29  1.722E-18  2.505E-19  1.472E-18
2.333E+03  2.867E-29  1.775E-18  2.590E-19  1.516E-18
2.312E+03  2.982E-29  1.829E-18  2.677E-19  1.561E-18
2.291E+03  3.102E-29  1.885E-18  2.768E-19  1.608E-18
2.270E+03  3.226E-29  1.942E-18  2.862E-19  1.656E-18
2.249E+03  3.356E-29  2.002E-18  2.959E-19  1.706E-18
2.228E+03  3.491E-29  2.063E-18  3.059E-19  1.757E-18
2.208E+03  3.631E-29  2.127E-18  3.163E-19  1.810E-18
2.188E+03  3.777E-29  2.192E-18  3.270E-19  1.865E-18
2.168E+03  3.929E-29  2.259E-18  3.381E-19  1.921E-18
2.148E+03  4.087E-29  2.329E-18  3.496E-19  1.979E-18
2.128E+03  4.252E-29  2.400E-18  3.615E-19  2.039E-18
2.109E+03  4.424E-29  2.474E-18  3.738E-19  2.101E-18
2.089E+03  4.602E-29  2.551E-18  3.866E-19  2.164E-18
2.070E+03  4.788E-29  2.629E-18  3.997E-19  2.230E-18
2.051E+03  4.982E-29  2.711E-18  4.134E-19  2.297E-18
2.032E+03  5.183E-29  2.794E-18  4.275E-19  2.367E-18
2.014E+03  5.393E-29  2.881E-18  4.421E-19  2.439E-18
1.995E+03  5.612E-29  2.970E-18  4.572E-19  2.513E-18
1.977E+03  5.839E-29  3.062E-18  4.728E-19  2.589E-18
1.959E+03  6.075E-29  3.157E-18  4.890E-19  2.668E-18
1.941E+03  6.321E-29  3.255E-18  5.058E-19  2.749E-18
1.923E+03  6.578E-29  3.355E-18  5.231E-19  2.832E-18
1.905E+03  6.845E-29  3.460E-18  5.410E-19  2.919E-18
1.888E+03  7.123E-29  3.567E-18  5.596E-19  3.007E-18
1.871E+03  7.412E-29  3.678E-18  5.788E-19  3.099E-18
1.854E+03  7.713E-29  3.792E-18  5.987E-19  3.194E-18
1.837E+03  8.027E-29  3.910E-18  6.193E-19  3.291E-18
1.820E+03  8.354E-29  4.032E-18  6.406E-19  3.392E-18
1.803E+03  8.694E-29  4.158E-18  6.626E-19  3.495E-18
1.786E+03  9.048E-29  4.288E-18  6.854E-19  3.602E-18
1.770E+03  9.417E-29  4.421E-18  7.090E-19  3.712E-18
1.754E+03  9.801E-29  4.560E-18  7.334E-19  3.826E-18
1.738E+03  1.020E-28  4.702E-18  7.587E-19  3.943E-18
1.722E+03  1.062E-28  4.849E-18  7.849E-19  4.064E-18
1.706E+03  1.105E-28  5.001E-18  8.120E-19  4.189E-18
1.690E+03  1.150E-28  5.157E-18  8.400E-19  4.317E-18
1.675E+03  1.197E-28  5.319E-18  8.690E-19  4.450E-18
1.660E+03  1.246E-28  5.486E-18  8.990E-19  4.586E-18
1.644E+03  1.297E-28  5.657E-18  9.301E-19  4.727E-18
1.629E+03  1.350E-28  5.835E-18  9.623E-19  4.873E-18
1.614E+03  1.405E-28  6.018E-18  9.956E-19  5.022E-18
1.600E+03  1.463E-28  6.207E-18  1.030E-18  5.177E-18
1.585E+03  1.523E-28  6.402E-18  1.066E-18  5.336E-18
1.570E+03  1.585E-28  6.603E-18  1.103E-18  5.500E-18
1.556E+03  1.650E-28  6.810E-18  1.141E-18  5.670E-18
1.542E+03  1.718E-28  7.024E-18  1.180E-18  5.844E-18
1.528E+03  1.788E-28  7.245E-18  1.221E-18  6.024E-18
1.514E+03  1.861E-28  7.473E-18  1.264E-18  6.209E-18
1.500E+03  1.938E-28  7.708E-18  1.307E-18  6.401E-18
1.486E+03  2.017E-28  7.951E-18  1.353E-18  6.598E-18
1.472E+03  2.100E-28  8.202E-18  1.400E-18  6.802E-18
1.459E+03  2.186E-28  8.460E-18  1.448E-18  7.012E-18
1.445E+03  2.276E-28  8.727E-18  1.499E-18  7.229E-18
1.432E+03  2.370E-28  9.002E-18  1.551E-18  7.452E-18
1.419E+03  2.467E-28  9.287E-18  1.604E-18  7.682E-18
1.406E+03  2.569E-28  9.580E-18  1.660E-18  7.920E-18
1.393E+03  2.674E-28  9.882E-18  1.718E-18  8.164E-18
1.380E+03  2.784E-28  1.019E-17  1.778E-18  8.417E-18
1.368E+03  2.899E-28  1.052E-17  1.839E-18  8.677E-18
1.355E+03  3.018E-28  1.085E-17  1.903E-18  8.946E-18
1.343E+03  3.142E-28  1.119E-17  1.970E-18  9.222E-18
1.330E+03  3.272E-28  1.155E-17  2.038E-18  9.508E-18
1.318E+03  3.406E-28  1.191E-17  2.109E-18  9.802E-18
1.306E+03  3.546E-28  1.229E-17  2.182E-18  1.011E-17
1.294E+03  3.692E-28  1.268E-17  2.258E-18  1.042E-17
1.282E+03  3.845E-28  1.308E-17  2.337E-18  1.074E-17
1.271E+03  4.003E-28  1.349E-17  2.418E-18  1.107E-17
1.259E+03  4.168E-28  1.392E-17  2.502E-18  1.142E-17
1.247E+03  4.339E-28  1.436E-17  2.589E-18  1.177E-17
1.236E+03  4.518E-28  1.481E-17  2.679E-18  1.213E-17
1.225E+03  4.704E-28  1.528E-17  2.772E-18  1.251E-17
1.213E+03  4.897E-28  1.576E-17  2.869E-18  1.289E-17
1.202E+03  5.099E-28  1.626E-17  2.969E-18  1.329E-17
1.191E+03  5.309E-28  1.678E-17  3.072E-18  1.370E-17
1.180E+03  5.527E-28  1.731E-17  3.179E-18  1.413E-17
1.169E+03  5.755E-28  1.785E-17  3.289E-18  1.456E-17
1.159E+03  5.992E-28  1.842E-17  3.404E-18  1.501E-17
1.148E+03  6.238E-28  1.900E-17  3.522E-18  1.548E-17
1.138E+03  6.495E-28  1.960E-17  3.644E-18  1.596E-17
1.127E+03  6.762E-28  2.022E-17  3.771E-18  1.645E-17
1.117E+03  7.040E-28  2.086E-17  3.902E-18  1.696E-17
1.107E+03  7.330E-28  2.152E-17  4.038E-18  1.748E-17
1.096E+03  7.631E-28  2.220E-17  4.178E-18  1.802E-17
1.086E+03  7.945E-28  2.290E-17  4.323E-18  1.857E-17
1.076E+03  8.271E-28  2.362E-17  4.473E-18  1.915E-17
1.067E+03  8.611E-28  2.436E-17  4.628E-18  1.974E-17
1.057E+03  8.965E-28  2.513E-17  4.789E-18  2.034E-17
1.047E+03  9.333E-28  2.592E-17  4.955E-18  2.097E-17
1.038E+03  9.716E-28  2.674E-17  5.127E-18  2.161E-17
1.028E+03  1.011E-27  2.758E-17  5.304E-18  2.228E-17
1.019E+03  1.053E-27  2.845E-17  5.488E-18  2.296E-17
1.009E+03  1.096E-27  2.935E-17  5.678E-18  2.367E-17
1.000E+03  1.141E-27  3.027E-17  5.875E-18  2.439E-17
9.908E+02  1.188E-27  3.122E-17  6.078E-18  2.514E-17
9.817E+02  1.237E-27  3.220E-17  6.288E-18  2.592E-17
9.727E+02  1.287E-27  3.322E-17  6.506E-18  2.671E-17
9.638E+02  1.340E-27  3.426E-17  6.731E-18  2.753E-17
9.550E+02  1.395E-27  3.534E-17  6.963E-18  2.838E-17
9.462E+02  1.452E-27  3.645E-17  7.204E-18  2.925E-17
9.376E+02  1.512E-27  3.760E-17  7.452E-18  3.015E-17
9.290E+02  1.574E-27  3.878E-17  7.709E-18  3.107E-17
9.204E+02  1.638E-27  4.000E-17  7.975E-18  3.202E-17
9.120E+02  1.705E-27  4.125E-17  8.250E-18  3.300E-17
9.036E+02  1.775E-27  4.254E-17  8.534E-18  3.401E-17
8.954E+02  1.847E-27  4.388E-17  8.828E-18  3.505E-17
8.872E+02  1.923E-27  4.525E-17  9.132E-18  3.612E-17
8.790E+02  2.001E-27  4.666E-17  9.446E-18  3.721E-17
8.710E+02  2.083E-27  4.812E-17  9.770E-18  3.835E-17
8.630E+02  2.168E-27  4.962E-17  1.011E-17  3.951E-17
8.551E+02  2.256E-27  5.116E-17  1.045E-17  4.071E-17
8.472E+02  2.348E-27  5.276E-17  1.081E-17  4.195E-17
8.395E+02  2.443E-27  5.440E-17  1.118E-17  4.322E-17
8.318E+02  2.542E-27  5.609E-17  1.156E-17  4.452E-17
8.241E+02  2.645E-27  5.783E-17  1.196E-17  4.587E-17
8.166E+02  2.753E-27  5.962E-17  1.237E-17  4.725E-17
8.091E+02  2.864E-27  6.147E-17  1.279E-17  4.868E-17
8.017E+02  2.980E-27  6.337E-17  1.323E-17  5.014E-17
7.943E+02  3.101E-27  6.533E-17  1.368E-17  5.165E-17
7.870E+02  3.226E-27  6.735E-17  1.415E-17  5.320E-17
7.798E+02  3.356E-27  6.943E-17  1.463E-17  5.480E-17
7.727E+02  3.492E-27  7.157E-17  1.513E-17  5.644E-17
7.656E+02  3.633E-27  7.377E-17  1.564E-17  5.813E-17
7.586E+02  3.779E-27  7.604E-17  1.617E-17  5.987E-17
7.516E+02  3.932E-27  7.838E-17  1.672E-17  6.166E-17
7.447E+02  4.090E-27  8.080E-17  1.729E-17  6.351E-17
7.379E+02  4.255E-27  8.329E-17  1.788E-17  6.541E-17
7.311E+02  4.427E-27  8.586E-17  1.848E-17  6.738E-17
7.244E+02  4.606E-27  8.851E-17  1.911E-17  6.940E-17
7.178E+02  4.792E-27  9.123E-17  1.975E-17  7.148E-17
7.112E+02  4.985E-27  9.405E-17  2.042E-17  7.363E-17
7.047E+02  5.186E-27  9.694E-17  2.111E-17  7.583E-17
6.982E+02  5.395E-27  9.993E-17  2.182E-17  7.811E-17
6.918E+02  5.613E-27  1.030E-16  2.256E-17  8.045E-17
6.855E+02  5.839E-27  1.062E-16  2.332E-17  8.286E-17
6.792E+02  6.075E-27  1.094E-16  2.410E-17  8.535E-17
6.730E+02  6.319E-27  1.128E-16  2.491E-17  8.789E-17
6.668E+02  6.573E-27  1.163E-16  2.574E-17  9.051E-17
6.607E+02  6.837E-27  1.198E-16  2.661E-17  9.321E-17
6.546E+02  7.112E-27  1.235E-16  2.750E-17  9.601E-17
6.486E+02  7.400E-27  1.273E-16  2.842E-17  9.890E-17
6.427E+02  7.699E-27  1.312E-16  2.937E-17  1.019E-16
6.368E+02  8.009E-27  1.353E-16  3.035E-17  1.049E-16
6.310E+02  8.333E-27  1.395E-16  3.136E-17  1.081E-16
6.252E+02  8.669E-27  1.438E-16  3.240E-17  1.114E-16
6.194E+02  9.019E-27  1.482E-16  3.348E-17  1.147E-16
6.138E+02  9.384E-27  1.528E-16  3.459E-17  1.182E-16
6.081E+02  9.763E-27  1.575E-16  3.574E-17  1.217E-16
6.026E+02  1.016E-26  1.623E-16  3.693E-17  1.254E-16
5.970E+02  1.057E-26  1.673E-16  3.815E-17  1.292E-16
5.916E+02  1.099E-26  1.725E-16  3.941E-17  1.331E-16
5.861E+02  1.144E-26  1.778E-16  4.071E-17  1.371E-16
5.808E+02  1.190E-26  1.833E-16  4.206E-17  1.413E-16
5.754E+02  1.238E-26  1.890E-16  4.344E-17  1.455E-16
5.702E+02  1.288E-26  1.948E-16  4.487E-17  1.499E-16
5.649E+02  1.340E-26  2.008E-16  4.635E-17  1.545E-16
5.598E+02  1.394E-26  2.070E-16  4.787E-17  1.591E-16
5.546E+02  1.450E-26  2.134E-16  4.944E-17  1.639E-16
5.495E+02  1.509E-26  2.200E-16  5.106E-17  1.689E-16
5.445E+02  1.570E-26  2.268E-16  5.273E-17  1.740E-16
5.395E+02  1.633E-26  2.338E-16  5.445E-17  1.793E-16
5.346E+02  1.699E-26  2.410E-16  5.623E-17  1.847E-16
5.297E+02  1.768E-26  2.484E-16  5.806E-17  1.903E-16
5.248E+02  1.839E-26  2.561E-16  5.995E-17  1.961E-16
5.200E+02  1.914E-26  2.640E-16  6.190E-17  2.021E-16
5.152E+02  1.991E-26  2.721E-16  6.391E-17  2.082E-16
5.105E+02  2.071E-26  2.805E-16  6.598E-17  2.145E-16
5.058E+02  2.155E-26  2.891E-16  6.811E-17  2.210E-16
5.012E+02  2.242E-26  2.981E-16  7.031E-17  2.277E-16
4.966E+02  2.332E-26  3.072E-16  7.258E-17  2.347E-16
4.920E+02  2.427E-26  3.167E-16  7.492E-17  2.418E-16
4.875E+02  2.524E-26  3.265E-16  7.733E-17  2.491E-16
4.831E+02  2.626E-26  3.365E-16  7.982E-17  2.567E-16
4.786E+02  2.732E-26  3.469E-16  8.238E-17  2.645E-16
4.742E+02  2.842E-26  3.575E-16  8.501E-17  2.725E-16
4.699E+02  2.957E-26  3.685E-16  8.773E-17  2.808E-16
4.656E+02  3.076E-26  3.799E-16  9.054E-17  2.893E-16
4.613E+02  3.200E-26  3.915E-16  9.342E-17  2.981E-16
4.571E+02  3.329E-26  4.036E-16  9.640E-17  3.072E-16
4.529E+02  3.463E-26  4.160E-16  9.946E-17  3.165E-16
4.487E+02  3.602E-26  4.287E-16  1.026E-16  3.261E-16
4.446E+02  3.747E-26  4.419E-16  1.059E-16  3.360E-16
4.406E+02  3.897E-26  4.554E-16  1.092E-16  3.462E-16
4.365E+02  4.054E-26  4.694E-16  1.127E-16  3.567E-16
4.325E+02  4.217E-26  4.838E-16  1.162E-16  3.675E-16
4.285E+02  4.386E-26  4.986E-16  1.199E-16  3.787E-16
4.246E+02  4.562E-26  5.138E-16  1.236E-16  3.902E-16
4.207E+02  4.745E-26  5.295E-16  1.275E-16  4.020E-16
4.169E+02  4.935E-26  5.457E-16  1.315E-16  4.142E-16
4.130E+02  5.133E-26  5.624E-16  1.356E-16  4.268E-16
4.093E+02  5.339E-26  5.796E-16  1.399E-16  4.397E-16
4.055E+02  5.553E-26  5.973E-16  1.442E-16  4.531E-16
4.018E+02  5.775E-26  6.155E-16  1.487E-16  4.668E-16
3.981E+02  6.007E-26  6.343E-16  1.533E-16  4.810E-16
3.945E+02  6.247E-26  6.537E-16  1.581E-16  4.956E-16
3.908E+02  6.497E-26  6.736E-16  1.630E-16  5.106E-16
3.873E+02  6.757E-26  6.941E-16  1.680E-16  5.261E-16
3.837E+02  7.027E-26  7.152E-16  1.732E-16  5.421E-16
3.802E+02  7.308E-26  7.370E-16  1.785E-16  5.585E-16
3.767E+02  7.600E-26  7.594E-16  1.840E-16  5.754E-16
3.733E+02  7.903E-26  7.825E-16  1.896E-16  5.929E-16
3.698E+02  8.219E-26  8.062E-16  1.954E-16  6.108E-16
3.664E+02  8.546E-26  8.307E-16  2.014E-16  6.293E-16
3.631E+02  8.887E-26  8.559E-16  2.075E-16  6.483E-16
3.597E+02  9.240E-26  8.818E-16  2.138E-16  6.680E-16
3.565E+02  9.608E-26  9.085E-16  2.203E-16  6.881E-16
3.532E+02  9.990E-26  9.359E-16  2.270E-16  7.089E-16
3.499E+02  1.039E-25  9.642E-16  2.339E-16  7.303E-16
3.467E+02  1.080E-25  9.932E-16  2.409E-16  7.523E-16
3.436E+02  1.123E-25  1.023E-15  2.482E-16  7.750E-16
3.404E+02  1.167E-25  1.054E-15  2.556E-16  7.983E-16
3.373E+02  1.213E-25  1.086E-15  2.633E-16  8.223E-16
3.342E+02  1.261E-25  1.118E-15  2.711E-16  8.471E-16
3.311E+02  1.311E-25  1.152E-15  2.792E-16  8.725E-16
3.281E+02  1.363E-25  1.186E-15  2.875E-16  8.987E-16
3.251E+02  1.417E-25  1.222E-15  2.961E-16  9.256E-16
3.221E+02  1.473E-25  1.258E-15  3.048E-16  9.533E-16
3.192E+02  1.530E-25  1.296E-15  3.139E-16  9.818E-16
3.162E+02  1.591E-25  1.334E-15  3.231E-16  1.011E-15
3.133E+02  1.653E-25  1.374E-15  3.326E-16  1.041E-15
3.105E+02  1.718E-25  1.415E-15  3.424E-16  1.072E-15
3.076E+02  1.785E-25  1.457E-15  3.524E-16  1.104E-15
3.048E+02  1.855E-25  1.500E-15  3.627E-16  1.137E-15
3.020E+02  1.927E-25  1.544E-15  3.733E-16  1.171E-15
2.992E+02  2.003E-25  1.589E-15  3.841E-16  1.205E-15
2.965E+02  2.081E-25  1.636E-15  3.953E-16  1.241E-15
2.938E+02  2.162E-25  1.684E-15  4.067E-16  1.278E-15
2.911E+02  2.245E-25  1.734E-15  4.184E-16  1.315E-15
2.884E+02  2.333E-25  1.784E-15  4.305E-16  1.354E-15
2.858E+02  2.423E-25  1.837E-15  4.428E-16  1.394E-15
2.831E+02  2.517E-25  1.890E-15  4.555E-16  1.435E-15
2.805E+02  2.614E-25  1.945E-15  4.685E-16  1.477E-15
2.780E+02  2.715E-25  2.002E-15  4.818E-16  1.520E-15
2.754E+02  2.819E-25  2.060E-15  4.955E-16  1.564E-15
2.729E+02  2.928E-25  2.119E-15  5.095E-16  1.610E-15
2.704E+02  3.041E-25  2.181E-15  5.239E-16  1.657E-15
2.679E+02  3.158E-25  2.244E-15  5.387E-16  1.705E-15
2.655E+02  3.279E-25  2.309E-15  5.538E-16  1.755E-15
2.630E+02  3.405E-25  2.375E-15  5.693E-16  1.806E-15
2.606E+02  3.535E-25  2.444E-15  5.851E-16  1.859E-15
2.582E+02  3.670E-25  2.514E-15  6.014E-16  1.913E-15
2.559E+02  3.810E-25  2.586E-15  6.181E-16  1.967E-15
2.535E+02  3.953E-25  2.659E-15  6.352E-16  2.023E-15
2.512E+02  4.102E-25  2.733E-15  6.527E-16  2.080E-15
2.489E+02  4.253E-25  2.808E-15  6.706E-16  2.137E-15
2.466E+02  4.406E-25  2.882E-15  6.890E-16  2.193E-15
2.443E+02  4.563E-25  2.958E-15  7.078E-16  2.250E-15
2.421E+02  4.725E-25  3.035E-15  7.270E-16  2.308E-15
2.399E+02  4.891E-25  3.112E-15  7.467E-16  2.366E-15
2.377E+02  5.060E-25  3.190E-15  7.669E-16  2.423E-15
2.355E+02  5.233E-25  3.269E-15  7.876E-16  2.482E-15
2.333E+02  5.412E-25  3.350E-15  8.087E-16  2.541E-15
2.312E+02  5.596E-25  3.432E-15  8.303E-16  2.602E-15
2.291E+02  5.786E-25  3.516E-15  8.525E-16  2.664E-15
2.270E+02  5.982E-25  3.602E-15  8.751E-16  2.726E-15
2.249E+02  6.183E-25  3.689E-15  8.982E-16  2.790E-15
2.228E+02  6.391E-25  3.778E-15  9.219E-16  2.856E-15
2.208E+02  6.604E-25  3.868E-15  9.461E-16  2.922E-15
2.188E+02  6.824E-25  3.960E-15  9.709E-16  2.989E-15
2.168E+02  7.050E-25  4.054E-15  9.962E-16  3.058E-15
2.148E+02  7.283E-25  4.149E-15  1.022E-15  3.127E-15
2.128E+02  7.522E-25  4.246E-15  1.048E-15  3.198E-15
2.109E+02  7.769E-25  4.345E-15  1.075E-15  3.270E-15
2.089E+02  8.022E-25  4.446E-15  1.103E-15  3.342E-15
2.070E+02  8.282E-25  4.548E-15  1.131E-15  3.416E-15
2.051E+02  8.549E-25  4.651E-15  1.160E-15  3.491E-15
2.032E+02  8.823E-25  4.757E-15  1.189E-15  3.567E-15
2.014E+02  9.105E-25  4.864E-15  1.219E-15  3.644E-15
1.995E+02  9.395E-25  4.972E-15  1.250E-15  3.722E-15
1.977E+02  9.692E-25  5.083E-15  1.281E-15  3.801E-15
1.959E+02  9.997E-25  5.194E-15  1.313E-15  3.881E-15
1.941E+02  1.031E-24  5.308E-15  1.346E-15  3.962E-15
1.923E+02  1.063E-24  5.423E-15  1.379E-15  4.044E-15
1.905E+02  1.096E-24  5.540E-15  1.413E-15  4.127E-15
1.888E+02  1.130E-24  5.658E-15  1.447E-15  4.211E-15
1.871E+02  1.164E-24  5.778E-15  1.483E-15  4.295E-15
1.854E+02  1.200E-24  5.900E-15  1.519E-15  4.381E-15
1.837E+02  1.236E-24  6.023E-15  1.555E-15  4.468E-15
1.820E+02  1.274E-24  6.148E-15  1.593E-15  4.555E-15
1.803E+02  1.312E-24  6.274E-15  1.631E-15  4.643E-15
1.786E+02  1.351E-24  6.402E-15  1.669E-15  4.732E-15
1.770E+02  1.391E-24  6.531E-15  1.709E-15  4.822E-15
1.754E+02  1.432E-24  6.662E-15  1.749E-15  4.913E-15
1.738E+02  1.474E-24  6.794E-15  1.790E-15  5.004E-15
1.722E+02  1.517E-24  6.928E-15  1.832E-15  5.096E-15
1.706E+02  1.561E-24  7.063E-15  1.874E-15  5.189E-15
1.690E+02  1.606E-24  7.199E-15  1.917E-15  5.282E-15
1.675E+02  1.651E-24  7.337E-15  1.961E-15  5.376E-15
1.660E+02  1.698E-24  7.476E-15  2.006E-15  5.470E-15
1.644E+02  1.746E-24  7.616E-15  2.051E-15  5.565E-15
1.629E+02  1.795E-24  7.758E-15  2.098E-15  5.660E-15
1.614E+02  1.845E-24  7.901E-15  2.145E-15  5.756E-15
1.600E+02  1.896E-24  8.045E-15  2.193E-15  5.852E-15
1.585E+02  1.948E-24  8.190E-15  2.241E-15  5.949E-15
1.570E+02  2.001E-24  8.336E-15  2.291E-15  6.045E-15
1.556E+02  2.055E-24  8.483E-15  2.341E-15  6.142E-15
1.542E+02  2.111E-24  8.631E-15  2.392E-15  6.240E-15
1.528E+02  2.167E-24  8.780E-15  2.444E-15  6.337E-15
1.514E+02  2.224E-24  8.930E-15  2.496E-15  6.434E-15
1.500E+02  2.283E-24  9.081E-15  2.550E-15  6.532E-15
1.486E+02  2.342E-24  9.233E-15  2.604E-15  6.629E-15
1.472E+02  2.403E-24  9.385E-15  2.659E-15  6.727E-15
1.459E+02  2.465E-24  9.538E-15  2.714E-15  6.824E-15
1.445E+02  2.528E-24  9.692E-15  2.771E-15  6.921E-15
1.432E+02  2.592E-24  9.846E-15  2.828E-15  7.018E-15
1.419E+02  2.657E-24  1.000E-14  2.887E-15  7.114E-15
1.406E+02  2.723E-24  1.016E-14  2.946E-15  7.210E-15
1.393E+02  2.790E-24  1.031E-14  3.005E-15  7.306E-15
1.380E+02  2.859E-24  1.047E-14  3.066E-15  7.401E-15
1.368E+02  2.928E-24  1.062E-14  3.127E-15  7.495E-15
1.355E+02  2.998E-24  1.078E-14  3.189E-15  7.589E-15
1.343E+02  3.070E-24  1.093E-14  3.252E-15  7.681E-15
1.330E+02  3.142E-24  1.109E-14  3.316E-15  7.773E-15
1.318E+02  3.216E-24  1.124E-14  3.380E-15  7.864E-15
1.306E+02  3.290E-24  1.140E-14  3.446E-15  7.953E-15
1.294E+02  3.365E-24  1.155E-14  3.512E-15  8.041E-15
1.282E+02  3.442E-24  1.171E-14  3.578E-15  8.129E-15
1.271E+02  3.519E-24  1.186E-14  3.646E-15  8.214E-15
1.259E+02  3.597E-24  1.201E-14  3.714E-15  8.299E-15
1.247E+02  3.676E-24  1.216E-14  3.783E-15  8.382E-15
1.236E+02  3.757E-24  1.232E-14  3.853E-15  8.463E-15
1.225E+02  3.838E-24  1.247E-14  3.923E-15  8.543E-15
1.213E+02  3.919E-24  1.262E-14  3.994E-15  8.621E-15
1.202E+02  4.002E-24  1.276E-14  4.066E-15  8.697E-15
1.191E+02  4.086E-24  1.291E-14  4.138E-15  8.772E-15
1.180E+02  4.170E-24  1.306E-14  4.211E-15  8.844E-15
1.169E+02  4.255E-24  1.320E-14  4.285E-15  8.913E-15
1.159E+02  4.340E-24  1.334E-14  4.359E-15  8.981E-15
1.148E+02  4.426E-24  1.348E-14  4.434E-15  9.046E-15
1.138E+02  4.513E-24  1.362E-14  4.509E-15  9.109E-15
1.127E+02  4.600E-24  1.375E-14  4.585E-15  9.170E-15
1.117E+02  4.689E-24  1.389E-14  4.661E-15  9.229E-15
1.107E+02  4.777E-24  1.402E-14  4.738E-15  9.286E-15
1.096E+02  4.867E-24  1.416E-14  4.815E-15  9.340E-15
1.086E+02  4.957E-24  1.428E-14  4.893E-15  9.392E-15
1.076E+02  5.047E-24  1.441E-14  4.971E-15  9.441E-15
1.067E+02  5.138E-24  1.454E-14  5.049E-15  9.487E-15
1.057E+02  5.229E-24  1.466E-14  5.128E-15  9.530E-15
1.047E+02  5.320E-24  1.478E-14  5.207E-15  9.571E-15
1.038E+02  5.412E-24  1.489E-14  5.286E-15  9.609E-15
1.028E+02  5.504E-24  1.501E-14  5.366E-15  9.643E-15
1.019E+02  5.595E-24  1.512E-14  5.445E-15  9.673E-15
1.009E+02  5.687E-24  1.523E-14  5.525E-15  9.701E-15
1.000E+02  5.779E-24  1.533E-14  5.605E-15  9.724E-15
9.908E+01  5.871E-24  1.543E-14  5.684E-15  9.745E-15
9.817E+01  5.962E-24  1.553E-14  5.764E-15  9.763E-15
9.727E+01  6.054E-24  1.562E-14  5.844E-15  9.777E-15
9.638E+01  6.145E-24  1.571E-14  5.923E-15  9.788E-15
9.550E+01  6.236E-24  1.580E-14  6.003E-15  9.795E-15
9.462E+01  6.327E-24  1.588E-14  6.082E-15  9.799E-15
9.376E+01  6.417E-24  1.596E-14  6.160E-15  9.799E-15
9.290E+01  6.507E-24  1.603E-14  6.239E-15  9.795E-15
9.204E+01  6.596E-24  1.610E-14  6.316E-15  9.788E-15
9.120E+01  6.685E-24  1.617E-14  6.394E-15  9.777E-15
9.036E+01  6.773E-24  1.623E-14  6.471E-15  9.763E-15
8.954E+01  6.860E-24  1.629E-14  6.548E-15  9.745E-15
8.872E+01  6.946E-24  1.635E-14  6.624E-15  9.723E-15
8.790E+01  7.032E-24  1.640E-14  6.699E-15  9.698E-15
8.710E+01  7.117E-24  1.644E-14  6.774E-15  9.669E-15
8.630E+01  7.201E-24  1.648E-14  6.848E-15  9.637E-15
8.551E+01  7.284E-24  1.652E-14  6.922E-15  9.601E-15
8.472E+01  7.366E-24  1.655E-14  6.995E-15  9.560E-15
8.395E+01  7.447E-24  1.658E-14  7.067E-15  9.516E-15
8.318E+01  7.527E-24  1.661E-14  7.138E-15  9.468E-15
8.241E+01  7.605E-24  1.663E-14  7.209E-15  9.416E-15
8.166E+01  7.683E-24  1.664E-14  7.279E-15  9.362E-15
8.091E+01  7.759E-24  1.665E-14  7.347E-15  9.305E-15
8.017E+01  7.834E-24  1.666E-14  7.415E-15  9.244E-15
7.943E+01  7.907E-24  1.666E-14  7.482E-15  9.178E-15
7.870E+01  7.979E-24  1.666E-14  7.548E-15  9.110E-15
7.798E+01  8.049E-24  1.665E-14  7.612E-15  9.038E-15
7.727E+01  8.118E-24  1.664E-14  7.676E-15  8.963E-15
7.656E+01  8.186E-24  1.662E-14  7.738E-15  8.885E-15
7.586E+01  8.252E-24  1.660E-14  7.799E-15  8.805E-15
7.516E+01  8.316E-24  1.658E-14  7.859E-15  8.721E-15
7.447E+01  8.378E-24  1.655E-14  7.917E-15  8.634E-15
7.379E+01  8.439E-24  1.652E-14  7.974E-15  8.544E-15
7.311E+01  8.497E-24  1.648E-14  8.030E-15  8.450E-15
7.244E+01  8.554E-24  1.644E-14  8.084E-15  8.354E-15
7.178E+01  8.609E-24  1.639E-14  8.137E-15  8.254E-15
7.112E+01  8.661E-24  1.634E-14  8.188E-15  8.152E-15
7.047E+01  8.713E-24  1.629E-14  8.238E-15  8.050E-15
6.982E+01  8.764E-24  1.623E-14  8.286E-15  7.946E-15
6.918E+01  8.812E-24  1.617E-14  8.332E-15  7.840E-15
6.855E+01  8.858E-24  1.611E-14  8.377E-15  7.729E-15
6.792E+01  8.901E-24  1.604E-14  8.421E-15  7.616E-15
6.730E+01  8.943E-24  1.596E-14  8.462E-15  7.502E-15
6.668E+01  8.983E-24  1.589E-14  8.502E-15  7.386E-15
6.607E+01  9.021E-24  1.581E-14  8.540E-15  7.269E-15
6.546E+01  9.057E-24  1.573E-14  8.577E-15  7.151E-15
6.486E+01  9.091E-24  1.564E-14  8.612E-15  7.030E-15
6.427E+01  9.123E-24  1.555E-14  8.645E-15  6.908E-15
6.368E+01  9.153E-24  1.546E-14  8.676E-15  6.785E-15
6.310E+01  9.182E-24  1.537E-14  8.705E-15  6.661E-15
6.252E+01  9.208E-24  1.527E-14  8.733E-15  6.537E-15
6.194E+01  9.233E-24  1.517E-14  8.759E-15  6.413E-15
6.138E+01  9.257E-24  1.507E-14  8.783E-15  6.287E-15
6.081E+01  9.278E-24  1.497E-14  8.805E-15  6.161E-15
6.026E+01  9.297E-24  1.486E-14  8.825E-15  6.035E-15
5.970E+01  9.314E-24  1.475E-14  8.843E-15  5.908E-15
5.916E+01  9.330E-24  1.464E-14  8.860E-15  5.780E-15
5.861E+01  9.343E-24  1.453E-14  8.874E-15  5.652E-15
5.808E+01  9.355E-24  1.441E-14  8.887E-15  5.524E-15
5.754E+01  9.364E-24  1.429E-14  8.897E-15  5.396E-15
5.702E+01  9.372E-24  1.417E-14  8.906E-15  5.269E-15
5.649E+01  9.379E-24  1.405E-14  8.913E-15  5.142E-15
5.598E+01  9.384E-24  1.393E-14  8.918E-15  5.015E-15
5.546E+01  9.388E-24  1.381E-14  8.921E-15  4.890E-15
5.495E+01  9.390E-24  1.369E-14  8.922E-15  4.766E-15
5.445E+01  9.391E-24  1.356E-14  8.921E-15  4.643E-15
5.395E+01  9.390E-24  1.344E-14  8.918E-15  4.520E-15
5.346E+01  9.388E-24  1.331E-14  8.913E-15  4.399E-15
5.297E+01  9.384E-24  1.318E-14  8.906E-15  4.279E-15
5.248E+01  9.379E-24  1.306E-14  8.897E-15  4.160E-15
5.200E+01  9.372E-24  1.293E-14  8.885E-15  4.042E-15
5.152E+01  9.364E-24  1.280E-14  8.872E-15  3.926E-15
5.105E+01  9.355E-24  1.267E-14  8.857E-15  3.811E-15
5.058E+01  9.344E-24  1.254E-14  8.840E-15  3.697E-15
5.012E+01  9.332E-24  1.241E-14  8.820E-15  3.585E-15
4.966E+01  9.318E-24  1.227E-14  8.799E-15  3.475E-15
4.920E+01  9.303E-24  1.214E-14  8.776E-15  3.367E-15
4.875E+01  9.287E-24  1.201E-14  8.750E-15  3.260E-15
4.831E+01  9.270E-24  1.188E-14  8.723E-15  3.155E-15
4.786E+01  9.251E-24  1.175E-14  8.693E-15  3.053E-15
4.742E+01  9.231E-24  1.161E-14  8.660E-15  2.952E-15
4.699E+01  9.209E-24  1.148E-14  8.625E-15  2.853E-15
4.656E+01  9.186E-24  1.135E-14  8.588E-15  2.757E-15
4.613E+01  9.162E-24  1.121E-14  8.548E-15  2.663E-15
4.571E+01  9.136E-24  1.108E-14  8.506E-15  2.571E-15
4.529E+01  9.108E-24  1.094E-14  8.461E-15  2.481E-15
4.487E+01  9.079E-24  1.081E-14  8.414E-15  2.393E-15
4.446E+01  9.048E-24  1.067E-14  8.364E-15  2.308E-15
4.406E+01  9.016E-24  1.054E-14  8.311E-15  2.225E-15
4.365E+01  8.981E-24  1.040E-14  8.255E-15  2.144E-15
4.325E+01  8.944E-24  1.026E-14  8.196E-15  2.065E-15
4.285E+01  8.905E-24  1.012E-14  8.135E-15  1.988E-15
4.246E+01  8.864E-24  9.984E-15  8.070E-15  1.914E-15
4.207E+01  8.820E-24  9.844E-15  8.002E-15  1.842E-15
4.169E+01  8.774E-24  9.702E-15  7.931E-15  1.771E-15
4.130E+01  8.725E-24  9.560E-15  7.857E-15  1.703E-15
4.093E+01  8.673E-24  9.416E-15  7.779E-15  1.637E-15
4.055E+01  8.618E-24  9.270E-15  7.697E-15  1.573E-15
4.018E+01  8.560E-24  9.123E-15  7.613E-15  1.511E-15
3.981E+01  8.499E-24  8.975E-15  7.524E-15  1.451E-15
3.945E+01  8.434E-24  8.825E-15  7.432E-15  1.393E-15
3.908E+01  8.366E-24  8.673E-15  7.337E-15  1.337E-15
3.873E+01  8.294E-24  8.520E-15  7.237E-15  1.282E-15
3.837E+01  8.218E-24  8.364E-15  7.134E-15  1.230E-15
3.802E+01  8.138E-24  8.207E-15  7.027E-15  1.180E-15
3.767E+01  8.054E-24  8.048E-15  6.917E-15  1.131E-15
3.733E+01  7.966E-24  7.887E-15  6.803E-15  1.084E-15
3.698E+01  7.873E-24  7.724E-15  6.686E-15  1.038E-15
3.664E+01  7.777E-24  7.559E-15  6.565E-15  9.940E-16
3.631E+01  7.676E-24  7.393E-15  6.441E-15  9.519E-16
3.597E+01  7.572E-24  7.226E-15  6.314E-15  9.115E-16
3.565E+01  7.463E-24  7.057E-15  6.184E-15  8.728E-16
3.532E+01  7.351E-24  6.887E-15  6.051E-15  8.358E-16
3.499E+01  7.236E-24  6.717E-15  5.916E-15  8.003E-16
3.467E+01  7.117E-24  6.545E-15  5.779E-15  7.663E-16
3.436E+01  6.994E-24  6.374E-15  5.640E-15  7.338E-16
3.404E+01  6.869E-24  6.202E-15  5.500E-15  7.027E-16
3.373E+01  6.741E-24  6.031E-15  5.358E-15  6.730E-16
3.342E+01  6.610E-24  5.860E-15  5.215E-15  6.446E-16
3.311E+01  6.478E-24  5.690E-15  5.073E-15  6.177E-16
3.281E+01  6.345E-24  5.522E-15  4.930E-15  5.920E-16
3.251E+01  6.210E-24  5.355E-15  4.787E-15  5.675E-16
3.221E+01  6.074E-24  5.190E-15  4.646E-15  5.440E-16
3.192E+01  5.938E-24  5.027E-15  4.505E-15  5.216E-16
3.162E+01  5.802E-24  4.867E-15  4.367E-15  5.001E-16
3.133E+01  5.666E-24  4.709E-15  4.230E-15  4.796E-16
3.105E+01  5.531E-24  4.555E-15  4.095E-15  4.600E-16
3.076E+01  5.397E-24  4.404E-15  3.963E-15  4.413E-16
3.048E+01  5.265E-24  4.256E-15  3.833E-15  4.234E-16
3.020E+01  5.134E-24  4.113E-15  3.707E-15  4.063E-16
2.992E+01  5.006E-24  3.973E-15  3.583E-15  3.899E-16
2.965E+01  4.880E-24  3.838E-15  3.464E-15  3.741E-16
2.938E+01  4.756E-24  3.706E-15  3.347E-15  3.590E-16
2.911E+01  4.636E-24  3.579E-15  3.235E-15  3.446E-16
2.884E+01  4.518E-24  3.456E-15  3.126E-15  3.307E-16
2.858E+01  4.404E-24  3.338E-15  3.020E-15  3.175E-16
2.831E+01  4.292E-24  3.224E-15  2.919E-15  3.048E-16
2.805E+01  4.185E-24  3.114E-15  2.821E-15  2.927E-16
2.780E+01  4.080E-24  3.009E-15  2.727E-15  2.811E-16
2.754E+01  3.979E-24  2.907E-15  2.637E-15  2.699E-16
2.729E+01  3.882E-24  2.810E-15  2.550E-15  2.593E-16
2.704E+01  3.787E-24  2.716E-15  2.467E-15  2.491E-16
2.679E+01  3.696E-24  2.627E-15  2.387E-15  2.393E-16
2.655E+01  3.608E-24  2.541E-15  2.311E-15  2.299E-16
2.630E+01  3.524E-24  2.459E-15  2.238E-15  2.210E-16
2.606E+01  3.442E-24  2.380E-15  2.167E-15  2.123E-16
2.582E+01  3.363E-24  2.304E-15  2.100E-15  2.040E-16
2.559E+01  3.288E-24  2.231E-15  2.035E-15  1.961E-16
2.535E+01  3.214E-24  2.161E-15  1.973E-15  1.885E-16
2.512E+01  3.144E-24  2.095E-15  1.913E-15  1.811E-16
2.489E+01  3.075E-24  2.030E-15  1.856E-15  1.740E-16
2.466E+01  3.009E-24  1.968E-15  1.801E-15  1.672E-16
2.443E+01  2.945E-24  1.909E-15  1.748E-15  1.606E-16
2.421E+01  2.883E-24  1.852E-15  1.697E-15  1.542E-16
2.399E+01  2.823E-24  1.796E-15  1.648E-15  1.480E-16
2.377E+01  2.765E-24  1.743E-15  1.601E-15  1.421E-16
2.355E+01  2.708E-24  1.692E-15  1.555E-15  1.365E-16
2.333E+01  2.653E-24  1.642E-15  1.511E-15  1.311E-16
2.312E+01  2.600E-24  1.594E-15  1.469E-15  1.257E-16
2.291E+01  2.547E-24  1.548E-15  1.427E-15  1.206E-16
2.270E+01  2.497E-24  1.503E-15  1.387E-15  1.158E-16
2.249E+01  2.447E-24  1.460E-15  1.349E-15  1.114E-16
2.228E+01  2.399E-24  1.418E-15  1.311E-15  1.071E-16
2.208E+01  2.352E-24  1.378E-15  1.275E-15  1.030E-16
2.188E+01  2.306E-24  1.338E-15  1.239E-15  9.878E-17
2.168E+01  2.260E-24  1.299E-15  1.205E-15  9.466E-17
2.148E+01  2.215E-24  1.262E-15  1.171E-15  9.068E-17
2.128E+01  2.171E-24  1.226E-15  1.139E-15  8.695E-17
2.109E+01  2.128E-24  1.190E-15  1.107E-15  8.345E-17
2.089E+01  2.086E-24  1.156E-15  1.076E-15  8.002E-17
2.070E+01  2.044E-24  1.122E-15  1.046E-15  7.664E-17
2.051E+01  2.003E-24  1.090E-15  1.017E-15  7.335E-17
2.032E+01  1.963E-24  1.058E-15  9.881E-16  7.024E-17
2.014E+01  1.925E-24  1.028E-15  9.606E-16  6.749E-17
1.995E+01  1.887E-24  9.990E-16  9.342E-16  6.479E-17
1.977E+01  1.852E-24  9.711E-16  9.090E-16  6.212E-17
1.959E+01  1.819E-24  9.451E-16  8.857E-16  5.942E-17
1.941E+01  1.792E-24  9.224E-16  8.657E-16  5.671E-17
1.923E+01  1.779E-24  9.075E-16  8.535E-16  5.397E-17
1.905E+01  1.811E-24  9.153E-16  8.641E-16  5.122E-17
1.888E+01  1.826E-24  9.144E-16  8.659E-16  4.847E-17
1.871E+01  1.703E-24  8.451E-16  7.994E-16  4.572E-17
1.854E+01  1.639E-24  8.057E-16  7.627E-16  4.298E-17
1.837E+01  1.606E-24  7.825E-16  7.422E-16  4.028E-17
1.820E+01  1.593E-24  7.689E-16  7.312E-16  3.763E-17
1.803E+01  1.611E-24  7.704E-16  7.354E-16  3.505E-17
1.786E+01  1.667E-24  7.901E-16  7.576E-16  3.255E-17
1.770E+01  1.637E-24  7.688E-16  7.386E-16  3.013E-17
1.754E+01  1.687E-24  7.847E-16  7.569E-16  2.779E-17
1.738E+01  1.857E-24  8.561E-16  8.306E-16  2.555E-17
1.722E+01  1.776E-24  8.111E-16  7.877E-16  2.343E-17
1.706E+01  1.731E-24  7.836E-16  7.621E-16  2.145E-17
1.690E+01  1.636E-24  7.335E-16  7.139E-16  1.960E-17
1.675E+01  1.515E-24  6.733E-16  6.554E-16  1.786E-17
1.660E+01  1.487E-24  6.544E-16  6.382E-16  1.623E-17
1.644E+01  1.653E-24  7.210E-16  7.063E-16  1.472E-17
1.629E+01  1.235E-24  5.339E-16  5.206E-16  1.332E-17
1.614E+01  1.050E-24  4.496E-16  4.375E-16  1.205E-17
1.600E+01  9.641E-25  4.091E-16  3.982E-16  1.089E-17
1.585E+01  8.997E-25  3.782E-16  3.684E-16  9.824E-18
1.570E+01  8.340E-25  3.474E-16  3.385E-16  8.858E-18
1.556E+01  7.824E-25  3.229E-16  3.150E-16  7.982E-18
1.542E+01  7.389E-25  3.022E-16  2.950E-16  7.189E-18
1.528E+01  7.002E-25  2.837E-16  2.772E-16  6.474E-18
1.514E+01  6.650E-25  2.670E-16  2.612E-16  5.831E-18
1.500E+01  6.330E-25  2.518E-16  2.465E-16  5.256E-18
1.486E+01  6.041E-25  2.381E-16  2.334E-16  4.734E-18
1.472E+01  5.789E-25  2.261E-16  2.218E-16  4.262E-18
1.459E+01  5.590E-25  2.163E-16  2.125E-16  3.838E-18
1.445E+01  5.485E-25  2.103E-16  2.068E-16  3.471E-18
1.432E+01  5.566E-25  2.115E-16  2.083E-16  3.153E-18
1.419E+01  5.670E-25  2.134E-16  2.105E-16  2.884E-18
1.406E+01  5.216E-25  1.946E-16  1.919E-16  2.659E-18
1.393E+01  4.887E-25  1.806E-16  1.781E-16  2.477E-18
1.380E+01  4.843E-25  1.773E-16  1.750E-16  2.325E-18
1.368E+01  5.029E-25  1.825E-16  1.803E-16  2.203E-18
1.355E+01  5.292E-25  1.902E-16  1.881E-16  2.097E-18
1.343E+01  5.157E-25  1.837E-16  1.817E-16  2.003E-18
1.330E+01  4.648E-25  1.640E-16  1.621E-16  1.912E-18
1.318E+01  4.292E-25  1.501E-16  1.483E-16  1.827E-18
1.306E+01  4.245E-25  1.471E-16  1.453E-16  1.743E-18
1.294E+01  4.523E-25  1.553E-16  1.536E-16  1.663E-18
1.282E+01  5.158E-25  1.754E-16  1.739E-16  1.591E-18
1.271E+01  5.930E-25  1.999E-16  1.983E-16  1.523E-18
1.259E+01  5.937E-25  1.983E-16  1.968E-16  1.456E-18
1.247E+01  4.955E-25  1.640E-16  1.626E-16  1.390E-18
1.236E+01  4.040E-25  1.324E-16  1.311E-16  1.325E-18
1.225E+01  3.606E-25  1.172E-16  1.159E-16  1.259E-18
1.213E+01  3.544E-25  1.141E-16  1.129E-16  1.197E-18
1.202E+01  3.540E-25  1.129E-16  1.117E-16  1.142E-18
1.191E+01  3.233E-25  1.022E-16  1.011E-16  1.087E-18
1.180E+01  2.800E-25  8.767E-17  8.664E-17  1.033E-18
1.169E+01  2.589E-25  8.033E-17  7.935E-17  9.798E-19
1.159E+01  2.742E-25  8.430E-17  8.337E-17  9.242E-19
1.148E+01  3.408E-25  1.038E-16  1.029E-16  8.703E-19
1.138E+01  4.501E-25  1.358E-16  1.350E-16  8.205E-19
1.127E+01  5.555E-25  1.661E-16  1.653E-16  7.736E-19
1.117E+01  3.743E-25  1.109E-16  1.102E-16  7.298E-19
1.107E+01  1.910E-25  5.605E-17  5.536E-17  6.878E-19
1.096E+01  1.296E-25  3.769E-17  3.704E-17  6.464E-19
1.086E+01  1.005E-25  2.895E-17  2.834E-17  6.074E-19
1.076E+01  8.406E-26  2.400E-17  2.343E-17  5.721E-19
1.067E+01  7.343E-26  2.078E-17  2.024E-17  5.399E-19
1.057E+01  6.454E-26  1.809E-17  1.758E-17  5.101E-19
1.047E+01  5.803E-26  1.612E-17  1.564E-17  4.802E-19
1.038E+01  5.306E-26  1.460E-17  1.415E-17  4.484E-19
1.028E+01  4.904E-26  1.337E-17  1.296E-17  4.148E-19
1.019E+01  4.570E-26  1.235E-17  1.197E-17  3.806E-19
1.009E+01  4.289E-26  1.148E-17  1.113E-17  3.478E-19
1.000E+01  4.049E-26  1.074E-17  1.042E-17  3.173E-19
9.908E+00  3.846E-26  1.011E-17  9.817E-18  2.899E-19
9.817E+00  3.673E-26  9.565E-18  9.301E-18  2.648E-19
9.727E+00  3.529E-26  9.106E-18  8.864E-18  2.418E-19
9.638E+00  3.412E-26  8.722E-18  8.502E-18  2.203E-19
9.550E+00  3.320E-26  8.410E-18  8.211E-18  1.991E-19
9.462E+00  3.255E-26  8.170E-18  7.992E-18  1.781E-19
9.376E+00  3.219E-26  8.007E-18  7.850E-18  1.570E-19
9.290E+00  3.218E-26  7.930E-18  7.794E-18  1.363E-19
9.204E+00  3.260E-26  7.960E-18  7.844E-18  1.163E-19
9.120E+00  3.361E-26  8.130E-18  8.032E-18  9.776E-20
9.036E+00  3.546E-26  8.500E-18  8.418E-18  8.106E-20
8.954E+00  3.863E-26  9.175E-18  9.108E-18  6.659E-20
8.872E+00  4.398E-26  1.035E-17  1.029E-17  5.446E-20
8.790E+00  5.286E-26  1.233E-17  1.228E-17  4.450E-20
8.710E+00  6.586E-26  1.522E-17  1.518E-17  3.643E-20
8.630E+00  7.569E-26  1.733E-17  1.730E-17  2.994E-20
8.551E+00  6.906E-26  1.566E-17  1.564E-17  2.468E-20
8.472E+00  5.621E-26  1.263E-17  1.261E-17  2.031E-20
8.395E+00  4.882E-26  1.087E-17  1.086E-17  1.656E-20
8.318E+00  4.586E-26  1.012E-17  1.010E-17  1.327E-20
8.241E+00  4.528E-26  9.898E-18  9.887E-18  1.043E-20
8.166E+00  4.735E-26  1.026E-17  1.025E-17  8.007E-21
8.091E+00  5.276E-26  1.132E-17  1.132E-17  6.098E-21
8.017E+00  6.160E-26  1.310E-17  1.310E-17  4.606E-21
7.943E+00  7.223E-26  1.522E-17  1.521E-17  3.467E-21
7.870E+00  7.895E-26  1.648E-17  1.648E-17  2.601E-21
7.798E+00  7.683E-26  1.589E-17  1.589E-17  1.950E-21
7.727E+00  7.119E-26  1.459E-17  1.459E-17  1.468E-21
7.656E+00  6.758E-26  1.372E-17  1.372E-17  1.114E-21
7.586E+00  6.044E-26  1.216E-17  1.216E-17  8.540E-22
7.516E+00  4.652E-26  9.275E-18  9.274E-18  6.658E-22
7.447E+00  3.343E-26  6.604E-18  6.604E-18  5.298E-22
7.379E+00  2.443E-26  4.781E-18  4.781E-18  4.280E-22
7.311E+00  1.843E-26  3.574E-18  3.574E-18  3.525E-22
7.244E+00  1.423E-26  2.735E-18  2.735E-18  2.934E-22
7.178E+00  1.118E-26  2.128E-18  2.128E-18  2.458E-22
7.112E+00  8.921E-27  1.683E-18  1.683E-18  2.080E-22
7.047E+00  7.269E-27  1.359E-18  1.359E-18  1.770E-22
6.982E+00  6.086E-27  1.127E-18  1.127E-18  1.506E-22
6.918E+00  5.270E-27  9.671E-19  9.670E-19  1.284E-22
6.855E+00  4.729E-27  8.598E-19  8.597E-19  1.094E-22
6.792E+00  4.356E-27  7.847E-19  7.846E-19  9.315E-23
6.730E+00  4.012E-27  7.162E-19  7.161E-19  7.924E-23
6.668E+00  3.587E-27  6.344E-19  6.343E-19  6.731E-23
6.607E+00  3.107E-27  5.445E-19  5.445E-19  5.706E-23
6.546E+00  2.708E-27  4.703E-19  4.702E-19  4.830E-23
6.486E+00  2.505E-27  4.310E-19  4.310E-19  4.082E-23
6.427E+00  2.582E-27  4.401E-19  4.401E-19  3.443E-23
6.368E+00  3.082E-27  5.207E-19  5.206E-19  2.898E-23
6.310E+00  4.300E-27  7.197E-19  7.197E-19  2.435E-23
6.252E+00  6.094E-27  1.011E-18  1.011E-18  2.041E-23
6.194E+00  5.569E-27  9.150E-19  9.150E-19  1.708E-23
6.138E+00  3.097E-27  5.043E-19  5.042E-19  1.425E-23
6.081E+00  1.633E-27  2.634E-19  2.634E-19  1.188E-23
6.026E+00  9.578E-28  1.531E-19  1.531E-19  9.882E-24
5.970E+00  6.279E-28  9.944E-20  9.943E-20  8.211E-24
5.916E+00  4.549E-28  7.137E-20  7.137E-20  6.813E-24
5.861E+00  3.649E-28  5.673E-20  5.673E-20  5.646E-24
5.808E+00  3.304E-28  5.091E-20  5.090E-20  4.673E-24
5.754E+00  3.367E-28  5.139E-20  5.139E-20  3.863E-24
5.702E+00  3.270E-28  4.946E-20  4.946E-20  3.189E-24
5.649E+00  2.422E-28  3.629E-20  3.629E-20  2.629E-24
5.598E+00  1.588E-28  2.358E-20  2.358E-20  2.165E-24
5.546E+00  1.102E-28  1.621E-20  1.620E-20  1.780E-24
5.495E+00  8.332E-29  1.215E-20  1.214E-20  1.462E-24
5.445E+00  6.853E-29  9.898E-21  9.897E-21  1.200E-24
5.395E+00  6.189E-29  8.856E-21  8.855E-21  9.827E-25
5.346E+00  6.250E-29  8.862E-21  8.861E-21  8.038E-25
5.297E+00  6.643E-29  9.334E-21  9.333E-21  6.565E-25
5.248E+00  5.739E-29  7.989E-21  7.989E-21  5.355E-25
5.200E+00  3.847E-29  5.306E-21  5.306E-21  4.361E-25
5.152E+00  2.553E-29  3.488E-21  3.488E-21  3.547E-25
5.105E+00  1.822E-29  2.467E-21  2.466E-21  2.880E-25
5.058E+00  1.379E-29  1.850E-21  1.850E-21  2.335E-25
5.012E+00  1.083E-29  1.440E-21  1.440E-21  1.891E-25
4.966E+00  8.715E-30  1.148E-21  1.148E-21  1.528E-25
4.920E+00  7.116E-30  9.288E-22  9.287E-22  1.234E-25
4.875E+00  5.869E-30  7.590E-22  7.589E-22  9.939E-26
4.831E+00  4.875E-30  6.246E-22  6.245E-22  7.993E-26
4.786E+00  4.069E-30  5.166E-22  5.166E-22  6.417E-26
4.742E+00  3.409E-30  4.289E-22  4.288E-22  5.143E-26
4.699E+00  2.865E-30  3.571E-22  3.570E-22  4.115E-26
4.656E+00  2.412E-30  2.979E-22  2.979E-22  3.286E-26
4.613E+00  2.034E-30  2.489E-22  2.489E-22  2.619E-26
4.571E+00  1.718E-30  2.083E-22  2.083E-22  2.084E-26
4.529E+00  1.452E-30  1.745E-22  1.744E-22  1.655E-26
4.487E+00  1.228E-30  1.462E-22  1.462E-22  1.311E-26
4.446E+00  1.040E-30  1.226E-22  1.226E-22  1.037E-26
4.406E+00  8.802E-31  1.029E-22  1.029E-22  8.190E-27
4.365E+00  7.454E-31  8.630E-23  8.630E-23  6.454E-27
4.325E+00  6.312E-31  7.242E-23  7.242E-23  5.076E-27
4.285E+00  5.346E-31  6.077E-23  6.077E-23  3.983E-27
4.246E+00  4.527E-31  5.099E-23  5.099E-23  3.120E-27
4.207E+00  3.833E-31  4.277E-23  4.277E-23  2.438E-27
4.169E+00  3.244E-31  3.587E-23  3.587E-23  1.901E-27
4.130E+00  2.745E-31  3.008E-23  3.008E-23  1.479E-27
4.093E+00  2.322E-31  2.521E-23  2.521E-23  1.148E-27
4.055E+00  1.963E-31  2.112E-23  2.112E-23  8.889E-28
4.018E+00  1.659E-31  1.769E-23  1.768E-23  6.867E-28
3.981E+00  1.402E-31  1.480E-23  1.480E-23  5.293E-28
3.945E+00  1.184E-31  1.239E-23  1.239E-23  4.071E-28
3.908E+00  9.992E-32  1.036E-23  1.036E-23  3.124E-28
3.873E+00  8.431E-32  8.660E-24  8.660E-24  2.392E-28
3.837E+00  7.111E-32  7.238E-24  7.238E-24  1.827E-28
3.802E+00  5.997E-32  6.048E-24  6.048E-24  1.393E-28
3.767E+00  5.057E-32  5.053E-24  5.053E-24  1.060E-28
3.733E+00  4.265E-32  4.223E-24  4.223E-24  8.043E-29
3.698E+00  3.599E-32  3.530E-24  3.530E-24  6.091E-29
3.664E+00  3.039E-32  2.954E-24  2.954E-24  4.602E-29
3.631E+00  2.571E-32  2.476E-24  2.476E-24  3.470E-29
3.597E+00  2.181E-32  2.081E-24  2.081E-24  2.610E-29
3.565E+00  1.858E-32  1.757E-24  1.757E-24  1.959E-29
3.532E+00  1.595E-32  1.494E-24  1.494E-24  1.467E-29
3.499E+00  1.385E-32  1.286E-24  1.286E-24  1.096E-29
3.467E+00  1.228E-32  1.130E-24  1.130E-24  8.171E-30
3.436E+00  1.131E-32  1.030E-24  1.030E-24  6.078E-30
3.404E+00  1.119E-32  1.010E-24  1.010E-24  4.511E-30
3.373E+00  1.284E-32  1.149E-24  1.149E-24  3.340E-30
3.342E+00  2.044E-32  1.812E-24  1.812E-24  2.468E-30
3.311E+00  5.721E-32  5.025E-24  5.025E-24  1.820E-30
3.281E+00  3.304E-32  2.875E-24  2.875E-24  1.338E-30
3.251E+00  9.017E-33  7.775E-25  7.775E-25  9.822E-31
3.221E+00  4.282E-33  3.658E-25  3.658E-25  7.190E-31
3.192E+00  2.664E-33  2.255E-25  2.255E-25  5.254E-31
3.162E+00  1.876E-33  1.573E-25  1.573E-25  3.831E-31
3.133E+00  1.403E-33  1.166E-25  1.166E-25  2.788E-31
3.105E+00  1.084E-33  8.923E-26  8.923E-26  2.026E-31
3.076E+00  8.514E-34  6.947E-26  6.947E-26  1.470E-31
3.048E+00  6.757E-34  5.463E-26  5.463E-26  1.065E-31
3.020E+00  5.393E-34  4.320E-26  4.320E-26  7.697E-32
2.992E+00  4.319E-34  3.428E-26  3.428E-26  5.555E-32
2.965E+00  3.465E-34  2.725E-26  2.725E-26  4.002E-32
2.938E+00  2.782E-34  2.167E-26  2.167E-26  2.879E-32
2.911E+00  2.233E-34  1.724E-26  1.724E-26  2.067E-32
2.884E+00  1.793E-34  1.371E-26  1.371E-26  1.482E-32
2.858E+00  1.438E-34  1.090E-26  1.090E-26  1.061E-32
2.831E+00  1.152E-34  8.653E-27  8.653E-27  7.581E-33
2.805E+00  9.223E-35  6.863E-27  6.863E-27  5.410E-33
2.780E+00  7.373E-35  5.437E-27  5.437E-27  3.854E-33
2.754E+00  5.887E-35  4.301E-27  4.301E-27  2.742E-33
2.729E+00  4.694E-35  3.398E-27  3.398E-27  1.948E-33
2.704E+00  3.737E-35  2.680E-27  2.680E-27  1.382E-33
2.679E+00  2.971E-35  2.111E-27  2.111E-27  9.786E-34
2.655E+00  2.358E-35  1.660E-27  1.660E-27  6.922E-34
2.630E+00  1.868E-35  1.303E-27  1.303E-27  4.888E-34
2.606E+00  1.478E-35  1.022E-27  1.022E-27  3.447E-34
2.582E+00  1.167E-35  7.993E-28  7.993E-28  2.427E-34
2.559E+00  9.199E-36  6.243E-28  6.243E-28  1.706E-34
2.535E+00  7.239E-36  4.868E-28  4.868E-28  1.198E-34
2.512E+00  5.687E-36  3.789E-28  3.789E-28  8.395E-35
2.489E+00  4.459E-36  2.944E-28  2.944E-28  5.875E-35
2.466E+00  3.490E-36  2.283E-28  2.283E-28  4.104E-35
2.443E+00  2.726E-36  1.767E-28  1.767E-28  2.862E-35
2.421E+00  2.126E-36  1.365E-28  1.365E-28  1.993E-35
2.399E+00  1.654E-36  1.053E-28  1.053E-28  1.385E-35
2.377E+00  1.285E-36  8.103E-29  8.103E-29  9.602E-36
2.355E+00  9.964E-37  6.225E-29  6.225E-29  6.645E-36
2.333E+00  7.710E-37  4.772E-29  4.772E-29  4.589E-36
2.312E+00  5.953E-37  3.651E-29  3.651E-29  3.162E-36
2.291E+00  4.587E-37  2.787E-29  2.787E-29  2.174E-36
2.270E+00  3.527E-37  2.123E-29  2.123E-29  1.491E-36
2.249E+00  2.705E-37  1.614E-29  1.614E-29  1.021E-36
2.228E+00  2.070E-37  1.223E-29  1.223E-29  6.967E-37
2.208E+00  1.579E-37  9.250E-30  9.250E-30  4.744E-37
2.188E+00  1.202E-37  6.974E-30  6.974E-30  3.222E-37
2.168E+00  9.117E-38  5.242E-30  5.242E-30  2.182E-37
2.148E+00  6.891E-38  3.926E-30  3.926E-30  1.474E-37
2.128E+00  5.188E-38  2.929E-30  2.929E-30  9.929E-38
2.109E+00  3.888E-38  2.175E-30  2.175E-30  6.669E-38
2.089E+00  2.897E-38  1.606E-30  1.606E-30  4.466E-38
2.070E+00  2.144E-38  1.177E-30  1.177E-30  2.981E-38
2.051E+00  1.573E-38  8.561E-31  8.561E-31  1.984E-38
2.032E+00  1.142E-38  6.157E-31  6.157E-31  1.316E-38
2.014E+00  8.173E-39  4.366E-31  4.366E-31  8.703E-39
1.995E+00  5.745E-39  3.040E-31  3.040E-31  5.735E-39
1.977E+00  3.950E-39  2.072E-31  2.072E-31  3.767E-39
1.959E+00  2.658E-39  1.381E-31  1.381E-31  2.466E-39
1.941E+00  1.771E-39  9.119E-32  9.119E-32  1.608E-39
1.923E+00  1.212E-39  6.183E-32  6.183E-32  1.045E-39
1.905E+00  8.964E-40  4.531E-32  4.531E-32  6.770E-40
1.888E+00  7.270E-40  3.641E-32  3.641E-32  4.368E-40
1.871E+00  6.193E-40  3.073E-32  3.073E-32  2.808E-40
1.854E+00  5.264E-40  2.588E-32  2.588E-32  1.799E-40
1.837E+00  4.361E-40  2.124E-32  2.124E-32  1.148E-40
1.820E+00  3.511E-40  1.695E-32  1.695E-32  7.294E-41
1.803E+00  2.761E-40  1.320E-32  1.320E-32  4.618E-41
1.786E+00  2.132E-40  1.010E-32  1.010E-32  2.912E-41
1.770E+00  1.625E-40  7.630E-33  7.630E-33  1.829E-41
1.754E+00  1.226E-40  5.705E-33  5.705E-33  1.145E-41
1.738E+00  9.186E-41  4.234E-33  4.234E-33  7.134E-42
1.722E+00  6.840E-41  3.124E-33  3.124E-33  4.427E-42
1.706E+00  5.070E-41  2.294E-33  2.294E-33  2.736E-42
1.690E+00  3.743E-41  1.678E-33  1.678E-33  1.684E-42
1.675E+00  2.755E-41  1.224E-33  1.224E-33  1.032E-42
1.660E+00  2.022E-41  8.901E-34  8.901E-34  6.299E-43
1.644E+00  1.480E-41  6.457E-34  6.457E-34  3.827E-43
1.629E+00  1.081E-41  4.674E-34  4.674E-34  2.315E-43
1.614E+00  7.885E-42  3.376E-34  3.376E-34  1.394E-43
1.600E+00  5.739E-42  2.435E-34  2.435E-34  8.358E-44
1.585E+00  4.172E-42  1.754E-34  1.754E-34  4.988E-44
1.570E+00  3.028E-42  1.261E-34  1.261E-34  2.963E-44
1.556E+00  2.195E-42  9.061E-35  9.061E-35  1.752E-44
1.542E+00  1.590E-42  6.503E-35  6.503E-35  1.031E-44
1.528E+00  1.151E-42  4.664E-35  4.664E-35  6.042E-45
1.514E+00  8.329E-43  3.344E-35  3.344E-35  3.523E-45
1.500E+00  6.024E-43  2.397E-35  2.397E-35  2.044E-45
1.486E+00  4.358E-43  1.718E-35  1.718E-35  1.180E-45
1.472E+00  3.154E-43  1.232E-35  1.232E-35  6.784E-46
1.459E+00  2.284E-43  8.839E-36  8.839E-36  3.880E-46
1.445E+00  1.656E-43  6.350E-36  6.350E-36  2.208E-46
1.432E+00  1.203E-43  4.570E-36  4.570E-36  1.250E-46
1.419E+00  8.756E-44  3.296E-36  3.296E-36  7.046E-47
1.406E+00  6.390E-44  2.383E-36  2.383E-36  3.950E-47
1.393E+00  4.679E-44  1.729E-36  1.729E-36  2.203E-47
1.380E+00  3.439E-44  1.259E-36  1.259E-36  1.223E-47
1.368E+00  2.538E-44  9.206E-37  9.206E-37  6.750E-48
1.355E+00  1.881E-44  6.760E-37  6.760E-37  3.707E-48
1.343E+00  1.399E-44  4.983E-37  4.983E-37  2.025E-48
1.330E+00  1.043E-44  3.682E-37  3.682E-37  1.100E-48
1.318E+00  7.775E-45  2.719E-37  2.719E-37  5.948E-49
1.306E+00  5.763E-45  1.997E-37  1.997E-37  3.197E-49
1.294E+00  4.214E-45  1.447E-37  1.447E-37  1.710E-49
1.282E+00  3.008E-45  1.023E-37  1.023E-37  9.095E-50
1.271E+00  2.072E-45  6.982E-38  6.982E-38  4.811E-50
1.259E+00  1.365E-45  4.558E-38  4.558E-38  2.531E-50
1.247E+00  8.588E-46  2.842E-38  2.842E-38  1.325E-50
1.236E+00  5.195E-46  1.703E-38  1.703E-38  6.894E-51
1.225E+00  3.059E-46  9.938E-39  9.938E-39  3.568E-51
1.213E+00  1.780E-46  5.730E-39  5.730E-39  1.836E-51
1.202E+00  1.037E-46  3.306E-39  3.306E-39  9.396E-52
1.191E+00  6.096E-47  1.926E-39  1.926E-39  4.780E-52
1.180E+00  3.644E-47  1.141E-39  1.141E-39  2.418E-52
1.169E+00  2.223E-47  6.895E-40  6.895E-40  1.216E-52
1.159E+00  1.387E-47  4.262E-40  4.262E-40  6.079E-53
1.148E+00  8.860E-48  2.698E-40  2.698E-40  3.021E-53
1.138E+00  5.804E-48  1.752E-40  1.752E-40  1.493E-53
1.127E+00  3.905E-48  1.167E-40  1.167E-40  7.330E-54
1.117E+00  2.703E-48  8.008E-41  8.008E-41  3.578E-54
1.107E+00  1.931E-48  5.669E-41  5.669E-41  1.736E-54
1.096E+00  1.429E-48  4.155E-41  4.155E-41  8.371E-55
1.086E+00  1.095E-48  3.155E-41  3.155E-41  4.012E-55
1.076E+00  8.624E-49  2.463E-41  2.463E-41  1.911E-55
1.067E+00  6.771E-49  1.916E-41  1.916E-41  9.045E-56
1.057E+00  4.936E-49  1.384E-41  1.384E-41  4.254E-56
1.047E+00  3.046E-49  8.461E-42  8.461E-42  1.988E-56
1.038E+00  1.557E-49  4.285E-42  4.285E-42  9.235E-57
1.028E+00  7.131E-50  1.945E-42  1.945E-42  4.262E-57
1.019E+00  3.199E-50  8.644E-43  8.644E-43  1.954E-57
1.009E+00  1.474E-50  3.946E-43  3.946E-43  8.901E-58
1.000E+00  7.091E-51  1.881E-43  1.881E-43  4.028E-58
