Dust emission spectrum from Draine,B.T., & Li, A. (2007), ApJ, in press [astro-ph/0608003]
==========================================================
         7 = grain model
 4.000E-08 4.000E-01 4.500E-05 = a_01 (cm) , sigma_1 , b_C1
 2.000E-07 5.500E-01 1.500E-05 = a_02 (cm) , sigma_2 , b_C2
 3.000E+04 3.000E+04 1.000E+00 = Umin , Umax, beta (dN/dU propto U^{-beta})
 3.000E+04 = <U>       mmp83 = radfield
 0.000E+00 2.000E-07 = a_{min} (cm), a_{max} (cm)
 3.139E-20 3.044E-20 9.553E-22 = P(tot)  P(carb)  P(sil) (erg s-1 H-1)
 band     <nu*P_nu> <j_nu(tot)><j_nu(carb)><j_nu(sil)>
 (um)   (erg s-1 H-1)(Jy/(sr*H))(Jy/(sr*H))(Jy/(sr*H))
1.270E+00  5.687E-22  1.916E-14  1.855E-14  6.074E-16 COBE-DIRBE
2.220E+00  7.437E-22  4.380E-14  4.190E-14  1.898E-15 COBE-DIRBE
3.530E+00  4.940E-21  4.626E-13  4.591E-13  3.490E-15 COBE-DIRBE
4.880E+00  2.342E-21  3.031E-13  2.983E-13  4.802E-15 COBE-DIRBE
1.229E+01  1.770E-20  5.770E-12  5.614E-12  1.561E-13 COBE-DIRBE
2.079E+01  5.830E-21  3.215E-12  2.854E-12  3.606E-13 COBE-DIRBE
5.599E+01  2.621E-22  3.892E-13  2.322E-13  1.570E-13 COBE-DIRBE
9.770E+01  2.892E-23  7.495E-14  3.566E-14  3.929E-14 COBE-DIRBE
1.479E+02  5.089E-24  1.996E-14  8.325E-15  1.164E-14 COBE-DIRBE
2.479E+02  5.343E-25  3.513E-15  1.314E-15  2.198E-15 COBE-DIRBE
1.200E+01  2.066E-20  6.576E-12  6.426E-12  1.508E-13 IRAS
2.500E+01  4.022E-21  2.667E-12  2.267E-12  4.000E-13 IRAS
6.000E+01  2.369E-22  3.770E-13  2.260E-13  1.511E-13 IRAS
1.000E+02  2.535E-23  6.725E-14  3.153E-14  3.572E-14 IRAS
3.550E+00  5.742E-21  5.407E-13  5.372E-13  3.519E-15 SST-IRAC
4.493E+00  1.685E-21  2.008E-13  1.963E-13  4.428E-15 SST-IRAC
5.731E+00  1.395E-20  2.120E-12  2.114E-12  6.001E-15 SST-IRAC
7.872E+00  3.394E-20  7.088E-12  7.034E-12  5.326E-14 SST-IRAC
2.368E+01  3.187E-21  2.002E-12  1.639E-12  3.626E-13 SST-MIPS
7.142E+01  8.804E-23  1.668E-13  8.804E-14  7.875E-14 SST-MIPS
1.559E+02  3.348E-24  1.384E-14  5.591E-15  8.252E-15 SST-MIPS
1.600E+01  1.032E-20  4.379E-12  4.175E-12  2.046E-13 SST-IRSPU
2.200E+01  3.996E-21  2.332E-12  1.960E-12  3.721E-13 SST-IRSPU
7.500E+01  7.581E-23  1.508E-13  7.938E-14  7.145E-14 Herschel-PACS
1.100E+02  1.687E-23  4.921E-14  2.278E-14  2.643E-14 Herschel-PACS
1.700E+02  2.604E-24  1.174E-14  4.767E-15  6.977E-15 Herschel-PACS
2.500E+02  4.077E-25  2.704E-15  9.993E-16  1.704E-15 Herschel-SPIRE
3.600E+02  6.948E-26  6.635E-16  2.447E-16  4.188E-16 Herschel-SPIRE
5.200E+02  1.241E-26  1.711E-16  6.141E-17  1.097E-16 Herschel-SPIRE
2.400E+00  8.286E-22  5.275E-14  5.064E-14  2.107E-15 Akari IRC NIR N2
3.200E+00  3.769E-21  3.199E-13  3.168E-13  3.115E-15 Akari IRC NIR N3
4.100E+00  1.930E-21  2.099E-13  2.059E-13  4.055E-15 Akari IRC NIR N4
7.000E+00  3.872E-20  7.190E-12  7.171E-12  1.879E-14 Akari IRC MIR-S S7
9.000E+00  2.661E-20  6.351E-12  6.247E-12  1.049E-13 Akari IRC MIR-S S9W
1.100E+01  1.876E-20  5.475E-12  5.308E-12  1.663E-13 Akari IRC MIR-S S11
1.500E+01  1.096E-20  4.361E-12  4.164E-12  1.971E-13 Akari IRC MIR-L L15
1.800E+01  6.978E-21  3.332E-12  3.049E-12  2.823E-13 Akari IRC MIR-L L18W
2.400E+01  3.559E-21  2.266E-12  1.873E-12  3.924E-13 Akari IRC MIR-L L24
6.500E+01  1.302E-22  2.245E-13  1.226E-13  1.019E-13 Akari FIS N60
8.000E+01  5.659E-23  1.201E-13  6.204E-14  5.805E-14 Akari FIS WIDE-S
1.400E+02  4.884E-24  1.814E-14  7.517E-15  1.062E-14 Akari FIS WIDE-L
1.600E+02  2.880E-24  1.222E-14  4.876E-15  7.349E-15 Akari FIS N160
 
 
 
 


lambda    nu*dP/dnu     j_nu    j_nu(carb.) j_nu(sil)
 (um)    (erg/(s*H)) (Jy/(sr*H) (Jy/(sr*H)) (Jy/(sr*H)
1.000E+04  3.347E-32  8.878E-21  2.065E-21  6.813E-21
9.908E+03  3.469E-32  9.118E-21  2.123E-21  6.995E-21
9.817E+03  3.596E-32  9.364E-21  2.182E-21  7.183E-21
9.727E+03  3.727E-32  9.618E-21  2.243E-21  7.375E-21
9.638E+03  3.863E-32  9.877E-21  2.306E-21  7.572E-21
9.550E+03  4.005E-32  1.014E-20  2.370E-21  7.775E-21
9.462E+03  4.151E-32  1.042E-20  2.436E-21  7.983E-21
9.376E+03  4.303E-32  1.070E-20  2.504E-21  8.196E-21
9.290E+03  4.460E-32  1.099E-20  2.574E-21  8.415E-21
9.204E+03  4.623E-32  1.129E-20  2.646E-21  8.641E-21
9.120E+03  4.792E-32  1.159E-20  2.720E-21  8.872E-21
9.036E+03  4.967E-32  1.191E-20  2.796E-21  9.109E-21
8.954E+03  5.148E-32  1.223E-20  2.874E-21  9.352E-21
8.872E+03  5.335E-32  1.255E-20  2.954E-21  9.599E-21
8.790E+03  5.529E-32  1.289E-20  3.037E-21  9.854E-21
8.710E+03  5.730E-32  1.324E-20  3.122E-21  1.012E-20
8.630E+03  5.938E-32  1.359E-20  3.209E-21  1.038E-20
8.551E+03  6.155E-32  1.396E-20  3.298E-21  1.066E-20
8.472E+03  6.379E-32  1.434E-20  3.391E-21  1.094E-20
8.395E+03  6.611E-32  1.472E-20  3.485E-21  1.124E-20
8.318E+03  6.852E-32  1.512E-20  3.583E-21  1.154E-20
8.241E+03  7.103E-32  1.553E-20  3.683E-21  1.184E-20
8.166E+03  7.362E-32  1.595E-20  3.785E-21  1.216E-20
8.091E+03  7.631E-32  1.638E-20  3.891E-21  1.249E-20
8.017E+03  7.910E-32  1.682E-20  4.000E-21  1.282E-20
7.943E+03  8.199E-32  1.728E-20  4.112E-21  1.316E-20
7.870E+03  8.499E-32  1.774E-20  4.226E-21  1.352E-20
7.798E+03  8.810E-32  1.823E-20  4.344E-21  1.388E-20
7.727E+03  9.133E-32  1.872E-20  4.466E-21  1.425E-20
7.656E+03  9.468E-32  1.923E-20  4.591E-21  1.464E-20
7.586E+03  9.815E-32  1.975E-20  4.719E-21  1.503E-20
7.516E+03  1.018E-31  2.029E-20  4.851E-21  1.544E-20
7.447E+03  1.055E-31  2.084E-20  4.986E-21  1.585E-20
7.379E+03  1.094E-31  2.141E-20  5.126E-21  1.628E-20
7.311E+03  1.134E-31  2.199E-20  5.269E-21  1.672E-20
7.244E+03  1.176E-31  2.259E-20  5.416E-21  1.717E-20
7.178E+03  1.219E-31  2.321E-20  5.568E-21  1.764E-20
7.112E+03  1.264E-31  2.384E-20  5.724E-21  1.812E-20
7.047E+03  1.310E-31  2.449E-20  5.884E-21  1.861E-20
6.982E+03  1.359E-31  2.516E-20  6.048E-21  1.911E-20
6.918E+03  1.409E-31  2.585E-20  6.218E-21  1.963E-20
6.855E+03  1.460E-31  2.655E-20  6.392E-21  2.016E-20
6.792E+03  1.514E-31  2.728E-20  6.571E-21  2.071E-20
6.730E+03  1.570E-31  2.803E-20  6.755E-21  2.127E-20
6.668E+03  1.628E-31  2.880E-20  6.944E-21  2.185E-20
6.607E+03  1.688E-31  2.959E-20  7.139E-21  2.245E-20
6.546E+03  1.751E-31  3.040E-20  7.339E-21  2.306E-20
6.486E+03  1.815E-31  3.123E-20  7.545E-21  2.369E-20
6.427E+03  1.882E-31  3.209E-20  7.757E-21  2.433E-20
6.368E+03  1.952E-31  3.297E-20  7.975E-21  2.500E-20
6.310E+03  2.024E-31  3.388E-20  8.199E-21  2.568E-20
6.252E+03  2.099E-31  3.482E-20  8.429E-21  2.639E-20
6.194E+03  2.177E-31  3.578E-20  8.666E-21  2.711E-20
6.138E+03  2.258E-31  3.676E-20  8.909E-21  2.785E-20
6.081E+03  2.342E-31  3.778E-20  9.160E-21  2.862E-20
6.026E+03  2.429E-31  3.883E-20  9.418E-21  2.941E-20
5.970E+03  2.519E-31  3.990E-20  9.683E-21  3.022E-20
5.916E+03  2.613E-31  4.101E-20  9.956E-21  3.105E-20
5.861E+03  2.711E-31  4.214E-20  1.024E-20  3.191E-20
5.808E+03  2.812E-31  4.331E-20  1.053E-20  3.279E-20
5.754E+03  2.916E-31  4.452E-20  1.082E-20  3.369E-20
5.702E+03  3.025E-31  4.575E-20  1.113E-20  3.463E-20
5.649E+03  3.138E-31  4.703E-20  1.144E-20  3.559E-20
5.598E+03  3.255E-31  4.834E-20  1.177E-20  3.657E-20
5.546E+03  3.377E-31  4.968E-20  1.210E-20  3.759E-20
5.495E+03  3.504E-31  5.107E-20  1.244E-20  3.863E-20
5.445E+03  3.635E-31  5.250E-20  1.279E-20  3.970E-20
5.395E+03  3.771E-31  5.396E-20  1.316E-20  4.081E-20
5.346E+03  3.912E-31  5.547E-20  1.353E-20  4.195E-20
5.297E+03  4.059E-31  5.703E-20  1.391E-20  4.312E-20
5.248E+03  4.211E-31  5.863E-20  1.431E-20  4.432E-20
5.200E+03  4.370E-31  6.027E-20  1.471E-20  4.556E-20
5.152E+03  4.534E-31  6.196E-20  1.513E-20  4.683E-20
5.105E+03  4.704E-31  6.370E-20  1.556E-20  4.814E-20
5.058E+03  4.881E-31  6.550E-20  1.601E-20  4.949E-20
5.012E+03  5.065E-31  6.734E-20  1.646E-20  5.088E-20
4.966E+03  5.256E-31  6.923E-20  1.693E-20  5.230E-20
4.920E+03  5.454E-31  7.118E-20  1.742E-20  5.377E-20
4.875E+03  5.660E-31  7.319E-20  1.791E-20  5.528E-20
4.831E+03  5.873E-31  7.526E-20  1.843E-20  5.683E-20
4.786E+03  6.095E-31  7.739E-20  1.895E-20  5.843E-20
4.742E+03  6.326E-31  7.957E-20  1.950E-20  6.008E-20
4.699E+03  6.565E-31  8.183E-20  2.006E-20  6.177E-20
4.656E+03  6.814E-31  8.415E-20  2.063E-20  6.352E-20
4.613E+03  7.072E-31  8.654E-20  2.123E-20  6.531E-20
4.571E+03  7.340E-31  8.900E-20  2.184E-20  6.716E-20
4.529E+03  7.619E-31  9.153E-20  2.246E-20  6.906E-20
4.487E+03  7.908E-31  9.413E-20  2.311E-20  7.102E-20
4.446E+03  8.209E-31  9.682E-20  2.378E-20  7.304E-20
4.406E+03  8.521E-31  9.958E-20  2.447E-20  7.511E-20
4.365E+03  8.846E-31  1.024E-19  2.517E-20  7.725E-20
4.325E+03  9.183E-31  1.054E-19  2.590E-20  7.945E-20
4.285E+03  9.533E-31  1.084E-19  2.665E-20  8.172E-20
4.246E+03  9.897E-31  1.115E-19  2.743E-20  8.405E-20
4.207E+03  1.028E-30  1.147E-19  2.822E-20  8.645E-20
4.169E+03  1.067E-30  1.180E-19  2.904E-20  8.893E-20
4.130E+03  1.108E-30  1.214E-19  2.989E-20  9.147E-20
4.093E+03  1.150E-30  1.249E-19  3.076E-20  9.410E-20
4.055E+03  1.194E-30  1.285E-19  3.166E-20  9.680E-20
4.018E+03  1.240E-30  1.322E-19  3.259E-20  9.958E-20
3.981E+03  1.288E-30  1.360E-19  3.354E-20  1.024E-19
3.945E+03  1.337E-30  1.399E-19  3.452E-20  1.054E-19
3.908E+03  1.388E-30  1.439E-19  3.553E-20  1.084E-19
3.873E+03  1.442E-30  1.481E-19  3.658E-20  1.115E-19
3.837E+03  1.497E-30  1.524E-19  3.765E-20  1.147E-19
3.802E+03  1.555E-30  1.568E-19  3.876E-20  1.180E-19
3.767E+03  1.615E-30  1.614E-19  3.991E-20  1.215E-19
3.733E+03  1.677E-30  1.661E-19  4.109E-20  1.250E-19
3.698E+03  1.742E-30  1.709E-19  4.230E-20  1.286E-19
3.664E+03  1.809E-30  1.759E-19  4.355E-20  1.323E-19
3.631E+03  1.879E-30  1.810E-19  4.484E-20  1.362E-19
3.597E+03  1.952E-30  1.863E-19  4.618E-20  1.401E-19
3.565E+03  2.028E-30  1.918E-19  4.755E-20  1.442E-19
3.532E+03  2.107E-30  1.974E-19  4.897E-20  1.484E-19
3.499E+03  2.189E-30  2.032E-19  5.043E-20  1.527E-19
3.467E+03  2.274E-30  2.091E-19  5.193E-20  1.572E-19
3.436E+03  2.362E-30  2.153E-19  5.349E-20  1.618E-19
3.404E+03  2.455E-30  2.216E-19  5.509E-20  1.666E-19
3.373E+03  2.550E-30  2.282E-19  5.674E-20  1.714E-19
3.342E+03  2.650E-30  2.349E-19  5.845E-20  1.765E-19
3.311E+03  2.754E-30  2.419E-19  6.021E-20  1.817E-19
3.281E+03  2.862E-30  2.490E-19  6.202E-20  1.870E-19
3.251E+03  2.974E-30  2.564E-19  6.390E-20  1.925E-19
3.221E+03  3.090E-30  2.640E-19  6.583E-20  1.982E-19
3.192E+03  3.212E-30  2.719E-19  6.782E-20  2.041E-19
3.162E+03  3.338E-30  2.800E-19  6.988E-20  2.101E-19
3.133E+03  3.469E-30  2.883E-19  7.200E-20  2.163E-19
3.105E+03  3.606E-30  2.969E-19  7.419E-20  2.228E-19
3.076E+03  3.748E-30  3.058E-19  7.645E-20  2.294E-19
3.048E+03  3.896E-30  3.150E-19  7.879E-20  2.362E-19
3.020E+03  4.050E-30  3.244E-19  8.120E-20  2.432E-19
2.992E+03  4.210E-30  3.341E-19  8.369E-20  2.505E-19
2.965E+03  4.376E-30  3.441E-19  8.625E-20  2.579E-19
2.938E+03  4.549E-30  3.544E-19  8.890E-20  2.655E-19
2.911E+03  4.729E-30  3.651E-19  9.164E-20  2.734E-19
2.884E+03  4.916E-30  3.761E-19  9.447E-20  2.816E-19
2.858E+03  5.110E-30  3.874E-19  9.738E-20  2.900E-19
2.831E+03  5.313E-30  3.990E-19  1.004E-19  2.987E-19
2.805E+03  5.524E-30  4.111E-19  1.035E-19  3.076E-19
2.780E+03  5.744E-30  4.235E-19  1.067E-19  3.168E-19
2.754E+03  5.972E-30  4.363E-19  1.100E-19  3.263E-19
2.729E+03  6.210E-30  4.496E-19  1.135E-19  3.361E-19
2.704E+03  6.458E-30  4.632E-19  1.170E-19  3.462E-19
2.679E+03  6.716E-30  4.773E-19  1.207E-19  3.566E-19
2.655E+03  6.984E-30  4.918E-19  1.244E-19  3.674E-19
2.630E+03  7.264E-30  5.068E-19  1.283E-19  3.785E-19
2.606E+03  7.555E-30  5.223E-19  1.324E-19  3.899E-19
2.582E+03  7.858E-30  5.382E-19  1.365E-19  4.017E-19
2.559E+03  8.173E-30  5.547E-19  1.408E-19  4.139E-19
2.535E+03  8.502E-30  5.717E-19  1.453E-19  4.264E-19
2.512E+03  8.844E-30  5.893E-19  1.499E-19  4.394E-19
2.489E+03  9.200E-30  6.074E-19  1.546E-19  4.527E-19
2.466E+03  9.571E-30  6.261E-19  1.595E-19  4.665E-19
2.443E+03  9.957E-30  6.453E-19  1.646E-19  4.807E-19
2.421E+03  1.036E-29  6.653E-19  1.699E-19  4.954E-19
2.399E+03  1.078E-29  6.858E-19  1.753E-19  5.105E-19
2.377E+03  1.121E-29  7.070E-19  1.809E-19  5.262E-19
2.355E+03  1.167E-29  7.289E-19  1.867E-19  5.423E-19
2.333E+03  1.214E-29  7.515E-19  1.927E-19  5.589E-19
2.312E+03  1.263E-29  7.749E-19  1.988E-19  5.760E-19
2.291E+03  1.315E-29  7.990E-19  2.052E-19  5.937E-19
2.270E+03  1.368E-29  8.239E-19  2.119E-19  6.120E-19
2.249E+03  1.424E-29  8.495E-19  2.187E-19  6.309E-19
2.228E+03  1.482E-29  8.761E-19  2.258E-19  6.503E-19
2.208E+03  1.543E-29  9.034E-19  2.331E-19  6.704E-19
2.188E+03  1.606E-29  9.317E-19  2.406E-19  6.911E-19
2.168E+03  1.671E-29  9.609E-19  2.485E-19  7.124E-19
2.148E+03  1.739E-29  9.910E-19  2.566E-19  7.345E-19
2.128E+03  1.811E-29  1.022E-18  2.649E-19  7.572E-19
2.109E+03  1.885E-29  1.054E-18  2.736E-19  7.807E-19
2.089E+03  1.962E-29  1.087E-18  2.825E-19  8.050E-19
2.070E+03  2.043E-29  1.122E-18  2.918E-19  8.300E-19
2.051E+03  2.127E-29  1.157E-18  3.014E-19  8.558E-19
2.032E+03  2.214E-29  1.194E-18  3.113E-19  8.824E-19
2.014E+03  2.305E-29  1.231E-18  3.215E-19  9.099E-19
1.995E+03  2.400E-29  1.270E-18  3.321E-19  9.383E-19
1.977E+03  2.499E-29  1.311E-18  3.431E-19  9.675E-19
1.959E+03  2.602E-29  1.352E-18  3.545E-19  9.977E-19
1.941E+03  2.710E-29  1.395E-18  3.662E-19  1.029E-18
1.923E+03  2.822E-29  1.439E-18  3.784E-19  1.061E-18
1.905E+03  2.939E-29  1.485E-18  3.910E-19  1.094E-18
1.888E+03  3.060E-29  1.533E-18  4.040E-19  1.129E-18
1.871E+03  3.187E-29  1.581E-18  4.175E-19  1.164E-18
1.854E+03  3.319E-29  1.632E-18  4.314E-19  1.201E-18
1.837E+03  3.457E-29  1.684E-18  4.458E-19  1.238E-18
1.820E+03  3.601E-29  1.738E-18  4.608E-19  1.277E-18
1.803E+03  3.750E-29  1.794E-18  4.762E-19  1.317E-18
1.786E+03  3.906E-29  1.851E-18  4.923E-19  1.359E-18
1.770E+03  4.069E-29  1.911E-18  5.088E-19  1.402E-18
1.754E+03  4.239E-29  1.972E-18  5.260E-19  1.446E-18
1.738E+03  4.415E-29  2.035E-18  5.437E-19  1.492E-18
1.722E+03  4.600E-29  2.101E-18  5.621E-19  1.539E-18
1.706E+03  4.792E-29  2.169E-18  5.812E-19  1.587E-18
1.690E+03  4.992E-29  2.239E-18  6.009E-19  1.638E-18
1.675E+03  5.201E-29  2.311E-18  6.213E-19  1.690E-18
1.660E+03  5.419E-29  2.386E-18  6.424E-19  1.743E-18
1.644E+03  5.646E-29  2.463E-18  6.643E-19  1.798E-18
1.629E+03  5.883E-29  2.542E-18  6.870E-19  1.856E-18
1.614E+03  6.130E-29  2.625E-18  7.104E-19  1.914E-18
1.600E+03  6.387E-29  2.710E-18  7.347E-19  1.975E-18
1.585E+03  6.656E-29  2.798E-18  7.599E-19  2.038E-18
1.570E+03  6.935E-29  2.889E-18  7.859E-19  2.103E-18
1.556E+03  7.227E-29  2.983E-18  8.129E-19  2.170E-18
1.542E+03  7.531E-29  3.080E-18  8.409E-19  2.239E-18
1.528E+03  7.849E-29  3.180E-18  8.698E-19  2.310E-18
1.514E+03  8.180E-29  3.284E-18  8.998E-19  2.384E-18
1.500E+03  8.525E-29  3.391E-18  9.308E-19  2.460E-18
1.486E+03  8.885E-29  3.502E-18  9.630E-19  2.539E-18
1.472E+03  9.260E-29  3.617E-18  9.963E-19  2.620E-18
1.459E+03  9.652E-29  3.735E-18  1.031E-18  2.704E-18
1.445E+03  1.006E-28  3.857E-18  1.067E-18  2.791E-18
1.432E+03  1.049E-28  3.984E-18  1.104E-18  2.880E-18
1.419E+03  1.093E-28  4.115E-18  1.142E-18  2.973E-18
1.406E+03  1.139E-28  4.250E-18  1.182E-18  3.068E-18
1.393E+03  1.188E-28  4.389E-18  1.223E-18  3.167E-18
1.380E+03  1.238E-28  4.534E-18  1.266E-18  3.268E-18
1.368E+03  1.291E-28  4.683E-18  1.310E-18  3.373E-18
1.355E+03  1.346E-28  4.838E-18  1.356E-18  3.482E-18
1.343E+03  1.403E-28  4.997E-18  1.403E-18  3.594E-18
1.330E+03  1.463E-28  5.162E-18  1.452E-18  3.710E-18
1.318E+03  1.525E-28  5.332E-18  1.503E-18  3.829E-18
1.306E+03  1.590E-28  5.509E-18  1.556E-18  3.953E-18
1.294E+03  1.658E-28  5.691E-18  1.611E-18  4.080E-18
1.282E+03  1.728E-28  5.879E-18  1.667E-18  4.212E-18
1.271E+03  1.802E-28  6.073E-18  1.726E-18  4.348E-18
1.259E+03  1.879E-28  6.275E-18  1.787E-18  4.488E-18
1.247E+03  1.959E-28  6.483E-18  1.850E-18  4.633E-18
1.236E+03  2.043E-28  6.698E-18  1.915E-18  4.782E-18
1.225E+03  2.130E-28  6.920E-18  1.983E-18  4.937E-18
1.213E+03  2.221E-28  7.149E-18  2.053E-18  5.096E-18
1.202E+03  2.316E-28  7.387E-18  2.126E-18  5.261E-18
1.191E+03  2.415E-28  7.632E-18  2.201E-18  5.431E-18
1.180E+03  2.519E-28  7.886E-18  2.279E-18  5.607E-18
1.169E+03  2.627E-28  8.148E-18  2.360E-18  5.788E-18
1.159E+03  2.739E-28  8.419E-18  2.444E-18  5.975E-18
1.148E+03  2.857E-28  8.700E-18  2.531E-18  6.169E-18
1.138E+03  2.979E-28  8.990E-18  2.621E-18  6.369E-18
1.127E+03  3.107E-28  9.289E-18  2.714E-18  6.575E-18
1.117E+03  3.240E-28  9.599E-18  2.811E-18  6.788E-18
1.107E+03  3.379E-28  9.919E-18  2.911E-18  7.007E-18
1.096E+03  3.524E-28  1.025E-17  3.015E-18  7.234E-18
1.086E+03  3.675E-28  1.059E-17  3.123E-18  7.469E-18
1.076E+03  3.833E-28  1.095E-17  3.235E-18  7.711E-18
1.067E+03  3.998E-28  1.131E-17  3.351E-18  7.961E-18
1.057E+03  4.170E-28  1.169E-17  3.471E-18  8.219E-18
1.047E+03  4.349E-28  1.208E-17  3.595E-18  8.485E-18
1.038E+03  4.536E-28  1.248E-17  3.724E-18  8.760E-18
1.028E+03  4.731E-28  1.290E-17  3.857E-18  9.043E-18
1.019E+03  4.934E-28  1.333E-17  3.996E-18  9.336E-18
1.009E+03  5.147E-28  1.378E-17  4.139E-18  9.639E-18
1.000E+03  5.368E-28  1.424E-17  4.288E-18  9.951E-18
9.908E+02  5.599E-28  1.472E-17  4.442E-18  1.027E-17
9.817E+02  5.841E-28  1.521E-17  4.602E-18  1.061E-17
9.727E+02  6.093E-28  1.572E-17  4.768E-18  1.095E-17
9.638E+02  6.355E-28  1.625E-17  4.939E-18  1.131E-17
9.550E+02  6.629E-28  1.679E-17  5.117E-18  1.168E-17
9.462E+02  6.916E-28  1.736E-17  5.302E-18  1.206E-17
9.376E+02  7.214E-28  1.794E-17  5.493E-18  1.245E-17
9.290E+02  7.525E-28  1.854E-17  5.691E-18  1.285E-17
9.204E+02  7.850E-28  1.917E-17  5.897E-18  1.327E-17
9.120E+02  8.189E-28  1.981E-17  6.110E-18  1.370E-17
9.036E+02  8.543E-28  2.048E-17  6.331E-18  1.415E-17
8.954E+02  8.911E-28  2.116E-17  6.560E-18  1.460E-17
8.872E+02  9.296E-28  2.188E-17  6.797E-18  1.508E-17
8.790E+02  9.697E-28  2.261E-17  7.043E-18  1.557E-17
8.710E+02  1.012E-27  2.337E-17  7.298E-18  1.607E-17
8.630E+02  1.055E-27  2.415E-17  7.562E-18  1.659E-17
8.551E+02  1.101E-27  2.497E-17  7.836E-18  1.713E-17
8.472E+02  1.148E-27  2.580E-17  8.120E-18  1.768E-17
8.395E+02  1.198E-27  2.667E-17  8.414E-18  1.826E-17
8.318E+02  1.249E-27  2.757E-17  8.719E-18  1.885E-17
8.241E+02  1.303E-27  2.849E-17  9.035E-18  1.946E-17
8.166E+02  1.360E-27  2.945E-17  9.363E-18  2.008E-17
8.091E+02  1.418E-27  3.044E-17  9.703E-18  2.073E-17
8.017E+02  1.479E-27  3.146E-17  1.005E-17  2.140E-17
7.943E+02  1.543E-27  3.251E-17  1.042E-17  2.209E-17
7.870E+02  1.610E-27  3.360E-17  1.080E-17  2.281E-17
7.798E+02  1.679E-27  3.473E-17  1.119E-17  2.354E-17
7.727E+02  1.751E-27  3.590E-17  1.160E-17  2.430E-17
7.656E+02  1.827E-27  3.710E-17  1.202E-17  2.508E-17
7.586E+02  1.906E-27  3.835E-17  1.246E-17  2.589E-17
7.516E+02  1.988E-27  3.964E-17  1.291E-17  2.673E-17
7.447E+02  2.074E-27  4.097E-17  1.338E-17  2.759E-17
7.379E+02  2.164E-27  4.235E-17  1.386E-17  2.849E-17
7.311E+02  2.257E-27  4.378E-17  1.437E-17  2.941E-17
7.244E+02  2.355E-27  4.525E-17  1.489E-17  3.036E-17
7.178E+02  2.457E-27  4.678E-17  1.543E-17  3.135E-17
7.112E+02  2.564E-27  4.836E-17  1.600E-17  3.237E-17
7.047E+02  2.675E-27  5.000E-17  1.658E-17  3.342E-17
6.982E+02  2.791E-27  5.169E-17  1.718E-17  3.451E-17
6.918E+02  2.912E-27  5.344E-17  1.781E-17  3.563E-17
6.855E+02  3.038E-27  5.525E-17  1.845E-17  3.679E-17
6.792E+02  3.170E-27  5.712E-17  1.913E-17  3.799E-17
6.730E+02  3.308E-27  5.905E-17  1.982E-17  3.922E-17
6.668E+02  3.451E-27  6.104E-17  2.055E-17  4.050E-17
6.607E+02  3.601E-27  6.311E-17  2.129E-17  4.182E-17
6.546E+02  3.758E-27  6.525E-17  2.207E-17  4.318E-17
6.486E+02  3.922E-27  6.747E-17  2.287E-17  4.460E-17
6.427E+02  4.093E-27  6.978E-17  2.371E-17  4.607E-17
6.368E+02  4.272E-27  7.216E-17  2.457E-17  4.759E-17
6.310E+02  4.458E-27  7.462E-17  2.547E-17  4.915E-17
6.252E+02  4.653E-27  7.717E-17  2.639E-17  5.078E-17
6.194E+02  4.857E-27  7.981E-17  2.736E-17  5.245E-17
6.138E+02  5.070E-27  8.254E-17  2.835E-17  5.419E-17
6.081E+02  5.292E-27  8.537E-17  2.939E-17  5.598E-17
6.026E+02  5.524E-27  8.830E-17  3.046E-17  5.784E-17
5.970E+02  5.767E-27  9.133E-17  3.157E-17  5.976E-17
5.916E+02  6.020E-27  9.446E-17  3.272E-17  6.175E-17
5.861E+02  6.284E-27  9.771E-17  3.391E-17  6.380E-17
5.808E+02  6.561E-27  1.011E-16  3.514E-17  6.593E-17
5.754E+02  6.849E-27  1.046E-16  3.642E-17  6.813E-17
5.702E+02  7.151E-27  1.082E-16  3.775E-17  7.040E-17
5.649E+02  7.466E-27  1.119E-16  3.913E-17  7.276E-17
5.598E+02  7.795E-27  1.157E-16  4.055E-17  7.520E-17
5.546E+02  8.140E-27  1.197E-16  4.203E-17  7.772E-17
5.495E+02  8.499E-27  1.239E-16  4.356E-17  8.033E-17
5.445E+02  8.875E-27  1.282E-16  4.515E-17  8.303E-17
5.395E+02  9.267E-27  1.326E-16  4.679E-17  8.583E-17
5.346E+02  9.677E-27  1.372E-16  4.850E-17  8.873E-17
5.297E+02  1.011E-26  1.420E-16  5.026E-17  9.172E-17
5.248E+02  1.055E-26  1.469E-16  5.209E-17  9.483E-17
5.200E+02  1.102E-26  1.520E-16  5.399E-17  9.804E-17
5.152E+02  1.151E-26  1.573E-16  5.595E-17  1.014E-16
5.105E+02  1.202E-26  1.628E-16  5.799E-17  1.048E-16
5.058E+02  1.256E-26  1.685E-16  6.010E-17  1.084E-16
5.012E+02  1.311E-26  1.744E-16  6.229E-17  1.121E-16
4.966E+02  1.370E-26  1.804E-16  6.456E-17  1.159E-16
4.920E+02  1.431E-26  1.867E-16  6.691E-17  1.198E-16
4.875E+02  1.495E-26  1.933E-16  6.934E-17  1.239E-16
4.831E+02  1.561E-26  2.000E-16  7.186E-17  1.282E-16
4.786E+02  1.631E-26  2.070E-16  7.448E-17  1.326E-16
4.742E+02  1.704E-26  2.143E-16  7.719E-17  1.371E-16
4.699E+02  1.780E-26  2.218E-16  7.999E-17  1.418E-16
4.656E+02  1.859E-26  2.296E-16  8.290E-17  1.467E-16
4.613E+02  1.942E-26  2.377E-16  8.591E-17  1.517E-16
4.571E+02  2.029E-26  2.460E-16  8.904E-17  1.570E-16
4.529E+02  2.120E-26  2.547E-16  9.227E-17  1.624E-16
4.487E+02  2.215E-26  2.636E-16  9.563E-17  1.680E-16
4.446E+02  2.314E-26  2.729E-16  9.910E-17  1.738E-16
4.406E+02  2.418E-26  2.825E-16  1.027E-16  1.798E-16
4.365E+02  2.526E-26  2.925E-16  1.064E-16  1.861E-16
4.325E+02  2.639E-26  3.028E-16  1.103E-16  1.925E-16
4.285E+02  2.758E-26  3.135E-16  1.143E-16  1.992E-16
4.246E+02  2.882E-26  3.246E-16  1.184E-16  2.061E-16
4.207E+02  3.011E-26  3.361E-16  1.227E-16  2.133E-16
4.169E+02  3.147E-26  3.480E-16  1.272E-16  2.208E-16
4.130E+02  3.288E-26  3.603E-16  1.318E-16  2.285E-16
4.093E+02  3.437E-26  3.731E-16  1.366E-16  2.365E-16
4.055E+02  3.591E-26  3.863E-16  1.415E-16  2.448E-16
4.018E+02  3.753E-26  4.000E-16  1.467E-16  2.533E-16
3.981E+02  3.923E-26  4.142E-16  1.520E-16  2.622E-16
3.945E+02  4.100E-26  4.290E-16  1.575E-16  2.715E-16
3.908E+02  4.285E-26  4.443E-16  1.632E-16  2.810E-16
3.873E+02  4.479E-26  4.601E-16  1.691E-16  2.910E-16
3.837E+02  4.682E-26  4.765E-16  1.752E-16  3.012E-16
3.802E+02  4.893E-26  4.935E-16  1.816E-16  3.119E-16
3.767E+02  5.115E-26  5.111E-16  1.882E-16  3.230E-16
3.733E+02  5.347E-26  5.294E-16  1.950E-16  3.344E-16
3.698E+02  5.589E-26  5.483E-16  2.020E-16  3.463E-16
3.664E+02  5.843E-26  5.679E-16  2.093E-16  3.586E-16
3.631E+02  6.108E-26  5.883E-16  2.169E-16  3.714E-16
3.597E+02  6.385E-26  6.093E-16  2.247E-16  3.846E-16
3.565E+02  6.676E-26  6.312E-16  2.329E-16  3.983E-16
3.532E+02  6.979E-26  6.538E-16  2.413E-16  4.125E-16
3.499E+02  7.296E-26  6.773E-16  2.500E-16  4.273E-16
3.467E+02  7.628E-26  7.016E-16  2.590E-16  4.426E-16
3.436E+02  7.976E-26  7.268E-16  2.684E-16  4.585E-16
3.404E+02  8.339E-26  7.530E-16  2.781E-16  4.749E-16
3.373E+02  8.719E-26  7.800E-16  2.881E-16  4.920E-16
3.342E+02  9.116E-26  8.081E-16  2.985E-16  5.096E-16
3.311E+02  9.532E-26  8.372E-16  3.092E-16  5.280E-16
3.281E+02  9.966E-26  8.674E-16  3.204E-16  5.470E-16
3.251E+02  1.042E-25  8.986E-16  3.319E-16  5.667E-16
3.221E+02  1.090E-25  9.310E-16  3.439E-16  5.871E-16
3.192E+02  1.139E-25  9.646E-16  3.563E-16  6.083E-16
3.162E+02  1.191E-25  9.994E-16  3.691E-16  6.303E-16
3.133E+02  1.246E-25  1.036E-15  3.824E-16  6.531E-16
3.105E+02  1.303E-25  1.073E-15  3.961E-16  6.768E-16
3.076E+02  1.362E-25  1.112E-15  4.104E-16  7.013E-16
3.048E+02  1.425E-25  1.152E-15  4.251E-16  7.268E-16
3.020E+02  1.490E-25  1.194E-15  4.404E-16  7.531E-16
2.992E+02  1.558E-25  1.237E-15  4.562E-16  7.805E-16
2.965E+02  1.629E-25  1.281E-15  4.726E-16  8.089E-16
2.938E+02  1.704E-25  1.328E-15  4.896E-16  8.383E-16
2.911E+02  1.782E-25  1.376E-15  5.071E-16  8.688E-16
2.884E+02  1.864E-25  1.426E-15  5.253E-16  9.005E-16
2.858E+02  1.949E-25  1.477E-15  5.442E-16  9.333E-16
2.831E+02  2.038E-25  1.531E-15  5.637E-16  9.673E-16
2.805E+02  2.132E-25  1.587E-15  5.839E-16  1.003E-15
2.780E+02  2.230E-25  1.644E-15  6.048E-16  1.039E-15
2.754E+02  2.332E-25  1.704E-15  6.264E-16  1.077E-15
2.729E+02  2.439E-25  1.766E-15  6.488E-16  1.117E-15
2.704E+02  2.551E-25  1.830E-15  6.720E-16  1.158E-15
2.679E+02  2.669E-25  1.897E-15  6.961E-16  1.201E-15
2.655E+02  2.792E-25  1.966E-15  7.209E-16  1.245E-15
2.630E+02  2.921E-25  2.038E-15  7.467E-16  1.291E-15
2.606E+02  3.055E-25  2.112E-15  7.734E-16  1.339E-15
2.582E+02  3.196E-25  2.189E-15  8.010E-16  1.388E-15
2.559E+02  3.343E-25  2.269E-15  8.295E-16  1.439E-15
2.535E+02  3.496E-25  2.351E-15  8.591E-16  1.492E-15
2.512E+02  3.656E-25  2.436E-15  8.897E-16  1.546E-15
2.489E+02  3.821E-25  2.523E-15  9.214E-16  1.601E-15
2.466E+02  3.992E-25  2.611E-15  9.543E-16  1.657E-15
2.443E+02  4.169E-25  2.702E-15  9.882E-16  1.714E-15
2.421E+02  4.354E-25  2.796E-15  1.023E-15  1.773E-15
2.399E+02  4.546E-25  2.892E-15  1.060E-15  1.833E-15
2.377E+02  4.744E-25  2.991E-15  1.097E-15  1.893E-15
2.355E+02  4.950E-25  3.092E-15  1.136E-15  1.956E-15
2.333E+02  5.165E-25  3.197E-15  1.177E-15  2.020E-15
2.312E+02  5.390E-25  3.306E-15  1.219E-15  2.087E-15
2.291E+02  5.624E-25  3.418E-15  1.262E-15  2.156E-15
2.270E+02  5.868E-25  3.533E-15  1.307E-15  2.227E-15
2.249E+02  6.123E-25  3.653E-15  1.353E-15  2.300E-15
2.228E+02  6.388E-25  3.776E-15  1.401E-15  2.375E-15
2.208E+02  6.665E-25  3.904E-15  1.450E-15  2.453E-15
2.188E+02  6.953E-25  4.035E-15  1.502E-15  2.533E-15
2.168E+02  7.254E-25  4.171E-15  1.555E-15  2.616E-15
2.148E+02  7.567E-25  4.311E-15  1.610E-15  2.702E-15
2.128E+02  7.894E-25  4.456E-15  1.666E-15  2.790E-15
2.109E+02  8.235E-25  4.606E-15  1.725E-15  2.881E-15
2.089E+02  8.590E-25  4.761E-15  1.786E-15  2.975E-15
2.070E+02  8.961E-25  4.920E-15  1.849E-15  3.071E-15
2.051E+02  9.346E-25  5.085E-15  1.914E-15  3.171E-15
2.032E+02  9.748E-25  5.255E-15  1.982E-15  3.274E-15
2.014E+02  1.017E-24  5.431E-15  2.051E-15  3.379E-15
1.995E+02  1.060E-24  5.612E-15  2.124E-15  3.488E-15
1.977E+02  1.106E-24  5.799E-15  2.198E-15  3.601E-15
1.959E+02  1.153E-24  5.991E-15  2.276E-15  3.716E-15
1.941E+02  1.202E-24  6.190E-15  2.355E-15  3.835E-15
1.923E+02  1.253E-24  6.394E-15  2.438E-15  3.956E-15
1.905E+02  1.307E-24  6.606E-15  2.524E-15  4.082E-15
1.888E+02  1.363E-24  6.825E-15  2.612E-15  4.213E-15
1.871E+02  1.421E-24  7.051E-15  2.703E-15  4.347E-15
1.854E+02  1.481E-24  7.284E-15  2.798E-15  4.485E-15
1.837E+02  1.544E-24  7.524E-15  2.896E-15  4.628E-15
1.820E+02  1.610E-24  7.772E-15  2.997E-15  4.775E-15
1.803E+02  1.679E-24  8.028E-15  3.102E-15  4.926E-15
1.786E+02  1.750E-24  8.292E-15  3.210E-15  5.082E-15
1.770E+02  1.824E-24  8.563E-15  3.322E-15  5.241E-15
1.754E+02  1.901E-24  8.844E-15  3.438E-15  5.406E-15
1.738E+02  1.981E-24  9.133E-15  3.558E-15  5.576E-15
1.722E+02  2.064E-24  9.429E-15  3.681E-15  5.747E-15
1.706E+02  2.150E-24  9.731E-15  3.809E-15  5.922E-15
1.690E+02  2.241E-24  1.005E-14  3.942E-15  6.107E-15
1.675E+02  2.335E-24  1.038E-14  4.079E-15  6.297E-15
1.660E+02  2.434E-24  1.071E-14  4.220E-15  6.494E-15
1.644E+02  2.536E-24  1.106E-14  4.367E-15  6.696E-15
1.629E+02  2.643E-24  1.142E-14  4.518E-15  6.903E-15
1.614E+02  2.754E-24  1.179E-14  4.674E-15  7.117E-15
1.600E+02  2.869E-24  1.217E-14  4.836E-15  7.337E-15
1.585E+02  2.989E-24  1.257E-14  5.003E-15  7.564E-15
1.570E+02  3.114E-24  1.297E-14  5.176E-15  7.797E-15
1.556E+02  3.244E-24  1.339E-14  5.355E-15  8.035E-15
1.542E+02  3.380E-24  1.382E-14  5.540E-15  8.282E-15
1.528E+02  3.520E-24  1.426E-14  5.730E-15  8.531E-15
1.514E+02  3.663E-24  1.470E-14  5.928E-15  8.777E-15
1.500E+02  3.813E-24  1.517E-14  6.132E-15  9.035E-15
1.486E+02  3.971E-24  1.565E-14  6.341E-15  9.310E-15
1.472E+02  4.136E-24  1.615E-14  6.559E-15  9.594E-15
1.459E+02  4.308E-24  1.667E-14  6.784E-15  9.885E-15
1.445E+02  4.486E-24  1.720E-14  7.017E-15  1.018E-14
1.432E+02  4.672E-24  1.775E-14  7.257E-15  1.049E-14
1.419E+02  4.864E-24  1.831E-14  7.501E-15  1.081E-14
1.406E+02  5.066E-24  1.889E-14  7.757E-15  1.114E-14
1.393E+02  5.274E-24  1.949E-14  8.023E-15  1.147E-14
1.380E+02  5.492E-24  2.011E-14  8.297E-15  1.181E-14
1.368E+02  5.718E-24  2.075E-14  8.580E-15  1.217E-14
1.355E+02  5.954E-24  2.140E-14  8.872E-15  1.253E-14
1.343E+02  6.198E-24  2.208E-14  9.174E-15  1.290E-14
1.330E+02  6.451E-24  2.277E-14  9.487E-15  1.328E-14
1.318E+02  6.699E-24  2.342E-14  9.809E-15  1.361E-14
1.306E+02  6.968E-24  2.414E-14  1.014E-14  1.400E-14
1.294E+02  7.254E-24  2.490E-14  1.049E-14  1.441E-14
1.282E+02  7.550E-24  2.568E-14  1.084E-14  1.484E-14
1.271E+02  7.857E-24  2.648E-14  1.121E-14  1.527E-14
1.259E+02  8.178E-24  2.731E-14  1.159E-14  1.572E-14
1.247E+02  8.510E-24  2.816E-14  1.198E-14  1.618E-14
1.236E+02  8.856E-24  2.903E-14  1.239E-14  1.665E-14
1.225E+02  9.211E-24  2.992E-14  1.279E-14  1.713E-14
1.213E+02  9.584E-24  3.085E-14  1.322E-14  1.763E-14
1.202E+02  9.972E-24  3.180E-14  1.366E-14  1.814E-14
1.191E+02  1.037E-23  3.278E-14  1.412E-14  1.866E-14
1.180E+02  1.079E-23  3.379E-14  1.460E-14  1.919E-14
1.169E+02  1.122E-23  3.480E-14  1.509E-14  1.971E-14
1.159E+02  1.167E-23  3.586E-14  1.559E-14  2.027E-14
1.148E+02  1.214E-23  3.696E-14  1.612E-14  2.085E-14
1.138E+02  1.260E-23  3.802E-14  1.666E-14  2.137E-14
1.127E+02  1.309E-23  3.914E-14  1.721E-14  2.193E-14
1.117E+02  1.361E-23  4.033E-14  1.778E-14  2.255E-14
1.107E+02  1.416E-23  4.156E-14  1.838E-14  2.319E-14
1.096E+02  1.472E-23  4.282E-14  1.899E-14  2.384E-14
1.086E+02  1.531E-23  4.413E-14  1.962E-14  2.451E-14
1.076E+02  1.592E-23  4.547E-14  2.027E-14  2.520E-14
1.067E+02  1.656E-23  4.685E-14  2.095E-14  2.590E-14
1.057E+02  1.722E-23  4.826E-14  2.164E-14  2.662E-14
1.047E+02  1.790E-23  4.972E-14  2.236E-14  2.737E-14
1.038E+02  1.861E-23  5.122E-14  2.310E-14  2.813E-14
1.028E+02  1.933E-23  5.271E-14  2.381E-14  2.890E-14
1.019E+02  2.008E-23  5.425E-14  2.458E-14  2.968E-14
1.009E+02  2.087E-23  5.588E-14  2.539E-14  3.049E-14
1.000E+02  2.169E-23  5.755E-14  2.622E-14  3.132E-14
9.908E+01  2.253E-23  5.921E-14  2.709E-14  3.213E-14
9.817E+01  2.342E-23  6.098E-14  2.798E-14  3.300E-14
9.727E+01  2.428E-23  6.265E-14  2.889E-14  3.376E-14
9.638E+01  2.523E-23  6.451E-14  2.984E-14  3.467E-14
9.550E+01  2.622E-23  6.641E-14  3.081E-14  3.560E-14
9.462E+01  2.724E-23  6.837E-14  3.182E-14  3.655E-14
9.376E+01  2.830E-23  7.039E-14  3.286E-14  3.753E-14
9.290E+01  2.940E-23  7.245E-14  3.392E-14  3.852E-14
9.204E+01  3.054E-23  7.457E-14  3.503E-14  3.955E-14
9.120E+01  3.173E-23  7.675E-14  3.616E-14  4.059E-14
9.036E+01  3.296E-23  7.900E-14  3.733E-14  4.166E-14
8.954E+01  3.423E-23  8.129E-14  3.854E-14  4.275E-14
8.872E+01  3.555E-23  8.366E-14  3.978E-14  4.387E-14
8.790E+01  3.692E-23  8.608E-14  4.107E-14  4.502E-14
8.710E+01  3.830E-23  8.848E-14  4.232E-14  4.616E-14
8.630E+01  3.977E-23  9.104E-14  4.368E-14  4.736E-14
8.551E+01  4.129E-23  9.364E-14  4.508E-14  4.856E-14
8.472E+01  4.284E-23  9.627E-14  4.646E-14  4.981E-14
8.395E+01  4.447E-23  9.902E-14  4.795E-14  5.108E-14
8.318E+01  4.613E-23  1.018E-13  4.948E-14  5.230E-14
8.241E+01  4.779E-23  1.045E-13  5.106E-14  5.342E-14
8.166E+01  4.961E-23  1.075E-13  5.268E-14  5.477E-14
8.091E+01  5.149E-23  1.105E-13  5.435E-14  5.615E-14
8.017E+01  5.343E-23  1.136E-13  5.608E-14  5.755E-14
7.943E+01  5.544E-23  1.168E-13  5.785E-14  5.895E-14
7.870E+01  5.753E-23  1.201E-13  5.968E-14  6.042E-14
7.798E+01  5.970E-23  1.235E-13  6.156E-14  6.192E-14
7.727E+01  6.194E-23  1.269E-13  6.350E-14  6.344E-14
7.656E+01  6.427E-23  1.305E-13  6.550E-14  6.501E-14
7.586E+01  6.667E-23  1.341E-13  6.755E-14  6.659E-14
7.516E+01  6.916E-23  1.379E-13  6.967E-14  6.822E-14
7.447E+01  7.174E-23  1.417E-13  7.184E-14  6.988E-14
7.379E+01  7.435E-23  1.455E-13  7.404E-14  7.149E-14
7.311E+01  7.709E-23  1.495E-13  7.634E-14  7.317E-14
7.244E+01  7.982E-23  1.534E-13  7.846E-14  7.492E-14
7.178E+01  8.275E-23  1.576E-13  8.089E-14  7.667E-14
7.112E+01  8.580E-23  1.619E-13  8.339E-14  7.847E-14
7.047E+01  8.887E-23  1.661E-13  8.597E-14  8.016E-14
6.982E+01  9.208E-23  1.706E-13  8.862E-14  8.193E-14
6.918E+01  9.547E-23  1.752E-13  9.134E-14  8.385E-14
6.855E+01  9.894E-23  1.799E-13  9.415E-14  8.575E-14
6.792E+01  1.025E-22  1.847E-13  9.703E-14  8.771E-14
6.730E+01  1.062E-22  1.896E-13  9.999E-14  8.966E-14
6.668E+01  1.101E-22  1.947E-13  1.030E-13  9.170E-14
6.607E+01  1.141E-22  2.000E-13  1.062E-13  9.379E-14
6.546E+01  1.182E-22  2.052E-13  1.094E-13  9.589E-14
6.486E+01  1.225E-22  2.107E-13  1.127E-13  9.803E-14
6.427E+01  1.268E-22  2.163E-13  1.161E-13  1.002E-13
6.368E+01  1.314E-22  2.220E-13  1.196E-13  1.024E-13
6.310E+01  1.360E-22  2.276E-13  1.230E-13  1.046E-13
6.252E+01  1.408E-22  2.336E-13  1.266E-13  1.069E-13
6.194E+01  1.458E-22  2.395E-13  1.304E-13  1.091E-13
6.138E+01  1.510E-22  2.458E-13  1.343E-13  1.115E-13
6.081E+01  1.563E-22  2.522E-13  1.383E-13  1.139E-13
6.026E+01  1.618E-22  2.587E-13  1.424E-13  1.163E-13
5.970E+01  1.674E-22  2.651E-13  1.464E-13  1.187E-13
5.916E+01  1.733E-22  2.719E-13  1.508E-13  1.211E-13
5.861E+01  1.793E-22  2.787E-13  1.551E-13  1.236E-13
5.808E+01  1.855E-22  2.857E-13  1.596E-13  1.261E-13
5.754E+01  1.919E-22  2.930E-13  1.643E-13  1.287E-13
5.702E+01  1.986E-22  3.003E-13  1.690E-13  1.313E-13
5.649E+01  2.055E-22  3.079E-13  1.740E-13  1.339E-13
5.598E+01  2.125E-22  3.155E-13  1.790E-13  1.365E-13
5.546E+01  2.198E-22  3.234E-13  1.842E-13  1.392E-13
5.495E+01  2.274E-22  3.314E-13  1.895E-13  1.419E-13
5.445E+01  2.351E-22  3.396E-13  1.949E-13  1.447E-13
5.395E+01  2.432E-22  3.480E-13  2.005E-13  1.475E-13
5.346E+01  2.515E-22  3.566E-13  2.062E-13  1.503E-13
5.297E+01  2.596E-22  3.647E-13  2.116E-13  1.531E-13
5.248E+01  2.684E-22  3.736E-13  2.176E-13  1.560E-13
5.200E+01  2.774E-22  3.826E-13  2.237E-13  1.589E-13
5.152E+01  2.867E-22  3.918E-13  2.300E-13  1.618E-13
5.105E+01  2.961E-22  4.010E-13  2.363E-13  1.647E-13
5.058E+01  3.060E-22  4.106E-13  2.429E-13  1.677E-13
5.012E+01  3.159E-22  4.200E-13  2.493E-13  1.707E-13
4.966E+01  3.264E-22  4.299E-13  2.563E-13  1.737E-13
4.920E+01  3.371E-22  4.400E-13  2.633E-13  1.767E-13
4.875E+01  3.482E-22  4.503E-13  2.706E-13  1.797E-13
4.831E+01  3.596E-22  4.608E-13  2.780E-13  1.827E-13
4.786E+01  3.713E-22  4.714E-13  2.856E-13  1.858E-13
4.742E+01  3.834E-22  4.823E-13  2.934E-13  1.889E-13
4.699E+01  3.958E-22  4.933E-13  3.013E-13  1.920E-13
4.656E+01  4.085E-22  5.045E-13  3.094E-13  1.951E-13
4.613E+01  4.216E-22  5.159E-13  3.177E-13  1.983E-13
4.571E+01  4.351E-22  5.276E-13  3.262E-13  2.014E-13
4.529E+01  4.490E-22  5.394E-13  3.348E-13  2.046E-13
4.487E+01  4.633E-22  5.514E-13  3.437E-13  2.078E-13
4.446E+01  4.779E-22  5.637E-13  3.527E-13  2.110E-13
4.406E+01  4.928E-22  5.759E-13  3.617E-13  2.142E-13
4.365E+01  5.079E-22  5.881E-13  3.707E-13  2.174E-13
4.325E+01  5.238E-22  6.010E-13  3.803E-13  2.207E-13
4.285E+01  5.398E-22  6.136E-13  3.898E-13  2.238E-13
4.246E+01  5.565E-22  6.269E-13  3.998E-13  2.271E-13
4.207E+01  5.732E-22  6.396E-13  4.093E-13  2.303E-13
4.169E+01  5.908E-22  6.533E-13  4.197E-13  2.336E-13
4.130E+01  6.088E-22  6.670E-13  4.302E-13  2.368E-13
4.093E+01  6.272E-22  6.809E-13  4.410E-13  2.399E-13
4.055E+01  6.462E-22  6.951E-13  4.520E-13  2.431E-13
4.018E+01  6.656E-22  7.094E-13  4.632E-13  2.462E-13
3.981E+01  6.856E-22  7.240E-13  4.747E-13  2.494E-13
3.945E+01  7.061E-22  7.388E-13  4.863E-13  2.525E-13
3.908E+01  7.271E-22  7.538E-13  4.982E-13  2.556E-13
3.873E+01  7.486E-22  7.689E-13  5.103E-13  2.586E-13
3.837E+01  7.705E-22  7.842E-13  5.226E-13  2.616E-13
3.802E+01  7.931E-22  7.998E-13  5.351E-13  2.647E-13
3.767E+01  8.159E-22  8.153E-13  5.477E-13  2.676E-13
3.733E+01  8.390E-22  8.306E-13  5.602E-13  2.704E-13
3.698E+01  8.630E-22  8.466E-13  5.734E-13  2.731E-13
3.664E+01  8.876E-22  8.628E-13  5.869E-13  2.758E-13
3.631E+01  9.128E-22  8.792E-13  6.006E-13  2.785E-13
3.597E+01  9.379E-22  8.950E-13  6.137E-13  2.812E-13
3.565E+01  9.644E-22  9.118E-13  6.279E-13  2.839E-13
3.532E+01  9.915E-22  9.289E-13  6.424E-13  2.865E-13
3.499E+01  1.019E-21  9.459E-13  6.568E-13  2.892E-13
3.467E+01  1.047E-21  9.627E-13  6.710E-13  2.918E-13
3.436E+01  1.076E-21  9.805E-13  6.862E-13  2.943E-13
3.404E+01  1.106E-21  9.985E-13  7.016E-13  2.969E-13
3.373E+01  1.136E-21  1.017E-12  7.172E-13  2.994E-13
3.342E+01  1.168E-21  1.035E-12  7.332E-13  3.020E-13
3.311E+01  1.200E-21  1.054E-12  7.495E-13  3.047E-13
3.281E+01  1.233E-21  1.073E-12  7.661E-13  3.073E-13
3.251E+01  1.267E-21  1.093E-12  7.828E-13  3.100E-13
3.221E+01  1.302E-21  1.113E-12  8.000E-13  3.126E-13
3.192E+01  1.338E-21  1.133E-12  8.173E-13  3.152E-13
3.162E+01  1.374E-21  1.152E-12  8.347E-13  3.178E-13
3.133E+01  1.411E-21  1.173E-12  8.528E-13  3.203E-13
3.105E+01  1.449E-21  1.193E-12  8.705E-13  3.228E-13
3.076E+01  1.488E-21  1.214E-12  8.891E-13  3.253E-13
3.048E+01  1.529E-21  1.236E-12  9.083E-13  3.278E-13
3.020E+01  1.570E-21  1.258E-12  9.277E-13  3.303E-13
2.992E+01  1.613E-21  1.280E-12  9.477E-13  3.327E-13
2.965E+01  1.656E-21  1.303E-12  9.676E-13  3.350E-13
2.938E+01  1.701E-21  1.325E-12  9.879E-13  3.372E-13
2.911E+01  1.746E-21  1.348E-12  1.009E-12  3.394E-13
2.884E+01  1.793E-21  1.372E-12  1.030E-12  3.416E-13
2.858E+01  1.841E-21  1.396E-12  1.052E-12  3.437E-13
2.831E+01  1.891E-21  1.420E-12  1.075E-12  3.457E-13
2.805E+01  1.942E-21  1.445E-12  1.098E-12  3.478E-13
2.780E+01  1.995E-21  1.471E-12  1.121E-12  3.497E-13
2.754E+01  2.048E-21  1.497E-12  1.145E-12  3.517E-13
2.729E+01  2.103E-21  1.523E-12  1.169E-12  3.536E-13
2.704E+01  2.161E-21  1.550E-12  1.194E-12  3.555E-13
2.679E+01  2.219E-21  1.577E-12  1.220E-12  3.573E-13
2.655E+01  2.279E-21  1.605E-12  1.246E-12  3.591E-13
2.630E+01  2.341E-21  1.633E-12  1.272E-12  3.608E-13
2.606E+01  2.404E-21  1.662E-12  1.299E-12  3.625E-13
2.582E+01  2.470E-21  1.692E-12  1.327E-12  3.642E-13
2.559E+01  2.537E-21  1.722E-12  1.356E-12  3.658E-13
2.535E+01  2.606E-21  1.753E-12  1.385E-12  3.673E-13
2.512E+01  2.678E-21  1.784E-12  1.416E-12  3.688E-13
2.489E+01  2.751E-21  1.816E-12  1.446E-12  3.702E-13
2.466E+01  2.826E-21  1.849E-12  1.477E-12  3.715E-13
2.443E+01  2.903E-21  1.882E-12  1.509E-12  3.727E-13
2.421E+01  2.983E-21  1.915E-12  1.542E-12  3.737E-13
2.399E+01  3.064E-21  1.950E-12  1.575E-12  3.744E-13
2.377E+01  3.148E-21  1.985E-12  1.610E-12  3.753E-13
2.355E+01  3.235E-21  2.021E-12  1.645E-12  3.765E-13
2.333E+01  3.325E-21  2.058E-12  1.681E-12  3.774E-13
2.312E+01  3.417E-21  2.096E-12  1.718E-12  3.777E-13
2.291E+01  3.510E-21  2.133E-12  1.755E-12  3.781E-13
2.270E+01  3.608E-21  2.173E-12  1.793E-12  3.791E-13
2.249E+01  3.710E-21  2.214E-12  1.833E-12  3.805E-13
2.228E+01  3.815E-21  2.255E-12  1.873E-12  3.821E-13
2.208E+01  3.923E-21  2.298E-12  1.915E-12  3.833E-13
2.188E+01  4.033E-21  2.340E-12  1.956E-12  3.839E-13
2.168E+01  4.144E-21  2.383E-12  1.999E-12  3.840E-13
2.148E+01  4.260E-21  2.427E-12  2.043E-12  3.840E-13
2.128E+01  4.380E-21  2.472E-12  2.088E-12  3.844E-13
2.109E+01  4.504E-21  2.519E-12  2.134E-12  3.853E-13
2.089E+01  4.632E-21  2.567E-12  2.181E-12  3.858E-13
2.070E+01  4.763E-21  2.615E-12  2.229E-12  3.859E-13
2.051E+01  4.898E-21  2.665E-12  2.279E-12  3.857E-13
2.032E+01  5.039E-21  2.716E-12  2.330E-12  3.858E-13
2.014E+01  5.187E-21  2.771E-12  2.383E-12  3.874E-13
1.995E+01  5.343E-21  2.828E-12  2.439E-12  3.886E-13
1.977E+01  5.506E-21  2.888E-12  2.498E-12  3.894E-13
1.959E+01  5.679E-21  2.951E-12  2.562E-12  3.894E-13
1.941E+01  5.877E-21  3.026E-12  2.637E-12  3.885E-13
1.923E+01  6.130E-21  3.127E-12  2.741E-12  3.866E-13
1.905E+01  6.553E-21  3.312E-12  2.928E-12  3.838E-13
1.888E+01  6.940E-21  3.476E-12  3.096E-12  3.800E-13
1.871E+01  6.810E-21  3.379E-12  3.004E-12  3.751E-13
1.854E+01  6.890E-21  3.388E-12  3.019E-12  3.691E-13
1.837E+01  7.102E-21  3.460E-12  3.097E-12  3.622E-13
1.820E+01  7.406E-21  3.575E-12  3.220E-12  3.544E-13
1.803E+01  7.878E-21  3.768E-12  3.422E-12  3.459E-13
1.786E+01  8.578E-21  4.065E-12  3.728E-12  3.366E-13
1.770E+01  8.868E-21  4.164E-12  3.837E-12  3.266E-13
1.754E+01  9.620E-21  4.476E-12  4.160E-12  3.159E-13
1.738E+01  1.116E-20  5.145E-12  4.840E-12  3.047E-13
1.722E+01  1.125E-20  5.139E-12  4.846E-12  2.931E-13
1.706E+01  1.157E-20  5.235E-12  4.953E-12  2.817E-13
1.690E+01  1.153E-20  5.169E-12  4.899E-12  2.703E-13
1.675E+01  1.127E-20  5.006E-12  4.747E-12  2.588E-13
1.660E+01  1.167E-20  5.137E-12  4.890E-12  2.471E-13
1.644E+01  1.372E-20  5.985E-12  5.750E-12  2.356E-13
1.629E+01  1.081E-20  4.670E-12  4.446E-12  2.243E-13
1.614E+01  9.685E-21  4.147E-12  3.934E-12  2.135E-13
1.600E+01  9.393E-21  3.985E-12  3.782E-12  2.030E-13
1.585E+01  9.260E-21  3.893E-12  3.700E-12  1.930E-13
1.570E+01  9.072E-21  3.779E-12  3.595E-12  1.833E-13
1.556E+01  9.001E-21  3.715E-12  3.541E-12  1.742E-13
1.542E+01  8.993E-21  3.678E-12  3.512E-12  1.654E-13
1.528E+01  9.020E-21  3.655E-12  3.498E-12  1.572E-13
1.514E+01  9.074E-21  3.643E-12  3.493E-12  1.495E-13
1.500E+01  9.153E-21  3.641E-12  3.499E-12  1.424E-13
1.486E+01  9.262E-21  3.651E-12  3.515E-12  1.355E-13
1.472E+01  9.418E-21  3.678E-12  3.549E-12  1.290E-13
1.459E+01  9.658E-21  3.737E-12  3.614E-12  1.229E-13
1.445E+01  1.008E-20  3.864E-12  3.746E-12  1.177E-13
1.432E+01  1.090E-20  4.140E-12  4.027E-12  1.133E-13
1.419E+01  1.184E-20  4.457E-12  4.347E-12  1.098E-13
1.406E+01  1.159E-20  4.324E-12  4.217E-12  1.074E-13
1.393E+01  1.159E-20  4.283E-12  4.177E-12  1.062E-13
1.380E+01  1.231E-20  4.507E-12  4.401E-12  1.058E-13
1.368E+01  1.375E-20  4.987E-12  4.880E-12  1.066E-13
1.355E+01  1.556E-20  5.594E-12  5.486E-12  1.079E-13
1.343E+01  1.623E-20  5.779E-12  5.670E-12  1.096E-13
1.330E+01  1.557E-20  5.494E-12  5.383E-12  1.115E-13
1.318E+01  1.536E-20  5.371E-12  5.257E-12  1.135E-13
1.306E+01  1.635E-20  5.666E-12  5.551E-12  1.154E-13
1.294E+01  1.890E-20  6.487E-12  6.370E-12  1.176E-13
1.282E+01  2.347E-20  7.982E-12  7.862E-12  1.201E-13
1.271E+01  2.930E-20  9.876E-12  9.753E-12  1.229E-13
1.259E+01  3.150E-20  1.052E-11  1.039E-11  1.257E-13
1.247E+01  2.786E-20  9.218E-12  9.089E-12  1.284E-13
1.236E+01  2.400E-20  7.869E-12  7.737E-12  1.311E-13
1.225E+01  2.283E-20  7.417E-12  7.283E-12  1.336E-13
1.213E+01  2.416E-20  7.775E-12  7.638E-12  1.364E-13
1.202E+01  2.598E-20  8.286E-12  8.146E-12  1.396E-13
1.191E+01  2.528E-20  7.989E-12  7.846E-12  1.429E-13
1.180E+01  2.312E-20  7.240E-12  7.094E-12  1.462E-13
1.169E+01  2.270E-20  7.043E-12  6.894E-12  1.492E-13
1.159E+01  2.591E-20  7.963E-12  7.811E-12  1.517E-13
1.148E+01  3.517E-20  1.071E-11  1.056E-11  1.541E-13
1.138E+01  5.074E-20  1.531E-11  1.515E-11  1.569E-13
1.127E+01  6.795E-20  2.032E-11  2.016E-11  1.599E-13
1.117E+01  4.835E-20  1.432E-11  1.416E-11  1.632E-13
1.107E+01  2.514E-20  7.380E-12  7.214E-12  1.665E-13
1.096E+01  1.744E-20  5.073E-12  4.904E-12  1.696E-13
1.086E+01  1.391E-20  4.009E-12  3.836E-12  1.730E-13
1.076E+01  1.207E-20  3.446E-12  3.269E-12  1.769E-13
1.067E+01  1.100E-20  3.111E-12  2.930E-12  1.815E-13
1.057E+01  1.007E-20  2.822E-12  2.635E-12  1.866E-13
1.047E+01  9.460E-21  2.628E-12  2.436E-12  1.914E-13
1.038E+01  9.068E-21  2.496E-12  2.301E-12  1.949E-13
1.028E+01  8.800E-21  2.400E-12  2.203E-12  1.969E-13
1.019E+01  8.618E-21  2.328E-12  2.131E-12  1.974E-13
1.009E+01  8.502E-21  2.276E-12  2.079E-12  1.974E-13
1.000E+01  8.444E-21  2.240E-12  2.043E-12  1.973E-13
9.908E+00  8.439E-21  2.218E-12  2.020E-12  1.976E-13
9.817E+00  8.484E-21  2.209E-12  2.011E-12  1.981E-13
9.727E+00  8.580E-21  2.214E-12  2.015E-12  1.988E-13
9.638E+00  8.729E-21  2.232E-12  2.032E-12  1.993E-13
9.550E+00  8.935E-21  2.263E-12  2.065E-12  1.984E-13
9.462E+00  9.207E-21  2.311E-12  2.115E-12  1.957E-13
9.376E+00  9.561E-21  2.378E-12  2.187E-12  1.905E-13
9.290E+00  1.003E-20  2.470E-12  2.288E-12  1.828E-13
9.204E+00  1.065E-20  2.599E-12  2.427E-12  1.726E-13
9.120E+00  1.150E-20  2.782E-12  2.622E-12  1.607E-13
9.036E+00  1.272E-20  3.050E-12  2.902E-12  1.479E-13
8.954E+00  1.455E-20  3.457E-12  3.322E-12  1.349E-13
8.872E+00  1.744E-20  4.104E-12  3.982E-12  1.227E-13
8.790E+00  2.217E-20  5.169E-12  5.057E-12  1.116E-13
8.710E+00  2.939E-20  6.791E-12  6.689E-12  1.019E-13
8.630E+00  3.621E-20  8.288E-12  8.195E-12  9.345E-14
8.551E+00  3.553E-20  8.058E-12  7.972E-12  8.610E-14
8.472E+00  3.100E-20  6.968E-12  6.888E-12  7.927E-14
8.395E+00  2.874E-20  6.399E-12  6.327E-12  7.242E-14
8.318E+00  2.871E-20  6.335E-12  6.270E-12  6.515E-14
8.241E+00  3.008E-20  6.576E-12  6.518E-12  5.749E-14
8.166E+00  3.336E-20  7.226E-12  7.176E-12  4.965E-14
8.091E+00  3.952E-20  8.481E-12  8.439E-12  4.259E-14
8.017E+00  4.930E-20  1.048E-11  1.045E-11  3.628E-14
7.943E+00  6.210E-20  1.309E-11  1.305E-11  3.084E-14
7.870E+00  7.337E-20  1.532E-11  1.529E-11  2.617E-14
7.798E+00  7.752E-20  1.604E-11  1.601E-11  2.221E-14
7.727E+00  7.816E-20  1.602E-11  1.600E-11  1.897E-14
7.656E+00  8.075E-20  1.640E-11  1.638E-11  1.634E-14
7.586E+00  7.875E-20  1.585E-11  1.583E-11  1.424E-14
7.516E+00  6.636E-20  1.323E-11  1.322E-11  1.264E-14
7.447E+00  5.237E-20  1.035E-11  1.033E-11  1.147E-14
7.379E+00  4.209E-20  8.238E-12  8.227E-12  1.058E-14
7.311E+00  3.495E-20  6.778E-12  6.768E-12  9.962E-15
7.244E+00  2.973E-20  5.714E-12  5.704E-12  9.494E-15
7.178E+00  2.575E-20  4.902E-12  4.893E-12  9.121E-15
7.112E+00  2.269E-20  4.280E-12  4.271E-12  8.863E-15
7.047E+00  2.041E-20  3.816E-12  3.807E-12  8.672E-15
6.982E+00  1.887E-20  3.496E-12  3.487E-12  8.497E-15
6.918E+00  1.803E-20  3.309E-12  3.300E-12  8.354E-15
6.855E+00  1.782E-20  3.241E-12  3.233E-12  8.223E-15
6.792E+00  1.807E-20  3.255E-12  3.247E-12  8.098E-15
6.730E+00  1.832E-20  3.271E-12  3.263E-12  7.980E-15
6.668E+00  1.806E-20  3.195E-12  3.187E-12  7.864E-15
6.607E+00  1.729E-20  3.031E-12  3.023E-12  7.747E-15
6.546E+00  1.667E-20  2.894E-12  2.886E-12  7.631E-15
6.486E+00  1.699E-20  2.924E-12  2.916E-12  7.515E-15
6.427E+00  1.922E-20  3.276E-12  3.269E-12  7.399E-15
6.368E+00  2.506E-20  4.233E-12  4.226E-12  7.282E-15
6.310E+00  3.816E-20  6.387E-12  6.380E-12  7.163E-15
6.252E+00  5.935E-20  9.842E-12  9.835E-12  7.043E-15
6.194E+00  6.007E-20  9.870E-12  9.863E-12  6.923E-15
6.138E+00  3.739E-20  6.087E-12  6.080E-12  6.796E-15
6.081E+00  2.225E-20  3.589E-12  3.582E-12  6.672E-15
6.026E+00  1.480E-20  2.366E-12  2.360E-12  6.552E-15
5.970E+00  1.103E-20  1.747E-12  1.740E-12  6.436E-15
5.916E+00  9.056E-21  1.421E-12  1.415E-12  6.324E-15
5.861E+00  8.180E-21  1.272E-12  1.266E-12  6.216E-15
5.808E+00  8.242E-21  1.270E-12  1.264E-12  6.112E-15
5.754E+00  9.242E-21  1.411E-12  1.405E-12  6.013E-15
5.702E+00  9.943E-21  1.504E-12  1.498E-12  5.917E-15
5.649E+00  8.372E-21  1.255E-12  1.249E-12  5.825E-15
5.598E+00  6.365E-21  9.451E-13  9.393E-13  5.738E-15
5.546E+00  5.129E-21  7.545E-13  7.489E-13  5.654E-15
5.495E+00  4.471E-21  6.518E-13  6.462E-13  5.573E-15
5.445E+00  4.185E-21  6.045E-13  5.990E-13  5.497E-15
5.395E+00  4.227E-21  6.049E-13  5.994E-13  5.424E-15
5.346E+00  4.680E-21  6.636E-13  6.582E-13  5.353E-15
5.297E+00  5.429E-21  7.628E-13  7.575E-13  5.285E-15
5.248E+00  5.299E-21  7.377E-13  7.325E-13  5.220E-15
5.200E+00  4.199E-21  5.792E-13  5.741E-13  5.157E-15
5.152E+00  3.344E-21  4.570E-13  4.519E-13  5.097E-15
5.105E+00  2.847E-21  3.855E-13  3.805E-13  5.040E-15
5.058E+00  2.548E-21  3.419E-13  3.369E-13  4.985E-15
5.012E+00  2.350E-21  3.124E-13  3.075E-13  4.932E-15
4.966E+00  2.208E-21  2.908E-13  2.859E-13  4.882E-15
4.920E+00  2.098E-21  2.739E-13  2.690E-13  4.834E-15
4.875E+00  2.011E-21  2.600E-13  2.552E-13  4.787E-15
4.831E+00  1.938E-21  2.483E-13  2.436E-13  4.740E-15
4.786E+00  1.876E-21  2.381E-13  2.334E-13  4.695E-15
4.742E+00  1.822E-21  2.292E-13  2.245E-13  4.652E-15
4.699E+00  1.774E-21  2.212E-13  2.165E-13  4.610E-15
4.656E+00  1.732E-21  2.139E-13  2.093E-13  4.569E-15
4.613E+00  1.694E-21  2.073E-13  2.027E-13  4.529E-15
4.571E+00  1.659E-21  2.012E-13  1.967E-13  4.490E-15
4.529E+00  1.628E-21  1.956E-13  1.911E-13  4.451E-15
4.487E+00  1.599E-21  1.904E-13  1.860E-13  4.413E-15
4.446E+00  1.573E-21  1.855E-13  1.812E-13  4.376E-15
4.406E+00  1.549E-21  1.810E-13  1.767E-13  4.340E-15
4.365E+00  1.527E-21  1.768E-13  1.725E-13  4.305E-15
4.325E+00  1.506E-21  1.728E-13  1.685E-13  4.271E-15
4.285E+00  1.487E-21  1.691E-13  1.648E-13  4.237E-15
4.246E+00  1.470E-21  1.656E-13  1.614E-13  4.203E-15
4.207E+00  1.454E-21  1.623E-13  1.581E-13  4.169E-15
4.169E+00  1.439E-21  1.592E-13  1.550E-13  4.135E-15
4.130E+00  1.426E-21  1.562E-13  1.521E-13  4.102E-15
4.093E+00  1.414E-21  1.535E-13  1.494E-13  4.066E-15
4.055E+00  1.403E-21  1.509E-13  1.469E-13  4.030E-15
4.018E+00  1.394E-21  1.486E-13  1.446E-13  3.995E-15
3.981E+00  1.386E-21  1.464E-13  1.424E-13  3.959E-15
3.945E+00  1.380E-21  1.444E-13  1.405E-13  3.923E-15
3.908E+00  1.375E-21  1.426E-13  1.387E-13  3.887E-15
3.873E+00  1.373E-21  1.410E-13  1.372E-13  3.851E-15
3.837E+00  1.373E-21  1.397E-13  1.359E-13  3.816E-15
3.802E+00  1.376E-21  1.388E-13  1.350E-13  3.782E-15
3.767E+00  1.382E-21  1.381E-13  1.344E-13  3.747E-15
3.733E+00  1.393E-21  1.379E-13  1.342E-13  3.713E-15
3.698E+00  1.409E-21  1.383E-13  1.346E-13  3.678E-15
3.664E+00  1.433E-21  1.393E-13  1.357E-13  3.644E-15
3.631E+00  1.468E-21  1.414E-13  1.378E-13  3.610E-15
3.597E+00  1.517E-21  1.448E-13  1.412E-13  3.576E-15
3.565E+00  1.589E-21  1.502E-13  1.467E-13  3.542E-15
3.532E+00  1.695E-21  1.588E-13  1.553E-13  3.508E-15
3.499E+00  1.857E-21  1.724E-13  1.689E-13  3.474E-15
3.467E+00  2.121E-21  1.950E-13  1.916E-13  3.439E-15
3.436E+00  2.583E-21  2.354E-13  2.320E-13  3.405E-15
3.404E+00  3.496E-21  3.157E-13  3.123E-13  3.371E-15
3.373E+00  5.678E-21  5.080E-13  5.047E-13  3.337E-15
3.342E+00  1.291E-20  1.144E-12  1.141E-12  3.302E-15
3.311E+00  4.874E-20  4.281E-12  4.278E-12  3.267E-15
3.281E+00  3.327E-20  2.895E-12  2.892E-12  3.232E-15
3.251E+00  9.505E-21  8.196E-13  8.164E-13  3.196E-15
3.221E+00  4.542E-21  3.881E-13  3.850E-13  3.159E-15
3.192E+00  2.901E-21  2.456E-13  2.424E-13  3.122E-15
3.162E+00  2.175E-21  1.825E-13  1.794E-13  3.086E-15
3.133E+00  1.793E-21  1.490E-13  1.460E-13  3.050E-15
3.105E+00  1.567E-21  1.290E-13  1.260E-13  3.014E-15
3.076E+00  1.421E-21  1.159E-13  1.130E-13  2.981E-15
3.048E+00  1.321E-21  1.068E-13  1.038E-13  2.947E-15
3.020E+00  1.248E-21  1.000E-13  9.709E-14  2.914E-15
2.992E+00  1.194E-21  9.474E-14  9.186E-14  2.881E-15
2.965E+00  1.151E-21  9.050E-14  8.765E-14  2.848E-15
2.938E+00  1.116E-21  8.698E-14  8.416E-14  2.816E-15
2.911E+00  1.087E-21  8.396E-14  8.118E-14  2.783E-15
2.884E+00  1.063E-21  8.133E-14  7.858E-14  2.751E-15
2.858E+00  1.042E-21  7.898E-14  7.626E-14  2.718E-15
2.831E+00  1.023E-21  7.686E-14  7.417E-14  2.686E-15
2.805E+00  1.007E-21  7.490E-14  7.225E-14  2.654E-15
2.780E+00  9.913E-22  7.309E-14  7.047E-14  2.622E-15
2.754E+00  9.773E-22  7.140E-14  6.881E-14  2.591E-15
2.729E+00  9.642E-22  6.979E-14  6.723E-14  2.559E-15
2.704E+00  9.518E-22  6.827E-14  6.574E-14  2.528E-15
2.679E+00  9.401E-22  6.681E-14  6.432E-14  2.497E-15
2.655E+00  9.290E-22  6.541E-14  6.295E-14  2.466E-15
2.630E+00  9.182E-22  6.406E-14  6.163E-14  2.435E-15
2.606E+00  9.078E-22  6.276E-14  6.035E-14  2.404E-15
2.582E+00  8.977E-22  6.149E-14  5.912E-14  2.374E-15
2.559E+00  8.879E-22  6.026E-14  5.792E-14  2.344E-15
2.535E+00  8.782E-22  5.906E-14  5.674E-14  2.314E-15
2.512E+00  8.687E-22  5.788E-14  5.560E-14  2.284E-15
2.489E+00  8.594E-22  5.673E-14  5.448E-14  2.254E-15
2.466E+00  8.500E-22  5.560E-14  5.338E-14  2.225E-15
2.443E+00  8.407E-22  5.449E-14  5.229E-14  2.196E-15
2.421E+00  8.315E-22  5.340E-14  5.123E-14  2.167E-15
2.399E+00  8.225E-22  5.234E-14  5.020E-14  2.139E-15
2.377E+00  8.136E-22  5.129E-14  4.918E-14  2.110E-15
2.355E+00  8.047E-22  5.027E-14  4.819E-14  2.082E-15
2.333E+00  7.959E-22  4.926E-14  4.721E-14  2.053E-15
2.312E+00  7.871E-22  4.827E-14  4.625E-14  2.025E-15
2.291E+00  7.783E-22  4.730E-14  4.530E-14  1.997E-15
2.270E+00  7.695E-22  4.633E-14  4.436E-14  1.969E-15
2.249E+00  7.607E-22  4.538E-14  4.344E-14  1.941E-15
2.228E+00  7.518E-22  4.444E-14  4.252E-14  1.913E-15
2.208E+00  7.427E-22  4.350E-14  4.162E-14  1.885E-15
2.188E+00  7.336E-22  4.257E-14  4.071E-14  1.858E-15
2.168E+00  7.242E-22  4.164E-14  3.981E-14  1.831E-15
2.148E+00  7.145E-22  4.071E-14  3.890E-14  1.804E-15
2.128E+00  7.044E-22  3.976E-14  3.799E-14  1.777E-15
2.109E+00  6.938E-22  3.881E-14  3.706E-14  1.751E-15
2.089E+00  6.827E-22  3.783E-14  3.611E-14  1.724E-15
2.070E+00  6.707E-22  3.683E-14  3.513E-14  1.698E-15
2.051E+00  6.577E-22  3.578E-14  3.411E-14  1.672E-15
2.032E+00  6.434E-22  3.468E-14  3.304E-14  1.646E-15
2.014E+00  6.275E-22  3.352E-14  3.190E-14  1.621E-15
1.995E+00  6.097E-22  3.227E-14  3.067E-14  1.595E-15
1.977E+00  5.900E-22  3.094E-14  2.937E-14  1.570E-15
1.959E+00  5.691E-22  2.957E-14  2.803E-14  1.545E-15
1.941E+00  5.489E-22  2.826E-14  2.674E-14  1.520E-15
1.923E+00  5.328E-22  2.718E-14  2.569E-14  1.495E-15
1.905E+00  5.249E-22  2.653E-14  2.506E-14  1.471E-15
1.888E+00  5.263E-22  2.636E-14  2.491E-14  1.446E-15
1.871E+00  5.343E-22  2.651E-14  2.509E-14  1.422E-15
1.854E+00  5.444E-22  2.677E-14  2.537E-14  1.398E-15
1.837E+00  5.534E-22  2.696E-14  2.558E-14  1.375E-15
1.820E+00  5.598E-22  2.702E-14  2.567E-14  1.351E-15
1.803E+00  5.635E-22  2.695E-14  2.562E-14  1.328E-15
1.786E+00  5.649E-22  2.677E-14  2.547E-14  1.305E-15
1.770E+00  5.647E-22  2.651E-14  2.523E-14  1.283E-15
1.754E+00  5.631E-22  2.620E-14  2.494E-14  1.260E-15
1.738E+00  5.606E-22  2.584E-14  2.460E-14  1.238E-15
1.722E+00  5.574E-22  2.546E-14  2.424E-14  1.217E-15
1.706E+00  5.538E-22  2.506E-14  2.387E-14  1.195E-15
1.690E+00  5.499E-22  2.466E-14  2.348E-14  1.174E-15
1.675E+00  5.458E-22  2.425E-14  2.310E-14  1.153E-15
1.660E+00  5.416E-22  2.384E-14  2.271E-14  1.132E-15
1.644E+00  5.373E-22  2.344E-14  2.233E-14  1.111E-15
1.629E+00  5.331E-22  2.304E-14  2.195E-14  1.090E-15
1.614E+00  5.290E-22  2.265E-14  2.158E-14  1.070E-15
1.600E+00  5.250E-22  2.228E-14  2.123E-14  1.050E-15
1.585E+00  5.213E-22  2.192E-14  2.089E-14  1.030E-15
1.570E+00  5.178E-22  2.157E-14  2.056E-14  1.010E-15
1.556E+00  5.147E-22  2.124E-14  2.025E-14  9.906E-16
1.542E+00  5.120E-22  2.094E-14  1.997E-14  9.711E-16
1.528E+00  5.097E-22  2.065E-14  1.970E-14  9.519E-16
1.514E+00  5.081E-22  2.040E-14  1.947E-14  9.329E-16
1.500E+00  5.071E-22  2.017E-14  1.926E-14  9.140E-16
1.486E+00  5.068E-22  1.998E-14  1.908E-14  8.954E-16
1.472E+00  5.075E-22  1.982E-14  1.894E-14  8.770E-16
1.459E+00  5.092E-22  1.971E-14  1.885E-14  8.588E-16
1.445E+00  5.123E-22  1.964E-14  1.880E-14  8.409E-16
1.432E+00  5.168E-22  1.963E-14  1.881E-14  8.232E-16
1.419E+00  5.232E-22  1.969E-14  1.889E-14  8.058E-16
1.406E+00  5.317E-22  1.983E-14  1.904E-14  7.885E-16
1.393E+00  5.428E-22  2.006E-14  1.929E-14  7.714E-16
1.380E+00  5.571E-22  2.040E-14  1.964E-14  7.546E-16
1.368E+00  5.750E-22  2.086E-14  2.012E-14  7.379E-16
1.355E+00  5.973E-22  2.147E-14  2.075E-14  7.214E-16
1.343E+00  6.245E-22  2.224E-14  2.154E-14  7.052E-16
1.330E+00  6.568E-22  2.318E-14  2.249E-14  6.891E-16
1.318E+00  6.936E-22  2.426E-14  2.358E-14  6.733E-16
1.306E+00  7.328E-22  2.539E-14  2.473E-14  6.577E-16
1.294E+00  7.697E-22  2.642E-14  2.578E-14  6.424E-16
1.282E+00  7.967E-22  2.710E-14  2.647E-14  6.274E-16
1.271E+00  8.044E-22  2.711E-14  2.650E-14  6.125E-16
1.259E+00  7.865E-22  2.626E-14  2.566E-14  5.980E-16
1.247E+00  7.433E-22  2.459E-14  2.401E-14  5.837E-16
1.236E+00  6.832E-22  2.240E-14  2.183E-14  5.698E-16
1.225E+00  6.175E-22  2.006E-14  1.950E-14  5.561E-16
1.213E+00  5.553E-22  1.787E-14  1.733E-14  5.426E-16
1.202E+00  5.016E-22  1.600E-14  1.547E-14  5.293E-16
1.191E+00  4.579E-22  1.447E-14  1.395E-14  5.163E-16
1.180E+00  4.241E-22  1.328E-14  1.277E-14  5.034E-16
1.169E+00  3.991E-22  1.238E-14  1.189E-14  4.907E-16
1.159E+00  3.820E-22  1.174E-14  1.126E-14  4.783E-16
1.148E+00  3.722E-22  1.133E-14  1.087E-14  4.660E-16
1.138E+00  3.696E-22  1.115E-14  1.070E-14  4.540E-16
1.127E+00  3.750E-22  1.121E-14  1.077E-14  4.422E-16
1.117E+00  3.900E-22  1.155E-14  1.112E-14  4.305E-16
1.107E+00  4.175E-22  1.226E-14  1.184E-14  4.191E-16
1.096E+00  4.625E-22  1.345E-14  1.304E-14  4.079E-16
1.086E+00  5.321E-22  1.534E-14  1.494E-14  3.968E-16
1.076E+00  6.334E-22  1.809E-14  1.770E-14  3.860E-16
1.067E+00  7.604E-22  2.151E-14  2.114E-14  3.754E-16
1.057E+00  8.619E-22  2.416E-14  2.380E-14  3.650E-16
1.047E+00  8.446E-22  2.346E-14  2.310E-14  3.547E-16
1.038E+00  7.005E-22  1.928E-14  1.893E-14  3.447E-16
1.028E+00  5.306E-22  1.447E-14  1.414E-14  3.349E-16
1.019E+00  3.989E-22  1.078E-14  1.045E-14  3.252E-16
1.009E+00  3.098E-22  8.293E-15  7.977E-15  3.158E-16
1.000E+00  2.506E-22  6.648E-15  6.342E-15  3.066E-16
