Dust emission spectrum from Draine,B.T., & Li, A. (2007), ApJ, in press [astro-ph/0608003]
==========================================================
         7 = grain model
 4.000E-08 4.000E-01 4.500E-05 = a_01 (cm) , sigma_1 , b_C1
 2.000E-07 5.500E-01 1.500E-05 = a_02 (cm) , sigma_2 , b_C2
 2.000E+01 2.000E+01 1.000E+00 = Umin , Umax, beta (dN/dU propto U^{-beta})
 2.000E+01 = <U>       mmp83 = radfield
 0.000E+00 2.000E-07 = a_{min} (cm), a_{max} (cm)
 2.099E-23 2.035E-23 6.393E-25 = P(tot)  P(carb)  P(sil) (erg s-1 H-1)
 band     <nu*P_nu> <j_nu(tot)><j_nu(carb)><j_nu(sil)>
 (um)   (erg s-1 H-1)(Jy/(sr*H))(Jy/(sr*H))(Jy/(sr*H))
1.270E+00  3.681E-25  1.240E-17  1.200E-17  4.011E-19 COBE-DIRBE
2.220E+00  4.699E-25  2.767E-17  2.641E-17  1.260E-18 COBE-DIRBE
3.530E+00  3.054E-24  2.860E-16  2.837E-16  2.317E-18 COBE-DIRBE
4.880E+00  1.370E-24  1.773E-16  1.742E-16  3.174E-18 COBE-DIRBE
1.229E+01  1.154E-23  3.762E-15  3.670E-15  9.164E-17 COBE-DIRBE
2.079E+01  5.600E-24  3.088E-15  2.879E-15  2.086E-16 COBE-DIRBE
5.599E+01  7.529E-25  1.118E-15  9.440E-16  1.741E-16 COBE-DIRBE
9.770E+01  2.031E-25  5.265E-16  4.361E-16  9.034E-17 COBE-DIRBE
1.479E+02  7.653E-26  3.002E-16  2.483E-16  5.196E-17 COBE-DIRBE
2.479E+02  1.613E-26  1.061E-16  7.930E-17  2.676E-17 COBE-DIRBE
1.200E+01  1.286E-23  4.093E-15  4.004E-15  8.988E-17 IRAS
2.500E+01  4.296E-24  2.849E-15  2.610E-15  2.393E-16 IRAS
6.000E+01  6.894E-25  1.097E-15  9.257E-16  1.715E-16 IRAS
1.000E+02  1.904E-25  5.050E-16  4.186E-16  8.641E-17 IRAS
3.550E+00  3.551E-24  3.344E-16  3.321E-16  2.336E-18 SST-IRAC
4.493E+00  9.967E-25  1.188E-16  1.159E-16  2.932E-18 SST-IRAC
5.731E+00  7.932E-24  1.206E-15  1.202E-15  3.945E-18 SST-IRAC
7.872E+00  1.917E-23  4.003E-15  3.970E-15  3.341E-17 SST-IRAC
2.368E+01  3.658E-24  2.298E-15  2.080E-15  2.179E-16 SST-MIPS
7.142E+01  3.702E-25  7.014E-16  5.804E-16  1.210E-16 SST-MIPS
1.559E+02  6.066E-26  2.509E-16  2.069E-16  4.401E-17 SST-MIPS
1.600E+01  8.128E-24  3.450E-15  3.335E-15  1.145E-16 SST-IRSPU
2.200E+01  4.284E-24  2.500E-15  2.280E-15  2.199E-16 SST-IRSPU
7.500E+01  3.200E-25  6.366E-16  5.265E-16  1.101E-16 Herschel-PACS
1.100E+02  1.336E-25  3.898E-16  3.233E-16  6.651E-17 Herschel-PACS
1.700E+02  4.608E-26  2.078E-16  1.706E-16  3.718E-17 Herschel-PACS
2.500E+02  1.321E-26  8.758E-17  6.413E-17  2.345E-17 Herschel-SPIRE
3.600E+02  3.268E-27  3.120E-17  1.921E-17  1.199E-17 Herschel-SPIRE
5.200E+02  7.540E-28  1.040E-17  5.414E-18  4.987E-18 Herschel-SPIRE
2.400E+00  5.267E-25  3.353E-17  3.212E-17  1.408E-18 Akari IRC NIR N2
3.200E+00  2.349E-24  1.994E-16  1.973E-16  2.067E-18 Akari IRC NIR N3
4.100E+00  1.081E-24  1.176E-16  1.149E-16  2.683E-18 Akari IRC NIR N4
7.000E+00  2.178E-23  4.044E-15  4.032E-15  1.227E-17 Akari IRC MIR-S S7
9.000E+00  1.532E-23  3.657E-15  3.592E-15  6.497E-17 Akari IRC MIR-S S9W
1.100E+01  1.178E-23  3.437E-15  3.338E-15  9.878E-17 Akari IRC MIR-S S11
1.500E+01  8.396E-24  3.341E-15  3.222E-15  1.187E-16 Akari IRC MIR-L L15
1.800E+01  6.115E-24  2.920E-15  2.753E-15  1.667E-16 Akari IRC MIR-L L18W
2.400E+01  4.025E-24  2.562E-15  2.327E-15  2.353E-16 Akari IRC MIR-L L24
6.500E+01  4.849E-25  8.361E-16  6.945E-16  1.416E-16 Akari FIS N60
8.000E+01  2.855E-25  6.058E-16  5.024E-16  1.034E-16 Akari FIS WIDE-S
1.400E+02  7.553E-26  2.805E-16  2.319E-16  4.853E-17 Akari FIS WIDE-L
1.600E+02  5.668E-26  2.406E-16  1.978E-16  4.273E-17 Akari FIS N160






lambda    nu*dP/dnu     j_nu    j_nu(carb.) j_nu(sil)
 (um)    (erg/(s*H)) (Jy/(sr*H) (Jy/(sr*H)) (Jy/(sr*H)
1.000E+04  3.906E-33  1.036E-21  2.313E-22  8.047E-22
9.908E+03  4.048E-33  1.064E-21  2.379E-22  8.259E-22
9.817E+03  4.194E-33  1.092E-21  2.446E-22  8.477E-22
9.727E+03  4.346E-33  1.121E-21  2.515E-22  8.700E-22
9.638E+03  4.504E-33  1.151E-21  2.586E-22  8.929E-22
9.550E+03  4.667E-33  1.182E-21  2.659E-22  9.164E-22
9.462E+03  4.836E-33  1.214E-21  2.734E-22  9.405E-22
9.376E+03  5.012E-33  1.246E-21  2.811E-22  9.652E-22
9.290E+03  5.193E-33  1.280E-21  2.891E-22  9.906E-22
9.204E+03  5.381E-33  1.314E-21  2.973E-22  1.017E-21
9.120E+03  5.576E-33  1.349E-21  3.056E-22  1.043E-21
9.036E+03  5.779E-33  1.385E-21  3.143E-22  1.071E-21
8.954E+03  5.987E-33  1.422E-21  3.232E-22  1.099E-21
8.872E+03  6.203E-33  1.460E-21  3.323E-22  1.127E-21
8.790E+03  6.426E-33  1.498E-21  3.417E-22  1.157E-21
8.710E+03  6.658E-33  1.538E-21  3.513E-22  1.187E-21
8.630E+03  6.898E-33  1.579E-21  3.612E-22  1.218E-21
8.551E+03  7.147E-33  1.621E-21  3.714E-22  1.250E-21
8.472E+03  7.406E-33  1.664E-21  3.819E-22  1.282E-21
8.395E+03  7.673E-33  1.709E-21  3.927E-22  1.316E-21
8.318E+03  7.950E-33  1.754E-21  4.037E-22  1.350E-21
8.241E+03  8.238E-33  1.801E-21  4.151E-22  1.386E-21
8.166E+03  8.536E-33  1.849E-21  4.268E-22  1.422E-21
8.091E+03  8.845E-33  1.898E-21  4.389E-22  1.459E-21
8.017E+03  9.165E-33  1.949E-21  4.513E-22  1.498E-21
7.943E+03  9.497E-33  2.001E-21  4.640E-22  1.537E-21
7.870E+03  9.841E-33  2.055E-21  4.771E-22  1.577E-21
7.798E+03  1.020E-32  2.110E-21  4.906E-22  1.619E-21
7.727E+03  1.057E-32  2.166E-21  5.044E-22  1.662E-21
7.656E+03  1.095E-32  2.224E-21  5.186E-22  1.705E-21
7.586E+03  1.135E-32  2.284E-21  5.333E-22  1.750E-21
7.516E+03  1.176E-32  2.345E-21  5.483E-22  1.797E-21
7.447E+03  1.219E-32  2.408E-21  5.638E-22  1.844E-21
7.379E+03  1.263E-32  2.472E-21  5.797E-22  1.893E-21
7.311E+03  1.309E-32  2.539E-21  5.960E-22  1.943E-21
7.244E+03  1.357E-32  2.607E-21  6.128E-22  1.994E-21
7.178E+03  1.406E-32  2.677E-21  6.301E-22  2.047E-21
7.112E+03  1.457E-32  2.749E-21  6.479E-22  2.101E-21
7.047E+03  1.510E-32  2.823E-21  6.662E-22  2.157E-21
6.982E+03  1.565E-32  2.899E-21  6.850E-22  2.214E-21
6.918E+03  1.622E-32  2.977E-21  7.043E-22  2.273E-21
6.855E+03  1.681E-32  3.057E-21  7.242E-22  2.333E-21
6.792E+03  1.743E-32  3.140E-21  7.447E-22  2.395E-21
6.730E+03  1.806E-32  3.224E-21  7.657E-22  2.459E-21
6.668E+03  1.872E-32  3.311E-21  7.873E-22  2.524E-21
6.607E+03  1.940E-32  3.401E-21  8.095E-22  2.591E-21
6.546E+03  2.011E-32  3.492E-21  8.324E-22  2.660E-21
6.486E+03  2.085E-32  3.587E-21  8.559E-22  2.731E-21
6.427E+03  2.161E-32  3.684E-21  8.801E-22  2.804E-21
6.368E+03  2.240E-32  3.783E-21  9.050E-22  2.878E-21
6.310E+03  2.322E-32  3.886E-21  9.306E-22  2.955E-21
6.252E+03  2.407E-32  3.991E-21  9.569E-22  3.034E-21
6.194E+03  2.495E-32  4.099E-21  9.839E-22  3.115E-21
6.138E+03  2.586E-32  4.210E-21  1.012E-21  3.199E-21
6.081E+03  2.681E-32  4.325E-21  1.040E-21  3.284E-21
6.026E+03  2.779E-32  4.442E-21  1.070E-21  3.372E-21
5.970E+03  2.881E-32  4.563E-21  1.100E-21  3.463E-21
5.916E+03  2.987E-32  4.687E-21  1.131E-21  3.556E-21
5.861E+03  3.097E-32  4.815E-21  1.163E-21  3.651E-21
5.808E+03  3.210E-32  4.946E-21  1.196E-21  3.750E-21
5.754E+03  3.328E-32  5.081E-21  1.230E-21  3.850E-21
5.702E+03  3.451E-32  5.219E-21  1.265E-21  3.954E-21
5.649E+03  3.578E-32  5.362E-21  1.301E-21  4.061E-21
5.598E+03  3.710E-32  5.508E-21  1.338E-21  4.170E-21
5.546E+03  3.846E-32  5.658E-21  1.376E-21  4.283E-21
5.495E+03  3.988E-32  5.813E-21  1.415E-21  4.398E-21
5.445E+03  4.135E-32  5.972E-21  1.455E-21  4.517E-21
5.395E+03  4.287E-32  6.136E-21  1.496E-21  4.639E-21
5.346E+03  4.446E-32  6.304E-21  1.539E-21  4.765E-21
5.297E+03  4.610E-32  6.477E-21  1.583E-21  4.894E-21
5.248E+03  4.780E-32  6.654E-21  1.628E-21  5.026E-21
5.200E+03  4.957E-32  6.837E-21  1.674E-21  5.163E-21
5.152E+03  5.140E-32  7.025E-21  1.722E-21  5.303E-21
5.105E+03  5.330E-32  7.218E-21  1.771E-21  5.447E-21
5.058E+03  5.527E-32  7.416E-21  1.821E-21  5.595E-21
5.012E+03  5.732E-32  7.620E-21  1.873E-21  5.747E-21
4.966E+03  5.944E-32  7.830E-21  1.927E-21  5.903E-21
4.920E+03  6.164E-32  8.045E-21  1.982E-21  6.063E-21
4.875E+03  6.392E-32  8.267E-21  2.039E-21  6.228E-21
4.831E+03  6.629E-32  8.495E-21  2.097E-21  6.398E-21
4.786E+03  6.875E-32  8.729E-21  2.157E-21  6.572E-21
4.742E+03  7.131E-32  8.970E-21  2.219E-21  6.751E-21
4.699E+03  7.395E-32  9.218E-21  2.282E-21  6.936E-21
4.656E+03  7.670E-32  9.473E-21  2.348E-21  7.125E-21
4.613E+03  7.956E-32  9.735E-21  2.415E-21  7.320E-21
4.571E+03  8.252E-32  1.000E-20  2.484E-21  7.520E-21
4.529E+03  8.559E-32  1.028E-20  2.556E-21  7.726E-21
4.487E+03  8.878E-32  1.057E-20  2.629E-21  7.938E-21
4.446E+03  9.209E-32  1.086E-20  2.705E-21  8.156E-21
4.406E+03  9.552E-32  1.116E-20  2.783E-21  8.380E-21
4.365E+03  9.909E-32  1.147E-20  2.863E-21  8.610E-21
4.325E+03  1.028E-31  1.179E-20  2.946E-21  8.847E-21
4.285E+03  1.066E-31  1.212E-20  3.031E-21  9.090E-21
4.246E+03  1.106E-31  1.246E-20  3.118E-21  9.341E-21
4.207E+03  1.148E-31  1.281E-20  3.208E-21  9.598E-21
4.169E+03  1.190E-31  1.316E-20  3.301E-21  9.863E-21
4.130E+03  1.235E-31  1.353E-20  3.397E-21  1.014E-20
4.093E+03  1.281E-31  1.391E-20  3.496E-21  1.042E-20
4.055E+03  1.329E-31  1.430E-20  3.597E-21  1.070E-20
4.018E+03  1.379E-31  1.470E-20  3.702E-21  1.100E-20
3.981E+03  1.431E-31  1.511E-20  3.809E-21  1.130E-20
3.945E+03  1.485E-31  1.554E-20  3.920E-21  1.162E-20
3.908E+03  1.540E-31  1.597E-20  4.034E-21  1.194E-20
3.873E+03  1.598E-31  1.642E-20  4.152E-21  1.227E-20
3.837E+03  1.658E-31  1.688E-20  4.273E-21  1.261E-20
3.802E+03  1.721E-31  1.735E-20  4.398E-21  1.296E-20
3.767E+03  1.786E-31  1.784E-20  4.527E-21  1.332E-20
3.733E+03  1.853E-31  1.834E-20  4.660E-21  1.368E-20
3.698E+03  1.923E-31  1.886E-20  4.796E-21  1.407E-20
3.664E+03  1.995E-31  1.939E-20  4.937E-21  1.446E-20
3.631E+03  2.071E-31  1.994E-20  5.082E-21  1.486E-20
3.597E+03  2.149E-31  2.051E-20  5.232E-21  1.527E-20
3.565E+03  2.230E-31  2.109E-20  5.386E-21  1.570E-20
3.532E+03  2.315E-31  2.168E-20  5.545E-21  1.614E-20
3.499E+03  2.402E-31  2.230E-20  5.709E-21  1.659E-20
3.467E+03  2.493E-31  2.293E-20  5.877E-21  1.705E-20
3.436E+03  2.588E-31  2.358E-20  6.051E-21  1.753E-20
3.404E+03  2.686E-31  2.425E-20  6.231E-21  1.802E-20
3.373E+03  2.788E-31  2.495E-20  6.416E-21  1.853E-20
3.342E+03  2.894E-31  2.566E-20  6.606E-21  1.905E-20
3.311E+03  3.004E-31  2.639E-20  6.803E-21  1.959E-20
3.281E+03  3.119E-31  2.714E-20  7.006E-21  2.014E-20
3.251E+03  3.238E-31  2.792E-20  7.215E-21  2.070E-20
3.221E+03  3.361E-31  2.872E-20  7.430E-21  2.129E-20
3.192E+03  3.489E-31  2.954E-20  7.653E-21  2.189E-20
3.162E+03  3.623E-31  3.039E-20  7.882E-21  2.250E-20
3.133E+03  3.761E-31  3.126E-20  8.118E-21  2.314E-20
3.105E+03  3.905E-31  3.216E-20  8.362E-21  2.379E-20
3.076E+03  4.054E-31  3.308E-20  8.613E-21  2.447E-20
3.048E+03  4.210E-31  3.403E-20  8.873E-21  2.516E-20
3.020E+03  4.371E-31  3.501E-20  9.140E-21  2.587E-20
2.992E+03  4.538E-31  3.602E-20  9.416E-21  2.661E-20
2.965E+03  4.712E-31  3.706E-20  9.701E-21  2.736E-20
2.938E+03  4.892E-31  3.812E-20  9.995E-21  2.813E-20
2.911E+03  5.080E-31  3.922E-20  1.030E-20  2.892E-20
2.884E+03  5.275E-31  4.035E-20  1.061E-20  2.974E-20
2.858E+03  5.477E-31  4.152E-20  1.093E-20  3.058E-20
2.831E+03  5.688E-31  4.272E-20  1.127E-20  3.145E-20
2.805E+03  5.906E-31  4.395E-20  1.161E-20  3.234E-20
2.780E+03  6.133E-31  4.522E-20  1.197E-20  3.326E-20
2.754E+03  6.370E-31  4.654E-20  1.233E-20  3.420E-20
2.729E+03  6.615E-31  4.789E-20  1.271E-20  3.518E-20
2.704E+03  6.870E-31  4.928E-20  1.310E-20  3.618E-20
2.679E+03  7.135E-31  5.071E-20  1.350E-20  3.721E-20
2.655E+03  7.411E-31  5.219E-20  1.392E-20  3.827E-20
2.630E+03  7.698E-31  5.371E-20  1.435E-20  3.936E-20
2.606E+03  7.995E-31  5.527E-20  1.479E-20  4.048E-20
2.582E+03  8.305E-31  5.689E-20  1.525E-20  4.164E-20
2.559E+03  8.627E-31  5.855E-20  1.572E-20  4.283E-20
2.535E+03  8.961E-31  6.026E-20  1.621E-20  4.406E-20
2.512E+03  9.309E-31  6.203E-20  1.671E-20  4.532E-20
2.489E+03  9.671E-31  6.384E-20  1.723E-20  4.662E-20
2.466E+03  1.005E-30  6.572E-20  1.777E-20  4.795E-20
2.443E+03  1.044E-30  6.765E-20  1.832E-20  4.933E-20
2.421E+03  1.084E-30  6.964E-20  1.889E-20  5.074E-20
2.399E+03  1.127E-30  7.168E-20  1.948E-20  5.220E-20
2.377E+03  1.170E-30  7.380E-20  2.009E-20  5.370E-20
2.355E+03  1.216E-30  7.597E-20  2.072E-20  5.525E-20
2.333E+03  1.264E-30  7.821E-20  2.138E-20  5.684E-20
2.312E+03  1.313E-30  8.052E-20  2.205E-20  5.847E-20
2.291E+03  1.364E-30  8.290E-20  2.274E-20  6.016E-20
2.270E+03  1.418E-30  8.535E-20  2.346E-20  6.189E-20
2.249E+03  1.473E-30  8.788E-20  2.420E-20  6.368E-20
2.228E+03  1.531E-30  9.048E-20  2.497E-20  6.551E-20
2.208E+03  1.591E-30  9.317E-20  2.576E-20  6.740E-20
2.188E+03  1.653E-30  9.593E-20  2.658E-20  6.935E-20
2.168E+03  1.718E-30  9.878E-20  2.743E-20  7.135E-20
2.148E+03  1.785E-30  1.017E-19  2.830E-20  7.341E-20
2.128E+03  1.855E-30  1.047E-19  2.921E-20  7.554E-20
2.109E+03  1.928E-30  1.079E-19  3.014E-20  7.772E-20
2.089E+03  2.004E-30  1.111E-19  3.110E-20  7.997E-20
2.070E+03  2.083E-30  1.144E-19  3.210E-20  8.228E-20
2.051E+03  2.165E-30  1.178E-19  3.313E-20  8.467E-20
2.032E+03  2.250E-30  1.213E-19  3.420E-20  8.712E-20
2.014E+03  2.339E-30  1.249E-19  3.530E-20  8.964E-20
1.995E+03  2.431E-30  1.287E-19  3.644E-20  9.224E-20
1.977E+03  2.527E-30  1.325E-19  3.761E-20  9.491E-20
1.959E+03  2.627E-30  1.365E-19  3.883E-20  9.765E-20
1.941E+03  2.730E-30  1.406E-19  4.009E-20  1.005E-19
1.923E+03  2.838E-30  1.448E-19  4.139E-20  1.034E-19
1.905E+03  2.950E-30  1.491E-19  4.273E-20  1.064E-19
1.888E+03  3.067E-30  1.536E-19  4.412E-20  1.095E-19
1.871E+03  3.188E-30  1.582E-19  4.556E-20  1.126E-19
1.854E+03  3.314E-30  1.630E-19  4.705E-20  1.159E-19
1.837E+03  3.446E-30  1.679E-19  4.858E-20  1.193E-19
1.820E+03  3.582E-30  1.729E-19  5.017E-20  1.227E-19
1.803E+03  3.724E-30  1.781E-19  5.181E-20  1.263E-19
1.786E+03  3.872E-30  1.835E-19  5.351E-20  1.300E-19
1.770E+03  4.025E-30  1.890E-19  5.527E-20  1.337E-19
1.754E+03  4.185E-30  1.947E-19  5.709E-20  1.376E-19
1.738E+03  4.351E-30  2.006E-19  5.897E-20  1.416E-19
1.722E+03  4.524E-30  2.066E-19  6.091E-20  1.457E-19
1.706E+03  4.704E-30  2.129E-19  6.293E-20  1.499E-19
1.690E+03  4.891E-30  2.193E-19  6.501E-20  1.543E-19
1.675E+03  5.085E-30  2.259E-19  6.716E-20  1.588E-19
1.660E+03  5.287E-30  2.328E-19  6.938E-20  1.634E-19
1.644E+03  5.498E-30  2.398E-19  7.169E-20  1.681E-19
1.629E+03  5.716E-30  2.471E-19  7.407E-20  1.730E-19
1.614E+03  5.944E-30  2.545E-19  7.653E-20  1.780E-19
1.600E+03  6.181E-30  2.622E-19  7.908E-20  1.832E-19
1.585E+03  6.427E-30  2.702E-19  8.172E-20  1.885E-19
1.570E+03  6.683E-30  2.784E-19  8.444E-20  1.939E-19
1.556E+03  6.949E-30  2.868E-19  8.727E-20  1.995E-19
1.542E+03  7.226E-30  2.955E-19  9.019E-20  2.053E-19
1.528E+03  7.514E-30  3.045E-19  9.321E-20  2.113E-19
1.514E+03  7.814E-30  3.137E-19  9.633E-20  2.174E-19
1.500E+03  8.125E-30  3.232E-19  9.957E-20  2.237E-19
1.486E+03  8.450E-30  3.330E-19  1.029E-19  2.301E-19
1.472E+03  8.787E-30  3.432E-19  1.064E-19  2.368E-19
1.459E+03  9.138E-30  3.536E-19  1.100E-19  2.436E-19
1.445E+03  9.503E-30  3.644E-19  1.137E-19  2.507E-19
1.432E+03  9.883E-30  3.754E-19  1.175E-19  2.579E-19
1.419E+03  1.028E-29  3.869E-19  1.215E-19  2.654E-19
1.406E+03  1.069E-29  3.986E-19  1.256E-19  2.731E-19
1.393E+03  1.112E-29  4.108E-19  1.298E-19  2.810E-19
1.380E+03  1.156E-29  4.233E-19  1.342E-19  2.891E-19
1.368E+03  1.202E-29  4.362E-19  1.388E-19  2.974E-19
1.355E+03  1.250E-29  4.495E-19  1.435E-19  3.060E-19
1.343E+03  1.300E-29  4.632E-19  1.484E-19  3.148E-19
1.330E+03  1.352E-29  4.773E-19  1.534E-19  3.239E-19
1.318E+03  1.406E-29  4.918E-19  1.586E-19  3.332E-19
1.306E+03  1.463E-29  5.068E-19  1.640E-19  3.428E-19
1.294E+03  1.521E-29  5.222E-19  1.696E-19  3.526E-19
1.282E+03  1.582E-29  5.382E-19  1.754E-19  3.627E-19
1.271E+03  1.645E-29  5.546E-19  1.814E-19  3.732E-19
1.259E+03  1.711E-29  5.715E-19  1.876E-19  3.839E-19
1.247E+03  1.780E-29  5.889E-19  1.940E-19  3.949E-19
1.236E+03  1.851E-29  6.068E-19  2.006E-19  4.062E-19
1.225E+03  1.925E-29  6.253E-19  2.075E-19  4.178E-19
1.213E+03  2.002E-29  6.443E-19  2.146E-19  4.297E-19
1.202E+03  2.082E-29  6.640E-19  2.220E-19  4.420E-19
1.191E+03  2.165E-29  6.842E-19  2.296E-19  4.546E-19
1.180E+03  2.252E-29  7.050E-19  2.375E-19  4.675E-19
1.169E+03  2.342E-29  7.265E-19  2.457E-19  4.808E-19
1.159E+03  2.435E-29  7.486E-19  2.541E-19  4.945E-19
1.148E+03  2.533E-29  7.714E-19  2.628E-19  5.085E-19
1.138E+03  2.634E-29  7.948E-19  2.719E-19  5.229E-19
1.127E+03  2.739E-29  8.190E-19  2.813E-19  5.378E-19
1.117E+03  2.849E-29  8.439E-19  2.910E-19  5.530E-19
1.107E+03  2.962E-29  8.696E-19  3.010E-19  5.686E-19
1.096E+03  3.081E-29  8.960E-19  3.114E-19  5.847E-19
1.086E+03  3.204E-29  9.232E-19  3.221E-19  6.011E-19
1.076E+03  3.332E-29  9.513E-19  3.332E-19  6.181E-19
1.067E+03  3.464E-29  9.802E-19  3.447E-19  6.354E-19
1.057E+03  3.603E-29  1.010E-18  3.567E-19  6.533E-19
1.047E+03  3.746E-29  1.041E-18  3.690E-19  6.716E-19
1.038E+03  3.896E-29  1.072E-18  3.818E-19  6.904E-19
1.028E+03  4.051E-29  1.105E-18  3.950E-19  7.097E-19
1.019E+03  4.212E-29  1.138E-18  4.086E-19  7.295E-19
1.009E+03  4.380E-29  1.173E-18  4.228E-19  7.498E-19
1.000E+03  4.554E-29  1.208E-18  4.374E-19  7.706E-19
9.908E+02  4.736E-29  1.245E-18  4.526E-19  7.921E-19
9.817E+02  4.924E-29  1.282E-18  4.683E-19  8.141E-19
9.727E+02  5.120E-29  1.321E-18  4.845E-19  8.367E-19
9.638E+02  5.324E-29  1.361E-18  5.013E-19  8.599E-19
9.550E+02  5.536E-29  1.402E-18  5.187E-19  8.837E-19
9.462E+02  5.756E-29  1.445E-18  5.366E-19  9.082E-19
9.376E+02  5.985E-29  1.488E-18  5.553E-19  9.332E-19
9.290E+02  6.223E-29  1.533E-18  5.745E-19  9.589E-19
9.204E+02  6.470E-29  1.580E-18  5.945E-19  9.853E-19
9.120E+02  6.727E-29  1.627E-18  6.151E-19  1.012E-18
9.036E+02  6.994E-29  1.676E-18  6.364E-19  1.040E-18
8.954E+02  7.271E-29  1.727E-18  6.585E-19  1.068E-18
8.872E+02  7.559E-29  1.779E-18  6.814E-19  1.098E-18
8.790E+02  7.859E-29  1.832E-18  7.050E-19  1.127E-18
8.710E+02  8.170E-29  1.887E-18  7.295E-19  1.158E-18
8.630E+02  8.493E-29  1.944E-18  7.548E-19  1.189E-18
8.551E+02  8.828E-29  2.002E-18  7.810E-19  1.221E-18
8.472E+02  9.177E-29  2.062E-18  8.082E-19  1.254E-18
8.395E+02  9.539E-29  2.124E-18  8.362E-19  1.288E-18
8.318E+02  9.915E-29  2.188E-18  8.652E-19  1.322E-18
8.241E+02  1.031E-28  2.253E-18  8.953E-19  1.358E-18
8.166E+02  1.071E-28  2.320E-18  9.264E-19  1.394E-18
8.091E+02  1.113E-28  2.390E-18  9.585E-19  1.431E-18
8.017E+02  1.157E-28  2.461E-18  9.918E-19  1.469E-18
7.943E+02  1.203E-28  2.534E-18  1.026E-18  1.508E-18
7.870E+02  1.250E-28  2.609E-18  1.062E-18  1.548E-18
7.798E+02  1.299E-28  2.687E-18  1.099E-18  1.588E-18
7.727E+02  1.350E-28  2.767E-18  1.137E-18  1.630E-18
7.656E+02  1.403E-28  2.849E-18  1.176E-18  1.673E-18
7.586E+02  1.458E-28  2.933E-18  1.217E-18  1.717E-18
7.516E+02  1.515E-28  3.020E-18  1.259E-18  1.761E-18
7.447E+02  1.574E-28  3.110E-18  1.303E-18  1.807E-18
7.379E+02  1.636E-28  3.202E-18  1.348E-18  1.854E-18
7.311E+02  1.700E-28  3.297E-18  1.395E-18  1.903E-18
7.244E+02  1.767E-28  3.395E-18  1.443E-18  1.952E-18
7.178E+02  1.836E-28  3.496E-18  1.493E-18  2.003E-18
7.112E+02  1.908E-28  3.600E-18  1.545E-18  2.055E-18
7.047E+02  1.983E-28  3.706E-18  1.598E-18  2.108E-18
6.982E+02  2.061E-28  3.816E-18  1.653E-18  2.163E-18
6.918E+02  2.141E-28  3.929E-18  1.710E-18  2.219E-18
6.855E+02  2.225E-28  4.046E-18  1.769E-18  2.276E-18
6.792E+02  2.312E-28  4.165E-18  1.831E-18  2.335E-18
6.730E+02  2.402E-28  4.288E-18  1.894E-18  2.395E-18
6.668E+02  2.496E-28  4.415E-18  1.959E-18  2.456E-18
6.607E+02  2.594E-28  4.545E-18  2.027E-18  2.518E-18
6.546E+02  2.695E-28  4.680E-18  2.097E-18  2.583E-18
6.486E+02  2.801E-28  4.818E-18  2.169E-18  2.649E-18
6.427E+02  2.910E-28  4.961E-18  2.244E-18  2.717E-18
6.368E+02  3.024E-28  5.108E-18  2.321E-18  2.786E-18
6.310E+02  3.142E-28  5.259E-18  2.401E-18  2.858E-18
6.252E+02  3.265E-28  5.415E-18  2.484E-18  2.931E-18
6.194E+02  3.393E-28  5.575E-18  2.569E-18  3.006E-18
6.138E+02  3.525E-28  5.740E-18  2.657E-18  3.082E-18
6.081E+02  3.663E-28  5.908E-18  2.749E-18  3.160E-18
6.026E+02  3.806E-28  6.083E-18  2.843E-18  3.240E-18
5.970E+02  3.955E-28  6.263E-18  2.941E-18  3.323E-18
5.916E+02  4.110E-28  6.449E-18  3.041E-18  3.407E-18
5.861E+02  4.270E-28  6.640E-18  3.146E-18  3.494E-18
5.808E+02  4.437E-28  6.836E-18  3.253E-18  3.583E-18
5.754E+02  4.611E-28  7.038E-18  3.365E-18  3.673E-18
5.702E+02  4.791E-28  7.246E-18  3.480E-18  3.766E-18
5.649E+02  4.977E-28  7.458E-18  3.599E-18  3.859E-18
5.598E+02  5.171E-28  7.678E-18  3.722E-18  3.956E-18
5.546E+02  5.373E-28  7.905E-18  3.849E-18  4.056E-18
5.495E+02  5.583E-28  8.139E-18  3.980E-18  4.158E-18
5.445E+02  5.801E-28  8.379E-18  4.116E-18  4.263E-18
5.395E+02  6.022E-28  8.618E-18  4.256E-18  4.362E-18
5.346E+02  6.257E-28  8.872E-18  4.401E-18  4.471E-18
5.297E+02  6.502E-28  9.135E-18  4.551E-18  4.583E-18
5.248E+02  6.756E-28  9.404E-18  4.706E-18  4.699E-18
5.200E+02  7.019E-28  9.682E-18  4.866E-18  4.816E-18
5.152E+02  7.294E-28  9.968E-18  5.031E-18  4.937E-18
5.105E+02  7.578E-28  1.026E-17  5.202E-18  5.061E-18
5.058E+02  7.874E-28  1.056E-17  5.378E-18  5.187E-18
5.012E+02  8.174E-28  1.087E-17  5.560E-18  5.307E-18
4.966E+02  8.490E-28  1.118E-17  5.748E-18  5.436E-18
4.920E+02  8.821E-28  1.151E-17  5.942E-18  5.571E-18
4.875E+02  9.165E-28  1.185E-17  6.143E-18  5.710E-18
4.831E+02  9.523E-28  1.220E-17  6.351E-18  5.851E-18
4.786E+02  9.893E-28  1.256E-17  6.565E-18  5.996E-18
4.742E+02  1.027E-27  1.292E-17  6.786E-18  6.130E-18
4.699E+02  1.065E-27  1.328E-17  7.014E-18  6.265E-18
4.656E+02  1.107E-27  1.367E-17  7.250E-18  6.420E-18
4.613E+02  1.150E-27  1.407E-17  7.494E-18  6.574E-18
4.571E+02  1.194E-27  1.448E-17  7.745E-18  6.736E-18
4.529E+02  1.241E-27  1.491E-17  8.005E-18  6.902E-18
4.487E+02  1.287E-27  1.532E-17  8.273E-18  7.048E-18
4.446E+02  1.337E-27  1.577E-17  8.550E-18  7.221E-18
4.406E+02  1.389E-27  1.623E-17  8.836E-18  7.398E-18
4.365E+02  1.443E-27  1.670E-17  9.131E-18  7.574E-18
4.325E+02  1.497E-27  1.718E-17  9.435E-18  7.744E-18
4.285E+02  1.556E-27  1.768E-17  9.750E-18  7.934E-18
4.246E+02  1.616E-27  1.820E-17  1.007E-17  8.127E-18
4.207E+02  1.675E-27  1.870E-17  1.041E-17  8.286E-18
4.169E+02  1.740E-27  1.924E-17  1.075E-17  8.488E-18
4.130E+02  1.802E-27  1.975E-17  1.111E-17  8.637E-18
4.093E+02  1.872E-27  2.033E-17  1.148E-17  8.848E-18
4.055E+02  1.945E-27  2.092E-17  1.186E-17  9.062E-18
4.018E+02  2.019E-27  2.152E-17  1.225E-17  9.267E-18
3.981E+02  2.092E-27  2.209E-17  1.266E-17  9.434E-18
3.945E+02  2.173E-27  2.273E-17  1.307E-17  9.659E-18
3.908E+02  2.257E-27  2.340E-17  1.351E-17  9.893E-18
3.873E+02  2.344E-27  2.408E-17  1.395E-17  1.013E-17
3.837E+02  2.435E-27  2.479E-17  1.441E-17  1.038E-17
3.802E+02  2.530E-27  2.551E-17  1.488E-17  1.063E-17
3.767E+02  2.621E-27  2.619E-17  1.537E-17  1.082E-17
3.733E+02  2.713E-27  2.686E-17  1.587E-17  1.099E-17
3.698E+02  2.818E-27  2.764E-17  1.639E-17  1.125E-17
3.664E+02  2.927E-27  2.845E-17  1.692E-17  1.153E-17
3.631E+02  3.040E-27  2.928E-17  1.748E-17  1.180E-17
3.597E+02  3.142E-27  2.998E-17  1.804E-17  1.194E-17
3.565E+02  3.262E-27  3.084E-17  1.863E-17  1.221E-17
3.532E+02  3.375E-27  3.162E-17  1.924E-17  1.238E-17
3.499E+02  3.506E-27  3.254E-17  1.986E-17  1.268E-17
3.467E+02  3.636E-27  3.344E-17  2.050E-17  1.294E-17
3.436E+02  3.776E-27  3.442E-17  2.117E-17  1.325E-17
3.404E+02  3.922E-27  3.542E-17  2.185E-17  1.357E-17
3.373E+02  4.072E-27  3.643E-17  2.255E-17  1.387E-17
3.342E+02  4.227E-27  3.747E-17  2.327E-17  1.420E-17
3.311E+02  4.389E-27  3.855E-17  2.401E-17  1.454E-17
3.281E+02  4.536E-27  3.948E-17  2.478E-17  1.469E-17
3.251E+02  4.693E-27  4.047E-17  2.558E-17  1.489E-17
3.221E+02  4.871E-27  4.162E-17  2.640E-17  1.522E-17
3.192E+02  5.059E-27  4.282E-17  2.724E-17  1.559E-17
3.162E+02  5.253E-27  4.406E-17  2.811E-17  1.596E-17
3.133E+02  5.390E-27  4.480E-17  2.900E-17  1.580E-17
3.105E+02  5.595E-27  4.608E-17  2.992E-17  1.615E-17
3.076E+02  5.811E-27  4.741E-17  3.087E-17  1.654E-17
3.048E+02  6.029E-27  4.874E-17  3.185E-17  1.689E-17
3.020E+02  6.260E-27  5.015E-17  3.286E-17  1.729E-17
2.992E+02  6.487E-27  5.149E-17  3.390E-17  1.759E-17
2.965E+02  6.726E-27  5.289E-17  3.490E-17  1.800E-17
2.938E+02  6.984E-27  5.442E-17  3.600E-17  1.842E-17
2.911E+02  7.247E-27  5.595E-17  3.710E-17  1.885E-17
2.884E+02  7.476E-27  5.720E-17  3.826E-17  1.894E-17
2.858E+02  7.761E-27  5.883E-17  3.946E-17  1.937E-17
2.831E+02  8.057E-27  6.051E-17  4.069E-17  1.982E-17
2.805E+02  8.333E-27  6.201E-17  4.196E-17  2.005E-17
2.780E+02  8.598E-27  6.340E-17  4.327E-17  2.013E-17
2.754E+02  8.919E-27  6.516E-17  4.461E-17  2.055E-17
2.729E+02  9.174E-27  6.641E-17  4.599E-17  2.042E-17
2.704E+02  9.526E-27  6.832E-17  4.742E-17  2.091E-17
2.679E+02  9.890E-27  7.029E-17  4.888E-17  2.141E-17
2.655E+02  1.026E-26  7.225E-17  5.039E-17  2.186E-17
2.630E+02  1.060E-26  7.396E-17  5.166E-17  2.230E-17
2.606E+02  1.101E-26  7.608E-17  5.325E-17  2.283E-17
2.582E+02  1.139E-26  7.805E-17  5.488E-17  2.317E-17
2.559E+02  1.176E-26  7.984E-17  5.656E-17  2.328E-17
2.535E+02  1.218E-26  8.193E-17  5.814E-17  2.379E-17
2.512E+02  1.264E-26  8.422E-17  5.988E-17  2.434E-17
2.489E+02  1.310E-26  8.651E-17  6.170E-17  2.481E-17
2.466E+02  1.354E-26  8.856E-17  6.358E-17  2.498E-17
2.443E+02  1.404E-26  9.097E-17  6.550E-17  2.547E-17
2.421E+02  1.450E-26  9.309E-17  6.748E-17  2.561E-17
2.399E+02  1.500E-26  9.547E-17  6.951E-17  2.596E-17
2.377E+02  1.555E-26  9.807E-17  7.160E-17  2.647E-17
2.355E+02  1.596E-26  9.973E-17  7.375E-17  2.598E-17
2.333E+02  1.655E-26  1.024E-16  7.595E-17  2.647E-17
2.312E+02  1.699E-26  1.042E-16  7.725E-17  2.697E-17
2.291E+02  1.762E-26  1.071E-16  7.955E-17  2.751E-17
2.270E+02  1.826E-26  1.100E-16  8.192E-17  2.805E-17
2.249E+02  1.889E-26  1.127E-16  8.434E-17  2.835E-17
2.228E+02  1.935E-26  1.144E-16  8.626E-17  2.814E-17
2.208E+02  2.006E-26  1.175E-16  8.881E-17  2.869E-17
2.188E+02  2.073E-26  1.203E-16  9.143E-17  2.889E-17
2.168E+02  2.147E-26  1.235E-16  9.409E-17  2.937E-17
2.148E+02  2.223E-26  1.266E-16  9.669E-17  2.994E-17
2.128E+02  2.301E-26  1.299E-16  9.952E-17  3.039E-17
2.109E+02  2.384E-26  1.334E-16  1.024E-16  3.095E-17
2.089E+02  2.462E-26  1.364E-16  1.054E-16  3.105E-17
2.070E+02  2.550E-26  1.400E-16  1.085E-16  3.158E-17
2.051E+02  2.569E-26  1.398E-16  1.089E-16  3.086E-17
2.032E+02  2.661E-26  1.435E-16  1.121E-16  3.143E-17
2.014E+02  2.756E-26  1.472E-16  1.153E-16  3.193E-17
1.995E+02  2.855E-26  1.511E-16  1.186E-16  3.248E-17
1.977E+02  2.957E-26  1.551E-16  1.220E-16  3.308E-17
1.959E+02  3.055E-26  1.587E-16  1.255E-16  3.323E-17
1.941E+02  3.127E-26  1.610E-16  1.271E-16  3.385E-17
1.923E+02  3.227E-26  1.646E-16  1.307E-16  3.388E-17
1.905E+02  3.335E-26  1.686E-16  1.344E-16  3.416E-17
1.888E+02  3.455E-26  1.730E-16  1.382E-16  3.479E-17
1.871E+02  3.578E-26  1.776E-16  1.421E-16  3.543E-17
1.854E+02  3.685E-26  1.812E-16  1.452E-16  3.603E-17
1.837E+02  3.815E-26  1.859E-16  1.492E-16  3.662E-17
1.820E+02  3.948E-26  1.906E-16  1.534E-16  3.716E-17
1.803E+02  3.950E-26  1.889E-16  1.516E-16  3.732E-17
1.786E+02  4.089E-26  1.938E-16  1.558E-16  3.796E-17
1.770E+02  4.209E-26  1.976E-16  1.601E-16  3.746E-17
1.754E+02  4.352E-26  2.025E-16  1.646E-16  3.792E-17
1.738E+02  4.505E-26  2.077E-16  1.691E-16  3.859E-17
1.722E+02  4.652E-26  2.125E-16  1.738E-16  3.874E-17
1.706E+02  4.810E-26  2.177E-16  1.785E-16  3.915E-17
1.690E+02  4.861E-26  2.180E-16  1.782E-16  3.978E-17
1.675E+02  5.031E-26  2.235E-16  1.831E-16  4.046E-17
1.660E+02  5.207E-26  2.292E-16  1.880E-16  4.117E-17
1.644E+02  5.379E-26  2.346E-16  1.930E-16  4.165E-17
1.629E+02  5.558E-26  2.402E-16  1.982E-16  4.203E-17
1.614E+02  5.750E-26  2.462E-16  2.035E-16  4.272E-17
1.600E+02  5.705E-26  2.421E-16  1.986E-16  4.347E-17
1.585E+02  5.828E-26  2.450E-16  2.008E-16  4.422E-17
1.570E+02  6.009E-26  2.503E-16  2.055E-16  4.486E-17
1.556E+02  6.206E-26  2.561E-16  2.110E-16  4.518E-17
1.542E+02  6.417E-26  2.624E-16  2.166E-16  4.584E-17
1.528E+02  6.612E-26  2.679E-16  2.223E-16  4.558E-17
1.514E+02  6.830E-26  2.742E-16  2.282E-16  4.605E-17
1.500E+02  7.048E-26  2.804E-16  2.342E-16  4.621E-17
1.486E+02  6.968E-26  2.746E-16  2.277E-16  4.698E-17
1.472E+02  7.205E-26  2.814E-16  2.336E-16  4.776E-17
1.459E+02  7.163E-26  2.772E-16  2.287E-16  4.844E-17
1.445E+02  7.405E-26  2.839E-16  2.347E-16  4.926E-17
1.432E+02  7.654E-26  2.908E-16  2.407E-16  5.002E-17
1.419E+02  7.605E-26  2.863E-16  2.354E-16  5.085E-17
1.406E+02  7.856E-26  2.930E-16  2.415E-16  5.153E-17
1.393E+02  8.088E-26  2.989E-16  2.469E-16  5.202E-17
1.380E+02  8.353E-26  3.058E-16  2.530E-16  5.284E-17
1.368E+02  8.631E-26  3.131E-16  2.594E-16  5.369E-17
1.355E+02  8.656E-26  3.112E-16  2.566E-16  5.455E-17
1.343E+02  8.879E-26  3.162E-16  2.608E-16  5.544E-17
1.330E+02  9.159E-26  3.232E-16  2.674E-16  5.585E-17
1.318E+02  9.444E-26  3.302E-16  2.742E-16  5.608E-17
1.306E+02  9.726E-26  3.370E-16  2.809E-16  5.605E-17
1.294E+02  1.005E-25  3.449E-16  2.880E-16  5.694E-17
1.282E+02  1.037E-25  3.528E-16  2.951E-16  5.762E-17
1.271E+02  1.020E-25  3.436E-16  2.851E-16  5.849E-17
1.259E+02  1.053E-25  3.516E-16  2.922E-16  5.940E-17
1.247E+02  1.087E-25  3.596E-16  2.993E-16  6.024E-17
1.236E+02  1.122E-25  3.678E-16  3.067E-16  6.115E-17
1.225E+02  1.126E-25  3.657E-16  3.036E-16  6.206E-17
1.213E+02  1.162E-25  3.740E-16  3.110E-16  6.300E-17
1.202E+02  1.199E-25  3.824E-16  3.184E-16  6.396E-17
1.191E+02  1.230E-25  3.885E-16  3.239E-16  6.458E-17
1.180E+02  1.267E-25  3.967E-16  3.312E-16  6.550E-17
1.169E+02  1.307E-25  4.053E-16  3.390E-16  6.636E-17
1.159E+02  1.281E-25  3.938E-16  3.265E-16  6.733E-17
1.148E+02  1.303E-25  3.969E-16  3.286E-16  6.833E-17
1.138E+02  1.343E-25  4.052E-16  3.364E-16  6.875E-17
1.127E+02  1.321E-25  3.951E-16  3.261E-16  6.891E-17
1.117E+02  1.363E-25  4.037E-16  3.339E-16  6.981E-17
1.107E+02  1.406E-25  4.126E-16  3.418E-16  7.085E-17
1.096E+02  1.450E-25  4.216E-16  3.499E-16  7.175E-17
1.086E+02  1.495E-25  4.309E-16  3.581E-16  7.276E-17
1.076E+02  1.534E-25  4.380E-16  3.642E-16  7.378E-17
1.067E+02  1.582E-25  4.475E-16  3.727E-16  7.486E-17
1.057E+02  1.631E-25  4.572E-16  3.813E-16  7.588E-17
1.047E+02  1.682E-25  4.671E-16  3.901E-16  7.694E-17
1.038E+02  1.733E-25  4.770E-16  3.990E-16  7.802E-17
1.028E+02  1.753E-25  4.781E-16  3.990E-16  7.913E-17
1.019E+02  1.755E-25  4.742E-16  3.942E-16  7.996E-17
1.009E+02  1.791E-25  4.796E-16  3.986E-16  8.101E-17
1.000E+02  1.846E-25  4.897E-16  4.076E-16  8.216E-17
9.908E+01  1.777E-25  4.672E-16  3.840E-16  8.315E-17
9.817E+01  1.832E-25  4.770E-16  3.927E-16  8.430E-17
9.727E+01  1.839E-25  4.746E-16  3.900E-16  8.452E-17
9.638E+01  1.895E-25  4.845E-16  3.988E-16  8.567E-17
9.550E+01  1.952E-25  4.945E-16  4.078E-16  8.672E-17
9.462E+01  2.011E-25  5.049E-16  4.170E-16  8.789E-17
9.376E+01  2.062E-25  5.129E-16  4.238E-16  8.907E-17
9.290E+01  2.122E-25  5.229E-16  4.328E-16  9.017E-17
9.204E+01  2.181E-25  5.326E-16  4.413E-16  9.136E-17
9.120E+01  2.247E-25  5.435E-16  4.510E-16  9.253E-17
9.036E+01  2.314E-25  5.546E-16  4.609E-16  9.376E-17
8.954E+01  2.382E-25  5.658E-16  4.708E-16  9.494E-17
8.872E+01  2.451E-25  5.768E-16  4.806E-16  9.616E-17
8.790E+01  2.513E-25  5.859E-16  4.885E-16  9.741E-17
8.710E+01  2.513E-25  5.806E-16  4.821E-16  9.853E-17
8.630E+01  2.582E-25  5.910E-16  4.912E-16  9.980E-17
8.551E+01  2.657E-25  6.026E-16  5.016E-16  1.010E-16
8.472E+01  2.552E-25  5.734E-16  4.712E-16  1.023E-16
8.395E+01  2.619E-25  5.832E-16  4.797E-16  1.035E-16
8.318E+01  2.695E-25  5.945E-16  4.899E-16  1.046E-16
8.241E+01  2.712E-25  5.929E-16  4.875E-16  1.054E-16
8.166E+01  2.784E-25  6.030E-16  4.963E-16  1.067E-16
8.091E+01  2.848E-25  6.113E-16  5.034E-16  1.080E-16
8.017E+01  2.931E-25  6.232E-16  5.139E-16  1.093E-16
7.943E+01  3.015E-25  6.352E-16  5.247E-16  1.105E-16
7.870E+01  3.101E-25  6.474E-16  5.356E-16  1.118E-16
7.798E+01  3.177E-25  6.572E-16  5.440E-16  1.132E-16
7.727E+01  3.263E-25  6.687E-16  5.542E-16  1.145E-16
7.656E+01  3.342E-25  6.786E-16  5.627E-16  1.159E-16
7.586E+01  3.411E-25  6.864E-16  5.691E-16  1.173E-16
7.516E+01  3.506E-25  6.990E-16  5.803E-16  1.187E-16
7.447E+01  3.598E-25  7.107E-16  5.907E-16  1.200E-16
7.379E+01  3.538E-25  6.925E-16  5.712E-16  1.213E-16
7.311E+01  3.633E-25  7.045E-16  5.818E-16  1.227E-16
7.244E+01  3.615E-25  6.947E-16  5.706E-16  1.241E-16
7.178E+01  3.657E-25  6.962E-16  5.708E-16  1.254E-16
7.112E+01  3.734E-25  7.045E-16  5.777E-16  1.268E-16
7.047E+01  3.838E-25  7.174E-16  5.894E-16  1.280E-16
6.982E+01  3.910E-25  7.241E-16  5.948E-16  1.293E-16
6.918E+01  4.019E-25  7.375E-16  6.067E-16  1.308E-16
6.855E+01  4.129E-25  7.509E-16  6.187E-16  1.322E-16
6.792E+01  4.235E-25  7.630E-16  6.294E-16  1.336E-16
6.730E+01  4.351E-25  7.767E-16  6.417E-16  1.349E-16
6.668E+01  4.466E-25  7.899E-16  6.535E-16  1.364E-16
6.607E+01  4.572E-25  8.012E-16  6.633E-16  1.379E-16
6.546E+01  4.600E-25  7.988E-16  6.595E-16  1.393E-16
6.486E+01  4.725E-25  8.130E-16  6.722E-16  1.408E-16
6.427E+01  4.853E-25  8.274E-16  6.852E-16  1.422E-16
6.368E+01  4.970E-25  8.396E-16  6.959E-16  1.437E-16
6.310E+01  5.039E-25  8.434E-16  6.982E-16  1.452E-16
6.252E+01  5.175E-25  8.582E-16  7.115E-16  1.467E-16
6.194E+01  5.313E-25  8.729E-16  7.249E-16  1.480E-16
6.138E+01  5.445E-25  8.865E-16  7.370E-16  1.495E-16
6.081E+01  5.585E-25  9.010E-16  7.500E-16  1.510E-16
6.026E+01  5.701E-25  9.112E-16  7.587E-16  1.525E-16
5.970E+01  5.801E-25  9.187E-16  7.647E-16  1.539E-16
5.916E+01  5.954E-25  9.342E-16  7.788E-16  1.554E-16
5.861E+01  6.052E-25  9.409E-16  7.840E-16  1.569E-16
5.808E+01  6.171E-25  9.507E-16  7.924E-16  1.583E-16
5.754E+01  6.325E-25  9.654E-16  8.057E-16  1.598E-16
5.702E+01  6.474E-25  9.791E-16  8.179E-16  1.612E-16
5.649E+01  6.634E-25  9.942E-16  8.315E-16  1.627E-16
5.598E+01  6.794E-25  1.009E-15  8.447E-16  1.641E-16
5.546E+01  6.938E-25  1.021E-15  8.551E-16  1.656E-16
5.495E+01  7.114E-25  1.037E-15  8.700E-16  1.670E-16
5.445E+01  7.289E-25  1.053E-15  8.843E-16  1.685E-16
5.395E+01  7.447E-25  1.066E-15  8.958E-16  1.700E-16
5.346E+01  7.634E-25  1.082E-15  9.110E-16  1.714E-16
5.297E+01  7.779E-25  1.093E-15  9.201E-16  1.728E-16
5.248E+01  7.961E-25  1.108E-15  9.341E-16  1.743E-16
5.200E+01  8.122E-25  1.120E-15  9.446E-16  1.757E-16
5.152E+01  8.322E-25  1.137E-15  9.603E-16  1.771E-16
5.105E+01  8.442E-25  1.143E-15  9.648E-16  1.785E-16
5.058E+01  8.648E-25  1.160E-15  9.805E-16  1.798E-16
5.012E+01  8.811E-25  1.171E-15  9.902E-16  1.812E-16
4.966E+01  9.014E-25  1.187E-15  1.005E-15  1.826E-16
4.920E+01  9.230E-25  1.205E-15  1.021E-15  1.839E-16
4.875E+01  9.421E-25  1.218E-15  1.033E-15  1.853E-16
4.831E+01  9.639E-25  1.235E-15  1.049E-15  1.866E-16
4.786E+01  9.863E-25  1.252E-15  1.064E-15  1.879E-16
4.742E+01  1.010E-24  1.270E-15  1.081E-15  1.892E-16
4.699E+01  1.032E-24  1.287E-15  1.096E-15  1.905E-16
4.656E+01  1.052E-24  1.300E-15  1.108E-15  1.917E-16
4.613E+01  1.075E-24  1.316E-15  1.123E-15  1.930E-16
4.571E+01  1.099E-24  1.333E-15  1.139E-15  1.943E-16
4.529E+01  1.122E-24  1.348E-15  1.152E-15  1.955E-16
4.487E+01  1.147E-24  1.366E-15  1.169E-15  1.967E-16
4.446E+01  1.171E-24  1.381E-15  1.183E-15  1.979E-16
4.406E+01  1.192E-24  1.393E-15  1.194E-15  1.991E-16
4.365E+01  1.217E-24  1.409E-15  1.209E-15  2.003E-16
4.325E+01  1.243E-24  1.426E-15  1.225E-15  2.015E-16
4.285E+01  1.267E-24  1.440E-15  1.237E-15  2.026E-16
4.246E+01  1.290E-24  1.453E-15  1.250E-15  2.038E-16
4.207E+01  1.315E-24  1.467E-15  1.262E-15  2.049E-16
4.169E+01  1.342E-24  1.484E-15  1.278E-15  2.060E-16
4.130E+01  1.369E-24  1.499E-15  1.292E-15  2.070E-16
4.093E+01  1.394E-24  1.514E-15  1.306E-15  2.080E-16
4.055E+01  1.422E-24  1.529E-15  1.320E-15  2.090E-16
4.018E+01  1.449E-24  1.544E-15  1.334E-15  2.099E-16
3.981E+01  1.478E-24  1.561E-15  1.350E-15  2.109E-16
3.945E+01  1.507E-24  1.577E-15  1.366E-15  2.117E-16
3.908E+01  1.537E-24  1.593E-15  1.380E-15  2.126E-16
3.873E+01  1.566E-24  1.609E-15  1.396E-15  2.134E-16
3.837E+01  1.595E-24  1.623E-15  1.409E-15  2.142E-16
3.802E+01  1.623E-24  1.637E-15  1.422E-15  2.150E-16
3.767E+01  1.652E-24  1.650E-15  1.435E-15  2.157E-16
3.733E+01  1.680E-24  1.663E-15  1.447E-15  2.163E-16
3.698E+01  1.711E-24  1.678E-15  1.462E-15  2.168E-16
3.664E+01  1.743E-24  1.694E-15  1.477E-15  2.173E-16
3.631E+01  1.774E-24  1.709E-15  1.491E-15  2.178E-16
3.597E+01  1.800E-24  1.718E-15  1.499E-15  2.182E-16
3.565E+01  1.832E-24  1.732E-15  1.514E-15  2.187E-16
3.532E+01  1.865E-24  1.747E-15  1.528E-15  2.191E-16
3.499E+01  1.895E-24  1.759E-15  1.540E-15  2.195E-16
3.467E+01  1.925E-24  1.771E-15  1.551E-15  2.199E-16
3.436E+01  1.959E-24  1.785E-15  1.565E-15  2.203E-16
3.404E+01  1.991E-24  1.798E-15  1.577E-15  2.207E-16
3.373E+01  2.023E-24  1.810E-15  1.589E-15  2.211E-16
3.342E+01  2.057E-24  1.824E-15  1.602E-15  2.215E-16
3.311E+01  2.092E-24  1.837E-15  1.615E-15  2.219E-16
3.281E+01  2.127E-24  1.851E-15  1.629E-15  2.224E-16
3.251E+01  2.159E-24  1.862E-15  1.639E-15  2.228E-16
3.221E+01  2.195E-24  1.875E-15  1.652E-15  2.232E-16
3.192E+01  2.229E-24  1.887E-15  1.664E-15  2.236E-16
3.162E+01  2.263E-24  1.898E-15  1.674E-15  2.240E-16
3.133E+01  2.300E-24  1.912E-15  1.687E-15  2.244E-16
3.105E+01  2.334E-24  1.922E-15  1.697E-15  2.248E-16
3.076E+01  2.371E-24  1.934E-15  1.709E-15  2.252E-16
3.048E+01  2.408E-24  1.947E-15  1.721E-15  2.255E-16
3.020E+01  2.445E-24  1.959E-15  1.733E-15  2.259E-16
2.992E+01  2.485E-24  1.972E-15  1.746E-15  2.262E-16
2.965E+01  2.522E-24  1.983E-15  1.757E-15  2.264E-16
2.938E+01  2.562E-24  1.996E-15  1.770E-15  2.266E-16
2.911E+01  2.601E-24  2.008E-15  1.781E-15  2.268E-16
2.884E+01  2.641E-24  2.020E-15  1.793E-15  2.270E-16
2.858E+01  2.682E-24  2.033E-15  1.806E-15  2.271E-16
2.831E+01  2.724E-24  2.046E-15  1.819E-15  2.273E-16
2.805E+01  2.767E-24  2.059E-15  1.832E-15  2.274E-16
2.780E+01  2.812E-24  2.073E-15  1.846E-15  2.275E-16
2.754E+01  2.856E-24  2.087E-15  1.859E-15  2.276E-16
2.729E+01  2.898E-24  2.098E-15  1.870E-15  2.277E-16
2.704E+01  2.946E-24  2.113E-15  1.885E-15  2.277E-16
2.679E+01  2.994E-24  2.128E-15  1.900E-15  2.278E-16
2.655E+01  3.041E-24  2.141E-15  1.914E-15  2.278E-16
2.630E+01  3.090E-24  2.156E-15  1.928E-15  2.278E-16
2.606E+01  3.138E-24  2.169E-15  1.941E-15  2.278E-16
2.582E+01  3.190E-24  2.185E-15  1.957E-15  2.278E-16
2.559E+01  3.243E-24  2.201E-15  1.973E-15  2.278E-16
2.535E+01  3.296E-24  2.217E-15  1.989E-15  2.278E-16
2.512E+01  3.352E-24  2.233E-15  2.006E-15  2.277E-16
2.489E+01  3.407E-24  2.249E-15  2.021E-15  2.276E-16
2.466E+01  3.464E-24  2.266E-15  2.038E-15  2.274E-16
2.443E+01  3.520E-24  2.282E-15  2.054E-15  2.272E-16
2.421E+01  3.581E-24  2.299E-15  2.072E-15  2.269E-16
2.399E+01  3.642E-24  2.317E-15  2.091E-15  2.265E-16
2.377E+01  3.703E-24  2.335E-15  2.108E-15  2.261E-16
2.355E+01  3.766E-24  2.352E-15  2.126E-15  2.260E-16
2.333E+01  3.831E-24  2.372E-15  2.146E-15  2.257E-16
2.312E+01  3.899E-24  2.391E-15  2.166E-15  2.251E-16
2.291E+01  3.965E-24  2.410E-15  2.185E-15  2.245E-16
2.270E+01  4.034E-24  2.429E-15  2.205E-15  2.244E-16
2.249E+01  4.107E-24  2.450E-15  2.226E-15  2.244E-16
2.228E+01  4.181E-24  2.471E-15  2.247E-15  2.246E-16
2.208E+01  4.257E-24  2.493E-15  2.268E-15  2.247E-16
2.188E+01  4.332E-24  2.514E-15  2.290E-15  2.243E-16
2.168E+01  4.409E-24  2.535E-15  2.311E-15  2.237E-16
2.148E+01  4.489E-24  2.558E-15  2.335E-15  2.231E-16
2.128E+01  4.570E-24  2.580E-15  2.357E-15  2.227E-16
2.109E+01  4.654E-24  2.603E-15  2.381E-15  2.226E-16
2.089E+01  4.740E-24  2.627E-15  2.405E-15  2.223E-16
2.070E+01  4.827E-24  2.651E-15  2.429E-15  2.217E-16
2.051E+01  4.917E-24  2.676E-15  2.454E-15  2.211E-16
2.032E+01  5.011E-24  2.702E-15  2.481E-15  2.207E-16
2.014E+01  5.110E-24  2.729E-15  2.508E-15  2.210E-16
1.995E+01  5.213E-24  2.759E-15  2.538E-15  2.213E-16
1.977E+01  5.323E-24  2.792E-15  2.570E-15  2.212E-16
1.959E+01  5.440E-24  2.827E-15  2.606E-15  2.208E-16
1.941E+01  5.580E-24  2.873E-15  2.653E-15  2.199E-16
1.923E+01  5.772E-24  2.945E-15  2.726E-15  2.184E-16
1.905E+01  6.128E-24  3.097E-15  2.881E-15  2.165E-16
1.888E+01  6.441E-24  3.226E-15  3.012E-15  2.139E-16
1.871E+01  6.253E-24  3.103E-15  2.892E-15  2.109E-16
1.854E+01  6.269E-24  3.082E-15  2.875E-15  2.072E-16
1.837E+01  6.408E-24  3.122E-15  2.919E-15  2.031E-16
1.820E+01  6.632E-24  3.201E-15  3.003E-15  1.984E-16
1.803E+01  7.005E-24  3.350E-15  3.157E-15  1.934E-16
1.786E+01  7.578E-24  3.591E-15  3.403E-15  1.880E-16
1.770E+01  7.772E-24  3.649E-15  3.467E-15  1.823E-16
1.754E+01  8.374E-24  3.896E-15  3.720E-15  1.761E-16
1.738E+01  9.660E-24  4.453E-15  4.283E-15  1.697E-16
1.722E+01  9.653E-24  4.409E-15  4.246E-15  1.632E-16
1.706E+01  9.842E-24  4.454E-15  4.297E-15  1.567E-16
1.690E+01  9.723E-24  4.360E-15  4.209E-15  1.503E-16
1.675E+01  9.417E-24  4.184E-15  4.040E-15  1.438E-16
1.660E+01  9.675E-24  4.259E-15  4.122E-15  1.373E-16
1.644E+01  1.130E-23  4.930E-15  4.799E-15  1.309E-16
1.629E+01  8.799E-24  3.803E-15  3.678E-15  1.246E-16
1.614E+01  7.811E-24  3.345E-15  3.226E-15  1.186E-16
1.600E+01  7.512E-24  3.187E-15  3.075E-15  1.128E-16
1.585E+01  7.344E-24  3.088E-15  2.980E-15  1.072E-16
1.570E+01  7.136E-24  2.973E-15  2.871E-15  1.019E-16
1.556E+01  7.024E-24  2.899E-15  2.802E-15  9.678E-17
1.542E+01  6.964E-24  2.848E-15  2.756E-15  9.198E-17
1.528E+01  6.931E-24  2.808E-15  2.721E-15  8.745E-17
1.514E+01  6.918E-24  2.778E-15  2.694E-15  8.320E-17
1.500E+01  6.926E-24  2.755E-15  2.676E-15  7.928E-17
1.486E+01  6.955E-24  2.742E-15  2.666E-15  7.552E-17
1.472E+01  7.020E-24  2.742E-15  2.670E-15  7.196E-17
1.459E+01  7.146E-24  2.765E-15  2.696E-15  6.864E-17
1.445E+01  7.402E-24  2.838E-15  2.772E-15  6.578E-17
1.432E+01  7.948E-24  3.019E-15  2.956E-15  6.337E-17
1.419E+01  8.573E-24  3.227E-15  3.165E-15  6.151E-17
1.406E+01  8.331E-24  3.107E-15  3.047E-15  6.023E-17
1.393E+01  8.267E-24  3.055E-15  2.995E-15  5.960E-17
1.380E+01  8.716E-24  3.191E-15  3.132E-15  5.951E-17
1.368E+01  9.665E-24  3.506E-15  3.446E-15  6.000E-17
1.355E+01  1.087E-23  3.907E-15  3.846E-15  6.083E-17
1.343E+01  1.125E-23  4.008E-15  3.946E-15  6.191E-17
1.330E+01  1.072E-23  3.785E-15  3.722E-15  6.307E-17
1.318E+01  1.051E-23  3.675E-15  3.611E-15  6.432E-17
1.306E+01  1.112E-23  3.852E-15  3.786E-15  6.554E-17
1.294E+01  1.277E-23  4.382E-15  4.315E-15  6.688E-17
1.282E+01  1.576E-23  5.359E-15  5.291E-15  6.845E-17
1.271E+01  1.956E-23  6.592E-15  6.522E-15  7.016E-17
1.259E+01  2.090E-23  6.980E-15  6.908E-15  7.190E-17
1.247E+01  1.838E-23  6.082E-15  6.008E-15  7.363E-17
1.236E+01  1.575E-23  5.162E-15  5.087E-15  7.534E-17
1.225E+01  1.490E-23  4.839E-15  4.762E-15  7.690E-17
1.213E+01  1.568E-23  5.046E-15  4.967E-15  7.869E-17
1.202E+01  1.677E-23  5.350E-15  5.269E-15  8.076E-17
1.191E+01  1.624E-23  5.132E-15  5.049E-15  8.283E-17
1.180E+01  1.478E-23  4.628E-15  4.543E-15  8.491E-17
1.169E+01  1.444E-23  4.481E-15  4.394E-15  8.690E-17
1.159E+01  1.641E-23  5.044E-15  4.955E-15  8.856E-17
1.148E+01  2.218E-23  6.756E-15  6.666E-15  9.018E-17
1.138E+01  3.188E-23  9.619E-15  9.527E-15  9.202E-17
1.127E+01  4.251E-23  1.271E-14  1.262E-14  9.400E-17
1.117E+01  3.012E-23  8.922E-15  8.826E-15  9.616E-17
1.107E+01  1.559E-23  4.575E-15  4.477E-15  9.838E-17
1.096E+01  1.076E-23  3.131E-15  3.030E-15  1.005E-16
1.086E+01  8.548E-24  2.463E-15  2.361E-15  1.027E-16
1.076E+01  7.384E-24  2.109E-15  2.003E-15  1.053E-16
1.067E+01  6.702E-24  1.896E-15  1.788E-15  1.083E-16
1.057E+01  6.112E-24  1.713E-15  1.602E-15  1.116E-16
1.047E+01  5.723E-24  1.590E-15  1.475E-15  1.148E-16
1.038E+01  5.467E-24  1.505E-15  1.387E-15  1.171E-16
1.028E+01  5.289E-24  1.442E-15  1.324E-15  1.186E-16
1.019E+01  5.163E-24  1.395E-15  1.276E-15  1.192E-16
1.009E+01  5.079E-24  1.360E-15  1.240E-15  1.195E-16
1.000E+01  5.030E-24  1.334E-15  1.214E-15  1.197E-16
9.908E+00  5.013E-24  1.317E-15  1.197E-15  1.202E-16
9.817E+00  5.026E-24  1.309E-15  1.188E-15  1.208E-16
9.727E+00  5.070E-24  1.308E-15  1.187E-15  1.215E-16
9.638E+00  5.145E-24  1.315E-15  1.193E-15  1.221E-16
9.550E+00  5.254E-24  1.331E-15  1.209E-15  1.218E-16
9.462E+00  5.400E-24  1.355E-15  1.235E-15  1.204E-16
9.376E+00  5.595E-24  1.391E-15  1.274E-15  1.175E-16
9.290E+00  5.852E-24  1.442E-15  1.329E-15  1.129E-16
9.204E+00  6.199E-24  1.514E-15  1.407E-15  1.069E-16
9.120E+00  6.681E-24  1.616E-15  1.517E-15  9.975E-17
9.036E+00  7.374E-24  1.768E-15  1.676E-15  9.194E-17
8.954E+00  8.418E-24  1.999E-15  1.915E-15  8.405E-17
8.872E+00  1.007E-23  2.370E-15  2.293E-15  7.660E-17
8.790E+00  1.278E-23  2.980E-15  2.910E-15  6.982E-17
8.710E+00  1.693E-23  3.911E-15  3.847E-15  6.385E-17
8.630E+00  2.082E-23  4.766E-15  4.707E-15  5.868E-17
8.551E+00  2.038E-23  4.624E-15  4.569E-15  5.416E-17
8.472E+00  1.774E-23  3.986E-15  3.936E-15  4.996E-17
8.395E+00  1.639E-23  3.650E-15  3.604E-15  4.572E-17
8.318E+00  1.633E-23  3.602E-15  3.561E-15  4.120E-17
8.241E+00  1.705E-23  3.728E-15  3.692E-15  3.641E-17
8.166E+00  1.886E-23  4.085E-15  4.053E-15  3.150E-17
8.091E+00  2.229E-23  4.783E-15  4.756E-15  2.706E-17
8.017E+00  2.775E-23  5.901E-15  5.878E-15  2.309E-17
7.943E+00  3.490E-23  7.354E-15  7.334E-15  1.966E-17
7.870E+00  4.119E-23  8.599E-15  8.582E-15  1.670E-17
7.798E+00  4.348E-23  8.994E-15  8.980E-15  1.420E-17
7.727E+00  4.381E-23  8.979E-15  8.967E-15  1.214E-17
7.656E+00  4.524E-23  9.187E-15  9.176E-15  1.048E-17
7.586E+00  4.410E-23  8.873E-15  8.864E-15  9.139E-18
7.516E+00  3.715E-23  7.407E-15  7.399E-15  8.123E-18
7.447E+00  2.932E-23  5.792E-15  5.784E-15  7.378E-18
7.379E+00  2.356E-23  4.612E-15  4.605E-15  6.814E-18
7.311E+00  1.957E-23  3.795E-15  3.789E-15  6.424E-18
7.244E+00  1.665E-23  3.200E-15  3.193E-15  6.129E-18
7.178E+00  1.442E-23  2.746E-15  2.740E-15  5.894E-18
7.112E+00  1.271E-23  2.398E-15  2.392E-15  5.734E-18
7.047E+00  1.144E-23  2.139E-15  2.133E-15  5.616E-18
6.982E+00  1.058E-23  1.960E-15  1.955E-15  5.508E-18
6.918E+00  1.012E-23  1.856E-15  1.851E-15  5.420E-18
6.855E+00  1.001E-23  1.819E-15  1.814E-15  5.340E-18
6.792E+00  1.015E-23  1.828E-15  1.823E-15  5.263E-18
6.730E+00  1.030E-23  1.838E-15  1.833E-15  5.191E-18
6.668E+00  1.016E-23  1.797E-15  1.792E-15  5.120E-18
6.607E+00  9.733E-24  1.706E-15  1.701E-15  5.048E-18
6.546E+00  9.386E-24  1.630E-15  1.625E-15  4.976E-18
6.486E+00  9.580E-24  1.648E-15  1.643E-15  4.904E-18
6.427E+00  1.084E-23  1.848E-15  1.843E-15  4.831E-18
6.368E+00  1.415E-23  2.390E-15  2.385E-15  4.758E-18
6.310E+00  2.156E-23  3.609E-15  3.604E-15  4.683E-18
6.252E+00  3.356E-23  5.566E-15  5.561E-15  4.608E-18
6.194E+00  3.401E-23  5.587E-15  5.583E-15  4.532E-18
6.138E+00  2.119E-23  3.450E-15  3.446E-15  4.452E-18
6.081E+00  1.263E-23  2.037E-15  2.033E-15  4.373E-18
6.026E+00  8.415E-24  1.345E-15  1.341E-15  4.297E-18
5.970E+00  6.277E-24  9.941E-16  9.898E-16  4.223E-18
5.916E+00  5.162E-24  8.100E-16  8.058E-16  4.151E-18
5.861E+00  4.668E-24  7.258E-16  7.217E-16  4.082E-18
5.808E+00  4.709E-24  7.255E-16  7.215E-16  4.016E-18
5.754E+00  5.287E-24  8.070E-16  8.030E-16  3.953E-18
5.702E+00  5.695E-24  8.613E-16  8.574E-16  3.892E-18
5.649E+00  4.802E-24  7.196E-16  7.157E-16  3.833E-18
5.598E+00  3.656E-24  5.429E-16  5.391E-16  3.777E-18
5.546E+00  2.950E-24  4.341E-16  4.303E-16  3.723E-18
5.495E+00  2.576E-24  3.755E-16  3.718E-16  3.671E-18
5.445E+00  2.414E-24  3.487E-16  3.451E-16  3.622E-18
5.395E+00  2.441E-24  3.494E-16  3.458E-16  3.575E-18
5.346E+00  2.706E-24  3.838E-16  3.802E-16  3.530E-18
5.297E+00  3.144E-24  4.417E-16  4.382E-16  3.486E-18
5.248E+00  3.073E-24  4.278E-16  4.244E-16  3.444E-18
5.200E+00  2.439E-24  3.364E-16  3.330E-16  3.404E-18
5.152E+00  1.944E-24  2.657E-16  2.624E-16  3.365E-18
5.105E+00  1.658E-24  2.245E-16  2.212E-16  3.328E-18
5.058E+00  1.486E-24  1.993E-16  1.960E-16  3.293E-18
5.012E+00  1.372E-24  1.824E-16  1.792E-16  3.259E-18
4.966E+00  1.291E-24  1.700E-16  1.668E-16  3.227E-18
4.920E+00  1.228E-24  1.603E-16  1.571E-16  3.195E-18
4.875E+00  1.178E-24  1.524E-16  1.492E-16  3.165E-18
4.831E+00  1.137E-24  1.457E-16  1.426E-16  3.135E-18
4.786E+00  1.102E-24  1.399E-16  1.368E-16  3.106E-18
4.742E+00  1.072E-24  1.348E-16  1.317E-16  3.078E-18
4.699E+00  1.045E-24  1.303E-16  1.272E-16  3.051E-18
4.656E+00  1.021E-24  1.261E-16  1.231E-16  3.024E-18
4.613E+00  1.000E-24  1.224E-16  1.194E-16  2.998E-18
4.571E+00  9.811E-25  1.190E-16  1.160E-16  2.972E-18
4.529E+00  9.637E-25  1.158E-16  1.128E-16  2.947E-18
4.487E+00  9.479E-25  1.128E-16  1.099E-16  2.923E-18
4.446E+00  9.335E-25  1.101E-16  1.072E-16  2.898E-18
4.406E+00  9.202E-25  1.075E-16  1.047E-16  2.875E-18
4.365E+00  9.081E-25  1.051E-16  1.023E-16  2.853E-18
4.325E+00  8.970E-25  1.029E-16  1.001E-16  2.830E-18
4.285E+00  8.868E-25  1.008E-16  9.800E-17  2.808E-18
4.246E+00  8.775E-25  9.883E-17  9.605E-17  2.786E-18
4.207E+00  8.690E-25  9.698E-17  9.421E-17  2.763E-18
4.169E+00  8.612E-25  9.523E-17  9.249E-17  2.742E-18
4.130E+00  8.543E-25  9.360E-17  9.088E-17  2.720E-18
4.093E+00  8.481E-25  9.207E-17  8.937E-17  2.696E-18
4.055E+00  8.426E-25  9.064E-17  8.796E-17  2.673E-18
4.018E+00  8.380E-25  8.931E-17  8.666E-17  2.649E-18
3.981E+00  8.343E-25  8.810E-17  8.547E-17  2.626E-18
3.945E+00  8.315E-25  8.700E-17  8.440E-17  2.602E-18
3.908E+00  8.298E-25  8.603E-17  8.345E-17  2.579E-18
3.873E+00  8.293E-25  8.519E-17  8.263E-17  2.555E-18
3.837E+00  8.302E-25  8.450E-17  8.197E-17  2.532E-18
3.802E+00  8.330E-25  8.400E-17  8.149E-17  2.509E-18
3.767E+00  8.378E-25  8.372E-17  8.123E-17  2.487E-18
3.733E+00  8.454E-25  8.370E-17  8.123E-17  2.464E-18
3.698E+00  8.564E-25  8.402E-17  8.158E-17  2.441E-18
3.664E+00  8.722E-25  8.478E-17  8.236E-17  2.419E-18
3.631E+00  8.944E-25  8.614E-17  8.374E-17  2.396E-18
3.597E+00  9.258E-25  8.835E-17  8.598E-17  2.374E-18
3.565E+00  9.709E-25  9.180E-17  8.945E-17  2.351E-18
3.532E+00  1.037E-24  9.717E-17  9.485E-17  2.328E-18
3.499E+00  1.139E-24  1.057E-16  1.034E-16  2.306E-18
3.467E+00  1.303E-24  1.198E-16  1.175E-16  2.283E-18
3.436E+00  1.590E-24  1.449E-16  1.426E-16  2.261E-18
3.404E+00  2.157E-24  1.948E-16  1.926E-16  2.238E-18
3.373E+00  3.512E-24  3.142E-16  3.120E-16  2.215E-18
3.342E+00  8.002E-24  7.094E-16  7.072E-16  2.193E-18
3.311E+00  3.026E-23  2.658E-15  2.656E-15  2.169E-18
3.281E+00  2.067E-23  1.799E-15  1.797E-15  2.146E-18
3.251E+00  5.904E-24  5.091E-16  5.070E-16  2.122E-18
3.221E+00  2.820E-24  2.409E-16  2.388E-16  2.098E-18
3.192E+00  1.799E-24  1.523E-16  1.502E-16  2.073E-18
3.162E+00  1.348E-24  1.131E-16  1.110E-16  2.049E-18
3.133E+00  1.111E-24  9.233E-17  9.031E-17  2.025E-18
3.105E+00  9.706E-25  7.993E-17  7.793E-17  2.002E-18
3.076E+00  8.804E-25  7.183E-17  6.985E-17  1.979E-18
3.048E+00  8.185E-25  6.617E-17  6.422E-17  1.957E-18
3.020E+00  7.738E-25  6.199E-17  6.005E-17  1.935E-18
2.992E+00  7.402E-25  5.875E-17  5.684E-17  1.913E-18
2.965E+00  7.140E-25  5.615E-17  5.426E-17  1.892E-18
2.938E+00  6.929E-25  5.399E-17  5.212E-17  1.870E-18
2.911E+00  6.755E-25  5.215E-17  5.030E-17  1.848E-18
2.884E+00  6.607E-25  5.055E-17  4.872E-17  1.827E-18
2.858E+00  6.480E-25  4.912E-17  4.731E-17  1.805E-18
2.831E+00  6.368E-25  4.782E-17  4.604E-17  1.784E-18
2.805E+00  6.267E-25  4.664E-17  4.488E-17  1.763E-18
2.780E+00  6.176E-25  4.554E-17  4.380E-17  1.742E-18
2.754E+00  6.093E-25  4.451E-17  4.279E-17  1.721E-18
2.729E+00  6.015E-25  4.354E-17  4.184E-17  1.700E-18
2.704E+00  5.942E-25  4.262E-17  4.094E-17  1.679E-18
2.679E+00  5.873E-25  4.173E-17  4.008E-17  1.658E-18
2.655E+00  5.806E-25  4.089E-17  3.925E-17  1.637E-18
2.630E+00  5.743E-25  4.007E-17  3.845E-17  1.617E-18
2.606E+00  5.681E-25  3.928E-17  3.768E-17  1.597E-18
2.582E+00  5.622E-25  3.851E-17  3.693E-17  1.576E-18
2.559E+00  5.563E-25  3.776E-17  3.620E-17  1.556E-18
2.535E+00  5.506E-25  3.703E-17  3.549E-17  1.536E-18
2.512E+00  5.450E-25  3.631E-17  3.480E-17  1.517E-18
2.489E+00  5.395E-25  3.561E-17  3.412E-17  1.497E-18
2.466E+00  5.339E-25  3.493E-17  3.345E-17  1.477E-18
2.443E+00  5.284E-25  3.425E-17  3.279E-17  1.458E-18
2.421E+00  5.229E-25  3.358E-17  3.214E-17  1.439E-18
2.399E+00  5.175E-25  3.293E-17  3.151E-17  1.420E-18
2.377E+00  5.122E-25  3.229E-17  3.089E-17  1.401E-18
2.355E+00  5.069E-25  3.166E-17  3.028E-17  1.382E-18
2.333E+00  5.016E-25  3.105E-17  2.968E-17  1.363E-18
2.312E+00  4.963E-25  3.044E-17  2.910E-17  1.344E-18
2.291E+00  4.911E-25  2.984E-17  2.851E-17  1.325E-18
2.270E+00  4.858E-25  2.925E-17  2.794E-17  1.307E-18
2.249E+00  4.804E-25  2.866E-17  2.737E-17  1.288E-18
2.228E+00  4.750E-25  2.808E-17  2.681E-17  1.270E-18
2.208E+00  4.696E-25  2.750E-17  2.625E-17  1.251E-18
2.188E+00  4.640E-25  2.693E-17  2.569E-17  1.233E-18
2.168E+00  4.583E-25  2.635E-17  2.514E-17  1.215E-18
2.148E+00  4.523E-25  2.577E-17  2.457E-17  1.197E-18
2.128E+00  4.462E-25  2.519E-17  2.401E-17  1.180E-18
2.109E+00  4.397E-25  2.459E-17  2.343E-17  1.162E-18
2.089E+00  4.328E-25  2.398E-17  2.284E-17  1.144E-18
2.070E+00  4.254E-25  2.336E-17  2.223E-17  1.127E-18
2.051E+00  4.173E-25  2.270E-17  2.159E-17  1.110E-18
2.032E+00  4.083E-25  2.201E-17  2.092E-17  1.093E-18
2.014E+00  3.983E-25  2.128E-17  2.020E-17  1.076E-18
1.995E+00  3.872E-25  2.049E-17  1.943E-17  1.059E-18
1.977E+00  3.747E-25  1.965E-17  1.861E-17  1.042E-18
1.959E+00  3.615E-25  1.878E-17  1.776E-17  1.025E-18
1.941E+00  3.487E-25  1.795E-17  1.694E-17  1.008E-18
1.923E+00  3.386E-25  1.727E-17  1.628E-17  9.921E-19
1.905E+00  3.337E-25  1.687E-17  1.589E-17  9.758E-19
1.888E+00  3.348E-25  1.677E-17  1.581E-17  9.596E-19
1.871E+00  3.401E-25  1.688E-17  1.593E-17  9.435E-19
1.854E+00  3.469E-25  1.705E-17  1.613E-17  9.276E-19
1.837E+00  3.528E-25  1.719E-17  1.628E-17  9.119E-19
1.820E+00  3.571E-25  1.724E-17  1.634E-17  8.963E-19
1.803E+00  3.597E-25  1.720E-17  1.632E-17  8.809E-19
1.786E+00  3.608E-25  1.710E-17  1.623E-17  8.656E-19
1.770E+00  3.608E-25  1.694E-17  1.609E-17  8.506E-19
1.754E+00  3.600E-25  1.675E-17  1.591E-17  8.358E-19
1.738E+00  3.586E-25  1.653E-17  1.571E-17  8.211E-19
1.722E+00  3.567E-25  1.629E-17  1.549E-17  8.066E-19
1.706E+00  3.545E-25  1.604E-17  1.525E-17  7.922E-19
1.690E+00  3.522E-25  1.579E-17  1.501E-17  7.780E-19
1.675E+00  3.497E-25  1.554E-17  1.477E-17  7.640E-19
1.660E+00  3.471E-25  1.528E-17  1.453E-17  7.501E-19
1.644E+00  3.445E-25  1.503E-17  1.429E-17  7.363E-19
1.629E+00  3.420E-25  1.478E-17  1.406E-17  7.226E-19
1.614E+00  3.394E-25  1.454E-17  1.383E-17  7.091E-19
1.600E+00  3.370E-25  1.430E-17  1.360E-17  6.957E-19
1.585E+00  3.348E-25  1.407E-17  1.339E-17  6.824E-19
1.570E+00  3.326E-25  1.386E-17  1.319E-17  6.692E-19
1.556E+00  3.308E-25  1.365E-17  1.300E-17  6.562E-19
1.542E+00  3.291E-25  1.346E-17  1.282E-17  6.433E-19
1.528E+00  3.278E-25  1.328E-17  1.265E-17  6.304E-19
1.514E+00  3.269E-25  1.312E-17  1.250E-17  6.178E-19
1.500E+00  3.263E-25  1.298E-17  1.238E-17  6.052E-19
1.486E+00  3.263E-25  1.286E-17  1.227E-17  5.928E-19
1.472E+00  3.268E-25  1.276E-17  1.218E-17  5.806E-19
1.459E+00  3.281E-25  1.270E-17  1.213E-17  5.685E-19
1.445E+00  3.302E-25  1.266E-17  1.210E-17  5.566E-19
1.432E+00  3.332E-25  1.266E-17  1.211E-17  5.448E-19
1.419E+00  3.375E-25  1.270E-17  1.217E-17  5.332E-19
1.406E+00  3.431E-25  1.280E-17  1.227E-17  5.217E-19
1.393E+00  3.504E-25  1.295E-17  1.244E-17  5.103E-19
1.380E+00  3.598E-25  1.317E-17  1.267E-17  4.991E-19
1.368E+00  3.715E-25  1.348E-17  1.299E-17  4.880E-19
1.355E+00  3.861E-25  1.388E-17  1.340E-17  4.770E-19
1.343E+00  4.038E-25  1.438E-17  1.392E-17  4.662E-19
1.330E+00  4.249E-25  1.499E-17  1.454E-17  4.555E-19
1.318E+00  4.489E-25  1.570E-17  1.525E-17  4.450E-19
1.306E+00  4.745E-25  1.644E-17  1.600E-17  4.346E-19
1.294E+00  4.985E-25  1.711E-17  1.669E-17  4.244E-19
1.282E+00  5.161E-25  1.756E-17  1.714E-17  4.144E-19
1.271E+00  5.213E-25  1.757E-17  1.716E-17  4.045E-19
1.259E+00  5.097E-25  1.702E-17  1.663E-17  3.948E-19
1.247E+00  4.818E-25  1.594E-17  1.555E-17  3.853E-19
1.236E+00  4.428E-25  1.452E-17  1.414E-17  3.761E-19
1.225E+00  4.002E-25  1.300E-17  1.263E-17  3.670E-19
1.213E+00  3.598E-25  1.158E-17  1.122E-17  3.580E-19
1.202E+00  3.250E-25  1.037E-17  1.002E-17  3.491E-19
1.191E+00  2.967E-25  9.376E-18  9.036E-18  3.404E-19
1.180E+00  2.748E-25  8.604E-18  8.272E-18  3.319E-19
1.169E+00  2.586E-25  8.022E-18  7.699E-18  3.234E-19
1.159E+00  2.475E-25  7.609E-18  7.294E-18  3.151E-19
1.148E+00  2.412E-25  7.346E-18  7.039E-18  3.070E-19
1.138E+00  2.396E-25  7.231E-18  6.932E-18  2.990E-19
1.127E+00  2.432E-25  7.271E-18  6.980E-18  2.911E-19
1.117E+00  2.530E-25  7.494E-18  7.211E-18  2.833E-19
1.107E+00  2.709E-25  7.952E-18  7.677E-18  2.757E-19
1.096E+00  3.002E-25  8.732E-18  8.464E-18  2.682E-19
1.086E+00  3.456E-25  9.959E-18  9.698E-18  2.609E-19
1.076E+00  4.115E-25  1.175E-17  1.150E-17  2.537E-19
1.067E+00  4.942E-25  1.398E-17  1.374E-17  2.466E-19
1.057E+00  5.603E-25  1.571E-17  1.547E-17  2.397E-19
1.047E+00  5.491E-25  1.525E-17  1.502E-17  2.329E-19
1.038E+00  4.554E-25  1.253E-17  1.231E-17  2.262E-19
1.028E+00  3.449E-25  9.404E-18  9.185E-18  2.197E-19
1.019E+00  2.592E-25  7.003E-18  6.790E-18  2.133E-19
1.009E+00  2.012E-25  5.386E-18  5.179E-18  2.070E-19
1.000E+00  1.627E-25  4.316E-18  4.115E-18  2.008E-19
