Dust emission spectrum from Draine,B.T., & Li, A. (2007), ApJ, in press [astro-ph/0608003]
==========================================================
         7 = grain model
 4.000E-08 4.000E-01 4.500E-05 = a_01 (cm) , sigma_1 , b_C1
 2.000E-07 5.500E-01 1.500E-05 = a_02 (cm) , sigma_2 , b_C2
 5.000E-01 5.000E-01 1.000E+00 = Umin , Umax, beta (dN/dU propto U^{-beta})
 5.000E-01 = <U>       mmp83 = radfield
 2.000E-06 1.000E+00 = a_{min} (cm), a_{max} (cm)
 1.406E-24 8.439E-25 5.622E-25 = P(tot)  P(carb)  P(sil) (erg s-1 H-1)
 band     <nu*P_nu> <j_nu(tot)><j_nu(carb)><j_nu(sil)>
 (um)   (erg s-1 H-1)(Jy/(sr*H))(Jy/(sr*H))(Jy/(sr*H))
1.270E+00  1.942E-74  6.541E-67  6.541E-67  1.591-189 COBE-DIRBE
2.220E+00  1.466E-74  8.635E-67  8.635E-67  2.515-123 COBE-DIRBE
3.530E+00  7.591E-74  7.108E-66  7.108E-66  3.418E-83 COBE-DIRBE
4.880E+00  5.005E-65  6.479E-57  6.479E-57  5.230E-69 COBE-DIRBE
1.229E+01  2.056E-37  6.701E-29  6.696E-29  5.152E-32 COBE-DIRBE
2.079E+01  3.228E-31  1.780E-22  1.776E-22  4.046E-25 COBE-DIRBE
5.599E+01  1.141E-25  1.695E-16  1.576E-16  1.188E-17 COBE-DIRBE
9.770E+01  7.967E-25  2.065E-15  1.554E-15  5.110E-16 COBE-DIRBE
1.479E+02  1.206E-24  4.729E-15  2.870E-15  1.859E-15 COBE-DIRBE
2.479E+02  6.488E-25  4.265E-15  1.855E-15  2.410E-15 COBE-DIRBE
1.200E+01  3.521E-39  1.121E-30  1.121E-30  2.676E-34 IRAS
2.500E+01  5.306E-30  3.519E-21  3.511E-21  8.037E-24 IRAS
6.000E+01  1.630E-25  2.594E-16  2.359E-16  2.349E-17 IRAS
1.000E+02  8.384E-25  2.224E-15  1.654E-15  5.701E-16 IRAS
3.550E+00  8.883E-74  8.365E-66  8.365E-66  1.816E-84 SST-IRAC
4.493E+00  5.860E-67  6.985E-59  6.985E-59  1.588E-71 SST-IRAC
5.731E+00  3.692E-58  5.612E-50  5.612E-50  9.811E-60 SST-IRAC
7.872E+00  6.611E-48  1.380E-39  1.380E-39  5.300E-45 SST-IRAC
2.368E+01  1.743E-30  1.095E-21  1.092E-21  2.515E-24 SST-MIPS
7.142E+01  2.977E-25  5.640E-16  4.932E-16  7.083E-17 SST-MIPS
1.559E+02  1.174E-24  4.856E-15  2.830E-15  2.026E-15 SST-MIPS
1.600E+01  4.376E-31  1.857E-22  1.853E-22  4.416E-25 SST-IRSPU
2.200E+01  1.837E-30  1.072E-21  1.069E-21  2.476E-24 SST-IRSPU
7.500E+01  2.439E-25  4.852E-16  4.294E-16  5.580E-17 Herschel-PACS
1.100E+02  6.218E-25  1.814E-15  1.348E-15  4.659E-16 Herschel-PACS
1.700E+02  9.042E-25  4.077E-15  2.331E-15  1.746E-15 Herschel-PACS
2.500E+02  5.776E-25  3.830E-15  1.621E-15  2.210E-15 Herschel-SPIRE
3.600E+02  2.146E-25  2.050E-15  7.731E-16  1.277E-15 Herschel-SPIRE
5.200E+02  6.224E-26  8.585E-16  2.997E-16  5.589E-16 Herschel-SPIRE
2.400E+00  1.247E-66  7.942E-59  7.942E-59  1.128E-70 Akari IRC NIR N2
3.200E+00  9.798E-67  8.317E-59  8.317E-59  1.169E-70 Akari IRC NIR N3
4.100E+00  6.653E-65  7.236E-57  7.236E-57  1.042E-68 Akari IRC NIR N4
7.000E+00  2.256E-37  4.189E-29  4.181E-29  7.467E-32 Akari IRC MIR-S S7
9.000E+00  9.072E-38  2.166E-29  2.162E-29  4.231E-32 Akari IRC MIR-S S9W
1.100E+01  1.426E-37  4.159E-29  4.152E-29  7.237E-32 Akari IRC MIR-S S11
1.500E+01  9.135E-33  3.635E-24  3.626E-24  8.232E-27 Akari IRC MIR-L L15
1.800E+01  1.326E-31  6.330E-23  6.315E-23  1.447E-25 Akari IRC MIR-L L18W
2.400E+01  4.157E-31  2.646E-22  2.640E-22  6.037E-25 Akari IRC MIR-L L24
6.500E+01  2.346E-25  4.044E-16  3.654E-16  3.907E-17 Akari FIS N60
8.000E+01  6.067E-25  1.287E-15  1.016E-15  2.715E-16 Akari FIS WIDE-S
1.400E+02  1.218E-24  4.525E-15  2.745E-15  1.779E-15 Akari FIS WIDE-L
1.600E+02  1.193E-24  5.063E-15  2.854E-15  2.209E-15 Akari FIS N160






lambda    nu*dP/dnu     j_nu    j_nu(carb.) j_nu(sil)
 (um)    (erg/(s*H)) (Jy/(sr*H) (Jy/(sr*H)) (Jy/(sr*H)
1.000E+04  4.293E-31  1.139E-19  2.047E-20  9.341E-20
9.908E+03  4.449E-31  1.169E-19  2.107E-20  9.587E-20
9.817E+03  4.612E-31  1.201E-19  2.170E-20  9.840E-20
9.727E+03  4.780E-31  1.233E-19  2.234E-20  1.010E-19
9.638E+03  4.954E-31  1.266E-19  2.300E-20  1.037E-19
9.550E+03  5.134E-31  1.301E-19  2.368E-20  1.064E-19
9.462E+03  5.321E-31  1.336E-19  2.438E-20  1.092E-19
9.376E+03  5.515E-31  1.372E-19  2.511E-20  1.121E-19
9.290E+03  5.716E-31  1.409E-19  2.585E-20  1.150E-19
9.204E+03  5.925E-31  1.447E-19  2.662E-20  1.180E-19
9.120E+03  6.141E-31  1.486E-19  2.741E-20  1.211E-19
9.036E+03  6.364E-31  1.526E-19  2.822E-20  1.243E-19
8.954E+03  6.596E-31  1.566E-19  2.906E-20  1.276E-19
8.872E+03  6.835E-31  1.608E-19  2.992E-20  1.309E-19
8.790E+03  7.082E-31  1.651E-19  3.081E-20  1.343E-19
8.710E+03  7.339E-31  1.696E-19  3.173E-20  1.378E-19
8.630E+03  7.606E-31  1.741E-19  3.267E-20  1.414E-19
8.551E+03  7.882E-31  1.788E-19  3.365E-20  1.451E-19
8.472E+03  8.168E-31  1.836E-19  3.465E-20  1.489E-19
8.395E+03  8.465E-31  1.885E-19  3.568E-20  1.528E-19
8.318E+03  8.773E-31  1.936E-19  3.674E-20  1.568E-19
8.241E+03  9.093E-31  1.988E-19  3.784E-20  1.609E-19
8.166E+03  9.424E-31  2.041E-19  3.897E-20  1.652E-19
8.091E+03  9.768E-31  2.096E-19  4.013E-20  1.695E-19
8.017E+03  1.012E-30  2.153E-19  4.133E-20  1.740E-19
7.943E+03  1.049E-30  2.211E-19  4.256E-20  1.785E-19
7.870E+03  1.088E-30  2.271E-19  4.384E-20  1.832E-19
7.798E+03  1.127E-30  2.332E-19  4.515E-20  1.881E-19
7.727E+03  1.169E-30  2.395E-19  4.650E-20  1.930E-19
7.656E+03  1.211E-30  2.460E-19  4.789E-20  1.981E-19
7.586E+03  1.256E-30  2.527E-19  4.932E-20  2.033E-19
7.516E+03  1.302E-30  2.595E-19  5.080E-20  2.087E-19
7.447E+03  1.349E-30  2.666E-19  5.232E-20  2.142E-19
7.379E+03  1.399E-30  2.738E-19  5.389E-20  2.199E-19
7.311E+03  1.450E-30  2.812E-19  5.550E-20  2.257E-19
7.244E+03  1.503E-30  2.889E-19  5.716E-20  2.317E-19
7.178E+03  1.558E-30  2.967E-19  5.888E-20  2.379E-19
7.112E+03  1.616E-30  3.048E-19  6.065E-20  2.442E-19
7.047E+03  1.675E-30  3.131E-19  6.247E-20  2.507E-19
6.982E+03  1.737E-30  3.217E-19  6.434E-20  2.573E-19
6.918E+03  1.800E-30  3.304E-19  6.628E-20  2.641E-19
6.855E+03  1.867E-30  3.394E-19  6.827E-20  2.711E-19
6.792E+03  1.935E-30  3.487E-19  7.032E-20  2.783E-19
6.730E+03  2.006E-30  3.582E-19  7.244E-20  2.857E-19
6.668E+03  2.080E-30  3.680E-19  7.462E-20  2.933E-19
6.607E+03  2.157E-30  3.780E-19  7.686E-20  3.011E-19
6.546E+03  2.236E-30  3.884E-19  7.918E-20  3.092E-19
6.486E+03  2.319E-30  3.990E-19  8.157E-20  3.174E-19
6.427E+03  2.404E-30  4.099E-19  8.402E-20  3.259E-19
6.368E+03  2.493E-30  4.212E-19  8.656E-20  3.346E-19
6.310E+03  2.585E-30  4.327E-19  8.917E-20  3.435E-19
6.252E+03  2.681E-30  4.446E-19  9.186E-20  3.527E-19
6.194E+03  2.780E-30  4.568E-19  9.464E-20  3.622E-19
6.138E+03  2.883E-30  4.694E-19  9.749E-20  3.719E-19
6.081E+03  2.990E-30  4.823E-19  1.004E-19  3.819E-19
6.026E+03  3.101E-30  4.956E-19  1.035E-19  3.921E-19
5.970E+03  3.216E-30  5.092E-19  1.066E-19  4.026E-19
5.916E+03  3.335E-30  5.233E-19  1.098E-19  4.135E-19
5.861E+03  3.459E-30  5.377E-19  1.132E-19  4.246E-19
5.808E+03  3.587E-30  5.526E-19  1.166E-19  4.360E-19
5.754E+03  3.720E-30  5.679E-19  1.201E-19  4.478E-19
5.702E+03  3.859E-30  5.836E-19  1.238E-19  4.598E-19
5.649E+03  4.002E-30  5.998E-19  1.275E-19  4.722E-19
5.598E+03  4.151E-30  6.164E-19  1.314E-19  4.850E-19
5.546E+03  4.306E-30  6.335E-19  1.354E-19  4.981E-19
5.495E+03  4.466E-30  6.510E-19  1.395E-19  5.116E-19
5.445E+03  4.633E-30  6.691E-19  1.437E-19  5.254E-19
5.395E+03  4.806E-30  6.877E-19  1.481E-19  5.397E-19
5.346E+03  4.985E-30  7.068E-19  1.526E-19  5.543E-19
5.297E+03  5.171E-30  7.265E-19  1.572E-19  5.693E-19
5.248E+03  5.364E-30  7.468E-19  1.620E-19  5.848E-19
5.200E+03  5.565E-30  7.676E-19  1.669E-19  6.006E-19
5.152E+03  5.773E-30  7.890E-19  1.720E-19  6.170E-19
5.105E+03  5.989E-30  8.110E-19  1.772E-19  6.337E-19
5.058E+03  6.213E-30  8.336E-19  1.826E-19  6.510E-19
5.012E+03  6.446E-30  8.569E-19  1.882E-19  6.687E-19
4.966E+03  6.687E-30  8.808E-19  1.939E-19  6.869E-19
4.920E+03  6.937E-30  9.055E-19  1.999E-19  7.056E-19
4.875E+03  7.197E-30  9.308E-19  2.060E-19  7.248E-19
4.831E+03  7.467E-30  9.568E-19  2.122E-19  7.446E-19
4.786E+03  7.748E-30  9.836E-19  2.187E-19  7.649E-19
4.742E+03  8.039E-30  1.011E-18  2.254E-19  7.858E-19
4.699E+03  8.341E-30  1.040E-18  2.323E-19  8.073E-19
4.656E+03  8.654E-30  1.069E-18  2.394E-19  8.294E-19
4.613E+03  8.980E-30  1.099E-18  2.467E-19  8.521E-19
4.571E+03  9.318E-30  1.130E-18  2.543E-19  8.755E-19
4.529E+03  9.669E-30  1.162E-18  2.620E-19  8.995E-19
4.487E+03  1.003E-29  1.194E-18  2.701E-19  9.242E-19
4.446E+03  1.041E-29  1.228E-18  2.783E-19  9.496E-19
4.406E+03  1.080E-29  1.263E-18  2.869E-19  9.757E-19
4.365E+03  1.121E-29  1.298E-18  2.957E-19  1.003E-18
4.325E+03  1.164E-29  1.335E-18  3.047E-19  1.030E-18
4.285E+03  1.208E-29  1.373E-18  3.141E-19  1.059E-18
4.246E+03  1.253E-29  1.412E-18  3.237E-19  1.088E-18
4.207E+03  1.301E-29  1.451E-18  3.336E-19  1.118E-18
4.169E+03  1.350E-29  1.493E-18  3.439E-19  1.149E-18
4.130E+03  1.401E-29  1.535E-18  3.544E-19  1.180E-18
4.093E+03  1.454E-29  1.578E-18  3.653E-19  1.213E-18
4.055E+03  1.509E-29  1.623E-18  3.766E-19  1.247E-18
4.018E+03  1.566E-29  1.669E-18  3.881E-19  1.281E-18
3.981E+03  1.626E-29  1.717E-18  4.001E-19  1.317E-18
3.945E+03  1.687E-29  1.766E-18  4.124E-19  1.353E-18
3.908E+03  1.751E-29  1.816E-18  4.251E-19  1.391E-18
3.873E+03  1.818E-29  1.867E-18  4.382E-19  1.429E-18
3.837E+03  1.887E-29  1.921E-18  4.516E-19  1.469E-18
3.802E+03  1.959E-29  1.975E-18  4.656E-19  1.510E-18
3.767E+03  2.033E-29  2.032E-18  4.799E-19  1.552E-18
3.733E+03  2.111E-29  2.090E-18  4.947E-19  1.595E-18
3.698E+03  2.191E-29  2.149E-18  5.099E-19  1.639E-18
3.664E+03  2.274E-29  2.211E-18  5.257E-19  1.685E-18
3.631E+03  2.361E-29  2.274E-18  5.419E-19  1.732E-18
3.597E+03  2.451E-29  2.339E-18  5.586E-19  1.780E-18
3.565E+03  2.545E-29  2.406E-18  5.758E-19  1.830E-18
3.532E+03  2.642E-29  2.475E-18  5.936E-19  1.881E-18
3.499E+03  2.743E-29  2.546E-18  6.120E-19  1.934E-18
3.467E+03  2.848E-29  2.619E-18  6.309E-19  1.988E-18
3.436E+03  2.957E-29  2.695E-18  6.504E-19  2.044E-18
3.404E+03  3.070E-29  2.772E-18  6.705E-19  2.102E-18
3.373E+03  3.188E-29  2.852E-18  6.912E-19  2.161E-18
3.342E+03  3.310E-29  2.934E-18  7.126E-19  2.222E-18
3.311E+03  3.437E-29  3.019E-18  7.346E-19  2.284E-18
3.281E+03  3.569E-29  3.106E-18  7.573E-19  2.349E-18
3.251E+03  3.706E-29  3.196E-18  7.808E-19  2.415E-18
3.221E+03  3.848E-29  3.288E-18  8.049E-19  2.483E-18
3.192E+03  3.996E-29  3.383E-18  8.299E-19  2.553E-18
3.162E+03  4.150E-29  3.481E-18  8.556E-19  2.625E-18
3.133E+03  4.310E-29  3.582E-18  8.821E-19  2.700E-18
3.105E+03  4.475E-29  3.686E-18  9.094E-19  2.776E-18
3.076E+03  4.648E-29  3.792E-18  9.376E-19  2.855E-18
3.048E+03  4.827E-29  3.903E-18  9.666E-19  2.936E-18
3.020E+03  5.013E-29  4.016E-18  9.966E-19  3.019E-18
2.992E+03  5.206E-29  4.132E-18  1.027E-18  3.105E-18
2.965E+03  5.407E-29  4.252E-18  1.059E-18  3.193E-18
2.938E+03  5.615E-29  4.375E-18  1.092E-18  3.283E-18
2.911E+03  5.831E-29  4.502E-18  1.126E-18  3.376E-18
2.884E+03  6.056E-29  4.633E-18  1.161E-18  3.472E-18
2.858E+03  6.289E-29  4.767E-18  1.197E-18  3.570E-18
2.831E+03  6.532E-29  4.906E-18  1.234E-18  3.672E-18
2.805E+03  6.784E-29  5.049E-18  1.273E-18  3.776E-18
2.780E+03  7.046E-29  5.195E-18  1.312E-18  3.883E-18
2.754E+03  7.318E-29  5.347E-18  1.353E-18  3.994E-18
2.729E+03  7.601E-29  5.503E-18  1.395E-18  4.108E-18
2.704E+03  7.896E-29  5.663E-18  1.438E-18  4.225E-18
2.679E+03  8.201E-29  5.828E-18  1.483E-18  4.346E-18
2.655E+03  8.519E-29  5.999E-18  1.529E-18  4.470E-18
2.630E+03  8.849E-29  6.174E-18  1.576E-18  4.597E-18
2.606E+03  9.192E-29  6.354E-18  1.625E-18  4.729E-18
2.582E+03  9.548E-29  6.540E-18  1.676E-18  4.864E-18
2.559E+03  9.919E-29  6.732E-18  1.728E-18  5.004E-18
2.535E+03  1.030E-28  6.929E-18  1.782E-18  5.147E-18
2.512E+03  1.070E-28  7.132E-18  1.837E-18  5.295E-18
2.489E+03  1.112E-28  7.341E-18  1.894E-18  5.447E-18
2.466E+03  1.155E-28  7.557E-18  1.953E-18  5.604E-18
2.443E+03  1.200E-28  7.779E-18  2.014E-18  5.765E-18
2.421E+03  1.247E-28  8.007E-18  2.076E-18  5.931E-18
2.399E+03  1.295E-28  8.242E-18  2.141E-18  6.101E-18
2.377E+03  1.346E-28  8.485E-18  2.208E-18  6.277E-18
2.355E+03  1.398E-28  8.734E-18  2.276E-18  6.458E-18
2.333E+03  1.453E-28  8.992E-18  2.347E-18  6.644E-18
2.312E+03  1.509E-28  9.256E-18  2.420E-18  6.836E-18
2.291E+03  1.568E-28  9.529E-18  2.495E-18  7.034E-18
2.270E+03  1.629E-28  9.810E-18  2.573E-18  7.237E-18
2.249E+03  1.693E-28  1.010E-17  2.653E-18  7.446E-18
2.228E+03  1.759E-28  1.040E-17  2.736E-18  7.661E-18
2.208E+03  1.828E-28  1.070E-17  2.821E-18  7.883E-18
2.188E+03  1.899E-28  1.102E-17  2.908E-18  8.111E-18
2.168E+03  1.973E-28  1.134E-17  2.999E-18  8.346E-18
2.148E+03  2.050E-28  1.168E-17  3.092E-18  8.588E-18
2.128E+03  2.130E-28  1.203E-17  3.188E-18  8.837E-18
2.109E+03  2.213E-28  1.238E-17  3.288E-18  9.093E-18
2.089E+03  2.300E-28  1.275E-17  3.390E-18  9.356E-18
2.070E+03  2.390E-28  1.312E-17  3.495E-18  9.628E-18
2.051E+03  2.483E-28  1.351E-17  3.604E-18  9.907E-18
2.032E+03  2.580E-28  1.391E-17  3.716E-18  1.019E-17
2.014E+03  2.681E-28  1.432E-17  3.832E-18  1.049E-17
1.995E+03  2.786E-28  1.475E-17  3.951E-18  1.080E-17
1.977E+03  2.895E-28  1.518E-17  4.073E-18  1.111E-17
1.959E+03  3.008E-28  1.563E-17  4.200E-18  1.143E-17
1.941E+03  3.126E-28  1.609E-17  4.331E-18  1.176E-17
1.923E+03  3.248E-28  1.657E-17  4.465E-18  1.210E-17
1.905E+03  3.375E-28  1.706E-17  4.604E-18  1.246E-17
1.888E+03  3.507E-28  1.756E-17  4.747E-18  1.282E-17
1.871E+03  3.644E-28  1.808E-17  4.894E-18  1.319E-17
1.854E+03  3.787E-28  1.862E-17  5.047E-18  1.357E-17
1.837E+03  3.935E-28  1.917E-17  5.203E-18  1.397E-17
1.820E+03  4.089E-28  1.974E-17  5.365E-18  1.437E-17
1.803E+03  4.249E-28  2.032E-17  5.531E-18  1.479E-17
1.786E+03  4.416E-28  2.092E-17  5.703E-18  1.522E-17
1.770E+03  4.588E-28  2.154E-17  5.880E-18  1.566E-17
1.754E+03  4.768E-28  2.218E-17  6.063E-18  1.612E-17
1.738E+03  4.955E-28  2.284E-17  6.251E-18  1.659E-17
1.722E+03  5.149E-28  2.352E-17  6.445E-18  1.707E-17
1.706E+03  5.350E-28  2.421E-17  6.644E-18  1.757E-17
1.690E+03  5.559E-28  2.493E-17  6.850E-18  1.808E-17
1.675E+03  5.777E-28  2.567E-17  7.063E-18  1.860E-17
1.660E+03  6.003E-28  2.643E-17  7.282E-18  1.914E-17
1.644E+03  6.238E-28  2.721E-17  7.507E-18  1.970E-17
1.629E+03  6.482E-28  2.801E-17  7.740E-18  2.027E-17
1.614E+03  6.735E-28  2.884E-17  7.979E-18  2.086E-17
1.600E+03  6.998E-28  2.969E-17  8.226E-18  2.147E-17
1.585E+03  7.272E-28  3.057E-17  8.481E-18  2.209E-17
1.570E+03  7.556E-28  3.148E-17  8.743E-18  2.273E-17
1.556E+03  7.851E-28  3.241E-17  9.014E-18  2.339E-17
1.542E+03  8.158E-28  3.336E-17  9.292E-18  2.407E-17
1.528E+03  8.477E-28  3.435E-17  9.580E-18  2.477E-17
1.514E+03  8.808E-28  3.536E-17  9.876E-18  2.549E-17
1.500E+03  9.151E-28  3.640E-17  1.018E-17  2.622E-17
1.486E+03  9.509E-28  3.748E-17  1.050E-17  2.698E-17
1.472E+03  9.880E-28  3.859E-17  1.082E-17  2.777E-17
1.459E+03  1.027E-27  3.972E-17  1.115E-17  2.857E-17
1.445E+03  1.067E-27  4.090E-17  1.150E-17  2.940E-17
1.432E+03  1.108E-27  4.210E-17  1.185E-17  3.025E-17
1.419E+03  1.151E-27  4.334E-17  1.222E-17  3.113E-17
1.406E+03  1.196E-27  4.462E-17  1.259E-17  3.203E-17
1.393E+03  1.243E-27  4.593E-17  1.298E-17  3.295E-17
1.380E+03  1.291E-27  4.728E-17  1.338E-17  3.390E-17
1.368E+03  1.342E-27  4.868E-17  1.379E-17  3.488E-17
1.355E+03  1.394E-27  5.011E-17  1.422E-17  3.589E-17
1.343E+03  1.448E-27  5.158E-17  1.465E-17  3.693E-17
1.330E+03  1.504E-27  5.309E-17  1.510E-17  3.799E-17
1.318E+03  1.563E-27  5.465E-17  1.557E-17  3.908E-17
1.306E+03  1.624E-27  5.625E-17  1.605E-17  4.021E-17
1.294E+03  1.687E-27  5.790E-17  1.654E-17  4.137E-17
1.282E+03  1.752E-27  5.960E-17  1.704E-17  4.255E-17
1.271E+03  1.820E-27  6.134E-17  1.757E-17  4.378E-17
1.259E+03  1.891E-27  6.314E-17  1.811E-17  4.503E-17
1.247E+03  1.964E-27  6.498E-17  1.866E-17  4.632E-17
1.236E+03  2.040E-27  6.688E-17  1.923E-17  4.765E-17
1.225E+03  2.119E-27  6.883E-17  1.982E-17  4.901E-17
1.213E+03  2.201E-27  7.084E-17  2.042E-17  5.041E-17
1.202E+03  2.286E-27  7.290E-17  2.105E-17  5.185E-17
1.191E+03  2.374E-27  7.502E-17  2.169E-17  5.333E-17
1.180E+03  2.466E-27  7.720E-17  2.235E-17  5.485E-17
1.169E+03  2.561E-27  7.944E-17  2.303E-17  5.641E-17
1.159E+03  2.659E-27  8.174E-17  2.374E-17  5.801E-17
1.148E+03  2.762E-27  8.411E-17  2.446E-17  5.965E-17
1.138E+03  2.868E-27  8.655E-17  2.520E-17  6.134E-17
1.127E+03  2.978E-27  8.905E-17  2.597E-17  6.308E-17
1.117E+03  3.093E-27  9.162E-17  2.676E-17  6.486E-17
1.107E+03  3.211E-27  9.426E-17  2.757E-17  6.669E-17
1.096E+03  3.334E-27  9.698E-17  2.841E-17  6.857E-17
1.086E+03  3.462E-27  9.977E-17  2.927E-17  7.050E-17
1.076E+03  3.595E-27  1.026E-16  3.016E-17  7.248E-17
1.067E+03  3.732E-27  1.056E-16  3.107E-17  7.452E-17
1.057E+03  3.875E-27  1.086E-16  3.201E-17  7.660E-17
1.047E+03  4.022E-27  1.117E-16  3.298E-17  7.875E-17
1.038E+03  4.176E-27  1.149E-16  3.397E-17  8.095E-17
1.028E+03  4.335E-27  1.182E-16  3.500E-17  8.320E-17
1.019E+03  4.499E-27  1.216E-16  3.605E-17  8.551E-17
1.009E+03  4.670E-27  1.250E-16  3.714E-17  8.789E-17
1.000E+03  4.847E-27  1.286E-16  3.826E-17  9.032E-17
9.908E+02  5.032E-27  1.322E-16  3.941E-17  9.283E-17
9.817E+02  5.222E-27  1.360E-16  4.059E-17  9.540E-17
9.727E+02  5.420E-27  1.399E-16  4.181E-17  9.804E-17
9.638E+02  5.625E-27  1.438E-16  4.307E-17  1.008E-16
9.550E+02  5.838E-27  1.479E-16  4.436E-17  1.035E-16
9.462E+02  6.058E-27  1.521E-16  4.569E-17  1.064E-16
9.376E+02  6.287E-27  1.563E-16  4.705E-17  1.093E-16
9.290E+02  6.523E-27  1.607E-16  4.846E-17  1.123E-16
9.204E+02  6.769E-27  1.653E-16  4.991E-17  1.154E-16
9.120E+02  7.023E-27  1.699E-16  5.140E-17  1.185E-16
9.036E+02  7.286E-27  1.747E-16  5.293E-17  1.217E-16
8.954E+02  7.559E-27  1.795E-16  5.450E-17  1.250E-16
8.872E+02  7.842E-27  1.845E-16  5.612E-17  1.284E-16
8.790E+02  8.134E-27  1.897E-16  5.779E-17  1.319E-16
8.710E+02  8.437E-27  1.949E-16  5.951E-17  1.354E-16
8.630E+02  8.751E-27  2.003E-16  6.127E-17  1.391E-16
8.551E+02  9.076E-27  2.059E-16  6.308E-17  1.428E-16
8.472E+02  9.413E-27  2.115E-16  6.495E-17  1.466E-16
8.395E+02  9.761E-27  2.174E-16  6.687E-17  1.505E-16
8.318E+02  1.012E-26  2.233E-16  6.884E-17  1.545E-16
8.241E+02  1.050E-26  2.294E-16  7.087E-17  1.586E-16
8.166E+02  1.088E-26  2.357E-16  7.295E-17  1.628E-16
8.091E+02  1.128E-26  2.421E-16  7.510E-17  1.670E-16
8.017E+02  1.170E-26  2.487E-16  7.730E-17  1.714E-16
7.943E+02  1.212E-26  2.555E-16  7.957E-17  1.759E-16
7.870E+02  1.257E-26  2.624E-16  8.190E-17  1.805E-16
7.798E+02  1.303E-26  2.695E-16  8.429E-17  1.852E-16
7.727E+02  1.350E-26  2.767E-16  8.675E-17  1.900E-16
7.656E+02  1.399E-26  2.842E-16  8.928E-17  1.949E-16
7.586E+02  1.450E-26  2.918E-16  9.188E-17  1.999E-16
7.516E+02  1.503E-26  2.996E-16  9.455E-17  2.050E-16
7.447E+02  1.557E-26  3.076E-16  9.730E-17  2.103E-16
7.379E+02  1.614E-26  3.158E-16  1.001E-16  2.157E-16
7.311E+02  1.672E-26  3.243E-16  1.030E-16  2.212E-16
7.244E+02  1.732E-26  3.329E-16  1.060E-16  2.269E-16
7.178E+02  1.795E-26  3.418E-16  1.091E-16  2.327E-16
7.112E+02  1.860E-26  3.508E-16  1.122E-16  2.386E-16
7.047E+02  1.927E-26  3.601E-16  1.154E-16  2.447E-16
6.982E+02  1.996E-26  3.697E-16  1.187E-16  2.509E-16
6.918E+02  2.067E-26  3.794E-16  1.221E-16  2.573E-16
6.855E+02  2.142E-26  3.894E-16  1.256E-16  2.638E-16
6.792E+02  2.218E-26  3.996E-16  1.292E-16  2.704E-16
6.730E+02  2.297E-26  4.101E-16  1.329E-16  2.772E-16
6.668E+02  2.379E-26  4.208E-16  1.367E-16  2.841E-16
6.607E+02  2.464E-26  4.317E-16  1.406E-16  2.912E-16
6.546E+02  2.551E-26  4.430E-16  1.446E-16  2.984E-16
6.486E+02  2.642E-26  4.546E-16  1.487E-16  3.059E-16
6.427E+02  2.736E-26  4.664E-16  1.529E-16  3.135E-16
6.368E+02  2.833E-26  4.785E-16  1.572E-16  3.214E-16
6.310E+02  2.933E-26  4.910E-16  1.616E-16  3.293E-16
6.252E+02  3.037E-26  5.037E-16  1.662E-16  3.375E-16
6.194E+02  3.145E-26  5.167E-16  1.708E-16  3.459E-16
6.138E+02  3.256E-26  5.300E-16  1.756E-16  3.544E-16
6.081E+02  3.370E-26  5.437E-16  1.805E-16  3.632E-16
6.026E+02  3.489E-26  5.576E-16  1.855E-16  3.721E-16
5.970E+02  3.611E-26  5.719E-16  1.907E-16  3.812E-16
5.916E+02  3.738E-26  5.866E-16  1.960E-16  3.906E-16
5.861E+02  3.869E-26  6.015E-16  2.014E-16  4.001E-16
5.808E+02  4.004E-26  6.169E-16  2.070E-16  4.099E-16
5.754E+02  4.144E-26  6.325E-16  2.127E-16  4.198E-16
5.702E+02  4.288E-26  6.486E-16  2.185E-16  4.300E-16
5.649E+02  4.437E-26  6.650E-16  2.245E-16  4.404E-16
5.598E+02  4.592E-26  6.818E-16  2.307E-16  4.511E-16
5.546E+02  4.751E-26  6.989E-16  2.370E-16  4.619E-16
5.495E+02  4.915E-26  7.165E-16  2.434E-16  4.730E-16
5.445E+02  5.085E-26  7.344E-16  2.501E-16  4.844E-16
5.395E+02  5.260E-26  7.528E-16  2.568E-16  4.959E-16
5.346E+02  5.441E-26  7.715E-16  2.638E-16  5.077E-16
5.297E+02  5.628E-26  7.907E-16  2.709E-16  5.198E-16
5.248E+02  5.821E-26  8.103E-16  2.782E-16  5.321E-16
5.200E+02  6.020E-26  8.303E-16  2.856E-16  5.447E-16
5.152E+02  6.225E-26  8.508E-16  2.933E-16  5.575E-16
5.105E+02  6.437E-26  8.717E-16  3.011E-16  5.706E-16
5.058E+02  6.656E-26  8.931E-16  3.091E-16  5.840E-16
5.012E+02  6.882E-26  9.149E-16  3.173E-16  5.976E-16
4.966E+02  7.115E-26  9.372E-16  3.257E-16  6.115E-16
4.920E+02  7.355E-26  9.599E-16  3.343E-16  6.256E-16
4.875E+02  7.602E-26  9.831E-16  3.430E-16  6.401E-16
4.831E+02  7.857E-26  1.007E-15  3.520E-16  6.548E-16
4.786E+02  8.121E-26  1.031E-15  3.612E-16  6.698E-16
4.742E+02  8.392E-26  1.056E-15  3.706E-16  6.851E-16
4.699E+02  8.672E-26  1.081E-15  3.802E-16  7.006E-16
4.656E+02  8.960E-26  1.107E-15  3.901E-16  7.165E-16
4.613E+02  9.257E-26  1.133E-15  4.001E-16  7.326E-16
4.571E+02  9.563E-26  1.159E-15  4.104E-16  7.491E-16
4.529E+02  9.878E-26  1.187E-15  4.209E-16  7.658E-16
4.487E+02  1.020E-25  1.214E-15  4.316E-16  7.829E-16
4.446E+02  1.054E-25  1.243E-15  4.425E-16  8.002E-16
4.406E+02  1.088E-25  1.272E-15  4.537E-16  8.178E-16
4.365E+02  1.124E-25  1.301E-15  4.652E-16  8.357E-16
4.325E+02  1.160E-25  1.331E-15  4.768E-16  8.540E-16
4.285E+02  1.198E-25  1.361E-15  4.888E-16  8.725E-16
4.246E+02  1.236E-25  1.392E-15  5.009E-16  8.914E-16
4.207E+02  1.276E-25  1.424E-15  5.134E-16  9.106E-16
4.169E+02  1.317E-25  1.456E-15  5.260E-16  9.301E-16
4.130E+02  1.359E-25  1.489E-15  5.390E-16  9.499E-16
4.093E+02  1.402E-25  1.522E-15  5.522E-16  9.700E-16
4.055E+02  1.447E-25  1.556E-15  5.656E-16  9.904E-16
4.018E+02  1.492E-25  1.591E-15  5.794E-16  1.011E-15
3.981E+02  1.539E-25  1.626E-15  5.934E-16  1.032E-15
3.945E+02  1.588E-25  1.661E-15  6.076E-16  1.054E-15
3.908E+02  1.637E-25  1.698E-15  6.222E-16  1.075E-15
3.873E+02  1.689E-25  1.735E-15  6.370E-16  1.098E-15
3.837E+02  1.741E-25  1.772E-15  6.521E-16  1.120E-15
3.802E+02  1.795E-25  1.810E-15  6.675E-16  1.143E-15
3.767E+02  1.850E-25  1.849E-15  6.831E-16  1.166E-15
3.733E+02  1.907E-25  1.888E-15  6.991E-16  1.189E-15
3.698E+02  1.965E-25  1.928E-15  7.153E-16  1.213E-15
3.664E+02  2.025E-25  1.968E-15  7.318E-16  1.236E-15
3.631E+02  2.086E-25  2.009E-15  7.486E-16  1.261E-15
3.597E+02  2.149E-25  2.051E-15  7.657E-16  1.285E-15
3.565E+02  2.214E-25  2.093E-15  7.831E-16  1.310E-15
3.532E+02  2.280E-25  2.136E-15  8.008E-16  1.335E-15
3.499E+02  2.348E-25  2.179E-15  8.188E-16  1.360E-15
3.467E+02  2.417E-25  2.223E-15  8.371E-16  1.386E-15
3.436E+02  2.488E-25  2.267E-15  8.557E-16  1.412E-15
3.404E+02  2.561E-25  2.312E-15  8.745E-16  1.438E-15
3.373E+02  2.636E-25  2.358E-15  8.937E-16  1.464E-15
3.342E+02  2.712E-25  2.404E-15  9.131E-16  1.491E-15
3.311E+02  2.790E-25  2.451E-15  9.329E-16  1.518E-15
3.281E+02  2.870E-25  2.498E-15  9.529E-16  1.545E-15
3.251E+02  2.952E-25  2.545E-15  9.732E-16  1.572E-15
3.221E+02  3.035E-25  2.594E-15  9.939E-16  1.600E-15
3.192E+02  3.121E-25  2.642E-15  1.015E-15  1.627E-15
3.162E+02  3.208E-25  2.691E-15  1.036E-15  1.655E-15
3.133E+02  3.298E-25  2.741E-15  1.057E-15  1.683E-15
3.105E+02  3.389E-25  2.791E-15  1.079E-15  1.711E-15
3.076E+02  3.482E-25  2.841E-15  1.101E-15  1.740E-15
3.048E+02  3.577E-25  2.892E-15  1.124E-15  1.768E-15
3.020E+02  3.674E-25  2.943E-15  1.146E-15  1.797E-15
2.992E+02  3.773E-25  2.994E-15  1.169E-15  1.825E-15
2.965E+02  3.874E-25  3.046E-15  1.192E-15  1.854E-15
2.938E+02  3.976E-25  3.099E-15  1.216E-15  1.883E-15
2.911E+02  4.081E-25  3.151E-15  1.239E-15  1.912E-15
2.884E+02  4.188E-25  3.204E-15  1.263E-15  1.941E-15
2.858E+02  4.297E-25  3.257E-15  1.287E-15  1.970E-15
2.831E+02  4.407E-25  3.310E-15  1.312E-15  1.999E-15
2.805E+02  4.520E-25  3.364E-15  1.336E-15  2.027E-15
2.780E+02  4.635E-25  3.417E-15  1.361E-15  2.056E-15
2.754E+02  4.751E-25  3.471E-15  1.386E-15  2.085E-15
2.729E+02  4.870E-25  3.525E-15  1.411E-15  2.114E-15
2.704E+02  4.991E-25  3.580E-15  1.437E-15  2.143E-15
2.679E+02  5.114E-25  3.635E-15  1.462E-15  2.172E-15
2.655E+02  5.239E-25  3.689E-15  1.488E-15  2.201E-15
2.630E+02  5.366E-25  3.744E-15  1.514E-15  2.230E-15
2.606E+02  5.495E-25  3.799E-15  1.541E-15  2.258E-15
2.582E+02  5.626E-25  3.854E-15  1.567E-15  2.287E-15
2.559E+02  5.758E-25  3.908E-15  1.593E-15  2.314E-15
2.535E+02  5.891E-25  3.961E-15  1.620E-15  2.341E-15
2.512E+02  6.025E-25  4.014E-15  1.647E-15  2.367E-15
2.489E+02  6.157E-25  4.065E-15  1.674E-15  2.391E-15
2.466E+02  6.288E-25  4.113E-15  1.701E-15  2.413E-15
2.443E+02  6.420E-25  4.161E-15  1.728E-15  2.433E-15
2.421E+02  6.551E-25  4.207E-15  1.755E-15  2.452E-15
2.399E+02  6.682E-25  4.252E-15  1.782E-15  2.470E-15
2.377E+02  6.812E-25  4.295E-15  1.809E-15  2.485E-15
2.355E+02  6.942E-25  4.336E-15  1.837E-15  2.500E-15
2.333E+02  7.072E-25  4.378E-15  1.864E-15  2.513E-15
2.312E+02  7.204E-25  4.418E-15  1.892E-15  2.526E-15
2.291E+02  7.335E-25  4.458E-15  1.919E-15  2.539E-15
2.270E+02  7.468E-25  4.496E-15  1.946E-15  2.550E-15
2.249E+02  7.600E-25  4.534E-15  1.974E-15  2.560E-15
2.228E+02  7.733E-25  4.571E-15  2.001E-15  2.570E-15
2.208E+02  7.866E-25  4.607E-15  2.028E-15  2.579E-15
2.188E+02  8.000E-25  4.642E-15  2.056E-15  2.587E-15
2.168E+02  8.133E-25  4.676E-15  2.083E-15  2.594E-15
2.148E+02  8.266E-25  4.709E-15  2.110E-15  2.600E-15
2.128E+02  8.399E-25  4.741E-15  2.137E-15  2.605E-15
2.109E+02  8.532E-25  4.772E-15  2.163E-15  2.609E-15
2.089E+02  8.665E-25  4.802E-15  2.190E-15  2.612E-15
2.070E+02  8.797E-25  4.830E-15  2.217E-15  2.614E-15
2.051E+02  8.928E-25  4.858E-15  2.243E-15  2.615E-15
2.032E+02  9.059E-25  4.884E-15  2.269E-15  2.615E-15
2.014E+02  9.190E-25  4.909E-15  2.295E-15  2.613E-15
1.995E+02  9.319E-25  4.932E-15  2.321E-15  2.611E-15
1.977E+02  9.448E-25  4.955E-15  2.347E-15  2.608E-15
1.959E+02  9.576E-25  4.975E-15  2.372E-15  2.603E-15
1.941E+02  9.702E-25  4.995E-15  2.397E-15  2.598E-15
1.923E+02  9.828E-25  5.013E-15  2.422E-15  2.591E-15
1.905E+02  9.953E-25  5.030E-15  2.447E-15  2.583E-15
1.888E+02  1.008E-24  5.046E-15  2.472E-15  2.575E-15
1.871E+02  1.020E-24  5.061E-15  2.496E-15  2.565E-15
1.854E+02  1.032E-24  5.074E-15  2.520E-15  2.554E-15
1.837E+02  1.044E-24  5.085E-15  2.544E-15  2.542E-15
1.820E+02  1.056E-24  5.096E-15  2.567E-15  2.528E-15
1.803E+02  1.067E-24  5.105E-15  2.591E-15  2.514E-15
1.786E+02  1.079E-24  5.113E-15  2.614E-15  2.499E-15
1.770E+02  1.090E-24  5.120E-15  2.637E-15  2.483E-15
1.754E+02  1.102E-24  5.125E-15  2.660E-15  2.465E-15
1.738E+02  1.113E-24  5.129E-15  2.682E-15  2.447E-15
1.722E+02  1.124E-24  5.132E-15  2.705E-15  2.427E-15
1.706E+02  1.135E-24  5.134E-15  2.727E-15  2.407E-15
1.690E+02  1.145E-24  5.135E-15  2.750E-15  2.386E-15
1.675E+02  1.156E-24  5.135E-15  2.772E-15  2.363E-15
1.660E+02  1.166E-24  5.135E-15  2.795E-15  2.340E-15
1.644E+02  1.177E-24  5.133E-15  2.817E-15  2.316E-15
1.629E+02  1.187E-24  5.131E-15  2.840E-15  2.291E-15
1.614E+02  1.197E-24  5.127E-15  2.863E-15  2.265E-15
1.600E+02  1.208E-24  5.124E-15  2.886E-15  2.238E-15
1.585E+02  1.218E-24  5.120E-15  2.909E-15  2.210E-15
1.570E+02  1.228E-24  5.115E-15  2.933E-15  2.182E-15
1.556E+02  1.238E-24  5.110E-15  2.957E-15  2.153E-15
1.542E+02  1.248E-24  5.105E-15  2.982E-15  2.123E-15
1.528E+02  1.258E-24  5.099E-15  3.007E-15  2.093E-15
1.514E+02  1.269E-24  5.093E-15  3.032E-15  2.061E-15
1.500E+02  1.279E-24  5.086E-15  3.057E-15  2.029E-15
1.486E+02  1.288E-24  5.079E-15  3.081E-15  1.997E-15
1.472E+02  1.298E-24  5.069E-15  3.105E-15  1.964E-15
1.459E+02  1.307E-24  5.056E-15  3.125E-15  1.931E-15
1.445E+02  1.314E-24  5.039E-15  3.142E-15  1.897E-15
1.432E+02  1.320E-24  5.016E-15  3.154E-15  1.863E-15
1.419E+02  1.324E-24  4.985E-15  3.158E-15  1.828E-15
1.406E+02  1.326E-24  4.945E-15  3.152E-15  1.793E-15
1.393E+02  1.324E-24  4.894E-15  3.137E-15  1.757E-15
1.380E+02  1.320E-24  4.832E-15  3.110E-15  1.721E-15
1.368E+02  1.312E-24  4.760E-15  3.075E-15  1.685E-15
1.355E+02  1.302E-24  4.680E-15  3.031E-15  1.649E-15
1.343E+02  1.290E-24  4.595E-15  2.983E-15  1.613E-15
1.330E+02  1.277E-24  4.507E-15  2.931E-15  1.576E-15
1.318E+02  1.263E-24  4.418E-15  2.878E-15  1.539E-15
1.306E+02  1.249E-24  4.329E-15  2.826E-15  1.502E-15
1.294E+02  1.235E-24  4.241E-15  2.775E-15  1.466E-15
1.282E+02  1.221E-24  4.154E-15  2.725E-15  1.429E-15
1.271E+02  1.207E-24  4.069E-15  2.677E-15  1.392E-15
1.259E+02  1.194E-24  3.986E-15  2.631E-15  1.355E-15
1.247E+02  1.180E-24  3.905E-15  2.587E-15  1.319E-15
1.236E+02  1.167E-24  3.826E-15  2.544E-15  1.282E-15
1.225E+02  1.154E-24  3.749E-15  2.503E-15  1.246E-15
1.213E+02  1.141E-24  3.673E-15  2.462E-15  1.210E-15
1.202E+02  1.128E-24  3.598E-15  2.423E-15  1.174E-15
1.191E+02  1.115E-24  3.524E-15  2.385E-15  1.139E-15
1.180E+02  1.102E-24  3.452E-15  2.348E-15  1.104E-15
1.169E+02  1.089E-24  3.380E-15  2.311E-15  1.069E-15
1.159E+02  1.076E-24  3.309E-15  2.274E-15  1.034E-15
1.148E+02  1.063E-24  3.239E-15  2.238E-15  1.000E-15
1.138E+02  1.050E-24  3.170E-15  2.203E-15  9.669E-16
1.127E+02  1.037E-24  3.101E-15  2.167E-15  9.338E-16
1.117E+02  1.024E-24  3.033E-15  2.132E-15  9.013E-16
1.107E+02  1.011E-24  2.966E-15  2.097E-15  8.694E-16
1.096E+02  9.970E-25  2.900E-15  2.062E-15  8.379E-16
1.086E+02  9.834E-25  2.834E-15  2.027E-15  8.070E-16
1.076E+02  9.697E-25  2.769E-15  1.992E-15  7.767E-16
1.067E+02  9.558E-25  2.704E-15  1.957E-15  7.470E-16
1.057E+02  9.417E-25  2.640E-15  1.922E-15  7.179E-16
1.047E+02  9.276E-25  2.576E-15  1.887E-15  6.895E-16
1.038E+02  9.133E-25  2.513E-15  1.852E-15  6.616E-16
1.028E+02  8.988E-25  2.451E-15  1.817E-15  6.344E-16
1.019E+02  8.842E-25  2.389E-15  1.781E-15  6.078E-16
1.009E+02  8.694E-25  2.328E-15  1.746E-15  5.819E-16
1.000E+02  8.545E-25  2.267E-15  1.710E-15  5.567E-16
9.908E+01  8.395E-25  2.206E-15  1.674E-15  5.321E-16
9.817E+01  8.244E-25  2.147E-15  1.639E-15  5.082E-16
9.727E+01  8.091E-25  2.088E-15  1.603E-15  4.850E-16
9.638E+01  7.937E-25  2.029E-15  1.567E-15  4.625E-16
9.550E+01  7.782E-25  1.971E-15  1.531E-15  4.407E-16
9.462E+01  7.626E-25  1.914E-15  1.494E-15  4.196E-16
9.376E+01  7.469E-25  1.857E-15  1.458E-15  3.991E-16
9.290E+01  7.312E-25  1.802E-15  1.422E-15  3.794E-16
9.204E+01  7.154E-25  1.747E-15  1.386E-15  3.603E-16
9.120E+01  6.996E-25  1.692E-15  1.350E-15  3.419E-16
9.036E+01  6.837E-25  1.639E-15  1.315E-15  3.241E-16
8.954E+01  6.679E-25  1.586E-15  1.279E-15  3.071E-16
8.872E+01  6.521E-25  1.535E-15  1.244E-15  2.906E-16
8.790E+01  6.364E-25  1.484E-15  1.209E-15  2.748E-16
8.710E+01  6.207E-25  1.434E-15  1.174E-15  2.597E-16
8.630E+01  6.051E-25  1.385E-15  1.140E-15  2.452E-16
8.551E+01  5.896E-25  1.337E-15  1.106E-15  2.312E-16
8.472E+01  5.741E-25  1.290E-15  1.072E-15  2.179E-16
8.395E+01  5.588E-25  1.244E-15  1.039E-15  2.051E-16
8.318E+01  5.435E-25  1.199E-15  1.006E-15  1.929E-16
8.241E+01  5.284E-25  1.155E-15  9.737E-16  1.813E-16
8.166E+01  5.133E-25  1.112E-15  9.417E-16  1.702E-16
8.091E+01  4.985E-25  1.070E-15  9.101E-16  1.597E-16
8.017E+01  4.837E-25  1.029E-15  8.790E-16  1.497E-16
7.943E+01  4.691E-25  9.885E-16  8.484E-16  1.401E-16
7.870E+01  4.547E-25  9.493E-16  8.183E-16  1.311E-16
7.798E+01  4.405E-25  9.111E-16  7.887E-16  1.225E-16
7.727E+01  4.264E-25  8.739E-16  7.596E-16  1.143E-16
7.656E+01  4.125E-25  8.377E-16  7.311E-16  1.066E-16
7.586E+01  3.988E-25  8.025E-16  7.031E-16  9.937E-17
7.516E+01  3.853E-25  7.682E-16  6.757E-16  9.251E-17
7.447E+01  3.720E-25  7.350E-16  6.489E-16  8.602E-17
7.379E+01  3.590E-25  7.027E-16  6.228E-16  7.991E-17
7.311E+01  3.462E-25  6.714E-16  5.972E-16  7.416E-17
7.244E+01  3.336E-25  6.410E-16  5.723E-16  6.874E-17
7.178E+01  3.213E-25  6.117E-16  5.480E-16  6.366E-17
7.112E+01  3.092E-25  5.832E-16  5.244E-16  5.889E-17
7.047E+01  2.973E-25  5.558E-16  5.013E-16  5.443E-17
6.982E+01  2.858E-25  5.293E-16  4.790E-16  5.027E-17
6.918E+01  2.744E-25  5.036E-16  4.573E-16  4.637E-17
6.855E+01  2.634E-25  4.789E-16  4.362E-16  4.272E-17
6.792E+01  2.526E-25  4.551E-16  4.158E-16  3.931E-17
6.730E+01  2.421E-25  4.322E-16  3.960E-16  3.613E-17
6.668E+01  2.319E-25  4.101E-16  3.769E-16  3.318E-17
6.607E+01  2.219E-25  3.889E-16  3.584E-16  3.044E-17
6.546E+01  2.122E-25  3.685E-16  3.406E-16  2.789E-17
6.486E+01  2.028E-25  3.489E-16  3.234E-16  2.553E-17
6.427E+01  1.937E-25  3.301E-16  3.068E-16  2.334E-17
6.368E+01  1.848E-25  3.121E-16  2.908E-16  2.131E-17
6.310E+01  1.762E-25  2.949E-16  2.755E-16  1.944E-17
6.252E+01  1.679E-25  2.784E-16  2.607E-16  1.771E-17
6.194E+01  1.599E-25  2.627E-16  2.465E-16  1.612E-17
6.138E+01  1.521E-25  2.476E-16  2.329E-16  1.466E-17
6.081E+01  1.446E-25  2.332E-16  2.199E-16  1.331E-17
6.026E+01  1.373E-25  2.195E-16  2.074E-16  1.207E-17
5.970E+01  1.304E-25  2.064E-16  1.955E-16  1.094E-17
5.916E+01  1.236E-25  1.940E-16  1.841E-16  9.895E-18
5.861E+01  1.172E-25  1.822E-16  1.732E-16  8.941E-18
5.808E+01  1.109E-25  1.709E-16  1.628E-16  8.068E-18
5.754E+01  1.050E-25  1.602E-16  1.530E-16  7.272E-18
5.702E+01  9.924E-26  1.501E-16  1.435E-16  6.547E-18
5.649E+01  9.375E-26  1.405E-16  1.346E-16  5.886E-18
5.598E+01  8.848E-26  1.314E-16  1.261E-16  5.287E-18
5.546E+01  8.344E-26  1.228E-16  1.180E-16  4.742E-18
5.495E+01  7.862E-26  1.146E-16  1.104E-16  4.248E-18
5.445E+01  7.402E-26  1.069E-16  1.031E-16  3.801E-18
5.395E+01  6.963E-26  9.965E-17  9.625E-17  3.397E-18
5.346E+01  6.544E-26  9.280E-17  8.976E-17  3.032E-18
5.297E+01  6.145E-26  8.634E-17  8.364E-17  2.702E-18
5.248E+01  5.765E-26  8.026E-17  7.786E-17  2.405E-18
5.200E+01  5.404E-26  7.454E-17  7.241E-17  2.138E-18
5.152E+01  5.061E-26  6.917E-17  6.727E-17  1.898E-18
5.105E+01  4.736E-26  6.413E-17  6.244E-17  1.683E-18
5.058E+01  4.427E-26  5.940E-17  5.791E-17  1.490E-18
5.012E+01  4.134E-26  5.496E-17  5.365E-17  1.317E-18
4.966E+01  3.857E-26  5.081E-17  4.965E-17  1.163E-18
4.920E+01  3.596E-26  4.693E-17  4.590E-17  1.025E-18
4.875E+01  3.348E-26  4.330E-17  4.240E-17  9.027E-19
4.831E+01  3.115E-26  3.991E-17  3.912E-17  7.937E-19
4.786E+01  2.895E-26  3.675E-17  3.606E-17  6.969E-19
4.742E+01  2.688E-26  3.381E-17  3.320E-17  6.110E-19
4.699E+01  2.493E-26  3.107E-17  3.053E-17  5.350E-19
4.656E+01  2.309E-26  2.852E-17  2.805E-17  4.678E-19
4.613E+01  2.137E-26  2.615E-17  2.574E-17  4.084E-19
4.571E+01  1.976E-26  2.396E-17  2.360E-17  3.561E-19
4.529E+01  1.824E-26  2.192E-17  2.161E-17  3.100E-19
4.487E+01  1.683E-26  2.003E-17  1.976E-17  2.695E-19
4.446E+01  1.550E-26  1.828E-17  1.805E-17  2.340E-19
4.406E+01  1.426E-26  1.667E-17  1.647E-17  2.029E-19
4.365E+01  1.311E-26  1.518E-17  1.500E-17  1.756E-19
4.325E+01  1.203E-26  1.380E-17  1.365E-17  1.518E-19
4.285E+01  1.103E-26  1.254E-17  1.240E-17  1.310E-19
4.246E+01  1.009E-26  1.137E-17  1.126E-17  1.129E-19
4.207E+01  9.226E-27  1.030E-17  1.020E-17  9.712E-20
4.169E+01  8.420E-27  9.311E-18  9.227E-18  8.344E-20
4.130E+01  7.673E-27  8.407E-18  8.336E-18  7.157E-20
4.093E+01  6.982E-27  7.579E-18  7.518E-18  6.128E-20
4.055E+01  6.342E-27  6.822E-18  6.770E-18  5.240E-20
4.018E+01  5.751E-27  6.130E-18  6.085E-18  4.473E-20
3.981E+01  5.207E-27  5.498E-18  5.460E-18  3.812E-20
3.945E+01  4.705E-27  4.923E-18  4.890E-18  3.243E-20
3.908E+01  4.243E-27  4.399E-18  4.371E-18  2.755E-20
3.873E+01  3.819E-27  3.923E-18  3.900E-18  2.337E-20
3.837E+01  3.431E-27  3.492E-18  3.472E-18  1.979E-20
3.802E+01  3.075E-27  3.101E-18  3.084E-18  1.673E-20
3.767E+01  2.750E-27  2.748E-18  2.734E-18  1.411E-20
3.733E+01  2.454E-27  2.429E-18  2.417E-18  1.189E-20
3.698E+01  2.184E-27  2.142E-18  2.133E-18  9.990E-21
3.664E+01  1.939E-27  1.885E-18  1.876E-18  8.383E-21
3.631E+01  1.717E-27  1.654E-18  1.647E-18  7.024E-21
3.597E+01  1.516E-27  1.447E-18  1.441E-18  5.876E-21
3.565E+01  1.335E-27  1.263E-18  1.258E-18  4.907E-21
3.532E+01  1.173E-27  1.099E-18  1.094E-18  4.091E-21
3.499E+01  1.026E-27  9.528E-19  9.494E-19  3.406E-21
3.467E+01  8.958E-28  8.239E-19  8.211E-19  2.830E-21
3.436E+01  7.793E-28  7.102E-19  7.078E-19  2.348E-21
3.404E+01  6.757E-28  6.101E-19  6.082E-19  1.945E-21
3.373E+01  5.839E-28  5.224E-19  5.208E-19  1.608E-21
3.342E+01  5.029E-28  4.458E-19  4.444E-19  1.328E-21
3.311E+01  4.315E-28  3.790E-19  3.779E-19  1.095E-21
3.281E+01  3.690E-28  3.212E-19  3.203E-19  9.010E-22
3.251E+01  3.144E-28  2.711E-19  2.704E-19  7.403E-22
3.221E+01  2.669E-28  2.281E-19  2.275E-19  6.073E-22
3.192E+01  2.258E-28  1.911E-19  1.906E-19  4.973E-22
3.162E+01  1.903E-28  1.596E-19  1.592E-19  4.065E-22
3.133E+01  1.598E-28  1.328E-19  1.325E-19  3.317E-22
3.105E+01  1.337E-28  1.101E-19  1.098E-19  2.701E-22
3.076E+01  1.114E-28  9.092E-20  9.070E-20  2.197E-22
3.048E+01  9.255E-29  7.483E-20  7.465E-20  1.783E-22
3.020E+01  7.660E-29  6.136E-20  6.122E-20  1.444E-22
2.992E+01  6.318E-29  5.014E-20  5.003E-20  1.168E-22
2.965E+01  5.192E-29  4.084E-20  4.074E-20  9.422E-23
2.938E+01  4.253E-29  3.314E-20  3.307E-20  7.587E-23
2.911E+01  3.473E-29  2.681E-20  2.675E-20  6.098E-23
2.884E+01  2.826E-29  2.162E-20  2.157E-20  4.892E-23
2.858E+01  2.293E-29  1.738E-20  1.734E-20  3.917E-23
2.831E+01  1.854E-29  1.393E-20  1.390E-20  3.130E-23
2.805E+01  1.495E-29  1.113E-20  1.110E-20  2.496E-23
2.780E+01  1.202E-29  8.865E-21  8.845E-21  1.987E-23
2.754E+01  9.640E-30  7.043E-21  7.027E-21  1.578E-23
2.729E+01  7.708E-30  5.580E-21  5.568E-21  1.251E-23
2.704E+01  6.148E-30  4.409E-21  4.399E-21  9.902E-24
2.679E+01  4.890E-30  3.475E-21  3.467E-21  7.820E-24
2.655E+01  3.880E-30  2.732E-21  2.726E-21  6.162E-24
2.630E+01  3.072E-30  2.143E-21  2.138E-21  4.846E-24
2.606E+01  2.426E-30  1.677E-21  1.673E-21  3.803E-24
2.582E+01  1.911E-30  1.309E-21  1.306E-21  2.978E-24
2.559E+01  1.502E-30  1.020E-21  1.017E-21  2.327E-24
2.535E+01  1.179E-30  7.926E-22  7.908E-22  1.815E-24
2.512E+01  9.227E-31  6.148E-22  6.134E-22  1.412E-24
2.489E+01  7.208E-31  4.759E-22  4.748E-22  1.096E-24
2.466E+01  5.620E-31  3.676E-22  3.668E-22  8.491E-25
2.443E+01  4.373E-31  2.834E-22  2.827E-22  6.561E-25
2.421E+01  3.396E-31  2.181E-22  2.176E-22  5.056E-25
2.399E+01  2.632E-31  1.675E-22  1.671E-22  3.886E-25
2.377E+01  2.036E-31  1.283E-22  1.280E-22  2.981E-25
2.355E+01  1.572E-31  9.818E-23  9.795E-23  2.284E-25
2.333E+01  1.211E-31  7.497E-23  7.480E-23  1.744E-25
2.312E+01  9.318E-32  5.715E-23  5.701E-23  1.328E-25
2.291E+01  7.156E-32  4.348E-23  4.338E-23  1.008E-25
2.270E+01  5.486E-32  3.303E-23  3.295E-23  7.656E-26
2.249E+01  4.198E-32  2.505E-23  2.499E-23  5.804E-26
2.228E+01  3.208E-32  1.896E-23  1.892E-23  4.393E-26
2.208E+01  2.447E-32  1.433E-23  1.430E-23  3.315E-26
2.188E+01  1.863E-32  1.081E-23  1.079E-23  2.490E-26
2.168E+01  1.417E-32  8.145E-24  8.127E-24  1.865E-26
2.148E+01  1.075E-32  6.126E-24  6.112E-24  1.392E-26
2.128E+01  8.149E-33  4.600E-24  4.590E-24  1.039E-26
2.109E+01  6.166E-33  3.449E-24  3.441E-24  7.735E-27
2.089E+01  4.658E-33  2.582E-24  2.576E-24  5.743E-27
2.070E+01  3.514E-33  1.930E-24  1.925E-24  4.249E-27
2.051E+01  2.646E-33  1.440E-24  1.437E-24  3.133E-27
2.032E+01  1.990E-33  1.073E-24  1.070E-24  2.307E-27
2.014E+01  1.494E-33  7.981E-25  7.964E-25  1.700E-27
1.995E+01  1.120E-33  5.928E-25  5.916E-25  1.249E-27
1.977E+01  8.384E-34  4.396E-25  4.387E-25  9.143E-28
1.959E+01  6.265E-34  3.255E-25  3.248E-25  6.661E-28
1.941E+01  4.674E-34  2.406E-25  2.401E-25  4.830E-28
1.923E+01  3.481E-34  1.776E-25  1.772E-25  3.484E-28
1.905E+01  2.588E-34  1.308E-25  1.306E-25  2.500E-28
1.888E+01  1.921E-34  9.621E-26  9.603E-26  1.784E-28
1.871E+01  1.424E-34  7.065E-26  7.052E-26  1.266E-28
1.854E+01  1.054E-34  5.180E-26  5.171E-26  8.937E-29
1.837E+01  7.785E-35  3.792E-26  3.786E-26  6.271E-29
1.820E+01  5.742E-35  2.772E-26  2.767E-26  4.375E-29
1.803E+01  4.228E-35  2.022E-26  2.019E-26  3.036E-29
1.786E+01  3.109E-35  1.473E-26  1.471E-26  2.095E-29
1.770E+01  2.282E-35  1.072E-26  1.070E-26  1.438E-29
1.754E+01  1.673E-35  7.784E-27  7.774E-27  9.803E-30
1.738E+01  1.225E-35  5.647E-27  5.640E-27  6.648E-30
1.722E+01  8.953E-36  4.089E-27  4.085E-27  4.483E-30
1.706E+01  6.534E-36  2.957E-27  2.954E-27  3.012E-30
1.690E+01  4.760E-36  2.135E-27  2.133E-27  2.013E-30
1.675E+01  3.463E-36  1.538E-27  1.537E-27  1.339E-30
1.660E+01  2.515E-36  1.107E-27  1.106E-27  8.859E-31
1.644E+01  1.824E-36  7.956E-28  7.950E-28  5.832E-31
1.629E+01  1.319E-36  5.702E-28  5.699E-28  3.822E-31
1.614E+01  9.532E-37  4.082E-28  4.079E-28  2.496E-31
1.600E+01  6.876E-37  2.917E-28  2.916E-28  1.624E-31
1.585E+01  4.951E-37  2.082E-28  2.080E-28  1.053E-31
1.570E+01  3.559E-37  1.483E-28  1.482E-28  6.798E-32
1.556E+01  2.555E-37  1.054E-28  1.054E-28  4.375E-32
1.542E+01  1.830E-37  7.485E-29  7.482E-29  2.807E-32
1.528E+01  1.309E-37  5.304E-29  5.302E-29  1.795E-32
1.514E+01  9.346E-38  3.752E-29  3.751E-29  1.145E-32
1.500E+01  6.660E-38  2.650E-29  2.649E-29  7.291E-33
1.486E+01  4.738E-38  1.868E-29  1.867E-29  4.625E-33
1.472E+01  3.365E-38  1.314E-29  1.314E-29  2.924E-33
1.459E+01  2.386E-38  9.232E-30  9.230E-30  1.844E-33
1.445E+01  1.688E-38  6.473E-30  6.472E-30  1.164E-33
1.432E+01  1.192E-38  4.530E-30  4.529E-30  7.363E-34
1.419E+01  8.406E-39  3.164E-30  3.164E-30  4.675E-34
1.406E+01  5.912E-39  2.205E-30  2.205E-30  2.983E-34
1.393E+01  4.149E-39  1.533E-30  1.533E-30  1.917E-34
1.380E+01  2.906E-39  1.064E-30  1.064E-30  1.238E-34
1.368E+01  2.032E-39  7.372E-31  7.371E-31  8.044E-35
1.355E+01  1.418E-39  5.097E-31  5.097E-31  5.236E-35
1.343E+01  9.870E-40  3.515E-31  3.515E-31  3.408E-35
1.330E+01  6.851E-40  2.418E-31  2.418E-31  2.212E-35
1.318E+01  4.746E-40  1.659E-31  1.659E-31  1.432E-35
1.306E+01  3.281E-40  1.137E-31  1.137E-31  9.222E-36
1.294E+01  2.264E-40  7.772E-32  7.771E-32  5.925E-36
1.282E+01  1.559E-40  5.302E-32  5.301E-32  3.803E-36
1.271E+01  1.071E-40  3.609E-32  3.608E-32  2.435E-36
1.259E+01  7.331E-41  2.448E-32  2.448E-32  1.552E-36
1.247E+01  5.000E-41  1.654E-32  1.654E-32  9.851E-37
1.236E+01  3.400E-41  1.115E-32  1.115E-32  6.219E-37
1.225E+01  2.306E-41  7.490E-33  7.490E-33  3.901E-37
1.213E+01  1.560E-41  5.021E-33  5.021E-33  2.442E-37
1.202E+01  1.053E-41  3.358E-33  3.358E-33  1.527E-37
1.191E+01  7.082E-42  2.238E-33  2.238E-33  9.505E-38
1.180E+01  4.749E-42  1.487E-33  1.487E-33  5.887E-38
1.169E+01  3.176E-42  9.852E-34  9.852E-34  3.624E-38
1.159E+01  2.141E-42  6.581E-34  6.581E-34  2.212E-38
1.148E+01  1.592E-42  4.848E-34  4.848E-34  1.343E-38
1.138E+01  9.624E-43  2.904E-34  2.904E-34  8.136E-39
1.127E+01  6.338E-43  1.895E-34  1.895E-34  4.912E-39
1.117E+01  4.152E-43  1.230E-34  1.230E-34  2.956E-39
1.107E+01  2.712E-43  7.961E-35  7.961E-35  1.771E-39
1.096E+01  1.773E-43  5.158E-35  5.158E-35  1.055E-39
1.086E+01  1.158E-43  3.336E-35  3.336E-35  6.256E-40
1.076E+01  7.536E-44  2.152E-35  2.152E-35  3.706E-40
1.067E+01  4.891E-44  1.384E-35  1.384E-35  2.191E-40
1.057E+01  3.164E-44  8.870E-36  8.870E-36  1.293E-40
1.047E+01  2.041E-44  5.668E-36  5.668E-36  7.568E-41
1.038E+01  1.312E-44  3.610E-36  3.610E-36  4.379E-41
1.028E+01  8.405E-45  2.292E-36  2.292E-36  2.501E-41
1.019E+01  5.366E-45  1.450E-36  1.450E-36  1.411E-41
1.009E+01  3.414E-45  9.141E-37  9.141E-37  7.900E-42
1.000E+01  2.165E-45  5.743E-37  5.743E-37  4.399E-42
9.908E+00  1.368E-45  3.595E-37  3.595E-37  2.443E-42
9.817E+00  8.614E-46  2.243E-37  2.243E-37  1.351E-42
9.727E+00  5.405E-46  1.395E-37  1.395E-37  7.441E-43
9.638E+00  3.379E-46  8.640E-38  8.640E-38  4.073E-43
9.550E+00  2.105E-46  5.333E-38  5.333E-38  2.203E-43
9.462E+00  1.307E-46  3.280E-38  3.280E-38  1.174E-43
9.376E+00  8.083E-47  2.010E-38  2.010E-38  6.144E-44
9.290E+00  4.980E-47  1.227E-38  1.227E-38  3.152E-44
9.204E+00  3.057E-47  7.465E-39  7.465E-39  1.584E-44
9.120E+00  1.870E-47  4.524E-39  4.524E-39  7.802E-45
9.036E+00  1.140E-47  2.732E-39  2.732E-39  3.776E-45
8.954E+00  6.923E-48  1.644E-39  1.644E-39  1.803E-45
8.872E+00  4.191E-48  9.863E-40  9.863E-40  8.536E-46
8.790E+00  2.530E-48  5.900E-40  5.900E-40  4.020E-46
8.710E+00  1.524E-48  3.520E-40  3.520E-40  1.889E-46
8.630E+00  9.136E-49  2.091E-40  2.091E-40  8.869E-47
8.551E+00  5.430E-49  1.232E-40  1.232E-40  4.159E-47
8.472E+00  3.206E-49  7.205E-41  7.205E-41  1.938E-47
8.395E+00  1.888E-49  4.204E-41  4.204E-41  8.910E-48
8.318E+00  1.109E-49  2.446E-41  2.446E-41  4.011E-48
8.241E+00  6.489E-50  1.419E-41  1.419E-41  1.761E-48
8.166E+00  3.787E-50  8.203E-42  8.203E-42  7.520E-49
8.091E+00  2.205E-50  4.733E-42  4.733E-42  3.171E-49
8.017E+00  1.282E-50  2.726E-42  2.726E-42  1.320E-49
7.943E+00  7.431E-51  1.566E-42  1.566E-42  5.452E-50
7.870E+00  4.284E-51  8.943E-43  8.943E-43  2.234E-50
7.798E+00  2.445E-51  5.057E-43  5.057E-43  9.102E-51
7.727E+00  1.385E-51  2.839E-43  2.839E-43  3.708E-51
7.656E+00  7.825E-52  1.589E-43  1.589E-43  1.515E-51
7.586E+00  4.385E-52  8.823E-44  8.823E-44  6.220E-52
7.516E+00  2.427E-52  4.839E-44  4.839E-44  2.586E-52
7.447E+00  1.336E-52  2.639E-44  2.639E-44  1.092E-52
7.379E+00  7.336E-53  1.436E-44  1.436E-44  4.656E-53
7.311E+00  4.020E-53  7.796E-45  7.796E-45  2.015E-53
7.244E+00  2.195E-53  4.218E-45  4.218E-45  8.766E-54
7.178E+00  1.194E-53  2.274E-45  2.274E-45  3.820E-54
7.112E+00  6.469E-54  1.220E-45  1.220E-45  1.673E-54
7.047E+00  3.489E-54  6.522E-46  6.522E-46  7.328E-55
6.982E+00  1.874E-54  3.470E-46  3.470E-46  3.194E-55
6.918E+00  1.002E-54  1.838E-46  1.838E-46  1.387E-55
6.855E+00  5.330E-55  9.692E-47  9.692E-47  5.993E-56
6.792E+00  2.824E-55  5.087E-47  5.087E-47  2.573E-56
6.730E+00  1.488E-55  2.656E-47  2.656E-47  1.098E-56
6.668E+00  7.798E-56  1.379E-47  1.379E-47  4.652E-57
6.607E+00  4.064E-56  7.122E-48  7.122E-48  1.957E-57
6.546E+00  2.107E-56  3.658E-48  3.658E-48  8.178E-58
6.486E+00  1.087E-56  1.870E-48  1.870E-48  3.392E-58
6.427E+00  5.583E-57  9.518E-49  9.518E-49  1.397E-58
6.368E+00  2.859E-57  4.830E-49  4.830E-49  5.710E-59
6.310E+00  1.447E-57  2.422E-49  2.422E-49  2.316E-59
6.252E+00  7.534E-58  1.249E-49  1.249E-49  9.324E-60
6.194E+00  3.783E-58  6.216E-50  6.216E-50  3.725E-60
6.138E+00  1.859E-58  3.026E-50  3.026E-50  1.476E-60
6.081E+00  9.128E-59  1.472E-50  1.472E-50  5.804E-61
6.026E+00  4.482E-59  7.165E-51  7.165E-51  2.266E-61
5.970E+00  2.195E-59  3.476E-51  3.476E-51  8.786E-62
5.916E+00  1.070E-59  1.679E-51  1.679E-51  3.382E-62
5.861E+00  5.189E-60  8.068E-52  8.068E-52  1.292E-62
5.808E+00  2.504E-60  3.858E-52  3.858E-52  4.904E-63
5.754E+00  1.202E-60  1.835E-52  1.835E-52  1.847E-63
5.702E+00  5.736E-61  8.675E-53  8.675E-53  6.908E-64
5.649E+00  2.716E-61  4.070E-53  4.070E-53  2.565E-64
5.598E+00  1.278E-61  1.898E-53  1.898E-53  9.450E-65
5.546E+00  5.980E-62  8.798E-54  8.798E-54  3.456E-65
5.495E+00  2.782E-62  4.056E-54  4.056E-54  1.255E-65
5.445E+00  1.287E-62  1.859E-54  1.859E-54  4.521E-66
5.395E+00  5.918E-63  8.469E-55  8.469E-55  1.617E-66
5.346E+00  2.705E-63  3.835E-55  3.835E-55  5.736E-67
5.297E+00  1.229E-63  1.726E-55  1.726E-55  2.019E-67
5.248E+00  5.542E-64  7.716E-56  7.716E-56  7.051E-68
5.200E+00  2.482E-64  3.424E-56  3.424E-56  2.443E-68
5.152E+00  1.105E-64  1.510E-56  1.510E-56  8.398E-69
5.105E+00  4.885E-65  6.615E-57  6.615E-57  2.863E-69
5.058E+00  2.146E-65  2.879E-57  2.879E-57  9.683E-70
5.012E+00  9.366E-66  1.245E-57  1.245E-57  3.248E-70
4.966E+00  4.059E-66  5.346E-58  5.346E-58  1.080E-70
4.920E+00  1.747E-66  2.280E-58  2.280E-58  3.563E-71
4.875E+00  7.468E-67  9.657E-59  9.657E-59  1.165E-71
4.831E+00  3.171E-67  4.063E-59  4.063E-59  3.776E-72
4.786E+00  1.337E-67  1.697E-59  1.697E-59  1.213E-72
4.742E+00  5.599E-68  7.043E-60  7.043E-60  3.864E-73
4.699E+00  2.328E-68  2.902E-60  2.902E-60  1.220E-73
4.656E+00  9.614E-69  1.187E-60  1.187E-60  3.814E-74
4.613E+00  3.942E-69  4.823E-61  4.823E-61  1.182E-74
4.571E+00  1.604E-69  1.945E-61  1.945E-61  3.629E-75
4.529E+00  6.482E-70  7.788E-62  7.788E-62  1.104E-75
4.487E+00  2.600E-70  3.095E-62  3.095E-62  3.324E-76
4.446E+00  1.035E-70  1.221E-62  1.221E-62  9.919E-77
4.406E+00  4.091E-71  4.781E-63  4.781E-63  2.931E-77
4.365E+00  1.605E-71  1.858E-63  1.858E-63  8.579E-78
4.325E+00  6.251E-72  7.172E-64  7.172E-64  2.486E-78
4.285E+00  2.420E-72  2.751E-64  2.751E-64  7.129E-79
4.246E+00  9.333E-73  1.051E-64  1.051E-64  2.024E-79
4.207E+00  3.610E-73  4.028E-65  4.028E-65  5.687E-80
4.169E+00  1.424E-73  1.575E-65  1.575E-65  1.581E-80
4.130E+00  5.966E-74  6.537E-66  6.537E-66  4.350E-81
4.093E+00  2.864E-74  3.109E-66  3.109E-66  1.183E-81
4.055E+00  1.716E-74  1.845E-66  1.845E-66  3.184E-82
4.018E+00  1.301E-74  1.386E-66  1.386E-66  8.472E-83
3.981E+00  1.159E-74  1.224E-66  1.224E-66  2.229E-83
3.945E+00  1.120E-74  1.172E-66  1.172E-66  5.801E-84
3.908E+00  1.120E-74  1.161E-66  1.161E-66  1.492E-84
3.873E+00  1.135E-74  1.166E-66  1.166E-66  3.795E-85
3.837E+00  1.159E-74  1.179E-66  1.179E-66  9.542E-86
3.802E+00  1.188E-74  1.198E-66  1.198E-66  2.371E-86
3.767E+00  1.223E-74  1.222E-66  1.222E-66  5.822E-87
3.733E+00  1.265E-74  1.253E-66  1.253E-66  1.413E-87
3.698E+00  1.317E-74  1.292E-66  1.292E-66  3.386E-88
3.664E+00  1.380E-74  1.341E-66  1.341E-66  8.016E-89
3.631E+00  1.460E-74  1.406E-66  1.406E-66  1.874E-89
3.597E+00  1.564E-74  1.493E-66  1.493E-66  4.328E-90
3.565E+00  1.705E-74  1.612E-66  1.612E-66  9.866E-91
3.532E+00  1.902E-74  1.782E-66  1.782E-66  2.220E-91
3.499E+00  2.193E-74  2.036E-66  2.036E-66  4.932E-92
3.467E+00  2.653E-74  2.441E-66  2.441E-66  1.081E-92
3.436E+00  3.448E-74  3.142E-66  3.142E-66  2.339E-93
3.404E+00  5.005E-74  4.520E-66  4.520E-66  4.991E-94
3.373E+00  8.719E-74  7.801E-66  7.801E-66  1.051E-94
3.342E+00  2.106E-73  1.867E-65  1.867E-65  2.181E-95
3.311E+00  8.272E-73  7.266E-65  7.266E-65  4.465E-96
3.281E+00  5.700E-73  4.961E-65  4.961E-65  9.012E-97
3.251E+00  1.598E-73  1.378E-65  1.378E-65  1.793E-97
3.221E+00  7.353E-74  6.282E-66  6.282E-66  3.514E-98
3.192E+00  4.493E-74  3.804E-66  3.804E-66  6.788E-99
3.162E+00  3.233E-74  2.712E-66  2.712E-66  1.292E-99
3.133E+00  2.576E-74  2.141E-66  2.141E-66  2.424-100
3.105E+00  2.193E-74  1.806E-66  1.806E-66  4.481-101
3.076E+00  1.953E-74  1.594E-66  1.594E-66  8.162-102
3.048E+00  1.794E-74  1.451E-66  1.451E-66  1.464-102
3.020E+00  1.685E-74  1.350E-66  1.350E-66  2.587-103
2.992E+00  1.608E-74  1.276E-66  1.276E-66  4.498-104
2.965E+00  1.551E-74  1.220E-66  1.220E-66  4.896-105
2.938E+00  1.510E-74  1.177E-66  1.177E-66  8.149-106
2.911E+00  1.480E-74  1.142E-66  1.142E-66  1.335-106
2.884E+00  1.457E-74  1.115E-66  1.115E-66  2.150-107
2.858E+00  1.440E-74  1.092E-66  1.092E-66  3.407-108
2.831E+00  1.428E-74  1.072E-66  1.072E-66  5.310-109
2.805E+00  1.419E-74  1.056E-66  1.056E-66  8.135-110
2.780E+00  1.413E-74  1.042E-66  1.042E-66  1.225-110
2.754E+00  1.409E-74  1.029E-66  1.029E-66  1.814-111
2.729E+00  1.407E-74  1.018E-66  1.018E-66  2.638-112
2.704E+00  1.406E-74  1.008E-66  1.008E-66  3.771-113
2.679E+00  1.406E-74  9.994E-67  9.994E-67  5.294-114
2.655E+00  1.407E-74  9.910E-67  9.910E-67  7.301-115
2.630E+00  1.409E-74  9.832E-67  9.832E-67  9.888-116
2.606E+00  1.412E-74  9.759E-67  9.759E-67  1.315-116
2.582E+00  1.415E-74  9.689E-67  9.689E-67  1.716-117
2.559E+00  1.418E-74  9.622E-67  9.622E-67  2.198-118
2.535E+00  1.421E-74  9.558E-67  9.558E-67  2.764-119
2.512E+00  1.425E-74  9.495E-67  9.495E-67  3.409-120
2.489E+00  1.429E-74  9.433E-67  9.433E-67  4.125-121
2.466E+00  1.432E-74  9.370E-67  9.370E-67  4.896-122
2.443E+00  1.436E-74  9.308E-67  9.308E-67  5.697-123
2.421E+00  1.440E-74  9.246E-67  9.246E-67  6.501-124
2.399E+00  1.444E-74  9.186E-67  9.186E-67  7.270-125
2.377E+00  1.448E-74  9.126E-67  9.126E-67  7.967-126
2.355E+00  1.451E-74  9.067E-67  9.067E-67  8.554-127
2.333E+00  1.455E-74  9.007E-67  9.007E-67  8.998-128
2.312E+00  1.459E-74  8.947E-67  8.947E-67  9.269-129
2.291E+00  1.462E-74  8.887E-67  8.887E-67  9.350-130
2.270E+00  1.466E-74  8.826E-67  8.826E-67  9.233-131
2.249E+00  1.469E-74  8.765E-67  8.765E-67  8.925-132
2.228E+00  1.472E-74  8.701E-67  8.701E-67  8.442-133
2.208E+00  1.475E-74  8.637E-67  8.637E-67  7.813-134
2.188E+00  1.477E-74  8.570E-67  8.570E-67  7.074-135
2.168E+00  1.478E-74  8.501E-67  8.501E-67  6.264-136
2.148E+00  1.480E-74  8.429E-67  8.429E-67  5.424-137
2.128E+00  1.480E-74  8.354E-67  8.354E-67  4.591-138
2.109E+00  1.479E-74  8.273E-67  8.273E-67  3.799-139
2.089E+00  1.477E-74  8.187E-67  8.187E-67  3.071-140
2.070E+00  1.474E-74  8.095E-67  8.095E-67  2.426-141
2.051E+00  1.469E-74  7.993E-67  7.993E-67  1.871-142
2.032E+00  1.462E-74  7.882E-67  7.882E-67  1.410-143
2.014E+00  1.452E-74  7.758E-67  7.758E-67  1.037-144
1.995E+00  1.440E-74  7.619E-67  7.619E-67  7.444-146
1.977E+00  1.424E-74  7.466E-67  7.466E-67  5.215-147
1.959E+00  1.405E-74  7.302E-67  7.302E-67  3.565-148
1.941E+00  1.387E-74  7.141E-67  7.141E-67  2.376-149
1.923E+00  1.374E-74  7.009E-67  7.009E-67  1.545-150
1.905E+00  1.372E-74  6.934E-67  6.934E-67  9.793-152
1.888E+00  1.383E-74  6.926E-67  6.926E-67  6.051-153
1.871E+00  1.404E-74  6.967E-67  6.967E-67  3.643-154
1.854E+00  1.428E-74  7.023E-67  7.023E-67  2.137-155
1.837E+00  1.451E-74  7.071E-67  7.071E-67  1.221-156
1.820E+00  1.471E-74  7.100E-67  7.100E-67  6.792-158
1.803E+00  1.487E-74  7.110E-67  7.110E-67  3.679-159
1.786E+00  1.499E-74  7.102E-67  7.102E-67  1.940-160
1.770E+00  1.508E-74  7.082E-67  7.082E-67  9.950-162
1.754E+00  1.516E-74  7.052E-67  7.052E-67  4.966-163
1.738E+00  1.522E-74  7.014E-67  7.014E-67  2.411-164
1.722E+00  1.526E-74  6.971E-67  6.971E-67  1.138-165
1.706E+00  1.530E-74  6.924E-67  6.924E-67  5.220-167
1.690E+00  1.533E-74  6.874E-67  6.874E-67  2.327-168
1.675E+00  1.535E-74  6.822E-67  6.822E-67  1.008-169
1.660E+00  1.538E-74  6.769E-67  6.769E-67  4.241-171
1.644E+00  1.540E-74  6.715E-67  6.715E-67  1.732-172
1.629E+00  1.541E-74  6.661E-67  6.661E-67  6.869-174
1.614E+00  1.543E-74  6.607E-67  6.607E-67  2.643-175
1.600E+00  1.545E-74  6.554E-67  6.554E-67  9.867-177
1.585E+00  1.547E-74  6.503E-67  6.503E-67  3.572-178
1.570E+00  1.549E-74  6.453E-67  6.453E-67  1.254-179
1.556E+00  1.552E-74  6.407E-67  6.407E-67  4.267-181
1.542E+00  1.556E-74  6.363E-67  6.363E-67  1.407-182
1.528E+00  1.561E-74  6.324E-67  6.324E-67  4.494-184
1.514E+00  1.566E-74  6.289E-67  6.289E-67  1.390-185
1.500E+00  1.574E-74  6.260E-67  6.260E-67  4.164-187
1.486E+00  1.583E-74  6.238E-67  6.238E-67  1.207-188
1.472E+00  1.594E-74  6.224E-67  6.224E-67  3.386-190
1.459E+00  1.607E-74  6.219E-67  6.219E-67  9.187-192
1.445E+00  1.624E-74  6.226E-67  6.226E-67  2.411-193
1.432E+00  1.644E-74  6.246E-67  6.246E-67  6.115-195
1.419E+00  1.669E-74  6.283E-67  6.283E-67  1.499-196
1.406E+00  1.700E-74  6.340E-67  6.340E-67  3.550-198
1.393E+00  1.737E-74  6.420E-67  6.420E-67  8.120-200
1.380E+00  1.783E-74  6.529E-67  6.529E-67  1.793-201
1.368E+00  1.839E-74  6.672E-67  6.672E-67  3.821-203
1.355E+00  1.907E-74  6.856E-67  6.856E-67  7.857-205
1.343E+00  1.989E-74  7.085E-67  7.085E-67  1.558-206
1.330E+00  2.087E-74  7.364E-67  7.364E-67  2.979-208
1.318E+00  2.198E-74  7.687E-67  7.687E-67  5.491-210
1.306E+00  2.320E-74  8.037E-67  8.037E-67  9.751-212
1.294E+00  2.438E-74  8.370E-67  8.370E-67  1.668-213
1.282E+00  2.534E-74  8.619E-67  8.619E-67  2.747-215
1.271E+00  2.581E-74  8.697E-67  8.697E-67  4.356-217
1.259E+00  2.558E-74  8.541E-67  8.541E-67  6.646-219
1.247E+00  2.463E-74  8.151E-67  8.151E-67  9.754-221
1.236E+00  2.318E-74  7.598E-67  7.598E-67  1.377-222
1.225E+00  2.151E-74  6.987E-67  6.987E-67  1.868-224
1.213E+00  1.989E-74  6.402E-67  6.402E-67  2.435-226
1.202E+00  1.847E-74  5.891E-67  5.891E-67  3.048-228
1.191E+00  1.731E-74  5.470E-67  5.470E-67  3.663-230
1.180E+00  1.641E-74  5.139E-67  5.139E-67  4.225-232
1.169E+00  1.576E-74  4.890E-67  4.890E-67  4.676-234
1.159E+00  1.534E-74  4.715E-67  4.715E-67  4.962-236
1.148E+00  1.514E-74  4.611E-67  4.611E-67  5.048-238
1.138E+00  1.517E-74  4.579E-67  4.579E-67  4.920-240
1.127E+00  1.547E-74  4.627E-67  4.627E-67  4.594-242
1.117E+00  1.611E-74  4.773E-67  4.773E-67  4.107-244
1.107E+00  1.720E-74  5.049E-67  5.049E-67  3.514-246
1.096E+00  1.894E-74  5.509E-67  5.509E-67  2.876-248
1.086E+00  2.162E-74  6.230E-67  6.230E-67  2.252-250
1.076E+00  2.554E-74  7.292E-67  7.292E-67  1.685-252
1.067E+00  3.054E-74  8.640E-67  8.640E-67  1.205-254
1.057E+00  3.475E-74  9.742E-67  9.742E-67  8.226-257
1.047E+00  3.457E-74  9.601E-67  9.601E-67  5.363-259
1.038E+00  2.944E-74  8.104E-67  8.104E-67  3.336-261
1.028E+00  2.313E-74  6.306E-67  6.306E-67  1.980-263
1.019E+00  1.812E-74  4.895E-67  4.895E-67  1.120-265
1.009E+00  1.467E-74  3.928E-67  3.928E-67  6.041-268
1.000E+00  1.236E-74  3.278E-67  3.278E-67  3.103-270
