Dust emission spectrum from Draine,B.T., & Li, A. (2007), ApJ, in press [astro-ph/0608003]
==========================================================
         7 = grain model
 4.000E-08 4.000E-01 4.500E-05 = a_01 (cm) , sigma_1 , b_C1
 2.000E-07 5.500E-01 1.500E-05 = a_02 (cm) , sigma_2 , b_C2
 1.000E+07 1.000E+07 1.000E+00 = Umin , Umax, beta (dN/dU propto U^{-beta})
 1.000E+07 = <U>       mmp83 = radfield
 0.000E+00 2.000E-07 = a_{min} (cm), a_{max} (cm)
 1.034E-17 1.002E-17 3.155E-19 = P(tot)  P(carb)  P(sil) (erg s-1 H-1)
 band     <nu*P_nu> <j_nu(tot)><j_nu(carb)><j_nu(sil)>
 (um)   (erg s-1 H-1)(Jy/(sr*H))(Jy/(sr*H))(Jy/(sr*H))
1.270E+00  1.097E-18  3.695E-11  3.672E-11  2.301E-13 COBE-DIRBE
2.220E+00  1.826E-18  1.075E-10  1.068E-10  7.430E-13 COBE-DIRBE
3.530E+00  6.384E-18  5.978E-10  5.962E-10  1.572E-12 COBE-DIRBE
4.880E+00  1.755E-18  2.272E-10  2.244E-10  2.784E-12 COBE-DIRBE
1.229E+01  2.148E-18  7.001E-10  6.085E-10  9.160E-11 COBE-DIRBE
2.079E+01  2.928E-19  1.615E-10  9.995E-11  6.152E-11 COBE-DIRBE
5.599E+01  4.245E-21  6.304E-12  2.556E-12  3.748E-12 COBE-DIRBE
9.770E+01  2.790E-22  7.230E-13  2.823E-13  4.407E-13 COBE-DIRBE
1.479E+02  3.797E-23  1.489E-13  5.708E-14  9.186E-14 COBE-DIRBE
2.479E+02  3.254E-24  2.139E-14  8.092E-15  1.330E-14 COBE-DIRBE
1.200E+01  3.136E-18  9.981E-10  8.988E-10  9.935E-11 IRAS
2.500E+01  1.845E-19  1.223E-10  6.846E-11  5.388E-11 IRAS
6.000E+01  3.922E-21  6.242E-12  2.545E-12  3.697E-12 IRAS
1.000E+02  2.371E-22  6.289E-13  2.450E-13  3.838E-13 IRAS
3.550E+00  7.368E-18  6.938E-10  6.922E-10  1.589E-12 SST-IRAC
4.493E+00  1.468E-18  1.749E-10  1.726E-10  2.383E-12 SST-IRAC
5.731E+00  7.214E-18  1.097E-09  1.093E-09  4.057E-12 SST-IRAC
7.872E+00  9.407E-18  1.964E-09  1.921E-09  4.308E-11 SST-IRAC
2.368E+01  1.333E-19  8.370E-11  4.157E-11  4.214E-11 SST-MIPS
7.142E+01  1.060E-21  2.007E-12  7.937E-13  1.213E-12 SST-MIPS
1.559E+02  2.354E-23  9.735E-14  3.713E-14  6.022E-14 SST-MIPS
1.600E+01  6.472E-19  2.747E-10  2.151E-10  5.964E-11 SST-IRSPU
2.200E+01  1.831E-19  1.068E-10  5.601E-11  5.082E-11 SST-IRSPU
7.500E+01  9.054E-22  1.801E-12  7.118E-13  1.089E-12 Herschel-PACS
1.100E+02  1.535E-22  4.479E-13  1.742E-13  2.737E-13 Herschel-PACS
1.700E+02  1.849E-23  8.336E-14  3.182E-14  5.154E-14 Herschel-PACS
2.500E+02  2.425E-24  1.608E-14  6.075E-15  1.001E-14 Herschel-SPIRE
3.600E+02  3.772E-25  3.602E-15  1.416E-15  2.186E-15 Herschel-SPIRE
5.200E+02  6.351E-26  8.761E-16  3.443E-16  5.318E-16 Herschel-SPIRE
2.400E+00  1.836E-18  1.169E-10  1.161E-10  8.402E-13 Akari IRC NIR N2
3.200E+00  5.113E-18  4.340E-10  4.326E-10  1.351E-12 Akari IRC NIR N3
4.100E+00  1.700E-18  1.849E-10  1.828E-10  2.150E-12 Akari IRC NIR N4
7.000E+00  1.222E-17  2.269E-09  2.254E-09  1.495E-11 Akari IRC MIR-S S7
9.000E+00  6.590E-18  1.573E-09  1.495E-09  7.839E-11 Akari IRC MIR-S S9W
1.100E+01  2.582E-18  7.533E-10  6.375E-10  1.158E-10 Akari IRC MIR-S S11
1.500E+01  7.138E-19  2.840E-10  2.265E-10  5.751E-11 Akari IRC MIR-L L15
1.800E+01  3.863E-19  1.844E-10  1.277E-10  5.671E-11 Akari IRC MIR-L L18W
2.400E+01  1.548E-19  9.855E-11  5.035E-11  4.820E-11 Akari IRC MIR-L L24
6.500E+01  1.698E-21  2.928E-12  1.164E-12  1.763E-12 Akari FIS N60
8.000E+01  6.569E-22  1.394E-12  5.509E-13  8.432E-13 Akari FIS WIDE-S
1.400E+02  3.602E-23  1.337E-13  5.121E-14  8.254E-14 Akari FIS WIDE-L
1.600E+02  1.980E-23  8.402E-14  3.198E-14  5.204E-14 Akari FIS N160
 
 
 
 


lambda    nu*dP/dnu     j_nu    j_nu(carb.) j_nu(sil)
 (um)    (erg/(s*H)) (Jy/(sr*H) (Jy/(sr*H)) (Jy/(sr*H)
1.000E+04  1.468E-31  3.894E-20  1.090E-20  2.804E-20
9.908E+03  1.522E-31  4.000E-20  1.121E-20  2.879E-20
9.817E+03  1.578E-31  4.108E-20  1.152E-20  2.957E-20
9.727E+03  1.635E-31  4.220E-20  1.184E-20  3.036E-20
9.638E+03  1.695E-31  4.334E-20  1.217E-20  3.117E-20
9.550E+03  1.757E-31  4.451E-20  1.250E-20  3.201E-20
9.462E+03  1.821E-31  4.572E-20  1.285E-20  3.287E-20
9.376E+03  1.888E-31  4.696E-20  1.321E-20  3.375E-20
9.290E+03  1.957E-31  4.823E-20  1.357E-20  3.466E-20
9.204E+03  2.029E-31  4.954E-20  1.395E-20  3.558E-20
9.120E+03  2.103E-31  5.088E-20  1.434E-20  3.654E-20
9.036E+03  2.180E-31  5.226E-20  1.474E-20  3.752E-20
8.954E+03  2.260E-31  5.367E-20  1.515E-20  3.852E-20
8.872E+03  2.342E-31  5.511E-20  1.557E-20  3.955E-20
8.790E+03  2.427E-31  5.660E-20  1.600E-20  4.060E-20
8.710E+03  2.516E-31  5.812E-20  1.644E-20  4.168E-20
8.630E+03  2.607E-31  5.969E-20  1.690E-20  4.279E-20
8.551E+03  2.703E-31  6.130E-20  1.737E-20  4.393E-20
8.472E+03  2.801E-31  6.295E-20  1.785E-20  4.510E-20
8.395E+03  2.904E-31  6.466E-20  1.835E-20  4.631E-20
8.318E+03  3.010E-31  6.640E-20  1.885E-20  4.755E-20
8.241E+03  3.120E-31  6.820E-20  1.938E-20  4.882E-20
8.166E+03  3.234E-31  7.005E-20  1.992E-20  5.013E-20
8.091E+03  3.352E-31  7.195E-20  2.047E-20  5.148E-20
8.017E+03  3.475E-31  7.390E-20  2.104E-20  5.286E-20
7.943E+03  3.602E-31  7.590E-20  2.162E-20  5.428E-20
7.870E+03  3.734E-31  7.796E-20  2.222E-20  5.574E-20
7.798E+03  3.871E-31  8.008E-20  2.284E-20  5.725E-20
7.727E+03  4.014E-31  8.226E-20  2.347E-20  5.879E-20
7.656E+03  4.161E-31  8.450E-20  2.412E-20  6.038E-20
7.586E+03  4.314E-31  8.680E-20  2.479E-20  6.201E-20
7.516E+03  4.472E-31  8.917E-20  2.548E-20  6.369E-20
7.447E+03  4.637E-31  9.160E-20  2.619E-20  6.541E-20
7.379E+03  4.808E-31  9.410E-20  2.692E-20  6.718E-20
7.311E+03  4.985E-31  9.667E-20  2.767E-20  6.900E-20
7.244E+03  5.168E-31  9.931E-20  2.844E-20  7.088E-20
7.178E+03  5.359E-31  1.020E-19  2.923E-20  7.280E-20
7.112E+03  5.556E-31  1.048E-19  3.004E-20  7.478E-20
7.047E+03  5.761E-31  1.077E-19  3.087E-20  7.682E-20
6.982E+03  5.974E-31  1.106E-19  3.173E-20  7.891E-20
6.918E+03  6.194E-31  1.137E-19  3.262E-20  8.106E-20
6.855E+03  6.423E-31  1.168E-19  3.353E-20  8.326E-20
6.792E+03  6.660E-31  1.200E-19  3.446E-20  8.553E-20
6.730E+03  6.906E-31  1.233E-19  3.542E-20  8.786E-20
6.668E+03  7.161E-31  1.267E-19  3.641E-20  9.026E-20
6.607E+03  7.426E-31  1.301E-19  3.742E-20  9.273E-20
6.546E+03  7.701E-31  1.337E-19  3.846E-20  9.527E-20
6.486E+03  7.987E-31  1.374E-19  3.954E-20  9.788E-20
6.427E+03  8.283E-31  1.412E-19  4.064E-20  1.006E-19
6.368E+03  8.590E-31  1.451E-19  4.178E-20  1.033E-19
6.310E+03  8.909E-31  1.491E-19  4.294E-20  1.062E-19
6.252E+03  9.240E-31  1.532E-19  4.414E-20  1.091E-19
6.194E+03  9.583E-31  1.575E-19  4.538E-20  1.121E-19
6.138E+03  9.939E-31  1.618E-19  4.665E-20  1.152E-19
6.081E+03  1.031E-30  1.663E-19  4.795E-20  1.183E-19
6.026E+03  1.069E-30  1.709E-19  4.930E-20  1.216E-19
5.970E+03  1.109E-30  1.757E-19  5.068E-20  1.250E-19
5.916E+03  1.151E-30  1.805E-19  5.210E-20  1.284E-19
5.861E+03  1.193E-30  1.856E-19  5.356E-20  1.320E-19
5.808E+03  1.238E-30  1.907E-19  5.506E-20  1.357E-19
5.754E+03  1.284E-30  1.960E-19  5.661E-20  1.394E-19
5.702E+03  1.332E-30  2.015E-19  5.820E-20  1.433E-19
5.649E+03  1.382E-30  2.071E-19  5.984E-20  1.473E-19
5.598E+03  1.434E-30  2.129E-19  6.152E-20  1.514E-19
5.546E+03  1.488E-30  2.189E-19  6.325E-20  1.556E-19
5.495E+03  1.543E-30  2.250E-19  6.504E-20  1.600E-19
5.445E+03  1.601E-30  2.313E-19  6.687E-20  1.644E-19
5.395E+03  1.661E-30  2.378E-19  6.876E-20  1.690E-19
5.346E+03  1.724E-30  2.444E-19  7.070E-20  1.737E-19
5.297E+03  1.789E-30  2.513E-19  7.270E-20  1.786E-19
5.248E+03  1.856E-30  2.584E-19  7.475E-20  1.836E-19
5.200E+03  1.926E-30  2.656E-19  7.687E-20  1.888E-19
5.152E+03  1.998E-30  2.731E-19  7.905E-20  1.941E-19
5.105E+03  2.074E-30  2.808E-19  8.129E-20  1.995E-19
5.058E+03  2.152E-30  2.887E-19  8.360E-20  2.051E-19
5.012E+03  2.233E-30  2.969E-19  8.598E-20  2.109E-19
4.966E+03  2.318E-30  3.053E-19  8.842E-20  2.169E-19
4.920E+03  2.405E-30  3.139E-19  9.094E-20  2.230E-19
4.875E+03  2.496E-30  3.228E-19  9.353E-20  2.293E-19
4.831E+03  2.591E-30  3.320E-19  9.620E-20  2.358E-19
4.786E+03  2.689E-30  3.414E-19  9.894E-20  2.424E-19
4.742E+03  2.791E-30  3.511E-19  1.018E-19  2.493E-19
4.699E+03  2.897E-30  3.610E-19  1.047E-19  2.564E-19
4.656E+03  3.007E-30  3.713E-19  1.077E-19  2.636E-19
4.613E+03  3.121E-30  3.819E-19  1.108E-19  2.711E-19
4.571E+03  3.240E-30  3.928E-19  1.140E-19  2.788E-19
4.529E+03  3.363E-30  4.040E-19  1.172E-19  2.868E-19
4.487E+03  3.491E-30  4.156E-19  1.206E-19  2.950E-19
4.446E+03  3.624E-30  4.275E-19  1.241E-19  3.034E-19
4.406E+03  3.763E-30  4.397E-19  1.277E-19  3.121E-19
4.365E+03  3.907E-30  4.523E-19  1.313E-19  3.210E-19
4.325E+03  4.056E-30  4.653E-19  1.351E-19  3.302E-19
4.285E+03  4.211E-30  4.787E-19  1.390E-19  3.397E-19
4.246E+03  4.373E-30  4.925E-19  1.431E-19  3.494E-19
4.207E+03  4.540E-30  5.067E-19  1.472E-19  3.595E-19
4.169E+03  4.714E-30  5.213E-19  1.515E-19  3.698E-19
4.130E+03  4.896E-30  5.364E-19  1.559E-19  3.805E-19
4.093E+03  5.084E-30  5.519E-19  1.605E-19  3.914E-19
4.055E+03  5.279E-30  5.679E-19  1.651E-19  4.027E-19
4.018E+03  5.483E-30  5.843E-19  1.700E-19  4.144E-19
3.981E+03  5.694E-30  6.013E-19  1.749E-19  4.264E-19
3.945E+03  5.913E-30  6.187E-19  1.801E-19  4.387E-19
3.908E+03  6.141E-30  6.367E-19  1.853E-19  4.514E-19
3.873E+03  6.378E-30  6.552E-19  1.908E-19  4.644E-19
3.837E+03  6.625E-30  6.743E-19  1.964E-19  4.779E-19
3.802E+03  6.881E-30  6.940E-19  2.022E-19  4.918E-19
3.767E+03  7.148E-30  7.142E-19  2.081E-19  5.061E-19
3.733E+03  7.425E-30  7.351E-19  2.143E-19  5.208E-19
3.698E+03  7.713E-30  7.566E-19  2.206E-19  5.360E-19
3.664E+03  8.013E-30  7.788E-19  2.272E-19  5.517E-19
3.631E+03  8.324E-30  8.017E-19  2.339E-19  5.678E-19
3.597E+03  8.648E-30  8.253E-19  2.409E-19  5.844E-19
3.565E+03  8.985E-30  8.496E-19  2.480E-19  6.015E-19
3.532E+03  9.336E-30  8.746E-19  2.554E-19  6.192E-19
3.499E+03  9.701E-30  9.005E-19  2.631E-19  6.374E-19
3.467E+03  1.008E-29  9.271E-19  2.709E-19  6.562E-19
3.436E+03  1.047E-29  9.546E-19  2.791E-19  6.755E-19
3.404E+03  1.089E-29  9.829E-19  2.874E-19  6.955E-19
3.373E+03  1.131E-29  1.012E-18  2.961E-19  7.160E-19
3.342E+03  1.176E-29  1.042E-18  3.050E-19  7.372E-19
3.311E+03  1.222E-29  1.073E-18  3.142E-19  7.590E-19
3.281E+03  1.270E-29  1.105E-18  3.237E-19  7.816E-19
3.251E+03  1.320E-29  1.138E-18  3.335E-19  8.048E-19
3.221E+03  1.372E-29  1.172E-18  3.436E-19  8.287E-19
3.192E+03  1.426E-29  1.207E-18  3.540E-19  8.534E-19
3.162E+03  1.483E-29  1.244E-18  3.648E-19  8.789E-19
3.133E+03  1.541E-29  1.281E-18  3.759E-19  9.051E-19
3.105E+03  1.602E-29  1.320E-18  3.873E-19  9.322E-19
3.076E+03  1.666E-29  1.359E-18  3.992E-19  9.601E-19
3.048E+03  1.732E-29  1.400E-18  4.114E-19  9.889E-19
3.020E+03  1.801E-29  1.443E-18  4.240E-19  1.019E-18
2.992E+03  1.872E-29  1.486E-18  4.371E-19  1.049E-18
2.965E+03  1.947E-29  1.531E-18  4.505E-19  1.080E-18
2.938E+03  2.024E-29  1.577E-18  4.644E-19  1.113E-18
2.911E+03  2.105E-29  1.625E-18  4.787E-19  1.146E-18
2.884E+03  2.188E-29  1.674E-18  4.936E-19  1.181E-18
2.858E+03  2.276E-29  1.725E-18  5.089E-19  1.216E-18
2.831E+03  2.367E-29  1.777E-18  5.247E-19  1.253E-18
2.805E+03  2.461E-29  1.832E-18  5.410E-19  1.291E-18
2.780E+03  2.560E-29  1.887E-18  5.578E-19  1.330E-18
2.754E+03  2.662E-29  1.945E-18  5.753E-19  1.370E-18
2.729E+03  2.769E-29  2.005E-18  5.932E-19  1.411E-18
2.704E+03  2.880E-29  2.066E-18  6.118E-19  1.454E-18
2.679E+03  2.996E-29  2.129E-18  6.310E-19  1.498E-18
2.655E+03  3.117E-29  2.195E-18  6.509E-19  1.544E-18
2.630E+03  3.243E-29  2.262E-18  6.714E-19  1.591E-18
2.606E+03  3.373E-29  2.332E-18  6.926E-19  1.639E-18
2.582E+03  3.510E-29  2.404E-18  7.145E-19  1.690E-18
2.559E+03  3.652E-29  2.478E-18  7.371E-19  1.741E-18
2.535E+03  3.800E-29  2.555E-18  7.605E-19  1.795E-18
2.512E+03  3.954E-29  2.634E-18  7.846E-19  1.850E-18
2.489E+03  4.114E-29  2.716E-18  8.096E-19  1.906E-18
2.466E+03  4.281E-29  2.800E-18  8.355E-19  1.965E-18
2.443E+03  4.455E-29  2.888E-18  8.622E-19  2.026E-18
2.421E+03  4.637E-29  2.978E-18  8.898E-19  2.088E-18
2.399E+03  4.826E-29  3.071E-18  9.183E-19  2.152E-18
2.377E+03  5.023E-29  3.167E-18  9.478E-19  2.219E-18
2.355E+03  5.228E-29  3.266E-18  9.783E-19  2.288E-18
2.333E+03  5.442E-29  3.368E-18  1.010E-18  2.358E-18
2.312E+03  5.665E-29  3.474E-18  1.042E-18  2.432E-18
2.291E+03  5.897E-29  3.583E-18  1.076E-18  2.507E-18
2.270E+03  6.139E-29  3.696E-18  1.111E-18  2.585E-18
2.249E+03  6.391E-29  3.813E-18  1.147E-18  2.665E-18
2.228E+03  6.654E-29  3.933E-18  1.184E-18  2.748E-18
2.208E+03  6.927E-29  4.057E-18  1.223E-18  2.834E-18
2.188E+03  7.213E-29  4.186E-18  1.263E-18  2.923E-18
2.168E+03  7.510E-29  4.318E-18  1.304E-18  3.014E-18
2.148E+03  7.820E-29  4.456E-18  1.347E-18  3.108E-18
2.128E+03  8.144E-29  4.597E-18  1.391E-18  3.206E-18
2.109E+03  8.481E-29  4.743E-18  1.437E-18  3.306E-18
2.089E+03  8.832E-29  4.895E-18  1.484E-18  3.410E-18
2.070E+03  9.198E-29  5.051E-18  1.533E-18  3.517E-18
2.051E+03  9.580E-29  5.212E-18  1.584E-18  3.628E-18
2.032E+03  9.977E-29  5.379E-18  1.636E-18  3.742E-18
2.014E+03  1.039E-28  5.551E-18  1.691E-18  3.860E-18
1.995E+03  1.082E-28  5.729E-18  1.747E-18  3.982E-18
1.977E+03  1.128E-28  5.913E-18  1.805E-18  4.108E-18
1.959E+03  1.175E-28  6.103E-18  1.865E-18  4.238E-18
1.941E+03  1.224E-28  6.299E-18  1.927E-18  4.372E-18
1.923E+03  1.275E-28  6.502E-18  1.992E-18  4.510E-18
1.905E+03  1.328E-28  6.712E-18  2.058E-18  4.653E-18
1.888E+03  1.383E-28  6.928E-18  2.127E-18  4.801E-18
1.871E+03  1.441E-28  7.152E-18  2.199E-18  4.953E-18
1.854E+03  1.502E-28  7.384E-18  2.273E-18  5.111E-18
1.837E+03  1.565E-28  7.623E-18  2.350E-18  5.274E-18
1.820E+03  1.631E-28  7.870E-18  2.429E-18  5.442E-18
1.803E+03  1.699E-28  8.126E-18  2.511E-18  5.615E-18
1.786E+03  1.771E-28  8.390E-18  2.596E-18  5.794E-18
1.770E+03  1.845E-28  8.664E-18  2.684E-18  5.980E-18
1.754E+03  1.923E-28  8.946E-18  2.775E-18  6.171E-18
1.738E+03  2.004E-28  9.238E-18  2.870E-18  6.369E-18
1.722E+03  2.089E-28  9.540E-18  2.967E-18  6.573E-18
1.706E+03  2.177E-28  9.852E-18  3.069E-18  6.783E-18
1.690E+03  2.269E-28  1.017E-17  3.174E-18  7.001E-18
1.675E+03  2.365E-28  1.051E-17  3.282E-18  7.226E-18
1.660E+03  2.465E-28  1.085E-17  3.395E-18  7.459E-18
1.644E+03  2.570E-28  1.121E-17  3.511E-18  7.699E-18
1.629E+03  2.679E-28  1.158E-17  3.632E-18  7.947E-18
1.614E+03  2.793E-28  1.196E-17  3.757E-18  8.203E-18
1.600E+03  2.912E-28  1.235E-17  3.887E-18  8.468E-18
1.585E+03  3.036E-28  1.276E-17  4.021E-18  8.741E-18
1.570E+03  3.165E-28  1.318E-17  4.160E-18  9.023E-18
1.556E+03  3.300E-28  1.362E-17  4.304E-18  9.315E-18
1.542E+03  3.440E-28  1.407E-17  4.453E-18  9.617E-18
1.528E+03  3.587E-28  1.454E-17  4.607E-18  9.928E-18
1.514E+03  3.740E-28  1.502E-17  4.768E-18  1.025E-17
1.500E+03  3.900E-28  1.552E-17  4.933E-18  1.058E-17
1.486E+03  4.067E-28  1.603E-17  5.105E-18  1.093E-17
1.472E+03  4.241E-28  1.656E-17  5.283E-18  1.128E-17
1.459E+03  4.423E-28  1.712E-17  5.468E-18  1.165E-17
1.445E+03  4.613E-28  1.769E-17  5.659E-18  1.203E-17
1.432E+03  4.811E-28  1.828E-17  5.857E-18  1.242E-17
1.419E+03  5.018E-28  1.889E-17  6.063E-18  1.283E-17
1.406E+03  5.234E-28  1.952E-17  6.276E-18  1.324E-17
1.393E+03  5.459E-28  2.017E-17  6.496E-18  1.368E-17
1.380E+03  5.694E-28  2.085E-17  6.725E-18  1.412E-17
1.368E+03  5.939E-28  2.155E-17  6.962E-18  1.459E-17
1.355E+03  6.195E-28  2.227E-17  7.207E-18  1.506E-17
1.343E+03  6.463E-28  2.302E-17  7.462E-18  1.556E-17
1.330E+03  6.742E-28  2.379E-17  7.726E-18  1.607E-17
1.318E+03  7.033E-28  2.459E-17  7.999E-18  1.659E-17
1.306E+03  7.337E-28  2.542E-17  8.282E-18  1.714E-17
1.294E+03  7.654E-28  2.628E-17  8.576E-18  1.770E-17
1.282E+03  7.986E-28  2.716E-17  8.881E-18  1.828E-17
1.271E+03  8.332E-28  2.808E-17  9.196E-18  1.888E-17
1.259E+03  8.693E-28  2.903E-17  9.524E-18  1.951E-17
1.247E+03  9.070E-28  3.001E-17  9.863E-18  2.015E-17
1.236E+03  9.463E-28  3.102E-17  1.021E-17  2.081E-17
1.225E+03  9.874E-28  3.207E-17  1.058E-17  2.150E-17
1.213E+03  1.030E-27  3.316E-17  1.096E-17  2.220E-17
1.202E+03  1.075E-27  3.428E-17  1.135E-17  2.294E-17
1.191E+03  1.122E-27  3.545E-17  1.175E-17  2.369E-17
1.180E+03  1.171E-27  3.665E-17  1.218E-17  2.447E-17
1.169E+03  1.222E-27  3.789E-17  1.261E-17  2.528E-17
1.159E+03  1.275E-27  3.918E-17  1.306E-17  2.612E-17
1.148E+03  1.330E-27  4.051E-17  1.353E-17  2.698E-17
1.138E+03  1.388E-27  4.189E-17  1.402E-17  2.787E-17
1.127E+03  1.449E-27  4.332E-17  1.453E-17  2.879E-17
1.117E+03  1.512E-27  4.479E-17  1.505E-17  2.975E-17
1.107E+03  1.578E-27  4.632E-17  1.559E-17  3.073E-17
1.096E+03  1.647E-27  4.790E-17  1.615E-17  3.175E-17
1.086E+03  1.719E-27  4.954E-17  1.674E-17  3.280E-17
1.076E+03  1.794E-27  5.123E-17  1.734E-17  3.389E-17
1.067E+03  1.872E-27  5.298E-17  1.797E-17  3.501E-17
1.057E+03  1.954E-27  5.479E-17  1.862E-17  3.617E-17
1.047E+03  2.040E-27  5.666E-17  1.929E-17  3.737E-17
1.038E+03  2.129E-27  5.860E-17  1.999E-17  3.861E-17
1.028E+03  2.222E-27  6.060E-17  2.072E-17  3.989E-17
1.019E+03  2.320E-27  6.268E-17  2.147E-17  4.121E-17
1.009E+03  2.421E-27  6.482E-17  2.225E-17  4.258E-17
1.000E+03  2.527E-27  6.704E-17  2.305E-17  4.399E-17
9.908E+02  2.638E-27  6.935E-17  2.389E-17  4.545E-17
9.817E+02  2.754E-27  7.173E-17  2.476E-17  4.697E-17
9.727E+02  2.875E-27  7.419E-17  2.566E-17  4.853E-17
9.638E+02  3.002E-27  7.674E-17  2.660E-17  5.015E-17
9.550E+02  3.134E-27  7.939E-17  2.757E-17  5.182E-17
9.462E+02  3.272E-27  8.212E-17  2.857E-17  5.355E-17
9.376E+02  3.416E-27  8.494E-17  2.961E-17  5.533E-17
9.290E+02  3.566E-27  8.787E-17  3.069E-17  5.718E-17
9.204E+02  3.723E-27  9.090E-17  3.182E-17  5.908E-17
9.120E+02  3.887E-27  9.403E-17  3.298E-17  6.105E-17
9.036E+02  4.058E-27  9.727E-17  3.418E-17  6.309E-17
8.954E+02  4.237E-27  1.006E-16  3.543E-17  6.519E-17
8.872E+02  4.423E-27  1.041E-16  3.673E-17  6.737E-17
8.790E+02  4.618E-27  1.077E-16  3.807E-17  6.961E-17
8.710E+02  4.822E-27  1.114E-16  3.947E-17  7.193E-17
8.630E+02  5.034E-27  1.152E-16  4.092E-17  7.432E-17
8.551E+02  5.256E-27  1.192E-16  4.242E-17  7.680E-17
8.472E+02  5.488E-27  1.233E-16  4.397E-17  7.936E-17
8.395E+02  5.730E-27  1.276E-16  4.558E-17  8.200E-17
8.318E+02  5.982E-27  1.320E-16  4.726E-17  8.473E-17
8.241E+02  6.246E-27  1.365E-16  4.899E-17  8.755E-17
8.166E+02  6.521E-27  1.413E-16  5.079E-17  9.047E-17
8.091E+02  6.809E-27  1.461E-16  5.266E-17  9.348E-17
8.017E+02  7.109E-27  1.512E-16  5.460E-17  9.659E-17
7.943E+02  7.423E-27  1.564E-16  5.660E-17  9.980E-17
7.870E+02  7.750E-27  1.618E-16  5.869E-17  1.031E-16
7.798E+02  8.092E-27  1.674E-16  6.085E-17  1.066E-16
7.727E+02  8.450E-27  1.732E-16  6.309E-17  1.101E-16
7.656E+02  8.823E-27  1.792E-16  6.541E-17  1.138E-16
7.586E+02  9.212E-27  1.854E-16  6.782E-17  1.176E-16
7.516E+02  9.619E-27  1.918E-16  7.032E-17  1.215E-16
7.447E+02  1.004E-26  1.984E-16  7.291E-17  1.255E-16
7.379E+02  1.049E-26  2.053E-16  7.560E-17  1.297E-16
7.311E+02  1.095E-26  2.125E-16  7.838E-17  1.341E-16
7.244E+02  1.144E-26  2.198E-16  8.128E-17  1.386E-16
7.178E+02  1.195E-26  2.275E-16  8.428E-17  1.432E-16
7.112E+02  1.248E-26  2.354E-16  8.739E-17  1.480E-16
7.047E+02  1.303E-26  2.436E-16  9.061E-17  1.530E-16
6.982E+02  1.361E-26  2.521E-16  9.396E-17  1.582E-16
6.918E+02  1.422E-26  2.609E-16  9.743E-17  1.635E-16
6.855E+02  1.485E-26  2.700E-16  1.010E-16  1.690E-16
6.792E+02  1.551E-26  2.795E-16  1.048E-16  1.747E-16
6.730E+02  1.620E-26  2.892E-16  1.086E-16  1.806E-16
6.668E+02  1.692E-26  2.993E-16  1.126E-16  1.867E-16
6.607E+02  1.768E-26  3.098E-16  1.168E-16  1.930E-16
6.546E+02  1.847E-26  3.207E-16  1.211E-16  1.995E-16
6.486E+02  1.929E-26  3.319E-16  1.256E-16  2.063E-16
6.427E+02  2.016E-26  3.436E-16  1.303E-16  2.134E-16
6.368E+02  2.106E-26  3.558E-16  1.351E-16  2.207E-16
6.310E+02  2.201E-26  3.683E-16  1.401E-16  2.282E-16
6.252E+02  2.299E-26  3.813E-16  1.453E-16  2.361E-16
6.194E+02  2.403E-26  3.948E-16  1.506E-16  2.442E-16
6.138E+02  2.511E-26  4.088E-16  1.562E-16  2.526E-16
6.081E+02  2.624E-26  4.233E-16  1.620E-16  2.613E-16
6.026E+02  2.742E-26  4.383E-16  1.680E-16  2.703E-16
5.970E+02  2.866E-26  4.538E-16  1.742E-16  2.796E-16
5.916E+02  2.995E-26  4.700E-16  1.807E-16  2.893E-16
5.861E+02  3.130E-26  4.867E-16  1.874E-16  2.993E-16
5.808E+02  3.272E-26  5.040E-16  1.943E-16  3.097E-16
5.754E+02  3.420E-26  5.220E-16  2.015E-16  3.205E-16
5.702E+02  3.574E-26  5.406E-16  2.090E-16  3.316E-16
5.649E+02  3.736E-26  5.599E-16  2.167E-16  3.432E-16
5.598E+02  3.906E-26  5.799E-16  2.248E-16  3.552E-16
5.546E+02  4.083E-26  6.007E-16  2.331E-16  3.676E-16
5.495E+02  4.269E-26  6.222E-16  2.417E-16  3.805E-16
5.445E+02  4.463E-26  6.446E-16  2.507E-16  3.939E-16
5.395E+02  4.666E-26  6.677E-16  2.600E-16  4.077E-16
5.346E+02  4.879E-26  6.918E-16  2.697E-16  4.221E-16
5.297E+02  5.101E-26  7.167E-16  2.797E-16  4.370E-16
5.248E+02  5.334E-26  7.425E-16  2.900E-16  4.525E-16
5.200E+02  5.577E-26  7.693E-16  3.008E-16  4.685E-16
5.152E+02  5.832E-26  7.971E-16  3.119E-16  4.851E-16
5.105E+02  6.099E-26  8.259E-16  3.235E-16  5.024E-16
5.058E+02  6.378E-26  8.558E-16  3.355E-16  5.203E-16
5.012E+02  6.671E-26  8.868E-16  3.480E-16  5.388E-16
4.966E+02  6.976E-26  9.190E-16  3.609E-16  5.581E-16
4.920E+02  7.297E-26  9.523E-16  3.743E-16  5.781E-16
4.875E+02  7.632E-26  9.869E-16  3.882E-16  5.988E-16
4.831E+02  7.983E-26  1.023E-15  4.026E-16  6.203E-16
4.786E+02  8.350E-26  1.060E-15  4.175E-16  6.426E-16
4.742E+02  8.734E-26  1.099E-15  4.330E-16  6.657E-16
4.699E+02  9.137E-26  1.139E-15  4.491E-16  6.897E-16
4.656E+02  9.558E-26  1.180E-15  4.658E-16  7.147E-16
4.613E+02  9.999E-26  1.224E-15  4.830E-16  7.405E-16
4.571E+02  1.046E-25  1.268E-15  5.010E-16  7.674E-16
4.529E+02  1.094E-25  1.315E-15  5.196E-16  7.953E-16
4.487E+02  1.145E-25  1.363E-15  5.389E-16  8.242E-16
4.446E+02  1.198E-25  1.413E-15  5.589E-16  8.542E-16
4.406E+02  1.254E-25  1.465E-15  5.796E-16  8.853E-16
4.365E+02  1.312E-25  1.519E-15  6.011E-16  9.177E-16
4.325E+02  1.373E-25  1.575E-15  6.235E-16  9.512E-16
4.285E+02  1.436E-25  1.633E-15  6.466E-16  9.861E-16
4.246E+02  1.503E-25  1.693E-15  6.706E-16  1.022E-15
4.207E+02  1.573E-25  1.755E-15  6.955E-16  1.060E-15
4.169E+02  1.646E-25  1.820E-15  7.213E-16  1.099E-15
4.130E+02  1.723E-25  1.888E-15  7.481E-16  1.140E-15
4.093E+02  1.803E-25  1.958E-15  7.759E-16  1.182E-15
4.055E+02  1.887E-25  2.030E-15  8.047E-16  1.226E-15
4.018E+02  1.976E-25  2.106E-15  8.346E-16  1.271E-15
3.981E+02  2.068E-25  2.184E-15  8.656E-16  1.318E-15
3.945E+02  2.165E-25  2.265E-15  8.977E-16  1.367E-15
3.908E+02  2.266E-25  2.350E-15  9.311E-16  1.419E-15
3.873E+02  2.373E-25  2.437E-15  9.656E-16  1.472E-15
3.837E+02  2.484E-25  2.528E-15  1.001E-15  1.527E-15
3.802E+02  2.601E-25  2.623E-15  1.039E-15  1.584E-15
3.767E+02  2.723E-25  2.721E-15  1.077E-15  1.644E-15
3.733E+02  2.851E-25  2.823E-15  1.117E-15  1.706E-15
3.698E+02  2.985E-25  2.929E-15  1.159E-15  1.770E-15
3.664E+02  3.126E-25  3.039E-15  1.202E-15  1.837E-15
3.631E+02  3.274E-25  3.153E-15  1.246E-15  1.907E-15
3.597E+02  3.428E-25  3.271E-15  1.293E-15  1.979E-15
3.565E+02  3.590E-25  3.395E-15  1.341E-15  2.054E-15
3.532E+02  3.760E-25  3.523E-15  1.390E-15  2.132E-15
3.499E+02  3.938E-25  3.655E-15  1.442E-15  2.214E-15
3.467E+02  4.125E-25  3.794E-15  1.496E-15  2.298E-15
3.436E+02  4.320E-25  3.937E-15  1.551E-15  2.386E-15
3.404E+02  4.525E-25  4.086E-15  1.609E-15  2.477E-15
3.373E+02  4.740E-25  4.241E-15  1.668E-15  2.572E-15
3.342E+02  4.965E-25  4.401E-15  1.730E-15  2.671E-15
3.311E+02  5.201E-25  4.568E-15  1.794E-15  2.774E-15
3.281E+02  5.449E-25  4.742E-15  1.861E-15  2.881E-15
3.251E+02  5.708E-25  4.922E-15  1.930E-15  2.992E-15
3.221E+02  5.980E-25  5.109E-15  2.002E-15  3.108E-15
3.192E+02  6.265E-25  5.304E-15  2.076E-15  3.228E-15
3.162E+02  6.564E-25  5.506E-15  2.153E-15  3.353E-15
3.133E+02  6.878E-25  5.716E-15  2.233E-15  3.483E-15
3.105E+02  7.206E-25  5.935E-15  2.316E-15  3.619E-15
3.076E+02  7.551E-25  6.161E-15  2.402E-15  3.760E-15
3.048E+02  7.913E-25  6.397E-15  2.491E-15  3.906E-15
3.020E+02  8.292E-25  6.642E-15  2.583E-15  4.059E-15
2.992E+02  8.689E-25  6.897E-15  2.679E-15  4.218E-15
2.965E+02  9.106E-25  7.161E-15  2.778E-15  4.383E-15
2.938E+02  9.543E-25  7.436E-15  2.881E-15  4.555E-15
2.911E+02  1.000E-24  7.722E-15  2.988E-15  4.734E-15
2.884E+02  1.048E-24  8.019E-15  3.099E-15  4.920E-15
2.858E+02  1.099E-24  8.328E-15  3.214E-15  5.114E-15
2.831E+02  1.152E-24  8.648E-15  3.333E-15  5.315E-15
2.805E+02  1.207E-24  8.982E-15  3.457E-15  5.525E-15
2.780E+02  1.265E-24  9.329E-15  3.585E-15  5.744E-15
2.754E+02  1.326E-24  9.689E-15  3.718E-15  5.971E-15
2.729E+02  1.390E-24  1.006E-14  3.856E-15  6.209E-15
2.704E+02  1.458E-24  1.046E-14  3.998E-15  6.457E-15
2.679E+02  1.528E-24  1.086E-14  4.147E-15  6.715E-15
2.655E+02  1.603E-24  1.128E-14  4.300E-15  6.984E-15
2.630E+02  1.680E-24  1.172E-14  4.460E-15  7.265E-15
2.606E+02  1.762E-24  1.218E-14  4.625E-15  7.557E-15
2.582E+02  1.848E-24  1.266E-14  4.796E-15  7.861E-15
2.559E+02  1.937E-24  1.315E-14  4.974E-15  8.176E-15
2.535E+02  2.031E-24  1.366E-14  5.158E-15  8.502E-15
2.512E+02  2.129E-24  1.419E-14  5.349E-15  8.840E-15
2.489E+02  2.231E-24  1.473E-14  5.547E-15  9.184E-15
2.466E+02  2.337E-24  1.529E-14  5.753E-15  9.534E-15
2.443E+02  2.447E-24  1.586E-14  5.966E-15  9.896E-15
2.421E+02  2.562E-24  1.645E-14  6.186E-15  1.027E-14
2.399E+02  2.682E-24  1.707E-14  6.415E-15  1.065E-14
2.377E+02  2.807E-24  1.770E-14  6.653E-15  1.104E-14
2.355E+02  2.937E-24  1.835E-14  6.899E-15  1.145E-14
2.333E+02  3.073E-24  1.902E-14  7.154E-15  1.187E-14
2.312E+02  3.215E-24  1.972E-14  7.419E-15  1.230E-14
2.291E+02  3.364E-24  2.044E-14  7.693E-15  1.275E-14
2.270E+02  3.520E-24  2.120E-14  7.978E-15  1.322E-14
2.249E+02  3.683E-24  2.197E-14  8.273E-15  1.370E-14
2.228E+02  3.854E-24  2.278E-14  8.579E-15  1.420E-14
2.208E+02  4.033E-24  2.362E-14  8.896E-15  1.472E-14
2.188E+02  4.220E-24  2.449E-14  9.225E-15  1.526E-14
2.168E+02  4.415E-24  2.539E-14  9.566E-15  1.582E-14
2.148E+02  4.620E-24  2.632E-14  9.920E-15  1.640E-14
2.128E+02  4.834E-24  2.729E-14  1.029E-14  1.700E-14
2.109E+02  5.058E-24  2.829E-14  1.067E-14  1.762E-14
2.089E+02  5.292E-24  2.933E-14  1.106E-14  1.827E-14
2.070E+02  5.537E-24  3.041E-14  1.147E-14  1.894E-14
2.051E+02  5.793E-24  3.152E-14  1.189E-14  1.963E-14
2.032E+02  6.061E-24  3.268E-14  1.233E-14  2.035E-14
2.014E+02  6.342E-24  3.388E-14  1.279E-14  2.109E-14
1.995E+02  6.635E-24  3.512E-14  1.326E-14  2.186E-14
1.977E+02  6.942E-24  3.640E-14  1.375E-14  2.265E-14
1.959E+02  7.263E-24  3.774E-14  1.426E-14  2.348E-14
1.941E+02  7.598E-24  3.912E-14  1.478E-14  2.434E-14
1.923E+02  7.949E-24  4.055E-14  1.533E-14  2.522E-14
1.905E+02  8.316E-24  4.203E-14  1.589E-14  2.614E-14
1.888E+02  8.701E-24  4.357E-14  1.648E-14  2.709E-14
1.871E+02  9.102E-24  4.517E-14  1.709E-14  2.808E-14
1.854E+02  9.522E-24  4.682E-14  1.772E-14  2.910E-14
1.837E+02  9.962E-24  4.853E-14  1.837E-14  3.016E-14
1.820E+02  1.042E-23  5.030E-14  1.905E-14  3.126E-14
1.803E+02  1.090E-23  5.214E-14  1.975E-14  3.239E-14
1.786E+02  1.140E-23  5.405E-14  2.048E-14  3.357E-14
1.770E+02  1.193E-23  5.602E-14  2.123E-14  3.479E-14
1.754E+02  1.248E-23  5.806E-14  2.201E-14  3.605E-14
1.738E+02  1.306E-23  6.018E-14  2.282E-14  3.736E-14
1.722E+02  1.366E-23  6.238E-14  2.366E-14  3.871E-14
1.706E+02  1.429E-23  6.465E-14  2.454E-14  4.012E-14
1.690E+02  1.494E-23  6.701E-14  2.544E-14  4.157E-14
1.675E+02  1.563E-23  6.945E-14  2.638E-14  4.308E-14
1.660E+02  1.635E-23  7.198E-14  2.735E-14  4.464E-14
1.644E+02  1.710E-23  7.461E-14  2.835E-14  4.625E-14
1.629E+02  1.789E-23  7.732E-14  2.940E-14  4.793E-14
1.614E+02  1.871E-23  8.014E-14  3.048E-14  4.966E-14
1.600E+02  1.958E-23  8.306E-14  3.160E-14  5.146E-14
1.585E+02  2.048E-23  8.608E-14  3.276E-14  5.332E-14
1.570E+02  2.142E-23  8.921E-14  3.396E-14  5.525E-14
1.556E+02  2.240E-23  9.246E-14  3.521E-14  5.725E-14
1.542E+02  2.343E-23  9.582E-14  3.650E-14  5.932E-14
1.528E+02  2.451E-23  9.931E-14  3.785E-14  6.146E-14
1.514E+02  2.563E-23  1.029E-13  3.924E-14  6.368E-14
1.500E+02  2.681E-23  1.067E-13  4.068E-14  6.598E-14
1.486E+02  2.804E-23  1.105E-13  4.217E-14  6.836E-14
1.472E+02  2.933E-23  1.145E-13  4.372E-14  7.083E-14
1.459E+02  3.068E-23  1.187E-13  4.532E-14  7.339E-14
1.445E+02  3.209E-23  1.230E-13  4.698E-14  7.604E-14
1.432E+02  3.356E-23  1.275E-13  4.871E-14  7.879E-14
1.419E+02  3.510E-23  1.321E-13  5.049E-14  8.163E-14
1.406E+02  3.671E-23  1.369E-13  5.234E-14  8.458E-14
1.393E+02  3.840E-23  1.419E-13  5.426E-14  8.763E-14
1.380E+02  4.016E-23  1.470E-13  5.625E-14  9.079E-14
1.368E+02  4.200E-23  1.524E-13  5.831E-14  9.406E-14
1.355E+02  4.393E-23  1.579E-13  6.045E-14  9.745E-14
1.343E+02  4.594E-23  1.636E-13  6.266E-14  1.010E-13
1.330E+02  4.804E-23  1.696E-13  6.496E-14  1.046E-13
1.318E+02  5.024E-23  1.757E-13  6.733E-14  1.083E-13
1.306E+02  5.254E-23  1.820E-13  6.980E-14  1.122E-13
1.294E+02  5.494E-23  1.886E-13  7.235E-14  1.163E-13
1.282E+02  5.746E-23  1.954E-13  7.500E-14  1.204E-13
1.271E+02  6.009E-23  2.025E-13  7.774E-14  1.248E-13
1.259E+02  6.283E-23  2.098E-13  8.059E-14  1.292E-13
1.247E+02  6.571E-23  2.174E-13  8.353E-14  1.339E-13
1.236E+02  6.871E-23  2.253E-13  8.658E-14  1.387E-13
1.225E+02  7.185E-23  2.334E-13  8.975E-14  1.436E-13
1.213E+02  7.513E-23  2.418E-13  9.303E-14  1.488E-13
1.202E+02  7.857E-23  2.506E-13  9.642E-14  1.541E-13
1.191E+02  8.215E-23  2.596E-13  9.994E-14  1.597E-13
1.180E+02  8.590E-23  2.690E-13  1.036E-13  1.654E-13
1.169E+02  8.982E-23  2.786E-13  1.074E-13  1.713E-13
1.159E+02  9.391E-23  2.887E-13  1.113E-13  1.774E-13
1.148E+02  9.817E-23  2.990E-13  1.153E-13  1.836E-13
1.138E+02  1.026E-22  3.097E-13  1.196E-13  1.902E-13
1.127E+02  1.073E-22  3.208E-13  1.239E-13  1.969E-13
1.117E+02  1.122E-22  3.324E-13  1.284E-13  2.040E-13
1.107E+02  1.173E-22  3.444E-13  1.331E-13  2.113E-13
1.096E+02  1.227E-22  3.568E-13  1.379E-13  2.188E-13
1.086E+02  1.283E-22  3.696E-13  1.430E-13  2.266E-13
1.076E+02  1.341E-22  3.829E-13  1.482E-13  2.347E-13
1.067E+02  1.402E-22  3.967E-13  1.536E-13  2.431E-13
1.057E+02  1.466E-22  4.109E-13  1.591E-13  2.518E-13
1.047E+02  1.533E-22  4.257E-13  1.649E-13  2.608E-13
1.038E+02  1.602E-22  4.410E-13  1.709E-13  2.701E-13
1.028E+02  1.675E-22  4.569E-13  1.771E-13  2.797E-13
1.019E+02  1.752E-22  4.732E-13  1.836E-13  2.897E-13
1.009E+02  1.831E-22  4.902E-13  1.902E-13  3.000E-13
1.000E+02  1.914E-22  5.078E-13  1.971E-13  3.106E-13
9.908E+01  2.001E-22  5.260E-13  2.043E-13  3.217E-13
9.817E+01  2.092E-22  5.448E-13  2.117E-13  3.331E-13
9.727E+01  2.187E-22  5.643E-13  2.193E-13  3.449E-13
9.638E+01  2.286E-22  5.844E-13  2.273E-13  3.571E-13
9.550E+01  2.389E-22  6.053E-13  2.355E-13  3.698E-13
9.462E+01  2.498E-22  6.269E-13  2.440E-13  3.829E-13
9.376E+01  2.611E-22  6.493E-13  2.528E-13  3.965E-13
9.290E+01  2.729E-22  6.725E-13  2.620E-13  4.105E-13
9.204E+01  2.853E-22  6.965E-13  2.714E-13  4.251E-13
9.120E+01  2.982E-22  7.213E-13  2.812E-13  4.401E-13
9.036E+01  3.117E-22  7.471E-13  2.913E-13  4.557E-13
8.954E+01  3.257E-22  7.737E-13  3.018E-13  4.718E-13
8.872E+01  3.405E-22  8.012E-13  3.127E-13  4.885E-13
8.790E+01  3.559E-22  8.297E-13  3.240E-13  5.058E-13
8.710E+01  3.719E-22  8.593E-13  3.356E-13  5.237E-13
8.630E+01  3.887E-22  8.899E-13  3.477E-13  5.422E-13
8.551E+01  4.063E-22  9.215E-13  3.602E-13  5.613E-13
8.472E+01  4.246E-22  9.542E-13  3.731E-13  5.811E-13
8.395E+01  4.437E-22  9.881E-13  3.865E-13  6.016E-13
8.318E+01  4.637E-22  1.023E-12  4.004E-13  6.227E-13
8.241E+01  4.845E-22  1.059E-12  4.147E-13  6.445E-13
8.166E+01  5.063E-22  1.097E-12  4.296E-13  6.672E-13
8.091E+01  5.291E-22  1.136E-12  4.450E-13  6.907E-13
8.017E+01  5.530E-22  1.176E-12  4.609E-13  7.150E-13
7.943E+01  5.778E-22  1.217E-12  4.774E-13  7.400E-13
7.870E+01  6.038E-22  1.260E-12  4.945E-13  7.660E-13
7.798E+01  6.309E-22  1.305E-12  5.122E-13  7.928E-13
7.727E+01  6.592E-22  1.351E-12  5.304E-13  8.206E-13
7.656E+01  6.888E-22  1.399E-12  5.494E-13  8.494E-13
7.586E+01  7.197E-22  1.448E-12  5.690E-13  8.792E-13
7.516E+01  7.520E-22  1.499E-12  5.892E-13  9.100E-13
7.447E+01  7.857E-22  1.552E-12  6.102E-13  9.418E-13
7.379E+01  8.208E-22  1.607E-12  6.320E-13  9.747E-13
7.311E+01  8.575E-22  1.663E-12  6.544E-13  1.009E-12
7.244E+01  8.958E-22  1.721E-12  6.777E-13  1.044E-12
7.178E+01  9.357E-22  1.782E-12  7.018E-13  1.080E-12
7.112E+01  9.774E-22  1.844E-12  7.267E-13  1.117E-12
7.047E+01  1.021E-21  1.909E-12  7.524E-13  1.156E-12
6.982E+01  1.067E-21  1.976E-12  7.791E-13  1.197E-12
6.918E+01  1.114E-21  2.045E-12  8.067E-13  1.238E-12
6.855E+01  1.164E-21  2.116E-12  8.352E-13  1.281E-12
6.792E+01  1.215E-21  2.189E-12  8.647E-13  1.325E-12
6.730E+01  1.269E-21  2.266E-12  8.953E-13  1.370E-12
6.668E+01  1.326E-21  2.345E-12  9.269E-13  1.418E-12
6.607E+01  1.384E-21  2.426E-12  9.596E-13  1.467E-12
6.546E+01  1.446E-21  2.511E-12  9.934E-13  1.517E-12
6.486E+01  1.510E-21  2.598E-12  1.028E-12  1.570E-12
6.427E+01  1.577E-21  2.688E-12  1.065E-12  1.623E-12
6.368E+01  1.646E-21  2.781E-12  1.102E-12  1.679E-12
6.310E+01  1.719E-21  2.877E-12  1.141E-12  1.737E-12
6.252E+01  1.795E-21  2.977E-12  1.181E-12  1.796E-12
6.194E+01  1.874E-21  3.080E-12  1.222E-12  1.858E-12
6.138E+01  1.957E-21  3.186E-12  1.265E-12  1.922E-12
6.081E+01  2.044E-21  3.296E-12  1.309E-12  1.987E-12
6.026E+01  2.134E-21  3.410E-12  1.355E-12  2.055E-12
5.970E+01  2.227E-21  3.527E-12  1.402E-12  2.125E-12
5.916E+01  2.325E-21  3.649E-12  1.451E-12  2.197E-12
5.861E+01  2.427E-21  3.774E-12  1.502E-12  2.272E-12
5.808E+01  2.533E-21  3.902E-12  1.554E-12  2.348E-12
5.754E+01  2.643E-21  4.035E-12  1.608E-12  2.427E-12
5.702E+01  2.759E-21  4.172E-12  1.664E-12  2.508E-12
5.649E+01  2.879E-21  4.314E-12  1.722E-12  2.593E-12
5.598E+01  3.004E-21  4.461E-12  1.781E-12  2.680E-12
5.546E+01  3.135E-21  4.613E-12  1.843E-12  2.770E-12
5.495E+01  3.272E-21  4.770E-12  1.907E-12  2.863E-12
5.445E+01  3.414E-21  4.931E-12  1.973E-12  2.959E-12
5.395E+01  3.563E-21  5.099E-12  2.041E-12  3.058E-12
5.346E+01  3.717E-21  5.271E-12  2.111E-12  3.160E-12
5.297E+01  3.878E-21  5.449E-12  2.184E-12  3.265E-12
5.248E+01  4.046E-21  5.633E-12  2.259E-12  3.373E-12
5.200E+01  4.221E-21  5.822E-12  2.337E-12  3.485E-12
5.152E+01  4.402E-21  6.017E-12  2.417E-12  3.599E-12
5.105E+01  4.592E-21  6.218E-12  2.500E-12  3.718E-12
5.058E+01  4.789E-21  6.426E-12  2.586E-12  3.840E-12
5.012E+01  4.995E-21  6.640E-12  2.674E-12  3.966E-12
4.966E+01  5.209E-21  6.861E-12  2.766E-12  4.095E-12
4.920E+01  5.431E-21  7.089E-12  2.860E-12  4.229E-12
4.875E+01  5.663E-21  7.324E-12  2.958E-12  4.366E-12
4.831E+01  5.904E-21  7.565E-12  3.058E-12  4.507E-12
4.786E+01  6.156E-21  7.815E-12  3.162E-12  4.653E-12
4.742E+01  6.417E-21  8.073E-12  3.270E-12  4.803E-12
4.699E+01  6.690E-21  8.338E-12  3.381E-12  4.958E-12
4.656E+01  6.973E-21  8.611E-12  3.495E-12  5.116E-12
4.613E+01  7.268E-21  8.894E-12  3.613E-12  5.280E-12
4.571E+01  7.575E-21  9.185E-12  3.735E-12  5.449E-12
4.529E+01  7.894E-21  9.484E-12  3.861E-12  5.623E-12
4.487E+01  8.228E-21  9.794E-12  3.991E-12  5.802E-12
4.446E+01  8.574E-21  1.011E-11  4.126E-12  5.987E-12
4.406E+01  8.935E-21  1.044E-11  4.264E-12  6.178E-12
4.365E+01  9.310E-21  1.078E-11  4.407E-12  6.373E-12
4.325E+01  9.701E-21  1.113E-11  4.555E-12  6.575E-12
4.285E+01  1.011E-20  1.149E-11  4.707E-12  6.780E-12
4.246E+01  1.053E-20  1.186E-11  4.864E-12  6.993E-12
4.207E+01  1.097E-20  1.224E-11  5.026E-12  7.212E-12
4.169E+01  1.142E-20  1.263E-11  5.193E-12  7.437E-12
4.130E+01  1.190E-20  1.303E-11  5.366E-12  7.668E-12
4.093E+01  1.239E-20  1.345E-11  5.544E-12  7.904E-12
4.055E+01  1.290E-20  1.387E-11  5.728E-12  8.147E-12
4.018E+01  1.343E-20  1.431E-11  5.917E-12  8.396E-12
3.981E+01  1.398E-20  1.476E-11  6.113E-12  8.650E-12
3.945E+01  1.455E-20  1.523E-11  6.314E-12  8.913E-12
3.908E+01  1.515E-20  1.570E-11  6.522E-12  9.182E-12
3.873E+01  1.577E-20  1.620E-11  6.737E-12  9.458E-12
3.837E+01  1.641E-20  1.670E-11  6.958E-12  9.742E-12
3.802E+01  1.707E-20  1.722E-11  7.187E-12  1.003E-11
3.767E+01  1.777E-20  1.775E-11  7.422E-12  1.033E-11
3.733E+01  1.848E-20  1.829E-11  7.665E-12  1.063E-11
3.698E+01  1.921E-20  1.885E-11  7.916E-12  1.093E-11
3.664E+01  1.998E-20  1.942E-11  8.175E-12  1.125E-11
3.631E+01  2.078E-20  2.001E-11  8.442E-12  1.157E-11
3.597E+01  2.161E-20  2.062E-11  8.718E-12  1.190E-11
3.565E+01  2.247E-20  2.124E-11  9.002E-12  1.224E-11
3.532E+01  2.336E-20  2.188E-11  9.296E-12  1.259E-11
3.499E+01  2.429E-20  2.254E-11  9.599E-12  1.295E-11
3.467E+01  2.525E-20  2.323E-11  9.912E-12  1.331E-11
3.436E+01  2.626E-20  2.393E-11  1.023E-11  1.369E-11
3.404E+01  2.730E-20  2.465E-11  1.057E-11  1.408E-11
3.373E+01  2.838E-20  2.539E-11  1.091E-11  1.448E-11
3.342E+01  2.951E-20  2.616E-11  1.127E-11  1.489E-11
3.311E+01  3.069E-20  2.696E-11  1.164E-11  1.532E-11
3.281E+01  3.192E-20  2.778E-11  1.202E-11  1.576E-11
3.251E+01  3.319E-20  2.862E-11  1.241E-11  1.621E-11
3.221E+01  3.452E-20  2.949E-11  1.281E-11  1.668E-11
3.192E+01  3.590E-20  3.039E-11  1.323E-11  1.716E-11
3.162E+01  3.734E-20  3.132E-11  1.367E-11  1.765E-11
3.133E+01  3.883E-20  3.227E-11  1.411E-11  1.816E-11
3.105E+01  4.038E-20  3.326E-11  1.458E-11  1.868E-11
3.076E+01  4.200E-20  3.427E-11  1.506E-11  1.921E-11
3.048E+01  4.368E-20  3.532E-11  1.555E-11  1.976E-11
3.020E+01  4.544E-20  3.640E-11  1.607E-11  2.033E-11
2.992E+01  4.726E-20  3.751E-11  1.660E-11  2.091E-11
2.965E+01  4.914E-20  3.865E-11  1.715E-11  2.150E-11
2.938E+01  5.110E-20  3.982E-11  1.772E-11  2.210E-11
2.911E+01  5.314E-20  4.103E-11  1.831E-11  2.272E-11
2.884E+01  5.526E-20  4.227E-11  1.892E-11  2.335E-11
2.858E+01  5.746E-20  4.356E-11  1.956E-11  2.400E-11
2.831E+01  5.976E-20  4.488E-11  2.021E-11  2.467E-11
2.805E+01  6.215E-20  4.625E-11  2.089E-11  2.535E-11
2.780E+01  6.463E-20  4.765E-11  2.160E-11  2.605E-11
2.754E+01  6.722E-20  4.911E-11  2.233E-11  2.677E-11
2.729E+01  6.991E-20  5.061E-11  2.310E-11  2.751E-11
2.704E+01  7.272E-20  5.216E-11  2.388E-11  2.827E-11
2.679E+01  7.563E-20  5.375E-11  2.470E-11  2.905E-11
2.655E+01  7.867E-20  5.540E-11  2.555E-11  2.985E-11
2.630E+01  8.184E-20  5.710E-11  2.644E-11  3.066E-11
2.606E+01  8.513E-20  5.885E-11  2.735E-11  3.150E-11
2.582E+01  8.856E-20  6.066E-11  2.830E-11  3.236E-11
2.559E+01  9.214E-20  6.253E-11  2.929E-11  3.324E-11
2.535E+01  9.586E-20  6.446E-11  3.032E-11  3.414E-11
2.512E+01  9.973E-20  6.645E-11  3.139E-11  3.506E-11
2.489E+01  1.038E-19  6.850E-11  3.249E-11  3.600E-11
2.466E+01  1.079E-19  7.060E-11  3.364E-11  3.696E-11
2.443E+01  1.123E-19  7.278E-11  3.484E-11  3.794E-11
2.421E+01  1.168E-19  7.500E-11  3.608E-11  3.892E-11
2.399E+01  1.214E-19  7.727E-11  3.737E-11  3.990E-11
2.377E+01  1.263E-19  7.963E-11  3.871E-11  4.092E-11
2.355E+01  1.314E-19  8.211E-11  4.010E-11  4.201E-11
2.333E+01  1.368E-19  8.465E-11  4.155E-11  4.310E-11
2.312E+01  1.422E-19  8.720E-11  4.305E-11  4.415E-11
2.291E+01  1.479E-19  8.985E-11  4.461E-11  4.524E-11
2.270E+01  1.539E-19  9.267E-11  4.623E-11  4.643E-11
2.249E+01  1.603E-19  9.563E-11  4.792E-11  4.771E-11
2.228E+01  1.670E-19  9.872E-11  4.967E-11  4.905E-11
2.208E+01  1.739E-19  1.019E-10  5.150E-11  5.038E-11
2.188E+01  1.810E-19  1.050E-10  5.339E-11  5.166E-11
2.168E+01  1.883E-19  1.083E-10  5.536E-11  5.291E-11
2.148E+01  1.959E-19  1.116E-10  5.741E-11  5.418E-11
2.128E+01  2.039E-19  1.151E-10  5.954E-11  5.554E-11
2.109E+01  2.123E-19  1.188E-10  6.175E-11  5.700E-11
2.089E+01  2.211E-19  1.225E-10  6.406E-11  5.845E-11
2.070E+01  2.301E-19  1.263E-10  6.646E-11  5.988E-11
2.051E+01  2.394E-19  1.303E-10  6.897E-11  6.130E-11
2.032E+01  2.493E-19  1.344E-10  7.159E-11  6.280E-11
2.014E+01  2.601E-19  1.389E-10  7.434E-11  6.458E-11
1.995E+01  2.713E-19  1.436E-10  7.724E-11  6.635E-11
1.977E+01  2.830E-19  1.484E-10  8.033E-11  6.810E-11
1.959E+01  2.953E-19  1.534E-10  8.368E-11  6.975E-11
1.941E+01  3.084E-19  1.588E-10  8.749E-11  7.128E-11
1.923E+01  3.235E-19  1.650E-10  9.234E-11  7.267E-11
1.905E+01  3.445E-19  1.741E-10  1.002E-10  7.389E-11
1.888E+01  3.646E-19  1.826E-10  1.077E-10  7.493E-11
1.871E+01  3.666E-19  1.819E-10  1.062E-10  7.576E-11
1.854E+01  3.757E-19  1.847E-10  1.084E-10  7.636E-11
1.837E+01  3.895E-19  1.898E-10  1.130E-10  7.675E-11
1.820E+01  4.067E-19  1.963E-10  1.194E-10  7.691E-11
1.803E+01  4.304E-19  2.058E-10  1.290E-10  7.687E-11
1.786E+01  4.631E-19  2.195E-10  1.428E-10  7.662E-11
1.770E+01  4.805E-19  2.256E-10  1.494E-10  7.615E-11
1.754E+01  5.161E-19  2.401E-10  1.647E-10  7.541E-11
1.738E+01  5.843E-19  2.693E-10  1.948E-10  7.449E-11
1.722E+01  5.949E-19  2.717E-10  1.983E-10  7.338E-11
1.706E+01  6.152E-19  2.784E-10  2.062E-10  7.222E-11
1.690E+01  6.208E-19  2.784E-10  2.074E-10  7.094E-11
1.675E+01  6.167E-19  2.740E-10  2.044E-10  6.955E-11
1.660E+01  6.411E-19  2.822E-10  2.142E-10  6.799E-11
1.644E+01  7.395E-19  3.226E-10  2.562E-10  6.636E-11
1.629E+01  6.162E-19  2.663E-10  2.017E-10  6.466E-11
1.614E+01  5.712E-19  2.446E-10  1.816E-10  6.298E-11
1.600E+01  5.634E-19  2.390E-10  1.778E-10  6.130E-11
1.585E+01  5.630E-19  2.367E-10  1.770E-10  5.962E-11
1.570E+01  5.596E-19  2.331E-10  1.751E-10  5.796E-11
1.556E+01  5.620E-19  2.319E-10  1.756E-10  5.633E-11
1.542E+01  5.676E-19  2.321E-10  1.774E-10  5.474E-11
1.528E+01  5.754E-19  2.331E-10  1.799E-10  5.321E-11
1.514E+01  5.849E-19  2.348E-10  1.831E-10  5.174E-11
1.500E+01  5.962E-19  2.372E-10  1.868E-10  5.038E-11
1.486E+01  6.096E-19  2.403E-10  1.912E-10  4.903E-11
1.472E+01  6.260E-19  2.445E-10  1.968E-10  4.772E-11
1.459E+01  6.479E-19  2.507E-10  2.042E-10  4.648E-11
1.445E+01  6.814E-19  2.613E-10  2.158E-10  4.547E-11
1.432E+01  7.401E-19  2.812E-10  2.364E-10  4.471E-11
1.419E+01  8.090E-19  3.045E-10  2.602E-10  4.429E-11
1.406E+01  8.099E-19  3.021E-10  2.578E-10  4.423E-11
1.393E+01  8.271E-19  3.057E-10  2.610E-10  4.464E-11
1.380E+01  8.923E-19  3.267E-10  2.813E-10  4.544E-11
1.368E+01  1.009E-18  3.659E-10  3.192E-10  4.670E-11
1.355E+01  1.156E-18  4.154E-10  3.672E-10  4.825E-11
1.343E+01  1.228E-18  4.372E-10  3.872E-10  5.002E-11
1.330E+01  1.208E-18  4.262E-10  3.744E-10  5.189E-11
1.318E+01  1.220E-18  4.266E-10  3.727E-10  5.388E-11
1.306E+01  1.321E-18  4.576E-10  4.018E-10  5.588E-11
1.294E+01  1.542E-18  5.294E-10  4.714E-10  5.801E-11
1.282E+01  1.927E-18  6.555E-10  5.951E-10  6.039E-11
1.271E+01  2.426E-18  8.176E-10  7.546E-10  6.294E-11
1.259E+01  2.653E-18  8.860E-10  8.204E-10  6.556E-11
1.247E+01  2.415E-18  7.992E-10  7.309E-10  6.823E-11
1.236E+01  2.149E-18  7.046E-10  6.337E-10  7.091E-11
1.225E+01  2.098E-18  6.816E-10  6.081E-10  7.350E-11
1.213E+01  2.259E-18  7.272E-10  6.509E-10  7.634E-11
1.202E+01  2.471E-18  7.881E-10  7.086E-10  7.951E-11
1.191E+01  2.465E-18  7.789E-10  6.962E-10  8.273E-11
1.180E+01  2.325E-18  7.280E-10  6.420E-10  8.600E-11
1.169E+01  2.340E-18  7.260E-10  6.368E-10  8.922E-11
1.159E+01  2.698E-18  8.294E-10  7.372E-10  9.213E-11
1.148E+01  3.656E-18  1.113E-09  1.018E-09  9.503E-11
1.138E+01  5.277E-18  1.592E-09  1.494E-09  9.819E-11
1.127E+01  7.126E-18  2.131E-09  2.029E-09  1.015E-10
1.117E+01  5.262E-18  1.559E-09  1.454E-09  1.051E-10
1.107E+01  2.942E-18  8.635E-10  7.547E-10  1.088E-10
1.096E+01  2.185E-18  6.356E-10  5.233E-10  1.123E-10
1.086E+01  1.853E-18  5.339E-10  4.179E-10  1.160E-10
1.076E+01  1.695E-18  4.840E-10  3.638E-10  1.202E-10
1.067E+01  1.619E-18  4.581E-10  3.333E-10  1.248E-10
1.057E+01  1.557E-18  4.365E-10  3.066E-10  1.299E-10
1.047E+01  1.529E-18  4.248E-10  2.900E-10  1.348E-10
1.038E+01  1.523E-18  4.192E-10  2.804E-10  1.388E-10
1.028E+01  1.528E-18  4.166E-10  2.749E-10  1.417E-10
1.019E+01  1.540E-18  4.160E-10  2.724E-10  1.436E-10
1.009E+01  1.559E-18  4.173E-10  2.723E-10  1.450E-10
1.000E+01  1.586E-18  4.206E-10  2.743E-10  1.463E-10
9.908E+00  1.621E-18  4.261E-10  2.782E-10  1.479E-10
9.817E+00  1.665E-18  4.337E-10  2.840E-10  1.496E-10
9.727E+00  1.718E-18  4.434E-10  2.920E-10  1.514E-10
9.638E+00  1.781E-18  4.552E-10  3.022E-10  1.530E-10
9.550E+00  1.850E-18  4.688E-10  3.153E-10  1.535E-10
9.462E+00  1.929E-18  4.841E-10  3.316E-10  1.524E-10
9.376E+00  2.017E-18  5.017E-10  3.523E-10  1.494E-10
9.290E+00  2.122E-18  5.229E-10  3.786E-10  1.443E-10
9.204E+00  2.253E-18  5.500E-10  4.129E-10  1.371E-10
9.120E+00  2.426E-18  5.870E-10  4.586E-10  1.284E-10
9.036E+00  2.674E-18  6.409E-10  5.222E-10  1.187E-10
8.954E+00  3.047E-18  7.238E-10  6.150E-10  1.088E-10
8.872E+00  3.646E-18  8.579E-10  7.586E-10  9.938E-11
8.790E+00  4.640E-18  1.082E-09  9.911E-10  9.076E-11
8.710E+00  6.191E-18  1.430E-09  1.347E-09  8.313E-11
8.630E+00  7.730E-18  1.770E-09  1.693E-09  7.649E-11
8.551E+00  7.748E-18  1.757E-09  1.687E-09  7.067E-11
8.472E+00  6.929E-18  1.557E-09  1.492E-09  6.522E-11
8.395E+00  6.575E-18  1.464E-09  1.404E-09  5.969E-11
8.318E+00  6.715E-18  1.481E-09  1.428E-09  5.378E-11
8.241E+00  7.189E-18  1.572E-09  1.524E-09  4.751E-11
8.166E+00  8.148E-18  1.765E-09  1.724E-09  4.107E-11
8.091E+00  9.870E-18  2.118E-09  2.083E-09  3.524E-11
8.017E+00  1.260E-17  2.679E-09  2.649E-09  3.003E-11
7.943E+00  1.625E-17  3.424E-09  3.398E-09  2.551E-11
7.870E+00  1.966E-17  4.104E-09  4.082E-09  2.163E-11
7.798E+00  2.127E-17  4.400E-09  4.381E-09  1.834E-11
7.727E+00  2.196E-17  4.500E-09  4.485E-09  1.564E-11
7.656E+00  2.323E-17  4.718E-09  4.705E-09  1.346E-11
7.586E+00  2.320E-17  4.668E-09  4.657E-09  1.170E-11
7.516E+00  2.001E-17  3.989E-09  3.979E-09  1.036E-11
7.447E+00  1.615E-17  3.191E-09  3.182E-09  9.374E-12
7.379E+00  1.328E-17  2.599E-09  2.590E-09  8.620E-12
7.311E+00  1.127E-17  2.186E-09  2.178E-09  8.090E-12
7.244E+00  9.807E-18  1.884E-09  1.877E-09  7.682E-12
7.178E+00  8.681E-18  1.653E-09  1.646E-09  7.351E-12
7.112E+00  7.818E-18  1.475E-09  1.468E-09  7.112E-12
7.047E+00  7.191E-18  1.344E-09  1.337E-09  6.928E-12
6.982E+00  6.795E-18  1.258E-09  1.252E-09  6.755E-12
6.918E+00  6.636E-18  1.218E-09  1.211E-09  6.608E-12
6.855E+00  6.708E-18  1.220E-09  1.213E-09  6.469E-12
6.792E+00  6.956E-18  1.253E-09  1.247E-09  6.335E-12
6.730E+00  7.214E-18  1.288E-09  1.282E-09  6.206E-12
6.668E+00  7.274E-18  1.287E-09  1.280E-09  6.078E-12
6.607E+00  7.119E-18  1.248E-09  1.242E-09  5.950E-12
6.546E+00  7.013E-18  1.218E-09  1.212E-09  5.822E-12
6.486E+00  7.315E-18  1.259E-09  1.253E-09  5.695E-12
6.427E+00  8.469E-18  1.444E-09  1.438E-09  5.568E-12
6.368E+00  1.132E-17  1.912E-09  1.907E-09  5.441E-12
6.310E+00  1.767E-17  2.958E-09  2.952E-09  5.312E-12
6.252E+00  2.815E-17  4.668E-09  4.663E-09  5.184E-12
6.194E+00  2.912E-17  4.786E-09  4.780E-09  5.056E-12
6.138E+00  1.850E-17  3.011E-09  3.006E-09  4.924E-12
6.081E+00  1.121E-17  1.808E-09  1.804E-09  4.796E-12
6.026E+00  7.589E-18  1.213E-09  1.208E-09  4.672E-12
5.970E+00  5.751E-18  9.108E-10  9.062E-10  4.551E-12
5.916E+00  4.807E-18  7.543E-10  7.499E-10  4.433E-12
5.861E+00  4.425E-18  6.881E-10  6.837E-10  4.320E-12
5.808E+00  4.556E-18  7.019E-10  6.977E-10  4.211E-12
5.754E+00  5.232E-18  7.986E-10  7.945E-10  4.107E-12
5.702E+00  5.757E-18  8.707E-10  8.667E-10  4.005E-12
5.649E+00  4.932E-18  7.391E-10  7.352E-10  3.908E-12
5.598E+00  3.801E-18  5.644E-10  5.606E-10  3.815E-12
5.546E+00  3.105E-18  4.568E-10  4.531E-10  3.725E-12
5.495E+00  2.749E-18  4.007E-10  3.970E-10  3.638E-12
5.445E+00  2.619E-18  3.782E-10  3.747E-10  3.555E-12
5.395E+00  2.701E-18  3.865E-10  3.830E-10  3.476E-12
5.346E+00  3.065E-18  4.346E-10  4.312E-10  3.398E-12
5.297E+00  3.649E-18  5.127E-10  5.093E-10  3.324E-12
5.248E+00  3.631E-18  5.055E-10  5.022E-10  3.253E-12
5.200E+00  2.909E-18  4.013E-10  3.981E-10  3.184E-12
5.152E+00  2.337E-18  3.194E-10  3.163E-10  3.118E-12
5.105E+00  2.011E-18  2.723E-10  2.693E-10  3.054E-12
5.058E+00  1.822E-18  2.445E-10  2.415E-10  2.993E-12
5.012E+00  1.704E-18  2.266E-10  2.237E-10  2.934E-12
4.966E+00  1.625E-18  2.141E-10  2.112E-10  2.877E-12
4.920E+00  1.569E-18  2.048E-10  2.020E-10  2.822E-12
4.875E+00  1.528E-18  1.976E-10  1.949E-10  2.769E-12
4.831E+00  1.497E-18  1.918E-10  1.891E-10  2.718E-12
4.786E+00  1.473E-18  1.871E-10  1.844E-10  2.668E-12
4.742E+00  1.455E-18  1.831E-10  1.805E-10  2.620E-12
4.699E+00  1.442E-18  1.797E-10  1.771E-10  2.573E-12
4.656E+00  1.431E-18  1.768E-10  1.742E-10  2.528E-12
4.613E+00  1.424E-18  1.742E-10  1.718E-10  2.484E-12
4.571E+00  1.419E-18  1.720E-10  1.696E-10  2.441E-12
4.529E+00  1.416E-18  1.701E-10  1.677E-10  2.399E-12
4.487E+00  1.415E-18  1.684E-10  1.661E-10  2.359E-12
4.446E+00  1.416E-18  1.670E-10  1.647E-10  2.319E-12
4.406E+00  1.418E-18  1.657E-10  1.634E-10  2.282E-12
4.365E+00  1.421E-18  1.646E-10  1.623E-10  2.245E-12
4.325E+00  1.426E-18  1.636E-10  1.614E-10  2.209E-12
4.285E+00  1.432E-18  1.628E-10  1.607E-10  2.174E-12
4.246E+00  1.440E-18  1.622E-10  1.600E-10  2.140E-12
4.207E+00  1.448E-18  1.616E-10  1.595E-10  2.107E-12
4.169E+00  1.458E-18  1.612E-10  1.591E-10  2.074E-12
4.130E+00  1.468E-18  1.609E-10  1.588E-10  2.042E-12
4.093E+00  1.480E-18  1.606E-10  1.586E-10  2.010E-12
4.055E+00  1.493E-18  1.606E-10  1.586E-10  1.978E-12
4.018E+00  1.507E-18  1.606E-10  1.587E-10  1.947E-12
3.981E+00  1.522E-18  1.608E-10  1.589E-10  1.916E-12
3.945E+00  1.540E-18  1.611E-10  1.592E-10  1.886E-12
3.908E+00  1.559E-18  1.616E-10  1.597E-10  1.857E-12
3.873E+00  1.580E-18  1.623E-10  1.605E-10  1.828E-12
3.837E+00  1.604E-18  1.632E-10  1.614E-10  1.800E-12
3.802E+00  1.631E-18  1.645E-10  1.627E-10  1.773E-12
3.767E+00  1.662E-18  1.660E-10  1.643E-10  1.746E-12
3.733E+00  1.698E-18  1.681E-10  1.664E-10  1.720E-12
3.698E+00  1.740E-18  1.707E-10  1.690E-10  1.694E-12
3.664E+00  1.792E-18  1.742E-10  1.725E-10  1.669E-12
3.631E+00  1.856E-18  1.788E-10  1.771E-10  1.644E-12
3.597E+00  1.939E-18  1.850E-10  1.834E-10  1.620E-12
3.565E+00  2.048E-18  1.936E-10  1.920E-10  1.596E-12
3.532E+00  2.199E-18  2.060E-10  2.044E-10  1.573E-12
3.499E+00  2.419E-18  2.246E-10  2.230E-10  1.550E-12
3.467E+00  2.765E-18  2.543E-10  2.528E-10  1.527E-12
3.436E+00  3.358E-18  3.060E-10  3.045E-10  1.505E-12
3.404E+00  4.517E-18  4.078E-10  4.063E-10  1.483E-12
3.373E+00  7.272E-18  6.506E-10  6.492E-10  1.461E-12
3.342E+00  1.642E-17  1.456E-09  1.454E-09  1.440E-12
3.311E+00  6.213E-17  5.457E-09  5.456E-09  1.419E-12
3.281E+00  4.309E-17  3.750E-09  3.749E-09  1.398E-12
3.251E+00  1.268E-17  1.094E-09  1.092E-09  1.377E-12
3.221E+00  6.293E-18  5.377E-10  5.363E-10  1.356E-12
3.192E+00  4.176E-18  3.535E-10  3.522E-10  1.335E-12
3.162E+00  3.245E-18  2.722E-10  2.709E-10  1.314E-12
3.133E+00  2.761E-18  2.295E-10  2.282E-10  1.294E-12
3.105E+00  2.480E-18  2.042E-10  2.030E-10  1.275E-12
3.076E+00  2.305E-18  1.881E-10  1.868E-10  1.256E-12
3.048E+00  2.190E-18  1.771E-10  1.759E-10  1.238E-12
3.020E+00  2.112E-18  1.692E-10  1.680E-10  1.220E-12
2.992E+00  2.057E-18  1.633E-10  1.621E-10  1.203E-12
2.965E+00  2.018E-18  1.587E-10  1.575E-10  1.186E-12
2.938E+00  1.989E-18  1.550E-10  1.538E-10  1.168E-12
2.911E+00  1.968E-18  1.519E-10  1.508E-10  1.152E-12
2.884E+00  1.953E-18  1.494E-10  1.482E-10  1.135E-12
2.858E+00  1.941E-18  1.471E-10  1.460E-10  1.119E-12
2.831E+00  1.933E-18  1.452E-10  1.441E-10  1.103E-12
2.805E+00  1.927E-18  1.434E-10  1.423E-10  1.087E-12
2.780E+00  1.922E-18  1.417E-10  1.407E-10  1.071E-12
2.754E+00  1.919E-18  1.402E-10  1.392E-10  1.056E-12
2.729E+00  1.917E-18  1.388E-10  1.377E-10  1.041E-12
2.704E+00  1.915E-18  1.374E-10  1.364E-10  1.025E-12
2.679E+00  1.914E-18  1.360E-10  1.350E-10  1.011E-12
2.655E+00  1.913E-18  1.347E-10  1.337E-10  9.959E-13
2.630E+00  1.913E-18  1.334E-10  1.325E-10  9.814E-13
2.606E+00  1.912E-18  1.322E-10  1.312E-10  9.672E-13
2.582E+00  1.911E-18  1.309E-10  1.299E-10  9.530E-13
2.559E+00  1.910E-18  1.296E-10  1.287E-10  9.391E-13
2.535E+00  1.909E-18  1.284E-10  1.274E-10  9.254E-13
2.512E+00  1.907E-18  1.271E-10  1.262E-10  9.118E-13
2.489E+00  1.905E-18  1.258E-10  1.249E-10  8.984E-13
2.466E+00  1.903E-18  1.245E-10  1.236E-10  8.853E-13
2.443E+00  1.900E-18  1.231E-10  1.223E-10  8.723E-13
2.421E+00  1.896E-18  1.218E-10  1.209E-10  8.595E-13
2.399E+00  1.892E-18  1.204E-10  1.196E-10  8.468E-13
2.377E+00  1.888E-18  1.191E-10  1.182E-10  8.342E-13
2.355E+00  1.884E-18  1.177E-10  1.169E-10  8.217E-13
2.333E+00  1.879E-18  1.163E-10  1.155E-10  8.093E-13
2.312E+00  1.873E-18  1.149E-10  1.141E-10  7.970E-13
2.291E+00  1.867E-18  1.135E-10  1.127E-10  7.848E-13
2.270E+00  1.860E-18  1.120E-10  1.112E-10  7.728E-13
2.249E+00  1.853E-18  1.105E-10  1.098E-10  7.608E-13
2.228E+00  1.845E-18  1.090E-10  1.083E-10  7.490E-13
2.208E+00  1.836E-18  1.075E-10  1.068E-10  7.373E-13
2.188E+00  1.826E-18  1.060E-10  1.053E-10  7.257E-13
2.168E+00  1.815E-18  1.044E-10  1.037E-10  7.143E-13
2.148E+00  1.804E-18  1.028E-10  1.021E-10  7.030E-13
2.128E+00  1.791E-18  1.011E-10  1.004E-10  6.918E-13
2.109E+00  1.776E-18  9.933E-11  9.865E-11  6.808E-13
2.089E+00  1.760E-18  9.752E-11  9.685E-11  6.699E-13
2.070E+00  1.741E-18  9.563E-11  9.497E-11  6.590E-13
2.051E+00  1.721E-18  9.363E-11  9.298E-11  6.483E-13
2.032E+00  1.697E-18  9.150E-11  9.087E-11  6.377E-13
2.014E+00  1.671E-18  8.924E-11  8.861E-11  6.272E-13
1.995E+00  1.640E-18  8.681E-11  8.619E-11  6.167E-13
1.977E+00  1.606E-18  8.422E-11  8.361E-11  6.064E-13
1.959E+00  1.569E-18  8.153E-11  8.094E-11  5.962E-13
1.941E+00  1.533E-18  7.894E-11  7.835E-11  5.861E-13
1.923E+00  1.504E-18  7.673E-11  7.616E-11  5.761E-13
1.905E+00  1.489E-18  7.525E-11  7.469E-11  5.662E-13
1.888E+00  1.489E-18  7.457E-11  7.402E-11  5.564E-13
1.871E+00  1.500E-18  7.443E-11  7.388E-11  5.467E-13
1.854E+00  1.514E-18  7.443E-11  7.389E-11  5.372E-13
1.837E+00  1.525E-18  7.429E-11  7.377E-11  5.277E-13
1.820E+00  1.531E-18  7.391E-11  7.339E-11  5.184E-13
1.803E+00  1.532E-18  7.329E-11  7.278E-11  5.091E-13
1.786E+00  1.529E-18  7.246E-11  7.196E-11  5.000E-13
1.770E+00  1.522E-18  7.148E-11  7.099E-11  4.910E-13
1.754E+00  1.513E-18  7.039E-11  6.991E-11  4.822E-13
1.738E+00  1.502E-18  6.923E-11  6.875E-11  4.735E-13
1.722E+00  1.489E-18  6.800E-11  6.754E-11  4.649E-13
1.706E+00  1.475E-18  6.675E-11  6.629E-11  4.564E-13
1.690E+00  1.460E-18  6.546E-11  6.502E-11  4.480E-13
1.675E+00  1.444E-18  6.417E-11  6.373E-11  4.397E-13
1.660E+00  1.428E-18  6.287E-11  6.244E-11  4.315E-13
1.644E+00  1.412E-18  6.158E-11  6.115E-11  4.235E-13
1.629E+00  1.395E-18  6.028E-11  5.986E-11  4.154E-13
1.614E+00  1.378E-18  5.900E-11  5.859E-11  4.075E-13
1.600E+00  1.361E-18  5.773E-11  5.733E-11  3.996E-13
1.585E+00  1.344E-18  5.649E-11  5.610E-11  3.919E-13
1.570E+00  1.327E-18  5.528E-11  5.489E-11  3.842E-13
1.556E+00  1.310E-18  5.409E-11  5.371E-11  3.766E-13
1.542E+00  1.294E-18  5.294E-11  5.257E-11  3.691E-13
1.528E+00  1.279E-18  5.182E-11  5.146E-11  3.616E-13
1.514E+00  1.264E-18  5.076E-11  5.040E-11  3.543E-13
1.500E+00  1.250E-18  4.974E-11  4.939E-11  3.470E-13
1.486E+00  1.237E-18  4.877E-11  4.843E-11  3.399E-13
1.472E+00  1.226E-18  4.787E-11  4.754E-11  3.328E-13
1.459E+00  1.216E-18  4.704E-11  4.671E-11  3.258E-13
1.445E+00  1.207E-18  4.628E-11  4.597E-11  3.189E-13
1.432E+00  1.201E-18  4.562E-11  4.531E-11  3.122E-13
1.419E+00  1.197E-18  4.506E-11  4.475E-11  3.055E-13
1.406E+00  1.196E-18  4.461E-11  4.432E-11  2.989E-13
1.393E+00  1.199E-18  4.431E-11  4.401E-11  2.923E-13
1.380E+00  1.206E-18  4.416E-11  4.387E-11  2.859E-13
1.368E+00  1.218E-18  4.419E-11  4.391E-11  2.796E-13
1.355E+00  1.236E-18  4.443E-11  4.416E-11  2.733E-13
1.343E+00  1.260E-18  4.489E-11  4.463E-11  2.671E-13
1.330E+00  1.292E-18  4.558E-11  4.532E-11  2.610E-13
1.318E+00  1.329E-18  4.646E-11  4.621E-11  2.550E-13
1.306E+00  1.369E-18  4.742E-11  4.717E-11  2.491E-13
1.294E+00  1.404E-18  4.822E-11  4.797E-11  2.433E-13
1.282E+00  1.426E-18  4.851E-11  4.827E-11  2.375E-13
1.271E+00  1.421E-18  4.790E-11  4.767E-11  2.319E-13
1.259E+00  1.381E-18  4.613E-11  4.590E-11  2.264E-13
1.247E+00  1.308E-18  4.327E-11  4.305E-11  2.210E-13
1.236E+00  1.212E-18  3.974E-11  3.952E-11  2.158E-13
1.225E+00  1.110E-18  3.606E-11  3.585E-11  2.106E-13
1.213E+00  1.014E-18  3.263E-11  3.242E-11  2.055E-13
1.202E+00  9.300E-19  2.966E-11  2.946E-11  2.005E-13
1.191E+00  8.604E-19  2.719E-11  2.699E-11  1.956E-13
1.180E+00  8.045E-19  2.519E-11  2.500E-11  1.908E-13
1.169E+00  7.607E-19  2.360E-11  2.341E-11  1.860E-13
1.159E+00  7.277E-19  2.237E-11  2.219E-11  1.813E-13
1.148E+00  7.045E-19  2.146E-11  2.128E-11  1.767E-13
1.138E+00  6.909E-19  2.085E-11  2.068E-11  1.722E-13
1.127E+00  6.876E-19  2.056E-11  2.039E-11  1.677E-13
1.117E+00  6.965E-19  2.063E-11  2.047E-11  1.634E-13
1.107E+00  7.211E-19  2.117E-11  2.101E-11  1.591E-13
1.096E+00  7.673E-19  2.232E-11  2.216E-11  1.549E-13
1.086E+00  8.437E-19  2.431E-11  2.416E-11  1.507E-13
1.076E+00  9.583E-19  2.736E-11  2.722E-11  1.467E-13
1.067E+00  1.103E-18  3.122E-11  3.107E-11  1.427E-13
1.057E+00  1.216E-18  3.408E-11  3.395E-11  1.388E-13
1.047E+00  1.183E-18  3.286E-11  3.273E-11  1.350E-13
1.038E+00  9.980E-19  2.747E-11  2.733E-11  1.312E-13
1.028E+00  7.841E-19  2.138E-11  2.125E-11  1.276E-13
1.019E+00  6.182E-19  1.670E-11  1.658E-11  1.240E-13
1.009E+00  5.046E-19  1.351E-11  1.339E-11  1.204E-13
1.000E+00  4.278E-19  1.135E-11  1.123E-11  1.170E-13
