Dust emission spectrum from Draine,B.T., & Li, A. (2007), ApJ, in press [astro-ph/0608003]
==========================================================
         7 = grain model
 4.000E-08 4.000E-01 4.500E-05 = a_01 (cm) , sigma_1 , b_C1
 2.000E-07 5.500E-01 1.500E-05 = a_02 (cm) , sigma_2 , b_C2
 3.000E+05 3.000E+05 1.000E+00 = Umin , Umax, beta (dN/dU propto U^{-beta})
 3.000E+05 = <U>       mmp83 = radfield
 2.000E-06 1.000E+00 = a_{min} (cm), a_{max} (cm)
 8.417E-19 5.047E-19 3.370E-19 = P(tot)  P(carb)  P(sil) (erg s-1 H-1)
 band     <nu*P_nu> <j_nu(tot)><j_nu(carb)><j_nu(sil)>
 (um)   (erg s-1 H-1)(Jy/(sr*H))(Jy/(sr*H))(Jy/(sr*H))
1.270E+00  1.928E-31  6.496E-24  6.496E-24  2.612E-36 COBE-DIRBE
2.220E+00  5.218E-25  3.073E-17  3.073E-17  4.823E-25 COBE-DIRBE
3.530E+00  8.691E-22  8.138E-14  8.138E-14  1.065E-18 COBE-DIRBE
4.880E+00  1.338E-20  1.732E-12  1.732E-12  3.239E-16 COBE-DIRBE
1.229E+01  3.203E-19  1.044E-10  6.841E-11  3.600E-11 COBE-DIRBE
2.079E+01  6.394E-19  3.526E-10  1.597E-10  1.929E-10 COBE-DIRBE
5.599E+01  8.655E-20  1.285E-10  7.202E-11  5.652E-11 COBE-DIRBE
9.770E+01  6.104E-21  1.582E-11  6.082E-12  9.737E-12 COBE-DIRBE
1.479E+02  9.216E-22  3.615E-12  1.276E-12  2.339E-12 COBE-DIRBE
2.479E+02  8.247E-23  5.422E-13  1.684E-13  3.738E-13 COBE-DIRBE
1.200E+01  2.808E-19  8.937E-11  6.336E-11  2.601E-11 IRAS
2.500E+01  6.623E-19  4.392E-10  2.235E-10  2.157E-10 IRAS
6.000E+01  7.949E-20  1.265E-10  7.214E-11  5.437E-11 IRAS
1.000E+02  5.225E-21  1.386E-11  5.213E-12  8.645E-12 IRAS
3.550E+00  8.325E-22  7.840E-14  7.839E-14  8.009E-19 SST-IRAC
4.493E+00  7.740E-21  9.224E-13  9.223E-13  1.022E-16 SST-IRAC
5.731E+00  3.526E-20  5.360E-12  5.355E-12  4.904E-15 SST-IRAC
7.872E+00  1.361E-19  2.842E-11  2.600E-11  2.423E-12 SST-IRAC
2.368E+01  6.419E-19  4.032E-10  2.042E-10  1.990E-10 SST-MIPS
7.142E+01  2.221E-20  4.208E-11  1.883E-11  2.324E-11 SST-MIPS
1.559E+02  5.891E-22  2.436E-12  8.560E-13  1.580E-12 SST-MIPS
1.600E+01  4.627E-19  1.964E-10  1.011E-10  9.529E-11 SST-IRSPU
2.200E+01  6.674E-19  3.895E-10  1.863E-10  2.032E-10 SST-IRSPU
7.500E+01  1.900E-20  3.780E-11  1.680E-11  2.100E-11 Herschel-PACS
1.100E+02  3.403E-21  9.929E-12  3.662E-12  6.268E-12 Herschel-PACS
1.700E+02  4.605E-22  2.077E-12  7.307E-13  1.346E-12 Herschel-PACS
2.500E+02  6.189E-23  4.104E-13  1.260E-13  2.844E-13 Herschel-SPIRE
3.600E+02  9.965E-24  9.516E-14  3.034E-14  6.482E-14 Herschel-SPIRE
5.200E+02  1.738E-24  2.397E-14  7.785E-15  1.619E-14 Herschel-SPIRE
2.400E+00  1.262E-22  8.034E-15  8.032E-15  1.813E-18 Akari IRC NIR N2
3.200E+00  4.906E-22  4.164E-14  4.164E-14  1.871E-18 Akari IRC NIR N3
4.100E+00  7.806E-21  8.490E-13  8.488E-13  1.582E-16 Akari IRC NIR N4
7.000E+00  9.960E-20  1.849E-11  1.786E-11  6.354E-13 Akari IRC MIR-S S7
9.000E+00  1.989E-19  4.748E-11  3.703E-11  1.045E-11 Akari IRC MIR-S S9W
1.100E+01  2.789E-19  8.136E-11  5.766E-11  2.370E-11 Akari IRC MIR-S S11
1.500E+01  4.668E-19  1.857E-10  9.399E-11  9.175E-11 Akari IRC MIR-L L15
1.800E+01  5.779E-19  2.759E-10  1.297E-10  1.462E-10 Akari IRC MIR-L L18W
2.400E+01  6.668E-19  4.245E-10  2.089E-10  2.156E-10 Akari IRC MIR-L L24
6.500E+01  3.521E-20  6.072E-11  2.890E-11  3.181E-11 Akari FIS N60
8.000E+01  1.388E-20  2.946E-11  1.304E-11  1.642E-11 Akari FIS WIDE-S
1.400E+02  8.815E-22  3.273E-12  1.158E-12  2.115E-12 Akari FIS WIDE-L
1.600E+02  4.956E-22  2.104E-12  7.225E-13  1.381E-12 Akari FIS N160
 
 
 
 


lambda    nu*dP/dnu     j_nu    j_nu(carb.) j_nu(sil)
 (um)    (erg/(s*H)) (Jy/(sr*H) (Jy/(sr*H)) (Jy/(sr*H)
1.000E+04  4.229E-30  1.122E-18  2.201E-19  9.018E-19
9.908E+03  4.386E-30  1.153E-18  2.267E-19  9.260E-19
9.817E+03  4.548E-30  1.184E-18  2.335E-19  9.508E-19
9.727E+03  4.716E-30  1.217E-18  2.405E-19  9.762E-19
9.638E+03  4.890E-30  1.250E-18  2.477E-19  1.002E-18
9.550E+03  5.070E-30  1.284E-18  2.552E-19  1.029E-18
9.462E+03  5.258E-30  1.320E-18  2.628E-19  1.057E-18
9.376E+03  5.452E-30  1.356E-18  2.707E-19  1.085E-18
9.290E+03  5.654E-30  1.393E-18  2.789E-19  1.114E-18
9.204E+03  5.863E-30  1.431E-18  2.873E-19  1.144E-18
9.120E+03  6.080E-30  1.471E-18  2.959E-19  1.175E-18
9.036E+03  6.305E-30  1.511E-18  3.048E-19  1.206E-18
8.954E+03  6.537E-30  1.553E-18  3.140E-19  1.239E-18
8.872E+03  6.777E-30  1.595E-18  3.235E-19  1.271E-18
8.790E+03  7.027E-30  1.638E-18  3.332E-19  1.305E-18
8.710E+03  7.286E-30  1.683E-18  3.433E-19  1.340E-18
8.630E+03  7.555E-30  1.729E-18  3.537E-19  1.376E-18
8.551E+03  7.833E-30  1.777E-18  3.644E-19  1.412E-18
8.472E+03  8.122E-30  1.825E-18  3.754E-19  1.450E-18
8.395E+03  8.423E-30  1.875E-18  3.867E-19  1.489E-18
8.318E+03  8.734E-30  1.927E-18  3.984E-19  1.529E-18
8.241E+03  9.057E-30  1.980E-18  4.105E-19  1.569E-18
8.166E+03  9.393E-30  2.034E-18  4.230E-19  1.612E-18
8.091E+03  9.741E-30  2.091E-18  4.358E-19  1.655E-18
8.017E+03  1.010E-29  2.148E-18  4.490E-19  1.699E-18
7.943E+03  1.048E-29  2.207E-18  4.626E-19  1.745E-18
7.870E+03  1.087E-29  2.268E-18  4.767E-19  1.792E-18
7.798E+03  1.127E-29  2.331E-18  4.912E-19  1.840E-18
7.727E+03  1.169E-29  2.396E-18  5.061E-19  1.890E-18
7.656E+03  1.212E-29  2.462E-18  5.215E-19  1.941E-18
7.586E+03  1.257E-29  2.530E-18  5.374E-19  1.993E-18
7.516E+03  1.304E-29  2.601E-18  5.537E-19  2.047E-18
7.447E+03  1.353E-29  2.673E-18  5.706E-19  2.102E-18
7.379E+03  1.403E-29  2.747E-18  5.880E-19  2.159E-18
7.311E+03  1.456E-29  2.824E-18  6.060E-19  2.218E-18
7.244E+03  1.510E-29  2.902E-18  6.245E-19  2.278E-18
7.178E+03  1.567E-29  2.983E-18  6.435E-19  2.340E-18
7.112E+03  1.625E-29  3.066E-18  6.632E-19  2.403E-18
7.047E+03  1.686E-29  3.152E-18  6.835E-19  2.468E-18
6.982E+03  1.749E-29  3.240E-18  7.044E-19  2.536E-18
6.918E+03  1.815E-29  3.330E-18  7.260E-19  2.604E-18
6.855E+03  1.883E-29  3.423E-18  7.482E-19  2.675E-18
6.792E+03  1.953E-29  3.519E-18  7.711E-19  2.748E-18
6.730E+03  2.027E-29  3.618E-18  7.948E-19  2.823E-18
6.668E+03  2.103E-29  3.719E-18  8.192E-19  2.900E-18
6.607E+03  2.182E-29  3.823E-18  8.443E-19  2.979E-18
6.546E+03  2.264E-29  3.931E-18  8.703E-19  3.061E-18
6.486E+03  2.349E-29  4.041E-18  8.970E-19  3.144E-18
6.427E+03  2.437E-29  4.155E-18  9.246E-19  3.230E-18
6.368E+03  2.529E-29  4.272E-18  9.531E-19  3.319E-18
6.310E+03  2.624E-29  4.392E-18  9.824E-19  3.410E-18
6.252E+03  2.723E-29  4.516E-18  1.013E-18  3.504E-18
6.194E+03  2.826E-29  4.644E-18  1.044E-18  3.600E-18
6.138E+03  2.933E-29  4.775E-18  1.076E-18  3.699E-18
6.081E+03  3.044E-29  4.911E-18  1.109E-18  3.801E-18
6.026E+03  3.159E-29  5.050E-18  1.144E-18  3.906E-18
5.970E+03  3.279E-29  5.193E-18  1.179E-18  4.014E-18
5.916E+03  3.403E-29  5.340E-18  1.215E-18  4.125E-18
5.861E+03  3.532E-29  5.492E-18  1.253E-18  4.239E-18
5.808E+03  3.666E-29  5.648E-18  1.292E-18  4.356E-18
5.754E+03  3.806E-29  5.809E-18  1.332E-18  4.477E-18
5.702E+03  3.950E-29  5.975E-18  1.373E-18  4.602E-18
5.649E+03  4.101E-29  6.145E-18  1.416E-18  4.729E-18
5.598E+03  4.257E-29  6.321E-18  1.460E-18  4.861E-18
5.546E+03  4.419E-29  6.501E-18  1.505E-18  4.996E-18
5.495E+03  4.588E-29  6.687E-18  1.552E-18  5.135E-18
5.445E+03  4.763E-29  6.879E-18  1.600E-18  5.279E-18
5.395E+03  4.944E-29  7.076E-18  1.650E-18  5.426E-18
5.346E+03  5.133E-29  7.279E-18  1.701E-18  5.578E-18
5.297E+03  5.330E-29  7.488E-18  1.754E-18  5.734E-18
5.248E+03  5.534E-29  7.703E-18  1.809E-18  5.894E-18
5.200E+03  5.746E-29  7.925E-18  1.865E-18  6.060E-18
5.152E+03  5.966E-29  8.153E-18  1.924E-18  6.230E-18
5.105E+03  6.194E-29  8.388E-18  1.984E-18  6.404E-18
5.058E+03  6.432E-29  8.630E-18  2.046E-18  6.584E-18
5.012E+03  6.679E-29  8.879E-18  2.110E-18  6.770E-18
4.966E+03  6.936E-29  9.136E-18  2.176E-18  6.960E-18
4.920E+03  7.202E-29  9.400E-18  2.244E-18  7.156E-18
4.875E+03  7.479E-29  9.672E-18  2.314E-18  7.358E-18
4.831E+03  7.767E-29  9.952E-18  2.387E-18  7.565E-18
4.786E+03  8.066E-29  1.024E-17  2.462E-18  7.779E-18
4.742E+03  8.377E-29  1.054E-17  2.539E-18  7.999E-18
4.699E+03  8.700E-29  1.084E-17  2.619E-18  8.225E-18
4.656E+03  9.036E-29  1.116E-17  2.701E-18  8.459E-18
4.613E+03  9.385E-29  1.148E-17  2.786E-18  8.699E-18
4.571E+03  9.748E-29  1.182E-17  2.874E-18  8.946E-18
4.529E+03  1.013E-28  1.216E-17  2.964E-18  9.200E-18
4.487E+03  1.052E-28  1.252E-17  3.058E-18  9.462E-18
4.446E+03  1.093E-28  1.289E-17  3.154E-18  9.732E-18
4.406E+03  1.135E-28  1.326E-17  3.254E-18  1.001E-17
4.365E+03  1.179E-28  1.365E-17  3.356E-18  1.030E-17
4.325E+03  1.225E-28  1.405E-17  3.462E-18  1.059E-17
4.285E+03  1.272E-28  1.447E-17  3.572E-18  1.089E-17
4.246E+03  1.322E-28  1.489E-17  3.685E-18  1.121E-17
4.207E+03  1.374E-28  1.533E-17  3.801E-18  1.153E-17
4.169E+03  1.427E-28  1.578E-17  3.922E-18  1.186E-17
4.130E+03  1.483E-28  1.625E-17  4.046E-18  1.220E-17
4.093E+03  1.541E-28  1.673E-17  4.174E-18  1.255E-17
4.055E+03  1.601E-28  1.722E-17  4.307E-18  1.291E-17
4.018E+03  1.663E-28  1.773E-17  4.444E-18  1.328E-17
3.981E+03  1.728E-28  1.825E-17  4.585E-18  1.367E-17
3.945E+03  1.796E-28  1.879E-17  4.731E-18  1.406E-17
3.908E+03  1.866E-28  1.935E-17  4.881E-18  1.447E-17
3.873E+03  1.939E-28  1.992E-17  5.037E-18  1.489E-17
3.837E+03  2.015E-28  2.051E-17  5.197E-18  1.532E-17
3.802E+03  2.095E-28  2.112E-17  5.363E-18  1.576E-17
3.767E+03  2.177E-28  2.175E-17  5.534E-18  1.622E-17
3.733E+03  2.262E-28  2.240E-17  5.710E-18  1.669E-17
3.698E+03  2.352E-28  2.307E-17  5.893E-18  1.718E-17
3.664E+03  2.444E-28  2.376E-17  6.081E-18  1.768E-17
3.631E+03  2.540E-28  2.447E-17  6.275E-18  1.819E-17
3.597E+03  2.641E-28  2.520E-17  6.476E-18  1.872E-17
3.565E+03  2.745E-28  2.595E-17  6.683E-18  1.927E-17
3.532E+03  2.854E-28  2.673E-17  6.897E-18  1.984E-17
3.499E+03  2.966E-28  2.754E-17  7.119E-18  2.042E-17
3.467E+03  3.084E-28  2.836E-17  7.347E-18  2.102E-17
3.436E+03  3.206E-28  2.922E-17  7.583E-18  2.164E-17
3.404E+03  3.333E-28  3.010E-17  7.826E-18  2.227E-17
3.373E+03  3.466E-28  3.101E-17  8.078E-18  2.293E-17
3.342E+03  3.604E-28  3.194E-17  8.337E-18  2.361E-17
3.311E+03  3.747E-28  3.291E-17  8.605E-18  2.431E-17
3.281E+03  3.896E-28  3.391E-17  8.882E-18  2.502E-17
3.251E+03  4.051E-28  3.494E-17  9.169E-18  2.577E-17
3.221E+03  4.213E-28  3.600E-17  9.464E-18  2.653E-17
3.192E+03  4.381E-28  3.709E-17  9.769E-18  2.732E-17
3.162E+03  4.556E-28  3.822E-17  1.008E-17  2.813E-17
3.133E+03  4.738E-28  3.938E-17  1.041E-17  2.897E-17
3.105E+03  4.928E-28  4.058E-17  1.075E-17  2.983E-17
3.076E+03  5.125E-28  4.182E-17  1.109E-17  3.073E-17
3.048E+03  5.331E-28  4.310E-17  1.145E-17  3.164E-17
3.020E+03  5.544E-28  4.441E-17  1.182E-17  3.259E-17
2.992E+03  5.767E-28  4.577E-17  1.221E-17  3.357E-17
2.965E+03  5.998E-28  4.717E-17  1.260E-17  3.457E-17
2.938E+03  6.238E-28  4.861E-17  1.301E-17  3.560E-17
2.911E+03  6.489E-28  5.010E-17  1.343E-17  3.667E-17
2.884E+03  6.749E-28  5.163E-17  1.387E-17  3.777E-17
2.858E+03  7.021E-28  5.322E-17  1.432E-17  3.890E-17
2.831E+03  7.303E-28  5.485E-17  1.478E-17  4.007E-17
2.805E+03  7.598E-28  5.654E-17  1.527E-17  4.127E-17
2.780E+03  7.904E-28  5.828E-17  1.576E-17  4.252E-17
2.754E+03  8.223E-28  6.007E-17  1.628E-17  4.380E-17
2.729E+03  8.555E-28  6.193E-17  1.681E-17  4.512E-17
2.704E+03  8.901E-28  6.384E-17  1.735E-17  4.649E-17
2.679E+03  9.261E-28  6.582E-17  1.792E-17  4.790E-17
2.655E+03  9.636E-28  6.785E-17  1.850E-17  4.935E-17
2.630E+03  1.003E-27  6.996E-17  1.911E-17  5.085E-17
2.606E+03  1.043E-27  7.213E-17  1.973E-17  5.239E-17
2.582E+03  1.086E-27  7.437E-17  2.038E-17  5.399E-17
2.559E+03  1.130E-27  7.668E-17  2.104E-17  5.564E-17
2.535E+03  1.176E-27  7.907E-17  2.173E-17  5.734E-17
2.512E+03  1.224E-27  8.153E-17  2.244E-17  5.909E-17
2.489E+03  1.274E-27  8.408E-17  2.318E-17  6.090E-17
2.466E+03  1.325E-27  8.670E-17  2.394E-17  6.276E-17
2.443E+03  1.380E-27  8.941E-17  2.472E-17  6.469E-17
2.421E+03  1.436E-27  9.221E-17  2.553E-17  6.668E-17
2.399E+03  1.495E-27  9.510E-17  2.637E-17  6.873E-17
2.377E+03  1.556E-27  9.809E-17  2.724E-17  7.085E-17
2.355E+03  1.619E-27  1.012E-16  2.813E-17  7.303E-17
2.333E+03  1.686E-27  1.043E-16  2.906E-17  7.529E-17
2.312E+03  1.755E-27  1.076E-16  3.002E-17  7.761E-17
2.291E+03  1.827E-27  1.110E-16  3.100E-17  8.001E-17
2.270E+03  1.902E-27  1.145E-16  3.203E-17  8.249E-17
2.249E+03  1.980E-27  1.181E-16  3.308E-17  8.505E-17
2.228E+03  2.062E-27  1.219E-16  3.417E-17  8.769E-17
2.208E+03  2.147E-27  1.257E-16  3.530E-17  9.042E-17
2.188E+03  2.235E-27  1.297E-16  3.646E-17  9.323E-17
2.168E+03  2.327E-27  1.338E-16  3.767E-17  9.614E-17
2.148E+03  2.423E-27  1.380E-16  3.891E-17  9.914E-17
2.128E+03  2.523E-27  1.424E-16  4.020E-17  1.022E-16
2.109E+03  2.627E-27  1.470E-16  4.153E-17  1.054E-16
2.089E+03  2.736E-27  1.516E-16  4.290E-17  1.087E-16
2.070E+03  2.849E-27  1.565E-16  4.433E-17  1.121E-16
2.051E+03  2.967E-27  1.614E-16  4.579E-17  1.156E-16
2.032E+03  3.090E-27  1.666E-16  4.731E-17  1.193E-16
2.014E+03  3.218E-27  1.719E-16  4.888E-17  1.230E-16
1.995E+03  3.352E-27  1.774E-16  5.050E-17  1.269E-16
1.977E+03  3.491E-27  1.831E-16  5.218E-17  1.309E-16
1.959E+03  3.636E-27  1.889E-16  5.391E-17  1.350E-16
1.941E+03  3.787E-27  1.950E-16  5.570E-17  1.392E-16
1.923E+03  3.944E-27  2.012E-16  5.756E-17  1.436E-16
1.905E+03  4.108E-27  2.076E-16  5.947E-17  1.482E-16
1.888E+03  4.279E-27  2.143E-16  6.145E-17  1.529E-16
1.871E+03  4.457E-27  2.212E-16  6.349E-17  1.577E-16
1.854E+03  4.643E-27  2.283E-16  6.561E-17  1.627E-16
1.837E+03  4.837E-27  2.356E-16  6.780E-17  1.678E-16
1.820E+03  5.039E-27  2.432E-16  7.006E-17  1.732E-16
1.803E+03  5.249E-27  2.511E-16  7.239E-17  1.787E-16
1.786E+03  5.469E-27  2.592E-16  7.481E-17  1.843E-16
1.770E+03  5.698E-27  2.675E-16  7.731E-17  1.902E-16
1.754E+03  5.936E-27  2.762E-16  7.989E-17  1.963E-16
1.738E+03  6.185E-27  2.851E-16  8.256E-17  2.025E-16
1.722E+03  6.444E-27  2.943E-16  8.532E-17  2.090E-16
1.706E+03  6.714E-27  3.038E-16  8.818E-17  2.157E-16
1.690E+03  6.996E-27  3.137E-16  9.113E-17  2.226E-16
1.675E+03  7.289E-27  3.239E-16  9.418E-17  2.297E-16
1.660E+03  7.595E-27  3.344E-16  9.734E-17  2.370E-16
1.644E+03  7.914E-27  3.452E-16  1.006E-16  2.446E-16
1.629E+03  8.247E-27  3.564E-16  1.040E-16  2.525E-16
1.614E+03  8.594E-27  3.680E-16  1.075E-16  2.606E-16
1.600E+03  8.956E-27  3.800E-16  1.111E-16  2.689E-16
1.585E+03  9.333E-27  3.924E-16  1.148E-16  2.776E-16
1.570E+03  9.726E-27  4.051E-16  1.187E-16  2.865E-16
1.556E+03  1.014E-26  4.183E-16  1.226E-16  2.957E-16
1.542E+03  1.056E-26  4.320E-16  1.268E-16  3.052E-16
1.528E+03  1.101E-26  4.461E-16  1.310E-16  3.151E-16
1.514E+03  1.147E-26  4.606E-16  1.354E-16  3.252E-16
1.500E+03  1.196E-26  4.757E-16  1.400E-16  3.357E-16
1.486E+03  1.246E-26  4.913E-16  1.447E-16  3.466E-16
1.472E+03  1.299E-26  5.074E-16  1.496E-16  3.578E-16
1.459E+03  1.354E-26  5.240E-16  1.546E-16  3.693E-16
1.445E+03  1.411E-26  5.412E-16  1.599E-16  3.813E-16
1.432E+03  1.471E-26  5.589E-16  1.652E-16  3.937E-16
1.419E+03  1.534E-26  5.773E-16  1.708E-16  4.064E-16
1.406E+03  1.599E-26  5.962E-16  1.766E-16  4.196E-16
1.393E+03  1.666E-26  6.158E-16  1.826E-16  4.333E-16
1.380E+03  1.737E-26  6.361E-16  1.887E-16  4.474E-16
1.368E+03  1.811E-26  6.570E-16  1.951E-16  4.619E-16
1.355E+03  1.888E-26  6.787E-16  2.017E-16  4.769E-16
1.343E+03  1.968E-26  7.010E-16  2.085E-16  4.925E-16
1.330E+03  2.052E-26  7.241E-16  2.156E-16  5.085E-16
1.318E+03  2.139E-26  7.480E-16  2.229E-16  5.251E-16
1.306E+03  2.230E-26  7.727E-16  2.305E-16  5.422E-16
1.294E+03  2.325E-26  7.982E-16  2.383E-16  5.599E-16
1.282E+03  2.424E-26  8.246E-16  2.464E-16  5.782E-16
1.271E+03  2.527E-26  8.518E-16  2.547E-16  5.971E-16
1.259E+03  2.635E-26  8.800E-16  2.634E-16  6.166E-16
1.247E+03  2.747E-26  9.091E-16  2.723E-16  6.368E-16
1.236E+03  2.865E-26  9.392E-16  2.816E-16  6.576E-16
1.225E+03  2.987E-26  9.702E-16  2.911E-16  6.791E-16
1.213E+03  3.114E-26  1.002E-15  3.010E-16  7.014E-16
1.202E+03  3.247E-26  1.036E-15  3.113E-16  7.243E-16
1.191E+03  3.386E-26  1.070E-15  3.218E-16  7.481E-16
1.180E+03  3.531E-26  1.105E-15  3.328E-16  7.726E-16
1.169E+03  3.681E-26  1.142E-15  3.441E-16  7.979E-16
1.159E+03  3.839E-26  1.180E-15  3.559E-16  8.241E-16
1.148E+03  4.003E-26  1.219E-15  3.680E-16  8.511E-16
1.138E+03  4.174E-26  1.260E-15  3.805E-16  8.791E-16
1.127E+03  4.353E-26  1.301E-15  3.935E-16  9.079E-16
1.117E+03  4.539E-26  1.345E-15  4.069E-16  9.377E-16
1.107E+03  4.733E-26  1.389E-15  4.208E-16  9.685E-16
1.096E+03  4.936E-26  1.436E-15  4.352E-16  1.000E-15
1.086E+03  5.147E-26  1.483E-15  4.501E-16  1.033E-15
1.076E+03  5.368E-26  1.533E-15  4.655E-16  1.067E-15
1.067E+03  5.598E-26  1.584E-15  4.814E-16  1.102E-15
1.057E+03  5.837E-26  1.636E-15  4.978E-16  1.139E-15
1.047E+03  6.088E-26  1.691E-15  5.149E-16  1.176E-15
1.038E+03  6.349E-26  1.747E-15  5.325E-16  1.215E-15
1.028E+03  6.621E-26  1.805E-15  5.507E-16  1.255E-15
1.019E+03  6.905E-26  1.866E-15  5.696E-16  1.296E-15
1.009E+03  7.201E-26  1.928E-15  5.891E-16  1.339E-15
1.000E+03  7.510E-26  1.992E-15  6.093E-16  1.383E-15
9.908E+02  7.832E-26  2.059E-15  6.302E-16  1.428E-15
9.817E+02  8.169E-26  2.127E-15  6.518E-16  1.475E-15
9.727E+02  8.520E-26  2.198E-15  6.742E-16  1.524E-15
9.638E+02  8.886E-26  2.272E-15  6.974E-16  1.575E-15
9.550E+02  9.268E-26  2.348E-15  7.213E-16  1.627E-15
9.462E+02  9.667E-26  2.426E-15  7.461E-16  1.680E-15
9.376E+02  1.008E-25  2.508E-15  7.718E-16  1.736E-15
9.290E+02  1.052E-25  2.591E-15  7.983E-16  1.793E-15
9.204E+02  1.097E-25  2.678E-15  8.258E-16  1.852E-15
9.120E+02  1.144E-25  2.768E-15  8.542E-16  1.914E-15
9.036E+02  1.193E-25  2.861E-15  8.836E-16  1.977E-15
8.954E+02  1.245E-25  2.956E-15  9.140E-16  2.042E-15
8.872E+02  1.298E-25  3.055E-15  9.455E-16  2.110E-15
8.790E+02  1.354E-25  3.157E-15  9.781E-16  2.179E-15
8.710E+02  1.412E-25  3.263E-15  1.012E-15  2.251E-15
8.630E+02  1.473E-25  3.372E-15  1.047E-15  2.326E-15
8.551E+02  1.537E-25  3.485E-15  1.083E-15  2.402E-15
8.472E+02  1.603E-25  3.602E-15  1.120E-15  2.481E-15
8.395E+02  1.672E-25  3.722E-15  1.159E-15  2.563E-15
8.318E+02  1.744E-25  3.847E-15  1.199E-15  2.648E-15
8.241E+02  1.819E-25  3.975E-15  1.240E-15  2.735E-15
8.166E+02  1.897E-25  4.108E-15  1.283E-15  2.825E-15
8.091E+02  1.978E-25  4.246E-15  1.328E-15  2.918E-15
8.017E+02  2.063E-25  4.388E-15  1.374E-15  3.014E-15
7.943E+02  2.152E-25  4.535E-15  1.421E-15  3.114E-15
7.870E+02  2.245E-25  4.686E-15  1.470E-15  3.216E-15
7.798E+02  2.341E-25  4.843E-15  1.521E-15  3.322E-15
7.727E+02  2.442E-25  5.005E-15  1.574E-15  3.431E-15
7.656E+02  2.547E-25  5.173E-15  1.629E-15  3.544E-15
7.586E+02  2.657E-25  5.346E-15  1.685E-15  3.661E-15
7.516E+02  2.771E-25  5.525E-15  1.744E-15  3.782E-15
7.447E+02  2.891E-25  5.711E-15  1.804E-15  3.907E-15
7.379E+02  3.016E-25  5.903E-15  1.867E-15  4.036E-15
7.311E+02  3.146E-25  6.101E-15  1.932E-15  4.169E-15
7.244E+02  3.282E-25  6.306E-15  1.999E-15  4.308E-15
7.178E+02  3.424E-25  6.519E-15  2.068E-15  4.451E-15
7.112E+02  3.572E-25  6.739E-15  2.140E-15  4.599E-15
7.047E+02  3.727E-25  6.966E-15  2.215E-15  4.751E-15
6.982E+02  3.888E-25  7.201E-15  2.292E-15  4.910E-15
6.918E+02  4.057E-25  7.445E-15  2.371E-15  5.073E-15
6.855E+02  4.233E-25  7.696E-15  2.454E-15  5.242E-15
6.792E+02  4.416E-25  7.957E-15  2.540E-15  5.417E-15
6.730E+02  4.608E-25  8.225E-15  2.628E-15  5.597E-15
6.668E+02  4.807E-25  8.503E-15  2.720E-15  5.783E-15
6.607E+02  5.016E-25  8.791E-15  2.815E-15  5.976E-15
6.546E+02  5.234E-25  9.089E-15  2.913E-15  6.176E-15
6.486E+02  5.463E-25  9.399E-15  3.015E-15  6.384E-15
6.427E+02  5.701E-25  9.719E-15  3.120E-15  6.599E-15
6.368E+02  5.950E-25  1.005E-14  3.229E-15  6.822E-15
6.310E+02  6.211E-25  1.039E-14  3.342E-15  7.053E-15
6.252E+02  6.482E-25  1.075E-14  3.459E-15  7.291E-15
6.194E+02  6.766E-25  1.112E-14  3.580E-15  7.538E-15
6.138E+02  7.063E-25  1.150E-14  3.705E-15  7.794E-15
6.081E+02  7.373E-25  1.189E-14  3.835E-15  8.059E-15
6.026E+02  7.697E-25  1.230E-14  3.969E-15  8.333E-15
5.970E+02  8.035E-25  1.273E-14  4.108E-15  8.617E-15
5.916E+02  8.389E-25  1.316E-14  4.252E-15  8.911E-15
5.861E+02  8.758E-25  1.362E-14  4.401E-15  9.216E-15
5.808E+02  9.144E-25  1.409E-14  4.556E-15  9.531E-15
5.754E+02  9.548E-25  1.457E-14  4.715E-15  9.858E-15
5.702E+02  9.969E-25  1.508E-14  4.881E-15  1.020E-14
5.649E+02  1.041E-24  1.560E-14  5.052E-15  1.055E-14
5.598E+02  1.087E-24  1.614E-14  5.230E-15  1.091E-14
5.546E+02  1.135E-24  1.670E-14  5.414E-15  1.129E-14
5.495E+02  1.185E-24  1.728E-14  5.604E-15  1.168E-14
5.445E+02  1.238E-24  1.788E-14  5.801E-15  1.208E-14
5.395E+02  1.293E-24  1.851E-14  6.006E-15  1.250E-14
5.346E+02  1.351E-24  1.915E-14  6.217E-15  1.293E-14
5.297E+02  1.411E-24  1.982E-14  6.436E-15  1.338E-14
5.248E+02  1.474E-24  2.051E-14  6.663E-15  1.385E-14
5.200E+02  1.539E-24  2.123E-14  6.898E-15  1.433E-14
5.152E+02  1.608E-24  2.197E-14  7.141E-15  1.483E-14
5.105E+02  1.680E-24  2.275E-14  7.393E-15  1.535E-14
5.058E+02  1.755E-24  2.354E-14  7.654E-15  1.589E-14
5.012E+02  1.833E-24  2.437E-14  7.924E-15  1.645E-14
4.966E+02  1.915E-24  2.523E-14  8.204E-15  1.703E-14
4.920E+02  2.001E-24  2.612E-14  8.494E-15  1.763E-14
4.875E+02  2.091E-24  2.704E-14  8.794E-15  1.825E-14
4.831E+02  2.185E-24  2.800E-14  9.105E-15  1.889E-14
4.786E+02  2.283E-24  2.899E-14  9.427E-15  1.956E-14
4.742E+02  2.386E-24  3.001E-14  9.761E-15  2.025E-14
4.699E+02  2.493E-24  3.108E-14  1.011E-14  2.097E-14
4.656E+02  2.606E-24  3.218E-14  1.046E-14  2.172E-14
4.613E+02  2.723E-24  3.332E-14  1.083E-14  2.249E-14
4.571E+02  2.846E-24  3.451E-14  1.122E-14  2.329E-14
4.529E+02  2.975E-24  3.574E-14  1.162E-14  2.412E-14
4.487E+02  3.109E-24  3.701E-14  1.203E-14  2.498E-14
4.446E+02  3.250E-24  3.833E-14  1.246E-14  2.588E-14
4.406E+02  3.397E-24  3.970E-14  1.290E-14  2.680E-14
4.365E+02  3.551E-24  4.112E-14  1.336E-14  2.776E-14
4.325E+02  3.712E-24  4.259E-14  1.383E-14  2.876E-14
4.285E+02  3.881E-24  4.412E-14  1.432E-14  2.980E-14
4.246E+02  4.058E-24  4.570E-14  1.483E-14  3.087E-14
4.207E+02  4.242E-24  4.734E-14  1.536E-14  3.199E-14
4.169E+02  4.436E-24  4.905E-14  1.591E-14  3.314E-14
4.130E+02  4.638E-24  5.081E-14  1.647E-14  3.434E-14
4.093E+02  4.850E-24  5.265E-14  1.706E-14  3.559E-14
4.055E+02  5.071E-24  5.455E-14  1.767E-14  3.688E-14
4.018E+02  5.303E-24  5.652E-14  1.830E-14  3.822E-14
3.981E+02  5.546E-24  5.857E-14  1.895E-14  3.962E-14
3.945E+02  5.800E-24  6.069E-14  1.962E-14  4.107E-14
3.908E+02  6.067E-24  6.289E-14  2.032E-14  4.257E-14
3.873E+02  6.345E-24  6.518E-14  2.105E-14  4.413E-14
3.837E+02  6.637E-24  6.755E-14  2.180E-14  4.575E-14
3.802E+02  6.943E-24  7.001E-14  2.258E-14  4.744E-14
3.767E+02  7.262E-24  7.257E-14  2.339E-14  4.918E-14
3.733E+02  7.597E-24  7.522E-14  2.422E-14  5.100E-14
3.698E+02  7.948E-24  7.797E-14  2.509E-14  5.288E-14
3.664E+02  8.315E-24  8.082E-14  2.599E-14  5.484E-14
3.631E+02  8.700E-24  8.379E-14  2.692E-14  5.687E-14
3.597E+02  9.102E-24  8.686E-14  2.788E-14  5.898E-14
3.565E+02  9.524E-24  9.005E-14  2.888E-14  6.117E-14
3.532E+02  9.966E-24  9.336E-14  2.991E-14  6.345E-14
3.499E+02  1.043E-23  9.680E-14  3.099E-14  6.582E-14
3.467E+02  1.091E-23  1.004E-13  3.210E-14  6.827E-14
3.436E+02  1.142E-23  1.041E-13  3.325E-14  7.083E-14
3.404E+02  1.195E-23  1.079E-13  3.444E-14  7.348E-14
3.373E+02  1.251E-23  1.119E-13  3.568E-14  7.623E-14
3.342E+02  1.309E-23  1.161E-13  3.696E-14  7.909E-14
3.311E+02  1.370E-23  1.204E-13  3.829E-14  8.207E-14
3.281E+02  1.434E-23  1.248E-13  3.966E-14  8.516E-14
3.251E+02  1.501E-23  1.295E-13  4.109E-14  8.837E-14
3.221E+02  1.571E-23  1.343E-13  4.257E-14  9.170E-14
3.192E+02  1.645E-23  1.393E-13  4.410E-14  9.517E-14
3.162E+02  1.722E-23  1.445E-13  4.568E-14  9.877E-14
3.133E+02  1.803E-23  1.498E-13  4.733E-14  1.025E-13
3.105E+02  1.887E-23  1.554E-13  4.904E-14  1.064E-13
3.076E+02  1.976E-23  1.612E-13  5.080E-14  1.104E-13
3.048E+02  2.069E-23  1.673E-13  5.263E-14  1.146E-13
3.020E+02  2.166E-23  1.735E-13  5.453E-14  1.190E-13
2.992E+02  2.268E-23  1.800E-13  5.650E-14  1.235E-13
2.965E+02  2.375E-23  1.868E-13  5.854E-14  1.282E-13
2.938E+02  2.487E-23  1.938E-13  6.066E-14  1.331E-13
2.911E+02  2.604E-23  2.011E-13  6.285E-14  1.382E-13
2.884E+02  2.727E-23  2.087E-13  6.512E-14  1.435E-13
2.858E+02  2.856E-23  2.165E-13  6.747E-14  1.490E-13
2.831E+02  2.991E-23  2.247E-13  6.992E-14  1.548E-13
2.805E+02  3.133E-23  2.331E-13  7.245E-14  1.607E-13
2.780E+02  3.281E-23  2.420E-13  7.507E-14  1.669E-13
2.754E+02  3.437E-23  2.511E-13  7.779E-14  1.733E-13
2.729E+02  3.600E-23  2.606E-13  8.061E-14  1.800E-13
2.704E+02  3.772E-23  2.705E-13  8.354E-14  1.870E-13
2.679E+02  3.952E-23  2.808E-13  8.657E-14  1.943E-13
2.655E+02  4.140E-23  2.915E-13  8.971E-14  2.018E-13
2.630E+02  4.338E-23  3.027E-13  9.297E-14  2.097E-13
2.606E+02  4.546E-23  3.142E-13  9.635E-14  2.179E-13
2.582E+02  4.763E-23  3.263E-13  9.985E-14  2.264E-13
2.559E+02  4.990E-23  3.387E-13  1.035E-13  2.352E-13
2.535E+02  5.228E-23  3.516E-13  1.073E-13  2.443E-13
2.512E+02  5.476E-23  3.649E-13  1.112E-13  2.537E-13
2.489E+02  5.733E-23  3.785E-13  1.152E-13  2.633E-13
2.466E+02  5.999E-23  3.924E-13  1.194E-13  2.730E-13
2.443E+02  6.277E-23  4.068E-13  1.238E-13  2.830E-13
2.421E+02  6.565E-23  4.216E-13  1.283E-13  2.933E-13
2.399E+02  6.866E-23  4.369E-13  1.330E-13  3.039E-13
2.377E+02  7.177E-23  4.525E-13  1.379E-13  3.147E-13
2.355E+02  7.503E-23  4.687E-13  1.429E-13  3.258E-13
2.333E+02  7.843E-23  4.854E-13  1.482E-13  3.373E-13
2.312E+02  8.198E-23  5.028E-13  1.536E-13  3.492E-13
2.291E+02  8.569E-23  5.207E-13  1.592E-13  3.615E-13
2.270E+02  8.957E-23  5.393E-13  1.651E-13  3.742E-13
2.249E+02  9.363E-23  5.586E-13  1.712E-13  3.874E-13
2.228E+02  9.787E-23  5.785E-13  1.775E-13  4.011E-13
2.208E+02  1.023E-22  5.992E-13  1.840E-13  4.152E-13
2.188E+02  1.069E-22  6.206E-13  1.908E-13  4.298E-13
2.168E+02  1.118E-22  6.428E-13  1.978E-13  4.450E-13
2.148E+02  1.169E-22  6.658E-13  2.052E-13  4.606E-13
2.128E+02  1.222E-22  6.896E-13  2.128E-13  4.768E-13
2.109E+02  1.277E-22  7.142E-13  2.207E-13  4.936E-13
2.089E+02  1.335E-22  7.397E-13  2.289E-13  5.109E-13
2.070E+02  1.395E-22  7.662E-13  2.374E-13  5.288E-13
2.051E+02  1.459E-22  7.936E-13  2.462E-13  5.473E-13
2.032E+02  1.525E-22  8.219E-13  2.554E-13  5.665E-13
2.014E+02  1.594E-22  8.513E-13  2.650E-13  5.863E-13
1.995E+02  1.666E-22  8.817E-13  2.749E-13  6.068E-13
1.977E+02  1.741E-22  9.132E-13  2.852E-13  6.279E-13
1.959E+02  1.820E-22  9.458E-13  2.960E-13  6.498E-13
1.941E+02  1.903E-22  9.796E-13  3.072E-13  6.725E-13
1.923E+02  1.989E-22  1.015E-12  3.188E-13  6.959E-13
1.905E+02  2.079E-22  1.051E-12  3.309E-13  7.201E-13
1.888E+02  2.174E-22  1.089E-12  3.435E-13  7.451E-13
1.871E+02  2.272E-22  1.128E-12  3.566E-13  7.709E-13
1.854E+02  2.375E-22  1.168E-12  3.703E-13  7.977E-13
1.837E+02  2.483E-22  1.210E-12  3.845E-13  8.253E-13
1.820E+02  2.596E-22  1.253E-12  3.993E-13  8.539E-13
1.803E+02  2.714E-22  1.298E-12  4.148E-13  8.834E-13
1.786E+02  2.838E-22  1.345E-12  4.310E-13  9.140E-13
1.770E+02  2.968E-22  1.393E-12  4.478E-13  9.455E-13
1.754E+02  3.103E-22  1.444E-12  4.655E-13  9.781E-13
1.738E+02  3.245E-22  1.496E-12  4.839E-13  1.012E-12
1.722E+02  3.393E-22  1.550E-12  5.032E-13  1.047E-12
1.706E+02  3.549E-22  1.606E-12  5.234E-13  1.083E-12
1.690E+02  3.712E-22  1.664E-12  5.445E-13  1.120E-12
1.675E+02  3.883E-22  1.725E-12  5.667E-13  1.158E-12
1.660E+02  4.062E-22  1.788E-12  5.900E-13  1.198E-12
1.644E+02  4.250E-22  1.854E-12  6.145E-13  1.239E-12
1.629E+02  4.447E-22  1.922E-12  6.403E-13  1.281E-12
1.614E+02  4.654E-22  1.993E-12  6.675E-13  1.325E-12
1.600E+02  4.871E-22  2.067E-12  6.962E-13  1.371E-12
1.585E+02  5.100E-22  2.144E-12  7.265E-13  1.417E-12
1.570E+02  5.340E-22  2.224E-12  7.585E-13  1.466E-12
1.556E+02  5.592E-22  2.308E-12  7.925E-13  1.516E-12
1.542E+02  5.858E-22  2.396E-12  8.285E-13  1.567E-12
1.528E+02  6.138E-22  2.487E-12  8.667E-13  1.621E-12
1.514E+02  6.433E-22  2.583E-12  9.072E-13  1.676E-12
1.500E+02  6.744E-22  2.683E-12  9.502E-13  1.733E-12
1.486E+02  7.071E-22  2.787E-12  9.956E-13  1.791E-12
1.472E+02  7.414E-22  2.896E-12  1.043E-12  1.852E-12
1.459E+02  7.774E-22  3.008E-12  1.093E-12  1.915E-12
1.445E+02  8.149E-22  3.125E-12  1.145E-12  1.980E-12
1.432E+02  8.538E-22  3.244E-12  1.197E-12  2.047E-12
1.419E+02  8.939E-22  3.365E-12  1.249E-12  2.116E-12
1.406E+02  9.347E-22  3.486E-12  1.299E-12  2.187E-12
1.393E+02  9.760E-22  3.607E-12  1.346E-12  2.261E-12
1.380E+02  1.018E-21  3.726E-12  1.389E-12  2.337E-12
1.368E+02  1.060E-21  3.844E-12  1.428E-12  2.416E-12
1.355E+02  1.102E-21  3.962E-12  1.465E-12  2.497E-12
1.343E+02  1.145E-21  4.079E-12  1.499E-12  2.581E-12
1.330E+02  1.190E-21  4.199E-12  1.532E-12  2.667E-12
1.318E+02  1.236E-21  4.322E-12  1.565E-12  2.756E-12
1.306E+02  1.284E-21  4.448E-12  1.600E-12  2.848E-12
1.294E+02  1.334E-21  4.580E-12  1.637E-12  2.943E-12
1.282E+02  1.387E-21  4.717E-12  1.675E-12  3.042E-12
1.271E+02  1.442E-21  4.860E-12  1.717E-12  3.143E-12
1.259E+02  1.500E-21  5.009E-12  1.761E-12  3.247E-12
1.247E+02  1.561E-21  5.164E-12  1.809E-12  3.355E-12
1.236E+02  1.624E-21  5.325E-12  1.859E-12  3.466E-12
1.225E+02  1.691E-21  5.494E-12  1.913E-12  3.581E-12
1.213E+02  1.761E-21  5.669E-12  1.970E-12  3.699E-12
1.202E+02  1.835E-21  5.852E-12  2.031E-12  3.821E-12
1.191E+02  1.912E-21  6.042E-12  2.094E-12  3.947E-12
1.180E+02  1.993E-21  6.239E-12  2.162E-12  4.077E-12
1.169E+02  2.077E-21  6.443E-12  2.232E-12  4.211E-12
1.159E+02  2.165E-21  6.654E-12  2.306E-12  4.349E-12
1.148E+02  2.257E-21  6.874E-12  2.384E-12  4.491E-12
1.138E+02  2.354E-21  7.102E-12  2.465E-12  4.637E-12
1.127E+02  2.455E-21  7.339E-12  2.550E-12  4.789E-12
1.117E+02  2.560E-21  7.585E-12  2.640E-12  4.945E-12
1.107E+02  2.671E-21  7.840E-12  2.733E-12  5.107E-12
1.096E+02  2.786E-21  8.104E-12  2.831E-12  5.273E-12
1.086E+02  2.907E-21  8.378E-12  2.933E-12  5.445E-12
1.076E+02  3.033E-21  8.662E-12  3.040E-12  5.622E-12
1.067E+02  3.165E-21  8.956E-12  3.152E-12  5.804E-12
1.057E+02  3.303E-21  9.261E-12  3.268E-12  5.992E-12
1.047E+02  3.448E-21  9.576E-12  3.390E-12  6.187E-12
1.038E+02  3.598E-21  9.903E-12  3.516E-12  6.387E-12
1.028E+02  3.756E-21  1.024E-11  3.648E-12  6.593E-12
1.019E+02  3.920E-21  1.059E-11  3.786E-12  6.805E-12
1.009E+02  4.091E-21  1.095E-11  3.929E-12  7.023E-12
1.000E+02  4.270E-21  1.133E-11  4.078E-12  7.248E-12
9.908E+01  4.457E-21  1.171E-11  4.233E-12  7.480E-12
9.817E+01  4.651E-21  1.211E-11  4.394E-12  7.719E-12
9.727E+01  4.855E-21  1.253E-11  4.562E-12  7.965E-12
9.638E+01  5.067E-21  1.295E-11  4.736E-12  8.218E-12
9.550E+01  5.288E-21  1.340E-11  4.917E-12  8.480E-12
9.462E+01  5.520E-21  1.385E-11  5.105E-12  8.749E-12
9.376E+01  5.761E-21  1.433E-11  5.301E-12  9.026E-12
9.290E+01  6.012E-21  1.481E-11  5.504E-12  9.311E-12
9.204E+01  6.275E-21  1.532E-11  5.715E-12  9.605E-12
9.120E+01  6.548E-21  1.584E-11  5.934E-12  9.907E-12
9.036E+01  6.834E-21  1.638E-11  6.163E-12  1.022E-11
8.954E+01  7.132E-21  1.694E-11  6.401E-12  1.054E-11
8.872E+01  7.443E-21  1.752E-11  6.648E-12  1.087E-11
8.790E+01  7.769E-21  1.811E-11  6.906E-12  1.121E-11
8.710E+01  8.108E-21  1.873E-11  7.174E-12  1.156E-11
8.630E+01  8.462E-21  1.937E-11  7.454E-12  1.192E-11
8.551E+01  8.832E-21  2.003E-11  7.745E-12  1.229E-11
8.472E+01  9.218E-21  2.072E-11  8.048E-12  1.267E-11
8.395E+01  9.620E-21  2.142E-11  8.363E-12  1.306E-11
8.318E+01  1.004E-20  2.215E-11  8.690E-12  1.346E-11
8.241E+01  1.048E-20  2.291E-11  9.032E-12  1.387E-11
8.166E+01  1.094E-20  2.369E-11  9.386E-12  1.430E-11
8.091E+01  1.141E-20  2.449E-11  9.755E-12  1.474E-11
8.017E+01  1.191E-20  2.533E-11  1.014E-11  1.519E-11
7.943E+01  1.243E-20  2.619E-11  1.054E-11  1.565E-11
7.870E+01  1.297E-20  2.708E-11  1.095E-11  1.613E-11
7.798E+01  1.353E-20  2.800E-11  1.138E-11  1.661E-11
7.727E+01  1.412E-20  2.894E-11  1.183E-11  1.712E-11
7.656E+01  1.474E-20  2.993E-11  1.229E-11  1.763E-11
7.586E+01  1.538E-20  3.094E-11  1.278E-11  1.816E-11
7.516E+01  1.604E-20  3.199E-11  1.328E-11  1.871E-11
7.447E+01  1.674E-20  3.307E-11  1.380E-11  1.927E-11
7.379E+01  1.746E-20  3.418E-11  1.434E-11  1.984E-11
7.311E+01  1.822E-20  3.533E-11  1.490E-11  2.043E-11
7.244E+01  1.900E-20  3.652E-11  1.549E-11  2.103E-11
7.178E+01  1.982E-20  3.775E-11  1.609E-11  2.165E-11
7.112E+01  2.068E-20  3.901E-11  1.672E-11  2.229E-11
7.047E+01  2.157E-20  4.032E-11  1.738E-11  2.294E-11
6.982E+01  2.251E-20  4.168E-11  1.806E-11  2.362E-11
6.918E+01  2.348E-20  4.308E-11  1.877E-11  2.431E-11
6.855E+01  2.449E-20  4.452E-11  1.951E-11  2.502E-11
6.792E+01  2.554E-20  4.601E-11  2.027E-11  2.574E-11
6.730E+01  2.663E-20  4.755E-11  2.107E-11  2.648E-11
6.668E+01  2.778E-20  4.913E-11  2.190E-11  2.724E-11
6.607E+01  2.897E-20  5.078E-11  2.276E-11  2.802E-11
6.546E+01  3.022E-20  5.247E-11  2.365E-11  2.882E-11
6.486E+01  3.151E-20  5.422E-11  2.458E-11  2.964E-11
6.427E+01  3.286E-20  5.602E-11  2.554E-11  3.048E-11
6.368E+01  3.427E-20  5.788E-11  2.655E-11  3.133E-11
6.310E+01  3.573E-20  5.980E-11  2.759E-11  3.221E-11
6.252E+01  3.726E-20  6.179E-11  2.868E-11  3.312E-11
6.194E+01  3.886E-20  6.385E-11  2.981E-11  3.404E-11
6.138E+01  4.052E-20  6.597E-11  3.098E-11  3.499E-11
6.081E+01  4.225E-20  6.816E-11  3.220E-11  3.596E-11
6.026E+01  4.406E-20  7.042E-11  3.347E-11  3.695E-11
5.970E+01  4.594E-20  7.275E-11  3.479E-11  3.796E-11
5.916E+01  4.789E-20  7.515E-11  3.616E-11  3.899E-11
5.861E+01  4.993E-20  7.763E-11  3.759E-11  4.005E-11
5.808E+01  5.206E-20  8.020E-11  3.908E-11  4.112E-11
5.754E+01  5.427E-20  8.284E-11  4.062E-11  4.222E-11
5.702E+01  5.658E-20  8.557E-11  4.223E-11  4.334E-11
5.649E+01  5.898E-20  8.839E-11  4.391E-11  4.448E-11
5.598E+01  6.149E-20  9.131E-11  4.566E-11  4.565E-11
5.546E+01  6.411E-20  9.432E-11  4.747E-11  4.685E-11
5.495E+01  6.684E-20  9.744E-11  4.936E-11  4.807E-11
5.445E+01  6.969E-20  1.007E-10  5.133E-11  4.932E-11
5.395E+01  7.266E-20  1.040E-10  5.338E-11  5.060E-11
5.346E+01  7.576E-20  1.074E-10  5.552E-11  5.190E-11
5.297E+01  7.898E-20  1.110E-10  5.775E-11  5.322E-11
5.248E+01  8.235E-20  1.146E-10  6.007E-11  5.457E-11
5.200E+01  8.586E-20  1.184E-10  6.249E-11  5.594E-11
5.152E+01  8.953E-20  1.224E-10  6.501E-11  5.734E-11
5.105E+01  9.334E-20  1.264E-10  6.764E-11  5.876E-11
5.058E+01  9.732E-20  1.306E-10  7.038E-11  6.020E-11
5.012E+01  1.015E-19  1.349E-10  7.324E-11  6.167E-11
4.966E+01  1.058E-19  1.394E-10  7.621E-11  6.316E-11
4.920E+01  1.103E-19  1.440E-10  7.930E-11  6.467E-11
4.875E+01  1.150E-19  1.487E-10  8.253E-11  6.621E-11
4.831E+01  1.199E-19  1.537E-10  8.590E-11  6.777E-11
4.786E+01  1.251E-19  1.588E-10  8.941E-11  6.936E-11
4.742E+01  1.304E-19  1.641E-10  9.308E-11  7.097E-11
4.699E+01  1.360E-19  1.695E-10  9.690E-11  7.261E-11
4.656E+01  1.418E-19  1.752E-10  1.009E-10  7.428E-11
4.613E+01  1.479E-19  1.810E-10  1.051E-10  7.596E-11
4.571E+01  1.543E-19  1.871E-10  1.094E-10  7.768E-11
4.529E+01  1.609E-19  1.933E-10  1.139E-10  7.941E-11
4.487E+01  1.679E-19  1.998E-10  1.186E-10  8.118E-11
4.446E+01  1.751E-19  2.065E-10  1.235E-10  8.297E-11
4.406E+01  1.827E-19  2.135E-10  1.287E-10  8.479E-11
4.365E+01  1.905E-19  2.206E-10  1.340E-10  8.663E-11
4.325E+01  1.987E-19  2.280E-10  1.395E-10  8.848E-11
4.285E+01  2.073E-19  2.356E-10  1.453E-10  9.036E-11
4.246E+01  2.162E-19  2.435E-10  1.513E-10  9.226E-11
4.207E+01  2.255E-19  2.516E-10  1.575E-10  9.417E-11
4.169E+01  2.351E-19  2.600E-10  1.639E-10  9.611E-11
4.130E+01  2.451E-19  2.686E-10  1.705E-10  9.806E-11
4.093E+01  2.556E-19  2.774E-10  1.774E-10  1.000E-10
4.055E+01  2.663E-19  2.865E-10  1.845E-10  1.020E-10
4.018E+01  2.775E-19  2.958E-10  1.918E-10  1.040E-10
3.981E+01  2.891E-19  3.053E-10  1.993E-10  1.059E-10
3.945E+01  3.011E-19  3.150E-10  2.071E-10  1.080E-10
3.908E+01  3.134E-19  3.249E-10  2.150E-10  1.100E-10
3.873E+01  3.261E-19  3.350E-10  2.230E-10  1.120E-10
3.837E+01  3.392E-19  3.453E-10  2.312E-10  1.140E-10
3.802E+01  3.526E-19  3.556E-10  2.396E-10  1.160E-10
3.767E+01  3.664E-19  3.661E-10  2.480E-10  1.181E-10
3.733E+01  3.803E-19  3.766E-10  2.565E-10  1.200E-10
3.698E+01  3.945E-19  3.871E-10  2.650E-10  1.220E-10
3.664E+01  4.090E-19  3.975E-10  2.736E-10  1.240E-10
3.631E+01  4.236E-19  4.080E-10  2.820E-10  1.259E-10
3.597E+01  4.384E-19  4.183E-10  2.904E-10  1.279E-10
3.565E+01  4.532E-19  4.285E-10  2.986E-10  1.299E-10
3.532E+01  4.681E-19  4.385E-10  3.066E-10  1.319E-10
3.499E+01  4.829E-19  4.482E-10  3.143E-10  1.339E-10
3.467E+01  4.976E-19  4.577E-10  3.218E-10  1.359E-10
3.436E+01  5.121E-19  4.667E-10  3.288E-10  1.379E-10
3.404E+01  5.264E-19  4.753E-10  3.354E-10  1.399E-10
3.373E+01  5.403E-19  4.834E-10  3.415E-10  1.419E-10
3.342E+01  5.539E-19  4.910E-10  3.471E-10  1.439E-10
3.311E+01  5.671E-19  4.981E-10  3.520E-10  1.460E-10
3.281E+01  5.797E-19  5.045E-10  3.564E-10  1.481E-10
3.251E+01  5.917E-19  5.102E-10  3.600E-10  1.502E-10
3.221E+01  6.031E-19  5.153E-10  3.630E-10  1.523E-10
3.192E+01  6.137E-19  5.196E-10  3.652E-10  1.544E-10
3.162E+01  6.236E-19  5.231E-10  3.667E-10  1.565E-10
3.133E+01  6.328E-19  5.259E-10  3.674E-10  1.585E-10
3.105E+01  6.412E-19  5.280E-10  3.674E-10  1.606E-10
3.076E+01  6.487E-19  5.293E-10  3.666E-10  1.627E-10
3.048E+01  6.555E-19  5.299E-10  3.652E-10  1.648E-10
3.020E+01  6.615E-19  5.299E-10  3.631E-10  1.668E-10
2.992E+01  6.667E-19  5.292E-10  3.603E-10  1.688E-10
2.965E+01  6.711E-19  5.277E-10  3.569E-10  1.708E-10
2.938E+01  6.747E-19  5.258E-10  3.530E-10  1.727E-10
2.911E+01  6.777E-19  5.233E-10  3.486E-10  1.746E-10
2.884E+01  6.801E-19  5.203E-10  3.437E-10  1.765E-10
2.858E+01  6.819E-19  5.169E-10  3.385E-10  1.784E-10
2.831E+01  6.832E-19  5.131E-10  3.329E-10  1.802E-10
2.805E+01  6.840E-19  5.090E-10  3.269E-10  1.820E-10
2.780E+01  6.843E-19  5.046E-10  3.208E-10  1.838E-10
2.754E+01  6.843E-19  5.000E-10  3.144E-10  1.855E-10
2.729E+01  6.841E-19  4.952E-10  3.079E-10  1.873E-10
2.704E+01  6.835E-19  4.903E-10  3.013E-10  1.889E-10
2.679E+01  6.828E-19  4.852E-10  2.946E-10  1.906E-10
2.655E+01  6.819E-19  4.801E-10  2.879E-10  1.922E-10
2.630E+01  6.808E-19  4.750E-10  2.812E-10  1.938E-10
2.606E+01  6.797E-19  4.698E-10  2.745E-10  1.953E-10
2.582E+01  6.784E-19  4.647E-10  2.679E-10  1.968E-10
2.559E+01  6.772E-19  4.596E-10  2.614E-10  1.982E-10
2.535E+01  6.759E-19  4.546E-10  2.549E-10  1.996E-10
2.512E+01  6.747E-19  4.496E-10  2.486E-10  2.009E-10
2.489E+01  6.735E-19  4.446E-10  2.424E-10  2.022E-10
2.466E+01  6.723E-19  4.398E-10  2.364E-10  2.034E-10
2.443E+01  6.711E-19  4.350E-10  2.305E-10  2.044E-10
2.421E+01  6.699E-19  4.302E-10  2.248E-10  2.054E-10
2.399E+01  6.685E-19  4.254E-10  2.192E-10  2.062E-10
2.377E+01  6.673E-19  4.207E-10  2.138E-10  2.069E-10
2.355E+01  6.666E-19  4.164E-10  2.085E-10  2.079E-10
2.333E+01  6.657E-19  4.120E-10  2.034E-10  2.086E-10
2.312E+01  6.644E-19  4.075E-10  1.985E-10  2.090E-10
2.291E+01  6.634E-19  4.031E-10  1.937E-10  2.094E-10
2.270E+01  6.630E-19  3.992E-10  1.891E-10  2.101E-10
2.249E+01  6.631E-19  3.956E-10  1.846E-10  2.110E-10
2.228E+01  6.636E-19  3.923E-10  1.803E-10  2.119E-10
2.208E+01  6.639E-19  3.888E-10  1.762E-10  2.126E-10
2.188E+01  6.636E-19  3.851E-10  1.722E-10  2.129E-10
2.168E+01  6.631E-19  3.813E-10  1.684E-10  2.129E-10
2.148E+01  6.626E-19  3.775E-10  1.648E-10  2.127E-10
2.128E+01  6.625E-19  3.740E-10  1.612E-10  2.128E-10
2.109E+01  6.630E-19  3.708E-10  1.579E-10  2.130E-10
2.089E+01  6.632E-19  3.676E-10  1.546E-10  2.130E-10
2.070E+01  6.632E-19  3.642E-10  1.515E-10  2.127E-10
2.051E+01  6.629E-19  3.607E-10  1.485E-10  2.122E-10
2.032E+01  6.630E-19  3.574E-10  1.456E-10  2.118E-10
2.014E+01  6.646E-19  3.550E-10  1.429E-10  2.121E-10
1.995E+01  6.660E-19  3.525E-10  1.403E-10  2.122E-10
1.977E+01  6.670E-19  3.498E-10  1.378E-10  2.120E-10
1.959E+01  6.671E-19  3.467E-10  1.354E-10  2.113E-10
1.941E+01  6.664E-19  3.431E-10  1.330E-10  2.101E-10
1.923E+01  6.646E-19  3.390E-10  1.308E-10  2.083E-10
1.905E+01  6.617E-19  3.345E-10  1.286E-10  2.059E-10
1.888E+01  6.577E-19  3.294E-10  1.265E-10  2.029E-10
1.871E+01  6.525E-19  3.238E-10  1.245E-10  1.993E-10
1.854E+01  6.461E-19  3.177E-10  1.226E-10  1.951E-10
1.837E+01  6.386E-19  3.111E-10  1.207E-10  1.904E-10
1.820E+01  6.300E-19  3.041E-10  1.189E-10  1.852E-10
1.803E+01  6.204E-19  2.967E-10  1.171E-10  1.796E-10
1.786E+01  6.100E-19  2.891E-10  1.154E-10  1.737E-10
1.770E+01  5.988E-19  2.811E-10  1.138E-10  1.674E-10
1.754E+01  5.866E-19  2.729E-10  1.122E-10  1.606E-10
1.738E+01  5.738E-19  2.645E-10  1.107E-10  1.538E-10
1.722E+01  5.606E-19  2.560E-10  1.093E-10  1.467E-10
1.706E+01  5.474E-19  2.477E-10  1.079E-10  1.398E-10
1.690E+01  5.342E-19  2.395E-10  1.066E-10  1.330E-10
1.675E+01  5.208E-19  2.314E-10  1.052E-10  1.261E-10
1.660E+01  5.072E-19  2.233E-10  1.040E-10  1.193E-10
1.644E+01  4.937E-19  2.153E-10  1.027E-10  1.126E-10
1.629E+01  4.803E-19  2.076E-10  1.015E-10  1.060E-10
1.614E+01  4.675E-19  2.002E-10  1.004E-10  9.981E-11
1.600E+01  4.550E-19  1.931E-10  9.922E-11  9.383E-11
1.585E+01  4.430E-19  1.862E-10  9.811E-11  8.812E-11
1.570E+01  4.314E-19  1.797E-10  9.701E-11  8.268E-11
1.556E+01  4.203E-19  1.735E-10  9.595E-11  7.753E-11
1.542E+01  4.097E-19  1.676E-10  9.490E-11  7.266E-11
1.528E+01  3.997E-19  1.620E-10  9.388E-11  6.809E-11
1.514E+01  3.903E-19  1.567E-10  9.287E-11  6.381E-11
1.500E+01  3.814E-19  1.517E-10  9.188E-11  5.986E-11
1.486E+01  3.730E-19  1.470E-10  9.091E-11  5.609E-11
1.472E+01  3.649E-19  1.425E-10  8.996E-11  5.255E-11
1.459E+01  3.573E-19  1.383E-10  8.903E-11  4.925E-11
1.445E+01  3.507E-19  1.345E-10  8.811E-11  4.635E-11
1.432E+01  3.449E-19  1.310E-10  8.720E-11  4.381E-11
1.419E+01  3.400E-19  1.280E-10  8.630E-11  4.170E-11
1.406E+01  3.362E-19  1.254E-10  8.539E-11  4.001E-11
1.393E+01  3.336E-19  1.233E-10  8.449E-11  3.878E-11
1.380E+01  3.318E-19  1.215E-10  8.359E-11  3.789E-11
1.368E+01  3.310E-19  1.201E-10  8.272E-11  3.735E-11
1.355E+01  3.306E-19  1.189E-10  8.184E-11  3.701E-11
1.343E+01  3.306E-19  1.177E-10  8.097E-11  3.677E-11
1.330E+01  3.305E-19  1.166E-10  8.009E-11  3.655E-11
1.318E+01  3.304E-19  1.155E-10  7.921E-11  3.634E-11
1.306E+01  3.302E-19  1.144E-10  7.834E-11  3.607E-11
1.294E+01  3.300E-19  1.133E-10  7.747E-11  3.583E-11
1.282E+01  3.300E-19  1.123E-10  7.659E-11  3.567E-11
1.271E+01  3.301E-19  1.112E-10  7.571E-11  3.553E-11
1.259E+01  3.299E-19  1.102E-10  7.482E-11  3.536E-11
1.247E+01  3.296E-19  1.091E-10  7.392E-11  3.514E-11
1.236E+01  3.290E-19  1.079E-10  7.301E-11  3.485E-11
1.225E+01  3.279E-19  1.065E-10  7.206E-11  3.446E-11
1.213E+01  3.269E-19  1.052E-10  7.110E-11  3.413E-11
1.202E+01  3.262E-19  1.040E-10  7.014E-11  3.387E-11
1.191E+01  3.251E-19  1.027E-10  6.917E-11  3.357E-11
1.180E+01  3.239E-19  1.014E-10  6.819E-11  3.322E-11
1.169E+01  3.223E-19  9.999E-11  6.721E-11  3.279E-11
1.159E+01  3.219E-19  9.895E-11  6.675E-11  3.220E-11
1.148E+01  3.386E-19  1.031E-10  7.156E-11  3.157E-11
1.138E+01  3.194E-19  9.639E-11  6.541E-11  3.098E-11
1.127E+01  3.159E-19  9.445E-11  6.404E-11  3.042E-11
1.117E+01  3.132E-19  9.278E-11  6.291E-11  2.988E-11
1.107E+01  3.105E-19  9.115E-11  6.183E-11  2.932E-11
1.096E+01  3.077E-19  8.949E-11  6.080E-11  2.869E-11
1.086E+01  3.049E-19  8.787E-11  5.979E-11  2.808E-11
1.076E+01  3.023E-19  8.632E-11  5.878E-11  2.754E-11
1.067E+01  2.999E-19  8.484E-11  5.777E-11  2.707E-11
1.057E+01  2.975E-19  8.340E-11  5.676E-11  2.664E-11
1.047E+01  2.948E-19  8.187E-11  5.575E-11  2.612E-11
1.038E+01  2.912E-19  8.015E-11  5.474E-11  2.540E-11
1.028E+01  2.868E-19  7.821E-11  5.373E-11  2.448E-11
1.019E+01  2.817E-19  7.612E-11  5.272E-11  2.340E-11
1.009E+01  2.763E-19  7.397E-11  5.170E-11  2.227E-11
1.000E+01  2.709E-19  7.185E-11  5.068E-11  2.118E-11
9.908E+00  2.656E-19  6.982E-11  4.966E-11  2.016E-11
9.817E+00  2.605E-19  6.783E-11  4.864E-11  1.919E-11
9.727E+00  2.553E-19  6.588E-11  4.763E-11  1.826E-11
9.638E+00  2.501E-19  6.395E-11  4.661E-11  1.734E-11
9.550E+00  2.445E-19  6.193E-11  4.560E-11  1.633E-11
9.462E+00  2.383E-19  5.982E-11  4.460E-11  1.522E-11
9.376E+00  2.315E-19  5.758E-11  4.359E-11  1.399E-11
9.290E+00  2.242E-19  5.524E-11  4.259E-11  1.266E-11
9.204E+00  2.165E-19  5.285E-11  4.159E-11  1.127E-11
9.120E+00  2.086E-19  5.047E-11  4.059E-11  9.873E-12
9.036E+00  2.008E-19  4.814E-11  3.961E-11  8.537E-12
8.954E+00  1.934E-19  4.594E-11  3.862E-11  7.316E-12
8.872E+00  1.865E-19  4.389E-11  3.765E-11  6.242E-12
8.790E+00  1.802E-19  4.201E-11  3.669E-11  5.322E-12
8.710E+00  1.744E-19  4.028E-11  3.573E-11  4.547E-12
8.630E+00  1.690E-19  3.868E-11  3.478E-11  3.900E-12
8.551E+00  1.640E-19  3.719E-11  3.383E-11  3.356E-12
8.472E+00  1.592E-19  3.577E-11  3.288E-11  2.883E-12
8.395E+00  1.545E-19  3.440E-11  3.195E-11  2.454E-12
8.318E+00  1.499E-19  3.307E-11  3.102E-11  2.055E-12
8.241E+00  1.454E-19  3.179E-11  3.011E-11  1.686E-12
8.166E+00  1.411E-19  3.056E-11  2.921E-11  1.352E-12
8.091E+00  1.370E-19  2.939E-11  2.832E-11  1.076E-12
8.017E+00  1.331E-19  2.830E-11  2.745E-11  8.489E-13
7.943E+00  1.294E-19  2.726E-11  2.659E-11  6.677E-13
7.870E+00  1.258E-19  2.626E-11  2.574E-11  5.236E-13
7.798E+00  1.223E-19  2.530E-11  2.489E-11  4.103E-13
7.727E+00  1.189E-19  2.436E-11  2.404E-11  3.231E-13
7.656E+00  1.156E-19  2.347E-11  2.321E-11  2.564E-13
7.586E+00  1.123E-19  2.260E-11  2.240E-11  2.055E-13
7.516E+00  1.091E-19  2.175E-11  2.158E-11  1.676E-13
7.447E+00  1.059E-19  2.092E-11  2.078E-11  1.395E-13
7.379E+00  1.028E-19  2.012E-11  2.000E-11  1.179E-13
7.311E+00  9.975E-20  1.934E-11  1.924E-11  1.016E-13
7.244E+00  9.675E-20  1.859E-11  1.850E-11  8.852E-14
7.178E+00  9.381E-20  1.786E-11  1.778E-11  7.763E-14
7.112E+00  9.090E-20  1.715E-11  1.708E-11  6.878E-14
7.047E+00  8.803E-20  1.645E-11  1.639E-11  6.128E-14
6.982E+00  8.519E-20  1.578E-11  1.572E-11  5.461E-14
6.918E+00  8.239E-20  1.512E-11  1.507E-11  4.876E-14
6.855E+00  7.964E-20  1.448E-11  1.444E-11  4.353E-14
6.792E+00  7.693E-20  1.386E-11  1.382E-11  3.884E-14
6.730E+00  7.426E-20  1.326E-11  1.322E-11  3.462E-14
6.668E+00  7.163E-20  1.267E-11  1.264E-11  3.083E-14
6.607E+00  6.903E-20  1.210E-11  1.207E-11  2.741E-14
6.546E+00  6.648E-20  1.154E-11  1.152E-11  2.433E-14
6.486E+00  6.397E-20  1.101E-11  1.098E-11  2.156E-14
6.427E+00  6.150E-20  1.048E-11  1.047E-11  1.908E-14
6.368E+00  5.909E-20  9.981E-12  9.964E-12  1.685E-14
6.310E+00  5.635E-20  9.430E-12  9.415E-12  1.486E-14
6.252E+00  5.469E-20  9.069E-12  9.056E-12  1.308E-14
6.194E+00  5.241E-20  8.611E-12  8.599E-12  1.149E-14
6.138E+00  5.012E-20  8.160E-12  8.150E-12  1.007E-14
6.081E+00  4.792E-20  7.730E-12  7.722E-12  8.814E-15
6.026E+00  4.581E-20  7.322E-12  7.314E-12  7.706E-15
5.970E+00  4.376E-20  6.931E-12  6.924E-12  6.729E-15
5.916E+00  4.178E-20  6.556E-12  6.551E-12  5.869E-15
5.861E+00  3.986E-20  6.198E-12  6.193E-12  5.114E-15
5.808E+00  3.800E-20  5.854E-12  5.850E-12  4.452E-15
5.754E+00  3.620E-20  5.525E-12  5.521E-12  3.871E-15
5.702E+00  3.445E-20  5.210E-12  5.207E-12  3.363E-15
5.649E+00  3.276E-20  4.909E-12  4.906E-12  2.918E-15
5.598E+00  3.111E-20  4.620E-12  4.617E-12  2.530E-15
5.546E+00  2.953E-20  4.345E-12  4.342E-12  2.191E-15
5.495E+00  2.800E-20  4.082E-12  4.080E-12  1.895E-15
5.445E+00  2.654E-20  3.833E-12  3.831E-12  1.638E-15
5.395E+00  2.512E-20  3.595E-12  3.594E-12  1.414E-15
5.346E+00  2.376E-20  3.369E-12  3.368E-12  1.219E-15
5.297E+00  2.245E-20  3.155E-12  3.153E-12  1.050E-15
5.248E+00  2.120E-20  2.951E-12  2.950E-12  9.036E-16
5.200E+00  1.999E-20  2.757E-12  2.756E-12  7.764E-16
5.152E+00  1.883E-20  2.574E-12  2.573E-12  6.664E-16
5.105E+00  1.772E-20  2.400E-12  2.399E-12  5.713E-16
5.058E+00  1.666E-20  2.236E-12  2.235E-12  4.891E-16
5.012E+00  1.565E-20  2.081E-12  2.081E-12  4.183E-16
4.966E+00  1.468E-20  1.934E-12  1.934E-12  3.573E-16
4.920E+00  1.376E-20  1.796E-12  1.796E-12  3.048E-16
4.875E+00  1.288E-20  1.666E-12  1.666E-12  2.596E-16
4.831E+00  1.205E-20  1.544E-12  1.544E-12  2.208E-16
4.786E+00  1.126E-20  1.429E-12  1.429E-12  1.875E-16
4.742E+00  1.051E-20  1.322E-12  1.322E-12  1.590E-16
4.699E+00  9.801E-21  1.222E-12  1.221E-12  1.347E-16
4.656E+00  9.130E-21  1.128E-12  1.127E-12  1.139E-16
4.613E+00  8.496E-21  1.040E-12  1.040E-12  9.615E-17
4.571E+00  7.898E-21  9.576E-13  9.576E-13  8.104E-17
4.529E+00  7.334E-21  8.811E-13  8.810E-13  6.820E-17
4.487E+00  6.803E-21  8.098E-13  8.098E-13  5.730E-17
4.446E+00  6.304E-21  7.435E-13  7.434E-13  4.806E-17
4.406E+00  5.834E-21  6.818E-13  6.818E-13  4.025E-17
4.365E+00  5.394E-21  6.246E-13  6.245E-13  3.366E-17
4.325E+00  4.981E-21  5.715E-13  5.714E-13  2.809E-17
4.285E+00  4.594E-21  5.223E-13  5.222E-13  2.341E-17
4.246E+00  4.233E-21  4.768E-13  4.767E-13  1.947E-17
4.207E+00  3.895E-21  4.347E-13  4.347E-13  1.616E-17
4.169E+00  3.580E-21  3.959E-13  3.959E-13  1.339E-17
4.130E+00  3.286E-21  3.601E-13  3.601E-13  1.108E-17
4.093E+00  3.013E-21  3.271E-13  3.271E-13  9.138E-18
4.055E+00  2.759E-21  2.968E-13  2.968E-13  7.525E-18
4.018E+00  2.523E-21  2.689E-13  2.689E-13  6.183E-18
3.981E+00  2.305E-21  2.434E-13  2.434E-13  5.071E-18
3.945E+00  2.103E-21  2.200E-13  2.200E-13  4.150E-18
3.908E+00  1.916E-21  1.986E-13  1.986E-13  3.390E-18
3.873E+00  1.743E-21  1.791E-13  1.791E-13  2.763E-18
3.837E+00  1.584E-21  1.613E-13  1.613E-13  2.248E-18
3.802E+00  1.438E-21  1.450E-13  1.450E-13  1.826E-18
3.767E+00  1.304E-21  1.303E-13  1.303E-13  1.479E-18
3.733E+00  1.180E-21  1.169E-13  1.168E-13  1.196E-18
3.698E+00  1.067E-21  1.047E-13  1.047E-13  9.652E-19
3.664E+00  9.635E-22  9.365E-14  9.365E-14  7.772E-19
3.631E+00  8.688E-22  8.367E-14  8.367E-14  6.245E-19
3.597E+00  7.823E-22  7.466E-14  7.466E-14  5.006E-19
3.565E+00  7.035E-22  6.652E-14  6.652E-14  4.005E-19
3.532E+00  6.318E-22  5.919E-14  5.919E-14  3.196E-19
3.499E+00  5.666E-22  5.259E-14  5.259E-14  2.545E-19
3.467E+00  5.074E-22  4.666E-14  4.666E-14  2.022E-19
3.436E+00  4.537E-22  4.135E-14  4.135E-14  1.603E-19
3.404E+00  4.051E-22  3.658E-14  3.658E-14  1.268E-19
3.373E+00  3.612E-22  3.232E-14  3.232E-14  1.000E-19
3.342E+00  3.216E-22  2.851E-14  2.851E-14  7.870E-20
3.311E+00  2.859E-22  2.512E-14  2.512E-14  6.178E-20
3.281E+00  2.538E-22  2.209E-14  2.209E-14  4.838E-20
3.251E+00  2.249E-22  1.939E-14  1.939E-14  3.778E-20
3.221E+00  1.990E-22  1.700E-14  1.700E-14  2.942E-20
3.192E+00  1.758E-22  1.488E-14  1.488E-14  2.286E-20
3.162E+00  1.550E-22  1.301E-14  1.301E-14  1.771E-20
3.133E+00  1.365E-22  1.135E-14  1.135E-14  1.369E-20
3.105E+00  1.201E-22  9.887E-15  9.887E-15  1.056E-20
3.076E+00  1.054E-22  8.601E-15  8.601E-15  8.127E-21
3.048E+00  9.240E-23  7.470E-15  7.470E-15  6.240E-21
3.020E+00  8.086E-23  6.477E-15  6.477E-15  4.778E-21
2.992E+00  7.065E-23  5.607E-15  5.607E-15  3.649E-21
2.965E+00  6.162E-23  4.846E-15  4.846E-15  2.780E-21
2.938E+00  5.366E-23  4.181E-15  4.181E-15  2.112E-21
2.911E+00  4.664E-23  3.601E-15  3.601E-15  1.600E-21
2.884E+00  4.048E-23  3.097E-15  3.097E-15  1.209E-21
2.858E+00  3.507E-23  2.658E-15  2.658E-15  9.110E-22
2.831E+00  3.032E-23  2.277E-15  2.277E-15  6.846E-22
2.805E+00  2.618E-23  1.948E-15  1.948E-15  5.130E-22
2.780E+00  2.256E-23  1.663E-15  1.663E-15  3.833E-22
2.754E+00  1.940E-23  1.418E-15  1.418E-15  2.856E-22
2.729E+00  1.666E-23  1.206E-15  1.206E-15  2.122E-22
2.704E+00  1.428E-23  1.024E-15  1.024E-15  1.572E-22
2.679E+00  1.221E-23  8.680E-16  8.680E-16  1.161E-22
2.655E+00  1.043E-23  7.343E-16  7.343E-16  8.551E-23
2.630E+00  8.887E-24  6.201E-16  6.201E-16  6.278E-23
2.606E+00  7.559E-24  5.226E-16  5.226E-16  4.596E-23
2.582E+00  6.417E-24  4.396E-16  4.396E-16  3.354E-23
2.559E+00  5.437E-24  3.690E-16  3.690E-16  2.440E-23
2.535E+00  4.598E-24  3.092E-16  3.092E-16  1.770E-23
2.512E+00  3.880E-24  2.585E-16  2.585E-16  1.280E-23
2.489E+00  3.268E-24  2.157E-16  2.157E-16  9.225E-24
2.466E+00  2.747E-24  1.797E-16  1.797E-16  6.629E-24
2.443E+00  2.304E-24  1.493E-16  1.493E-16  4.748E-24
2.421E+00  1.928E-24  1.238E-16  1.238E-16  3.390E-24
2.399E+00  1.611E-24  1.025E-16  1.025E-16  2.412E-24
2.377E+00  1.343E-24  8.466E-17  8.466E-17  1.711E-24
2.355E+00  1.117E-24  6.979E-17  6.979E-17  1.209E-24
2.333E+00  9.275E-25  5.741E-17  5.741E-17  8.515E-25
2.312E+00  7.684E-25  4.713E-17  4.713E-17  5.977E-25
2.291E+00  6.353E-25  3.860E-17  3.860E-17  4.181E-25
2.270E+00  5.241E-25  3.155E-17  3.155E-17  2.914E-25
2.249E+00  4.314E-25  2.574E-17  2.574E-17  2.024E-25
2.228E+00  3.543E-25  2.094E-17  2.094E-17  1.401E-25
2.208E+00  2.904E-25  1.701E-17  1.701E-17  9.661E-26
2.188E+00  2.374E-25  1.378E-17  1.378E-17  6.638E-26
2.168E+00  1.937E-25  1.114E-17  1.114E-17  4.545E-26
2.148E+00  1.576E-25  8.982E-18  8.982E-18  3.100E-26
2.128E+00  1.280E-25  7.226E-18  7.226E-18  2.107E-26
2.109E+00  1.037E-25  5.800E-18  5.800E-18  1.426E-26
2.089E+00  8.380E-26  4.644E-18  4.644E-18  9.620E-27
2.070E+00  6.756E-26  3.710E-18  3.710E-18  6.463E-27
2.051E+00  5.433E-26  2.956E-18  2.956E-18  4.326E-27
2.032E+00  4.359E-26  2.350E-18  2.350E-18  2.884E-27
2.014E+00  3.489E-26  1.864E-18  1.864E-18  1.915E-27
1.995E+00  2.785E-26  1.474E-18  1.474E-18  1.266E-27
1.977E+00  2.218E-26  1.163E-18  1.163E-18  8.341E-28
1.959E+00  1.762E-26  9.156E-19  9.156E-19  5.472E-28
1.941E+00  1.396E-26  7.188E-19  7.188E-19  3.575E-28
1.923E+00  1.104E-26  5.629E-19  5.629E-19  2.326E-28
1.905E+00  8.700E-27  4.397E-19  4.397E-19  1.507E-28
1.888E+00  6.841E-27  3.426E-19  3.426E-19  9.721E-29
1.871E+00  5.365E-27  2.662E-19  2.662E-19  6.245E-29
1.854E+00  4.196E-27  2.063E-19  2.063E-19  3.995E-29
1.837E+00  3.274E-27  1.595E-19  1.595E-19  2.544E-29
1.820E+00  2.547E-27  1.229E-19  1.229E-19  1.613E-29
1.803E+00  1.976E-27  9.450E-20  9.450E-20  1.019E-29
1.786E+00  1.529E-27  7.245E-20  7.245E-20  6.402E-30
1.770E+00  1.180E-27  5.539E-20  5.539E-20  4.006E-30
1.754E+00  9.077E-28  4.223E-20  4.223E-20  2.496E-30
1.738E+00  6.964E-28  3.210E-20  3.210E-20  1.548E-30
1.722E+00  5.328E-28  2.433E-20  2.433E-20  9.554E-31
1.706E+00  4.064E-28  1.839E-20  1.839E-20  5.870E-31
1.690E+00  3.091E-28  1.386E-20  1.386E-20  3.590E-31
1.675E+00  2.344E-28  1.041E-20  1.041E-20  2.185E-31
1.660E+00  1.772E-28  7.802E-21  7.802E-21  1.323E-31
1.644E+00  1.336E-28  5.827E-21  5.827E-21  7.978E-32
1.629E+00  1.004E-28  4.338E-21  4.338E-21  4.785E-32
1.614E+00  7.519E-29  3.220E-21  3.220E-21  2.856E-32
1.600E+00  5.615E-29  2.382E-21  2.382E-21  1.696E-32
1.585E+00  4.180E-29  1.757E-21  1.757E-21  1.002E-32
1.570E+00  3.102E-29  1.292E-21  1.292E-21  5.890E-33
1.556E+00  2.295E-29  9.472E-22  9.472E-22  3.444E-33
1.542E+00  1.692E-29  6.921E-22  6.921E-22  2.004E-33
1.528E+00  1.244E-29  5.041E-22  5.041E-22  1.159E-33
1.514E+00  9.116E-30  3.660E-22  3.660E-22  6.674E-34
1.500E+00  6.658E-30  2.649E-22  2.649E-22  3.821E-34
1.486E+00  4.847E-30  1.910E-22  1.910E-22  2.176E-34
1.472E+00  3.517E-30  1.373E-22  1.373E-22  1.232E-34
1.459E+00  2.543E-30  9.842E-23  9.842E-23  6.941E-35
1.445E+00  1.833E-30  7.029E-23  7.029E-23  3.888E-35
1.432E+00  1.317E-30  5.002E-23  5.002E-23  2.166E-35
1.419E+00  9.426E-31  3.548E-23  3.548E-23  1.200E-35
1.406E+00  6.724E-31  2.508E-23  2.508E-23  6.606E-36
1.393E+00  4.780E-31  1.767E-23  1.767E-23  3.617E-36
1.380E+00  3.386E-31  1.240E-23  1.240E-23  1.969E-36
1.368E+00  2.390E-31  8.671E-24  8.671E-24  1.066E-36
1.355E+00  1.681E-31  6.042E-24  6.042E-24  5.732E-37
1.343E+00  1.178E-31  4.194E-24  4.194E-24  3.065E-37
1.330E+00  8.221E-32  2.901E-24  2.901E-24  1.629E-37
1.318E+00  5.718E-32  1.999E-24  1.999E-24  8.606E-38
1.306E+00  3.962E-32  1.373E-24  1.373E-24  4.518E-38
1.294E+00  2.734E-32  9.387E-25  9.387E-25  2.358E-38
1.282E+00  1.880E-32  6.395E-25  6.395E-25  1.223E-38
1.271E+00  1.288E-32  4.339E-25  4.339E-25  6.301E-39
1.259E+00  8.783E-33  2.933E-25  2.933E-25  3.227E-39
1.247E+00  5.967E-33  1.974E-25  1.974E-25  1.642E-39
1.236E+00  4.037E-33  1.324E-25  1.324E-25  8.303E-40
1.225E+00  2.720E-33  8.837E-26  8.837E-26  4.172E-40
1.213E+00  1.826E-33  5.876E-26  5.876E-26  2.082E-40
1.202E+00  1.220E-33  3.892E-26  3.892E-26  1.032E-40
1.191E+00  8.124E-34  2.567E-26  2.567E-26  5.082E-41
1.180E+00  5.386E-34  1.686E-26  1.686E-26  2.485E-41
1.169E+00  3.556E-34  1.103E-26  1.103E-26  1.207E-41
1.159E+00  2.338E-34  7.186E-27  7.186E-27  5.823E-42
1.148E+00  1.531E-34  4.661E-27  4.661E-27  2.789E-42
1.138E+00  9.978E-35  3.011E-27  3.011E-27  1.327E-42
1.127E+00  6.476E-35  1.936E-27  1.936E-27  6.265E-43
1.117E+00  4.186E-35  1.240E-27  1.240E-27  2.937E-43
1.107E+00  2.694E-35  7.909E-28  7.909E-28  1.367E-43
1.096E+00  1.726E-35  5.021E-28  5.021E-28  6.317E-44
1.086E+00  1.101E-35  3.174E-28  3.174E-28  2.897E-44
1.076E+00  6.997E-36  1.998E-28  1.998E-28  1.319E-44
1.067E+00  4.426E-36  1.252E-28  1.252E-28  5.959E-45
1.057E+00  2.786E-36  7.810E-29  7.810E-29  2.672E-45
1.047E+00  1.744E-36  4.845E-29  4.845E-29  1.189E-45
1.038E+00  1.086E-36  2.988E-29  2.988E-29  5.249E-46
1.028E+00  6.726E-37  1.834E-29  1.834E-29  2.300E-46
1.019E+00  4.146E-37  1.120E-29  1.120E-29  9.995E-47
1.009E+00  2.545E-37  6.812E-30  6.812E-30  4.310E-47
1.000E+00  1.554E-37  4.123E-30  4.123E-30  1.844E-47
