Dust emission spectrum from Draine,B.T., & Li, A. (2007), ApJ, in press [astro-ph/0608003]
==========================================================
         7 = grain model
 4.000E-08 4.000E-01 4.500E-05 = a_01 (cm) , sigma_1 , b_C1
 2.000E-07 5.500E-01 1.500E-05 = a_02 (cm) , sigma_2 , b_C2
 1.000E+03 1.000E+03 1.000E+00 = Umin , Umax, beta (dN/dU propto U^{-beta})
 1.000E+03 = <U>       mmp83 = radfield
 2.000E-06 1.000E+00 = a_{min} (cm), a_{max} (cm)
 2.812E-21 1.687E-21 1.125E-21 = P(tot)  P(carb)  P(sil) (erg s-1 H-1)
 band     <nu*P_nu> <j_nu(tot)><j_nu(carb)><j_nu(sil)>
 (um)   (erg s-1 H-1)(Jy/(sr*H))(Jy/(sr*H))(Jy/(sr*H))
1.270E+00  3.776E-71  1.272E-63  1.272E-63  8.074E-85 COBE-DIRBE
2.220E+00  2.098E-54  1.236E-46  1.236E-46  7.161E-55 COBE-DIRBE
3.530E+00  8.545E-40  8.002E-32  8.001E-32  5.458E-37 COBE-DIRBE
4.880E+00  1.333E-34  1.725E-26  1.725E-26  1.499E-30 COBE-DIRBE
1.229E+01  2.350E-24  7.662E-16  5.339E-16  2.323E-16 COBE-DIRBE
2.079E+01  2.379E-22  1.312E-13  8.258E-14  4.859E-14 COBE-DIRBE
5.599E+01  2.100E-21  3.118E-12  1.697E-12  1.421E-12 COBE-DIRBE
9.770E+01  5.521E-22  1.431E-12  5.105E-13  9.203E-13 COBE-DIRBE
1.479E+02  1.407E-22  5.519E-13  1.753E-13  3.766E-13 COBE-DIRBE
2.479E+02  1.807E-23  1.188E-13  3.198E-14  8.684E-14 COBE-DIRBE
1.200E+01  6.135E-25  1.953E-16  1.566E-16  3.869E-17 IRAS
2.500E+01  5.657E-22  3.751E-13  2.586E-13  1.166E-13 IRAS
6.000E+01  1.910E-21  3.040E-12  1.620E-12  1.420E-12 IRAS
1.000E+02  5.048E-22  1.339E-12  4.675E-13  8.714E-13 IRAS
3.550E+00  2.606E-40  2.454E-32  2.454E-32  1.149E-37 SST-IRAC
4.493E+00  1.591E-35  1.896E-27  1.896E-27  1.080E-31 SST-IRAC
5.731E+00  7.630E-32  1.160E-23  1.159E-23  6.127E-27 SST-IRAC
7.872E+00  7.146E-28  1.492E-19  1.376E-19  1.161E-20 SST-IRAC
2.368E+01  4.694E-22  2.948E-13  1.935E-13  1.013E-13 SST-MIPS
7.142E+01  1.173E-21  2.222E-12  9.644E-13  1.257E-12 SST-MIPS
1.559E+02  9.977E-23  4.126E-13  1.291E-13  2.835E-13 SST-MIPS
1.600E+01  3.770E-23  1.600E-14  1.081E-14  5.192E-15 SST-IRSPU
2.200E+01  4.000E-22  2.334E-13  1.529E-13  8.049E-14 SST-IRSPU
7.500E+01  1.019E-21  2.027E-12  8.773E-13  1.150E-12 Herschel-PACS
1.100E+02  3.475E-22  1.014E-12  3.472E-13  6.668E-13 Herschel-PACS
1.700E+02  7.677E-23  3.462E-13  1.084E-13  2.378E-13 Herschel-PACS
2.500E+02  1.411E-23  9.355E-14  2.483E-14  6.873E-14 Herschel-SPIRE
3.600E+02  2.630E-24  2.512E-14  6.869E-15  1.825E-14 Herschel-SPIRE
5.200E+02  5.019E-25  6.923E-15  1.923E-15  5.000E-15 Herschel-SPIRE
2.400E+00  5.683E-36  3.618E-28  3.617E-28  6.680E-32 Akari IRC NIR N2
3.200E+00  2.714E-36  2.303E-28  2.303E-28  3.539E-32 Akari IRC NIR N3
4.100E+00  1.966E-34  2.138E-26  2.138E-26  3.299E-30 Akari IRC NIR N4
7.000E+00  1.519E-25  2.820E-17  1.545E-17  1.275E-17 Akari IRC MIR-S S7
9.000E+00  2.694E-26  6.431E-18  4.934E-18  1.496E-18 Akari IRC MIR-S S9W
1.100E+01  3.456E-25  1.008E-16  7.455E-17  2.630E-17 Akari IRC MIR-S S11
1.500E+01  2.001E-23  7.960E-15  4.580E-15  3.381E-15 Akari IRC MIR-L L15
1.800E+01  1.627E-22  7.771E-14  4.855E-14  2.915E-14 Akari IRC MIR-L L18W
2.400E+01  4.179E-22  2.660E-13  1.711E-13  9.489E-14 Akari IRC MIR-L L24
6.500E+01  1.521E-21  2.622E-12  1.212E-12  1.410E-12 Akari FIS N60
8.000E+01  8.359E-22  1.774E-12  7.191E-13  1.055E-12 Akari FIS WIDE-S
1.400E+02  1.372E-22  5.096E-13  1.621E-13  3.476E-13 Akari FIS WIDE-L
1.600E+02  8.751E-23  3.714E-13  1.131E-13  2.583E-13 Akari FIS N160
 
 
 
 


lambda    nu*dP/dnu     j_nu    j_nu(carb.) j_nu(sil)
 (um)    (erg/(s*H)) (Jy/(sr*H) (Jy/(sr*H)) (Jy/(sr*H)
1.000E+04  1.535E-30  4.071E-19  6.792E-20  3.392E-19
9.908E+03  1.591E-30  4.182E-19  6.995E-20  3.482E-19
9.817E+03  1.650E-30  4.296E-19  7.204E-20  3.575E-19
9.727E+03  1.710E-30  4.413E-19  7.420E-20  3.671E-19
9.638E+03  1.773E-30  4.533E-19  7.642E-20  3.769E-19
9.550E+03  1.838E-30  4.657E-19  7.870E-20  3.870E-19
9.462E+03  1.906E-30  4.783E-19  8.106E-20  3.973E-19
9.376E+03  1.976E-30  4.914E-19  8.349E-20  4.079E-19
9.290E+03  2.049E-30  5.048E-19  8.599E-20  4.188E-19
9.204E+03  2.124E-30  5.186E-19  8.857E-20  4.300E-19
9.120E+03  2.202E-30  5.327E-19  9.123E-20  4.415E-19
9.036E+03  2.283E-30  5.472E-19  9.396E-20  4.533E-19
8.954E+03  2.367E-30  5.621E-19  9.679E-20  4.653E-19
8.872E+03  2.453E-30  5.773E-19  9.969E-20  4.776E-19
8.790E+03  2.543E-30  5.930E-19  1.027E-19  4.903E-19
8.710E+03  2.636E-30  6.091E-19  1.058E-19  5.033E-19
8.630E+03  2.733E-30  6.256E-19  1.090E-19  5.166E-19
8.551E+03  2.833E-30  6.426E-19  1.122E-19  5.303E-19
8.472E+03  2.937E-30  6.601E-19  1.156E-19  5.444E-19
8.395E+03  3.045E-30  6.780E-19  1.191E-19  5.589E-19
8.318E+03  3.157E-30  6.965E-19  1.227E-19  5.738E-19
8.241E+03  3.273E-30  7.155E-19  1.264E-19  5.891E-19
8.166E+03  3.394E-30  7.351E-19  1.302E-19  6.048E-19
8.091E+03  3.519E-30  7.551E-19  1.341E-19  6.210E-19
8.017E+03  3.648E-30  7.758E-19  1.382E-19  6.376E-19
7.943E+03  3.783E-30  7.970E-19  1.424E-19  6.547E-19
7.870E+03  3.922E-30  8.189E-19  1.467E-19  6.722E-19
7.798E+03  4.067E-30  8.413E-19  1.511E-19  6.902E-19
7.727E+03  4.218E-30  8.644E-19  1.557E-19  7.087E-19
7.656E+03  4.374E-30  8.882E-19  1.604E-19  7.278E-19
7.586E+03  4.535E-30  9.126E-19  1.653E-19  7.473E-19
7.516E+03  4.703E-30  9.377E-19  1.703E-19  7.674E-19
7.447E+03  4.878E-30  9.636E-19  1.754E-19  7.881E-19
7.379E+03  5.058E-30  9.901E-19  1.808E-19  8.094E-19
7.311E+03  5.246E-30  1.017E-18  1.863E-19  8.312E-19
7.244E+03  5.441E-30  1.046E-18  1.919E-19  8.536E-19
7.178E+03  5.643E-30  1.074E-18  1.978E-19  8.767E-19
7.112E+03  5.853E-30  1.104E-18  2.038E-19  9.004E-19
7.047E+03  6.071E-30  1.135E-18  2.100E-19  9.248E-19
6.982E+03  6.297E-30  1.166E-18  2.164E-19  9.498E-19
6.918E+03  6.531E-30  1.198E-18  2.230E-19  9.755E-19
6.855E+03  6.774E-30  1.232E-18  2.297E-19  1.002E-18
6.792E+03  7.026E-30  1.266E-18  2.368E-19  1.029E-18
6.730E+03  7.288E-30  1.301E-18  2.440E-19  1.057E-18
6.668E+03  7.559E-30  1.337E-18  2.514E-19  1.086E-18
6.607E+03  7.841E-30  1.374E-18  2.591E-19  1.115E-18
6.546E+03  8.134E-30  1.412E-18  2.670E-19  1.145E-18
6.486E+03  8.438E-30  1.452E-18  2.752E-19  1.177E-18
6.427E+03  8.754E-30  1.492E-18  2.836E-19  1.209E-18
6.368E+03  9.081E-30  1.534E-18  2.923E-19  1.242E-18
6.310E+03  9.421E-30  1.577E-18  3.012E-19  1.276E-18
6.252E+03  9.774E-30  1.621E-18  3.105E-19  1.310E-18
6.194E+03  1.014E-29  1.666E-18  3.200E-19  1.346E-18
6.138E+03  1.052E-29  1.713E-18  3.298E-19  1.383E-18
6.081E+03  1.092E-29  1.761E-18  3.399E-19  1.421E-18
6.026E+03  1.133E-29  1.810E-18  3.504E-19  1.460E-18
5.970E+03  1.175E-29  1.861E-18  3.612E-19  1.500E-18
5.916E+03  1.220E-29  1.914E-18  3.723E-19  1.541E-18
5.861E+03  1.266E-29  1.968E-18  3.837E-19  1.584E-18
5.808E+03  1.313E-29  2.023E-18  3.955E-19  1.628E-18
5.754E+03  1.363E-29  2.080E-18  4.077E-19  1.672E-18
5.702E+03  1.414E-29  2.139E-18  4.203E-19  1.719E-18
5.649E+03  1.468E-29  2.199E-18  4.332E-19  1.766E-18
5.598E+03  1.523E-29  2.261E-18  4.466E-19  1.815E-18
5.546E+03  1.581E-29  2.325E-18  4.604E-19  1.865E-18
5.495E+03  1.641E-29  2.391E-18  4.746E-19  1.917E-18
5.445E+03  1.703E-29  2.459E-18  4.893E-19  1.970E-18
5.395E+03  1.767E-29  2.529E-18  5.044E-19  2.025E-18
5.346E+03  1.834E-29  2.601E-18  5.200E-19  2.081E-18
5.297E+03  1.904E-29  2.675E-18  5.361E-19  2.139E-18
5.248E+03  1.976E-29  2.751E-18  5.527E-19  2.198E-18
5.200E+03  2.051E-29  2.829E-18  5.698E-19  2.260E-18
5.152E+03  2.129E-29  2.910E-18  5.875E-19  2.323E-18
5.105E+03  2.210E-29  2.993E-18  6.057E-19  2.387E-18
5.058E+03  2.294E-29  3.079E-18  6.245E-19  2.454E-18
5.012E+03  2.382E-29  3.167E-18  6.439E-19  2.523E-18
4.966E+03  2.473E-29  3.257E-18  6.639E-19  2.593E-18
4.920E+03  2.567E-29  3.350E-18  6.845E-19  2.666E-18
4.875E+03  2.665E-29  3.446E-18  7.058E-19  2.740E-18
4.831E+03  2.767E-29  3.545E-18  7.278E-19  2.817E-18
4.786E+03  2.872E-29  3.647E-18  7.505E-19  2.896E-18
4.742E+03  2.982E-29  3.751E-18  7.739E-19  2.978E-18
4.699E+03  3.096E-29  3.859E-18  7.980E-19  3.061E-18
4.656E+03  3.215E-29  3.970E-18  8.229E-19  3.147E-18
4.613E+03  3.338E-29  4.085E-18  8.486E-19  3.236E-18
4.571E+03  3.466E-29  4.203E-18  8.751E-19  3.328E-18
4.529E+03  3.599E-29  4.324E-18  9.024E-19  3.421E-18
4.487E+03  3.738E-29  4.449E-18  9.306E-19  3.518E-18
4.446E+03  3.881E-29  4.578E-18  9.597E-19  3.618E-18
4.406E+03  4.031E-29  4.710E-18  9.898E-19  3.720E-18
4.365E+03  4.186E-29  4.847E-18  1.021E-18  3.826E-18
4.325E+03  4.347E-29  4.987E-18  1.053E-18  3.935E-18
4.285E+03  4.515E-29  5.132E-18  1.086E-18  4.046E-18
4.246E+03  4.689E-29  5.281E-18  1.120E-18  4.162E-18
4.207E+03  4.870E-29  5.435E-18  1.155E-18  4.280E-18
4.169E+03  5.058E-29  5.593E-18  1.191E-18  4.402E-18
4.130E+03  5.254E-29  5.757E-18  1.229E-18  4.528E-18
4.093E+03  5.457E-29  5.925E-18  1.267E-18  4.657E-18
4.055E+03  5.669E-29  6.098E-18  1.307E-18  4.790E-18
4.018E+03  5.889E-29  6.276E-18  1.348E-18  4.928E-18
3.981E+03  6.117E-29  6.459E-18  1.391E-18  5.069E-18
3.945E+03  6.354E-29  6.648E-18  1.435E-18  5.214E-18
3.908E+03  6.600E-29  6.843E-18  1.480E-18  5.363E-18
3.873E+03  6.856E-29  7.043E-18  1.526E-18  5.517E-18
3.837E+03  7.123E-29  7.250E-18  1.575E-18  5.675E-18
3.802E+03  7.400E-29  7.463E-18  1.624E-18  5.838E-18
3.767E+03  7.688E-29  7.682E-18  1.676E-18  6.006E-18
3.733E+03  7.987E-29  7.908E-18  1.729E-18  6.180E-18
3.698E+03  8.299E-29  8.141E-18  1.783E-18  6.358E-18
3.664E+03  8.623E-29  8.381E-18  1.840E-18  6.542E-18
3.631E+03  8.960E-29  8.629E-18  1.898E-18  6.731E-18
3.597E+03  9.310E-29  8.884E-18  1.958E-18  6.926E-18
3.565E+03  9.674E-29  9.147E-18  2.020E-18  7.127E-18
3.532E+03  1.005E-28  9.418E-18  2.084E-18  7.334E-18
3.499E+03  1.045E-28  9.698E-18  2.150E-18  7.547E-18
3.467E+03  1.086E-28  9.986E-18  2.218E-18  7.767E-18
3.436E+03  1.128E-28  1.028E-17  2.289E-18  7.994E-18
3.404E+03  1.173E-28  1.059E-17  2.362E-18  8.227E-18
3.373E+03  1.219E-28  1.090E-17  2.437E-18  8.467E-18
3.342E+03  1.267E-28  1.123E-17  2.514E-18  8.715E-18
3.311E+03  1.317E-28  1.156E-17  2.594E-18  8.970E-18
3.281E+03  1.369E-28  1.191E-17  2.677E-18  9.234E-18
3.251E+03  1.423E-28  1.227E-17  2.762E-18  9.505E-18
3.221E+03  1.479E-28  1.263E-17  2.850E-18  9.784E-18
3.192E+03  1.537E-28  1.301E-17  2.941E-18  1.007E-17
3.162E+03  1.598E-28  1.340E-17  3.035E-18  1.037E-17
3.133E+03  1.661E-28  1.381E-17  3.132E-18  1.068E-17
3.105E+03  1.727E-28  1.422E-17  3.232E-18  1.099E-17
3.076E+03  1.795E-28  1.465E-17  3.335E-18  1.132E-17
3.048E+03  1.867E-28  1.509E-17  3.441E-18  1.165E-17
3.020E+03  1.941E-28  1.555E-17  3.552E-18  1.200E-17
2.992E+03  2.018E-28  1.602E-17  3.665E-18  1.235E-17
2.965E+03  2.098E-28  1.650E-17  3.782E-18  1.272E-17
2.938E+03  2.181E-28  1.700E-17  3.904E-18  1.309E-17
2.911E+03  2.268E-28  1.751E-17  4.029E-18  1.348E-17
2.884E+03  2.358E-28  1.804E-17  4.158E-18  1.388E-17
2.858E+03  2.452E-28  1.858E-17  4.291E-18  1.429E-17
2.831E+03  2.549E-28  1.915E-17  4.429E-18  1.472E-17
2.805E+03  2.651E-28  1.973E-17  4.571E-18  1.515E-17
2.780E+03  2.756E-28  2.032E-17  4.718E-18  1.561E-17
2.754E+03  2.866E-28  2.094E-17  4.869E-18  1.607E-17
2.729E+03  2.981E-28  2.158E-17  5.026E-18  1.655E-17
2.704E+03  3.100E-28  2.224E-17  5.187E-18  1.705E-17
2.679E+03  3.224E-28  2.291E-17  5.354E-18  1.756E-17
2.655E+03  3.353E-28  2.361E-17  5.527E-18  1.809E-17
2.630E+03  3.488E-28  2.433E-17  5.705E-18  1.863E-17
2.606E+03  3.628E-28  2.508E-17  5.888E-18  1.919E-17
2.582E+03  3.773E-28  2.584E-17  6.078E-18  1.977E-17
2.559E+03  3.925E-28  2.664E-17  6.274E-18  2.036E-17
2.535E+03  4.083E-28  2.745E-17  6.476E-18  2.098E-17
2.512E+03  4.247E-28  2.830E-17  6.685E-18  2.161E-17
2.489E+03  4.418E-28  2.917E-17  6.901E-18  2.226E-17
2.466E+03  4.596E-28  3.006E-17  7.124E-18  2.294E-17
2.443E+03  4.781E-28  3.099E-17  7.354E-18  2.363E-17
2.421E+03  4.974E-28  3.194E-17  7.592E-18  2.435E-17
2.399E+03  5.175E-28  3.293E-17  7.838E-18  2.509E-17
2.377E+03  5.384E-28  3.395E-17  8.091E-18  2.586E-17
2.355E+03  5.602E-28  3.500E-17  8.353E-18  2.664E-17
2.333E+03  5.829E-28  3.608E-17  8.623E-18  2.746E-17
2.312E+03  6.065E-28  3.720E-17  8.903E-18  2.829E-17
2.291E+03  6.311E-28  3.835E-17  9.191E-18  2.916E-17
2.270E+03  6.567E-28  3.954E-17  9.489E-18  3.005E-17
2.249E+03  6.833E-28  4.077E-17  9.797E-18  3.097E-17
2.228E+03  7.111E-28  4.203E-17  1.011E-17  3.192E-17
2.208E+03  7.400E-28  4.334E-17  1.044E-17  3.290E-17
2.188E+03  7.701E-28  4.469E-17  1.078E-17  3.391E-17
2.168E+03  8.014E-28  4.608E-17  1.113E-17  3.495E-17
2.148E+03  8.341E-28  4.752E-17  1.149E-17  3.603E-17
2.128E+03  8.681E-28  4.900E-17  1.187E-17  3.714E-17
2.109E+03  9.035E-28  5.053E-17  1.225E-17  3.828E-17
2.089E+03  9.403E-28  5.211E-17  1.265E-17  3.946E-17
2.070E+03  9.787E-28  5.374E-17  1.306E-17  4.068E-17
2.051E+03  1.019E-27  5.543E-17  1.349E-17  4.194E-17
2.032E+03  1.060E-27  5.716E-17  1.393E-17  4.324E-17
2.014E+03  1.104E-27  5.896E-17  1.438E-17  4.457E-17
1.995E+03  1.149E-27  6.080E-17  1.485E-17  4.595E-17
1.977E+03  1.196E-27  6.271E-17  1.533E-17  4.738E-17
1.959E+03  1.245E-27  6.468E-17  1.583E-17  4.885E-17
1.941E+03  1.296E-27  6.671E-17  1.635E-17  5.036E-17
1.923E+03  1.349E-27  6.881E-17  1.688E-17  5.193E-17
1.905E+03  1.404E-27  7.098E-17  1.744E-17  5.354E-17
1.888E+03  1.462E-27  7.321E-17  1.800E-17  5.521E-17
1.871E+03  1.522E-27  7.552E-17  1.859E-17  5.693E-17
1.854E+03  1.585E-27  7.791E-17  1.920E-17  5.870E-17
1.837E+03  1.650E-27  8.036E-17  1.983E-17  6.054E-17
1.820E+03  1.718E-27  8.290E-17  2.048E-17  6.243E-17
1.803E+03  1.788E-27  8.552E-17  2.115E-17  6.438E-17
1.786E+03  1.862E-27  8.823E-17  2.184E-17  6.639E-17
1.770E+03  1.939E-27  9.102E-17  2.255E-17  6.847E-17
1.754E+03  2.019E-27  9.391E-17  2.329E-17  7.062E-17
1.738E+03  2.102E-27  9.688E-17  2.405E-17  7.283E-17
1.722E+03  2.188E-27  9.996E-17  2.484E-17  7.512E-17
1.706E+03  2.279E-27  1.031E-16  2.566E-17  7.747E-17
1.690E+03  2.373E-27  1.064E-16  2.650E-17  7.991E-17
1.675E+03  2.471E-27  1.098E-16  2.737E-17  8.242E-17
1.660E+03  2.573E-27  1.133E-16  2.826E-17  8.501E-17
1.644E+03  2.680E-27  1.169E-16  2.919E-17  8.769E-17
1.629E+03  2.790E-27  1.206E-16  3.015E-17  9.045E-17
1.614E+03  2.906E-27  1.244E-16  3.114E-17  9.330E-17
1.600E+03  3.026E-27  1.284E-16  3.216E-17  9.625E-17
1.585E+03  3.152E-27  1.325E-16  3.322E-17  9.928E-17
1.570E+03  3.282E-27  1.367E-16  3.431E-17  1.024E-16
1.556E+03  3.418E-27  1.411E-16  3.544E-17  1.057E-16
1.542E+03  3.560E-27  1.456E-16  3.660E-17  1.090E-16
1.528E+03  3.708E-27  1.502E-16  3.780E-17  1.124E-16
1.514E+03  3.862E-27  1.550E-16  3.905E-17  1.160E-16
1.500E+03  4.022E-27  1.600E-16  4.033E-17  1.197E-16
1.486E+03  4.189E-27  1.651E-16  4.166E-17  1.235E-16
1.472E+03  4.363E-27  1.704E-16  4.303E-17  1.274E-16
1.459E+03  4.545E-27  1.759E-16  4.445E-17  1.314E-16
1.445E+03  4.734E-27  1.815E-16  4.591E-17  1.356E-16
1.432E+03  4.931E-27  1.873E-16  4.742E-17  1.399E-16
1.419E+03  5.136E-27  1.933E-16  4.899E-17  1.443E-16
1.406E+03  5.350E-27  1.995E-16  5.060E-17  1.489E-16
1.393E+03  5.573E-27  2.060E-16  5.227E-17  1.537E-16
1.380E+03  5.805E-27  2.126E-16  5.399E-17  1.586E-16
1.368E+03  6.047E-27  2.194E-16  5.577E-17  1.636E-16
1.355E+03  6.300E-27  2.265E-16  5.761E-17  1.688E-16
1.343E+03  6.562E-27  2.337E-16  5.951E-17  1.742E-16
1.330E+03  6.836E-27  2.413E-16  6.148E-17  1.798E-16
1.318E+03  7.122E-27  2.490E-16  6.351E-17  1.855E-16
1.306E+03  7.419E-27  2.570E-16  6.561E-17  1.914E-16
1.294E+03  7.729E-27  2.653E-16  6.777E-17  1.976E-16
1.282E+03  8.052E-27  2.739E-16  7.001E-17  2.039E-16
1.271E+03  8.388E-27  2.827E-16  7.233E-17  2.104E-16
1.259E+03  8.739E-27  2.918E-16  7.472E-17  2.171E-16
1.247E+03  9.104E-27  3.012E-16  7.719E-17  2.240E-16
1.236E+03  9.484E-27  3.109E-16  7.974E-17  2.312E-16
1.225E+03  9.881E-27  3.210E-16  8.238E-17  2.386E-16
1.213E+03  1.029E-26  3.313E-16  8.510E-17  2.462E-16
1.202E+03  1.072E-26  3.420E-16  8.792E-17  2.541E-16
1.191E+03  1.117E-26  3.530E-16  9.083E-17  2.622E-16
1.180E+03  1.164E-26  3.644E-16  9.383E-17  2.706E-16
1.169E+03  1.213E-26  3.762E-16  9.694E-17  2.793E-16
1.159E+03  1.263E-26  3.884E-16  1.001E-16  2.882E-16
1.148E+03  1.316E-26  4.009E-16  1.035E-16  2.974E-16
1.138E+03  1.371E-26  4.138E-16  1.069E-16  3.069E-16
1.127E+03  1.429E-26  4.272E-16  1.104E-16  3.168E-16
1.117E+03  1.489E-26  4.410E-16  1.141E-16  3.269E-16
1.107E+03  1.551E-26  4.553E-16  1.179E-16  3.374E-16
1.096E+03  1.616E-26  4.700E-16  1.218E-16  3.482E-16
1.086E+03  1.683E-26  4.852E-16  1.258E-16  3.593E-16
1.076E+03  1.754E-26  5.008E-16  1.300E-16  3.708E-16
1.067E+03  1.827E-26  5.170E-16  1.343E-16  3.827E-16
1.057E+03  1.904E-26  5.337E-16  1.388E-16  3.950E-16
1.047E+03  1.984E-26  5.510E-16  1.434E-16  4.076E-16
1.038E+03  2.067E-26  5.688E-16  1.481E-16  4.206E-16
1.028E+03  2.153E-26  5.871E-16  1.530E-16  4.341E-16
1.019E+03  2.243E-26  6.061E-16  1.581E-16  4.480E-16
1.009E+03  2.337E-26  6.257E-16  1.634E-16  4.623E-16
1.000E+03  2.435E-26  6.459E-16  1.688E-16  4.771E-16
9.908E+02  2.537E-26  6.668E-16  1.744E-16  4.924E-16
9.817E+02  2.643E-26  6.884E-16  1.802E-16  5.082E-16
9.727E+02  2.754E-26  7.107E-16  1.862E-16  5.245E-16
9.638E+02  2.870E-26  7.337E-16  1.924E-16  5.413E-16
9.550E+02  2.990E-26  7.574E-16  1.988E-16  5.586E-16
9.462E+02  3.115E-26  7.819E-16  2.054E-16  5.765E-16
9.376E+02  3.246E-26  8.072E-16  2.122E-16  5.950E-16
9.290E+02  3.382E-26  8.333E-16  2.193E-16  6.141E-16
9.204E+02  3.524E-26  8.603E-16  2.265E-16  6.338E-16
9.120E+02  3.671E-26  8.881E-16  2.341E-16  6.541E-16
9.036E+02  3.825E-26  9.169E-16  2.419E-16  6.750E-16
8.954E+02  3.985E-26  9.465E-16  2.499E-16  6.966E-16
8.872E+02  4.152E-26  9.771E-16  2.582E-16  7.188E-16
8.790E+02  4.326E-26  1.009E-15  2.668E-16  7.418E-16
8.710E+02  4.507E-26  1.041E-15  2.757E-16  7.655E-16
8.630E+02  4.695E-26  1.075E-15  2.849E-16  7.899E-16
8.551E+02  4.891E-26  1.109E-15  2.944E-16  8.151E-16
8.472E+02  5.096E-26  1.145E-15  3.042E-16  8.411E-16
8.395E+02  5.309E-26  1.182E-15  3.143E-16  8.678E-16
8.318E+02  5.531E-26  1.220E-15  3.248E-16  8.955E-16
8.241E+02  5.762E-26  1.260E-15  3.356E-16  9.240E-16
8.166E+02  6.002E-26  1.300E-15  3.468E-16  9.533E-16
8.091E+02  6.253E-26  1.342E-15  3.583E-16  9.836E-16
8.017E+02  6.513E-26  1.385E-15  3.703E-16  1.015E-15
7.943E+02  6.785E-26  1.430E-15  3.826E-16  1.047E-15
7.870E+02  7.068E-26  1.476E-15  3.953E-16  1.080E-15
7.798E+02  7.363E-26  1.523E-15  4.085E-16  1.114E-15
7.727E+02  7.670E-26  1.572E-15  4.221E-16  1.150E-15
7.656E+02  7.989E-26  1.622E-15  4.362E-16  1.186E-15
7.586E+02  8.322E-26  1.675E-15  4.508E-16  1.224E-15
7.516E+02  8.669E-26  1.728E-15  4.658E-16  1.263E-15
7.447E+02  9.031E-26  1.784E-15  4.813E-16  1.303E-15
7.379E+02  9.408E-26  1.841E-15  4.974E-16  1.344E-15
7.311E+02  9.801E-26  1.901E-15  5.140E-16  1.387E-15
7.244E+02  1.021E-25  1.962E-15  5.311E-16  1.431E-15
7.178E+02  1.064E-25  2.025E-15  5.488E-16  1.477E-15
7.112E+02  1.108E-25  2.091E-15  5.671E-16  1.524E-15
7.047E+02  1.155E-25  2.158E-15  5.861E-16  1.572E-15
6.982E+02  1.203E-25  2.228E-15  6.056E-16  1.622E-15
6.918E+02  1.253E-25  2.300E-15  6.258E-16  1.674E-15
6.855E+02  1.306E-25  2.374E-15  6.467E-16  1.728E-15
6.792E+02  1.361E-25  2.451E-15  6.683E-16  1.783E-15
6.730E+02  1.417E-25  2.530E-15  6.906E-16  1.840E-15
6.668E+02  1.477E-25  2.612E-15  7.136E-16  1.898E-15
6.607E+02  1.538E-25  2.696E-15  7.375E-16  1.959E-15
6.546E+02  1.603E-25  2.783E-15  7.621E-16  2.021E-15
6.486E+02  1.670E-25  2.874E-15  7.875E-16  2.086E-15
6.427E+02  1.741E-25  2.967E-15  8.138E-16  2.154E-15
6.368E+02  1.814E-25  3.064E-15  8.410E-16  2.223E-15
6.310E+02  1.890E-25  3.164E-15  8.691E-16  2.295E-15
6.252E+02  1.970E-25  3.267E-15  8.981E-16  2.369E-15
6.194E+02  2.053E-25  3.373E-15  9.281E-16  2.445E-15
6.138E+02  2.140E-25  3.483E-15  9.591E-16  2.524E-15
6.081E+02  2.230E-25  3.597E-15  9.911E-16  2.606E-15
6.026E+02  2.324E-25  3.715E-15  1.024E-15  2.691E-15
5.970E+02  2.422E-25  3.836E-15  1.058E-15  2.778E-15
5.916E+02  2.525E-25  3.962E-15  1.094E-15  2.868E-15
5.861E+02  2.632E-25  4.092E-15  1.130E-15  2.961E-15
5.808E+02  2.743E-25  4.226E-15  1.168E-15  3.058E-15
5.754E+02  2.859E-25  4.364E-15  1.207E-15  3.157E-15
5.702E+02  2.980E-25  4.508E-15  1.247E-15  3.260E-15
5.649E+02  3.107E-25  4.656E-15  1.289E-15  3.367E-15
5.598E+02  3.239E-25  4.809E-15  1.332E-15  3.477E-15
5.546E+02  3.376E-25  4.967E-15  1.376E-15  3.591E-15
5.495E+02  3.520E-25  5.131E-15  1.422E-15  3.708E-15
5.445E+02  3.669E-25  5.300E-15  1.470E-15  3.830E-15
5.395E+02  3.826E-25  5.475E-15  1.519E-15  3.956E-15
5.346E+02  3.989E-25  5.656E-15  1.570E-15  4.086E-15
5.297E+02  4.158E-25  5.843E-15  1.622E-15  4.220E-15
5.248E+02  4.336E-25  6.036E-15  1.676E-15  4.359E-15
5.200E+02  4.521E-25  6.236E-15  1.732E-15  4.503E-15
5.152E+02  4.714E-25  6.442E-15  1.790E-15  4.652E-15
5.105E+02  4.915E-25  6.656E-15  1.850E-15  4.806E-15
5.058E+02  5.125E-25  6.876E-15  1.912E-15  4.965E-15
5.012E+02  5.344E-25  7.105E-15  1.975E-15  5.129E-15
4.966E+02  5.573E-25  7.340E-15  2.041E-15  5.299E-15
4.920E+02  5.811E-25  7.584E-15  2.109E-15  5.475E-15
4.875E+02  6.060E-25  7.837E-15  2.180E-15  5.657E-15
4.831E+02  6.319E-25  8.097E-15  2.253E-15  5.845E-15
4.786E+02  6.590E-25  8.367E-15  2.328E-15  6.039E-15
4.742E+02  6.873E-25  8.646E-15  2.405E-15  6.240E-15
4.699E+02  7.168E-25  8.934E-15  2.486E-15  6.448E-15
4.656E+02  7.475E-25  9.232E-15  2.568E-15  6.664E-15
4.613E+02  7.796E-25  9.540E-15  2.654E-15  6.886E-15
4.571E+02  8.131E-25  9.859E-15  2.743E-15  7.116E-15
4.529E+02  8.481E-25  1.019E-14  2.834E-15  7.355E-15
4.487E+02  8.846E-25  1.053E-14  2.928E-15  7.601E-15
4.446E+02  9.226E-25  1.088E-14  3.026E-15  7.855E-15
4.406E+02  9.623E-25  1.125E-14  3.127E-15  8.119E-15
4.365E+02  1.004E-24  1.162E-14  3.231E-15  8.391E-15
4.325E+02  1.047E-24  1.201E-14  3.338E-15  8.673E-15
4.285E+02  1.092E-24  1.241E-14  3.450E-15  8.964E-15
4.246E+02  1.139E-24  1.283E-14  3.564E-15  9.266E-15
4.207E+02  1.188E-24  1.326E-14  3.683E-15  9.578E-15
4.169E+02  1.240E-24  1.371E-14  3.806E-15  9.901E-15
4.130E+02  1.293E-24  1.417E-14  3.932E-15  1.024E-14
4.093E+02  1.349E-24  1.464E-14  4.063E-15  1.058E-14
4.055E+02  1.407E-24  1.514E-14  4.198E-15  1.094E-14
4.018E+02  1.468E-24  1.565E-14  4.338E-15  1.131E-14
3.981E+02  1.532E-24  1.617E-14  4.482E-15  1.169E-14
3.945E+02  1.598E-24  1.672E-14  4.631E-15  1.209E-14
3.908E+02  1.667E-24  1.729E-14  4.784E-15  1.250E-14
3.873E+02  1.740E-24  1.787E-14  4.943E-15  1.293E-14
3.837E+02  1.815E-24  1.847E-14  5.107E-15  1.337E-14
3.802E+02  1.894E-24  1.910E-14  5.277E-15  1.382E-14
3.767E+02  1.976E-24  1.974E-14  5.452E-15  1.429E-14
3.733E+02  2.062E-24  2.041E-14  5.633E-15  1.478E-14
3.698E+02  2.151E-24  2.110E-14  5.819E-15  1.529E-14
3.664E+02  2.245E-24  2.182E-14  6.012E-15  1.581E-14
3.631E+02  2.342E-24  2.256E-14  6.211E-15  1.635E-14
3.597E+02  2.444E-24  2.333E-14  6.417E-15  1.691E-14
3.565E+02  2.551E-24  2.412E-14  6.629E-15  1.749E-14
3.532E+02  2.662E-24  2.494E-14  6.849E-15  1.809E-14
3.499E+02  2.777E-24  2.578E-14  7.075E-15  1.871E-14
3.467E+02  2.898E-24  2.666E-14  7.309E-15  1.935E-14
3.436E+02  3.025E-24  2.756E-14  7.551E-15  2.001E-14
3.404E+02  3.156E-24  2.850E-14  7.800E-15  2.070E-14
3.373E+02  3.294E-24  2.947E-14  8.058E-15  2.141E-14
3.342E+02  3.437E-24  3.047E-14  8.324E-15  2.215E-14
3.311E+02  3.587E-24  3.151E-14  8.598E-15  2.291E-14
3.281E+02  3.744E-24  3.258E-14  8.882E-15  2.370E-14
3.251E+02  3.907E-24  3.369E-14  9.175E-15  2.452E-14
3.221E+02  4.077E-24  3.484E-14  9.477E-15  2.536E-14
3.192E+02  4.255E-24  3.602E-14  9.789E-15  2.623E-14
3.162E+02  4.441E-24  3.725E-14  1.011E-14  2.714E-14
3.133E+02  4.634E-24  3.852E-14  1.044E-14  2.807E-14
3.105E+02  4.837E-24  3.983E-14  1.079E-14  2.904E-14
3.076E+02  5.048E-24  4.119E-14  1.114E-14  3.004E-14
3.048E+02  5.268E-24  4.259E-14  1.151E-14  3.108E-14
3.020E+02  5.498E-24  4.404E-14  1.189E-14  3.216E-14
2.992E+02  5.738E-24  4.554E-14  1.228E-14  3.327E-14
2.965E+02  5.988E-24  4.709E-14  1.268E-14  3.441E-14
2.938E+02  6.249E-24  4.870E-14  1.309E-14  3.560E-14
2.911E+02  6.522E-24  5.036E-14  1.352E-14  3.683E-14
2.884E+02  6.806E-24  5.207E-14  1.397E-14  3.810E-14
2.858E+02  7.103E-24  5.384E-14  1.442E-14  3.942E-14
2.831E+02  7.413E-24  5.568E-14  1.489E-14  4.078E-14
2.805E+02  7.737E-24  5.757E-14  1.538E-14  4.219E-14
2.780E+02  8.074E-24  5.954E-14  1.588E-14  4.365E-14
2.754E+02  8.426E-24  6.156E-14  1.640E-14  4.516E-14
2.729E+02  8.795E-24  6.367E-14  1.694E-14  4.673E-14
2.704E+02  9.180E-24  6.584E-14  1.749E-14  4.835E-14
2.679E+02  9.582E-24  6.809E-14  1.806E-14  5.003E-14
2.655E+02  1.000E-23  7.042E-14  1.865E-14  5.177E-14
2.630E+02  1.044E-23  7.283E-14  1.926E-14  5.358E-14
2.606E+02  1.090E-23  7.532E-14  1.988E-14  5.544E-14
2.582E+02  1.137E-23  7.790E-14  2.053E-14  5.737E-14
2.559E+02  1.187E-23  8.055E-14  2.120E-14  5.935E-14
2.535E+02  1.238E-23  8.328E-14  2.188E-14  6.139E-14
2.512E+02  1.292E-23  8.608E-14  2.260E-14  6.349E-14
2.489E+02  1.347E-23  8.893E-14  2.333E-14  6.560E-14
2.466E+02  1.404E-23  9.181E-14  2.409E-14  6.773E-14
2.443E+02  1.462E-23  9.477E-14  2.487E-14  6.990E-14
2.421E+02  1.523E-23  9.779E-14  2.567E-14  7.212E-14
2.399E+02  1.586E-23  1.009E-13  2.650E-14  7.439E-14
2.377E+02  1.650E-23  1.040E-13  2.736E-14  7.667E-14
2.355E+02  1.717E-23  1.073E-13  2.825E-14  7.902E-14
2.333E+02  1.787E-23  1.106E-13  2.916E-14  8.143E-14
2.312E+02  1.859E-23  1.140E-13  3.010E-14  8.390E-14
2.291E+02  1.934E-23  1.175E-13  3.107E-14  8.645E-14
2.270E+02  2.012E-23  1.211E-13  3.208E-14  8.907E-14
2.249E+02  2.093E-23  1.249E-13  3.311E-14  9.176E-14
2.228E+02  2.178E-23  1.287E-13  3.418E-14  9.453E-14
2.208E+02  2.265E-23  1.327E-13  3.528E-14  9.738E-14
2.188E+02  2.356E-23  1.367E-13  3.642E-14  1.003E-13
2.168E+02  2.451E-23  1.409E-13  3.760E-14  1.033E-13
2.148E+02  2.549E-23  1.452E-13  3.881E-14  1.064E-13
2.128E+02  2.651E-23  1.496E-13  4.006E-14  1.096E-13
2.109E+02  2.756E-23  1.542E-13  4.135E-14  1.128E-13
2.089E+02  2.866E-23  1.588E-13  4.269E-14  1.162E-13
2.070E+02  2.980E-23  1.637E-13  4.407E-14  1.196E-13
2.051E+02  3.099E-23  1.686E-13  4.549E-14  1.231E-13
2.032E+02  3.222E-23  1.737E-13  4.696E-14  1.267E-13
2.014E+02  3.349E-23  1.789E-13  4.847E-14  1.304E-13
1.995E+02  3.481E-23  1.843E-13  5.004E-14  1.342E-13
1.977E+02  3.619E-23  1.898E-13  5.166E-14  1.381E-13
1.959E+02  3.761E-23  1.954E-13  5.333E-14  1.421E-13
1.941E+02  3.909E-23  2.013E-13  5.506E-14  1.462E-13
1.923E+02  4.063E-23  2.072E-13  5.684E-14  1.504E-13
1.905E+02  4.222E-23  2.134E-13  5.869E-14  1.547E-13
1.888E+02  4.388E-23  2.197E-13  6.060E-14  1.591E-13
1.871E+02  4.559E-23  2.262E-13  6.257E-14  1.637E-13
1.854E+02  4.737E-23  2.329E-13  6.462E-14  1.683E-13
1.837E+02  4.922E-23  2.398E-13  6.674E-14  1.730E-13
1.820E+02  5.114E-23  2.468E-13  6.893E-14  1.779E-13
1.803E+02  5.313E-23  2.541E-13  7.120E-14  1.829E-13
1.786E+02  5.519E-23  2.616E-13  7.355E-14  1.880E-13
1.770E+02  5.734E-23  2.692E-13  7.599E-14  1.932E-13
1.754E+02  5.957E-23  2.771E-13  7.853E-14  1.986E-13
1.738E+02  6.188E-23  2.852E-13  8.116E-14  2.041E-13
1.722E+02  6.427E-23  2.936E-13  8.390E-14  2.097E-13
1.706E+02  6.676E-23  3.021E-13  8.674E-14  2.154E-13
1.690E+02  6.935E-23  3.110E-13  8.970E-14  2.213E-13
1.675E+02  7.204E-23  3.201E-13  9.279E-14  2.273E-13
1.660E+02  7.483E-23  3.294E-13  9.601E-14  2.334E-13
1.644E+02  7.774E-23  3.391E-13  9.937E-14  2.397E-13
1.629E+02  8.076E-23  3.490E-13  1.029E-13  2.461E-13
1.614E+02  8.390E-23  3.593E-13  1.066E-13  2.527E-13
1.600E+02  8.717E-23  3.699E-13  1.104E-13  2.594E-13
1.585E+02  9.057E-23  3.808E-13  1.145E-13  2.663E-13
1.570E+02  9.412E-23  3.921E-13  1.188E-13  2.733E-13
1.556E+02  9.781E-23  4.037E-13  1.233E-13  2.804E-13
1.542E+02  1.017E-22  4.158E-13  1.280E-13  2.878E-13
1.528E+02  1.057E-22  4.282E-13  1.330E-13  2.952E-13
1.514E+02  1.099E-22  4.411E-13  1.383E-13  3.029E-13
1.500E+02  1.142E-22  4.545E-13  1.438E-13  3.106E-13
1.486E+02  1.188E-22  4.682E-13  1.496E-13  3.186E-13
1.472E+02  1.235E-22  4.824E-13  1.557E-13  3.267E-13
1.459E+02  1.284E-22  4.970E-13  1.620E-13  3.350E-13
1.445E+02  1.335E-22  5.118E-13  1.684E-13  3.434E-13
1.432E+02  1.387E-22  5.268E-13  1.748E-13  3.521E-13
1.419E+02  1.439E-22  5.418E-13  1.810E-13  3.608E-13
1.406E+02  1.492E-22  5.566E-13  1.868E-13  3.698E-13
1.393E+02  1.545E-22  5.710E-13  1.920E-13  3.789E-13
1.380E+02  1.597E-22  5.849E-13  1.967E-13  3.882E-13
1.368E+02  1.649E-22  5.983E-13  2.006E-13  3.977E-13
1.355E+02  1.701E-22  6.114E-13  2.041E-13  4.074E-13
1.343E+02  1.753E-22  6.243E-13  2.071E-13  4.172E-13
1.330E+02  1.805E-22  6.371E-13  2.099E-13  4.271E-13
1.318E+02  1.859E-22  6.500E-13  2.127E-13  4.373E-13
1.306E+02  1.914E-22  6.633E-13  2.156E-13  4.476E-13
1.294E+02  1.972E-22  6.768E-13  2.187E-13  4.581E-13
1.282E+02  2.031E-22  6.908E-13  2.220E-13  4.688E-13
1.271E+02  2.092E-22  7.052E-13  2.255E-13  4.796E-13
1.259E+02  2.156E-22  7.200E-13  2.294E-13  4.906E-13
1.247E+02  2.222E-22  7.353E-13  2.334E-13  5.018E-13
1.236E+02  2.291E-22  7.510E-13  2.378E-13  5.132E-13
1.225E+02  2.362E-22  7.673E-13  2.425E-13  5.247E-13
1.213E+02  2.436E-22  7.839E-13  2.475E-13  5.365E-13
1.202E+02  2.512E-22  8.011E-13  2.527E-13  5.483E-13
1.191E+02  2.591E-22  8.186E-13  2.582E-13  5.604E-13
1.180E+02  2.672E-22  8.366E-13  2.640E-13  5.726E-13
1.169E+02  2.756E-22  8.549E-13  2.700E-13  5.849E-13
1.159E+02  2.842E-22  8.736E-13  2.762E-13  5.974E-13
1.148E+02  2.932E-22  8.928E-13  2.827E-13  6.101E-13
1.138E+02  3.024E-22  9.124E-13  2.895E-13  6.229E-13
1.127E+02  3.119E-22  9.324E-13  2.965E-13  6.359E-13
1.117E+02  3.217E-22  9.529E-13  3.038E-13  6.491E-13
1.107E+02  3.318E-22  9.739E-13  3.114E-13  6.625E-13
1.096E+02  3.422E-22  9.952E-13  3.192E-13  6.760E-13
1.086E+02  3.529E-22  1.017E-12  3.272E-13  6.897E-13
1.076E+02  3.639E-22  1.039E-12  3.356E-13  7.035E-13
1.067E+02  3.752E-22  1.062E-12  3.441E-13  7.175E-13
1.057E+02  3.869E-22  1.085E-12  3.530E-13  7.316E-13
1.047E+02  3.989E-22  1.108E-12  3.621E-13  7.458E-13
1.038E+02  4.112E-22  1.132E-12  3.714E-13  7.602E-13
1.028E+02  4.238E-22  1.156E-12  3.811E-13  7.747E-13
1.019E+02  4.368E-22  1.180E-12  3.909E-13  7.893E-13
1.009E+02  4.501E-22  1.205E-12  4.010E-13  8.039E-13
1.000E+02  4.637E-22  1.230E-12  4.114E-13  8.187E-13
9.908E+01  4.777E-22  1.256E-12  4.220E-13  8.336E-13
9.817E+01  4.920E-22  1.281E-12  4.329E-13  8.485E-13
9.727E+01  5.067E-22  1.308E-12  4.439E-13  8.636E-13
9.638E+01  5.218E-22  1.334E-12  4.553E-13  8.787E-13
9.550E+01  5.372E-22  1.361E-12  4.668E-13  8.939E-13
9.462E+01  5.529E-22  1.388E-12  4.786E-13  9.092E-13
9.376E+01  5.691E-22  1.415E-12  4.907E-13  9.245E-13
9.290E+01  5.855E-22  1.443E-12  5.030E-13  9.399E-13
9.204E+01  6.024E-22  1.471E-12  5.155E-13  9.553E-13
9.120E+01  6.197E-22  1.499E-12  5.283E-13  9.708E-13
9.036E+01  6.373E-22  1.528E-12  5.414E-13  9.862E-13
8.954E+01  6.553E-22  1.556E-12  5.547E-13  1.002E-12
8.872E+01  6.737E-22  1.585E-12  5.684E-13  1.017E-12
8.790E+01  6.926E-22  1.615E-12  5.823E-13  1.033E-12
8.710E+01  7.119E-22  1.645E-12  5.966E-13  1.048E-12
8.630E+01  7.315E-22  1.675E-12  6.111E-13  1.063E-12
8.551E+01  7.516E-22  1.705E-12  6.260E-13  1.079E-12
8.472E+01  7.721E-22  1.735E-12  6.411E-13  1.094E-12
8.395E+01  7.930E-22  1.766E-12  6.565E-13  1.109E-12
8.318E+01  8.143E-22  1.797E-12  6.722E-13  1.124E-12
8.241E+01  8.360E-22  1.828E-12  6.882E-13  1.139E-12
8.166E+01  8.582E-22  1.859E-12  7.045E-13  1.154E-12
8.091E+01  8.808E-22  1.890E-12  7.211E-13  1.169E-12
8.017E+01  9.038E-22  1.922E-12  7.379E-13  1.184E-12
7.943E+01  9.271E-22  1.953E-12  7.550E-13  1.198E-12
7.870E+01  9.509E-22  1.985E-12  7.723E-13  1.213E-12
7.798E+01  9.750E-22  2.017E-12  7.899E-13  1.227E-12
7.727E+01  9.996E-22  2.049E-12  8.077E-13  1.241E-12
7.656E+01  1.025E-21  2.081E-12  8.258E-13  1.255E-12
7.586E+01  1.050E-21  2.113E-12  8.441E-13  1.269E-12
7.516E+01  1.076E-21  2.145E-12  8.626E-13  1.282E-12
7.447E+01  1.102E-21  2.177E-12  8.814E-13  1.295E-12
7.379E+01  1.128E-21  2.209E-12  9.004E-13  1.308E-12
7.311E+01  1.155E-21  2.240E-12  9.197E-13  1.321E-12
7.244E+01  1.182E-21  2.272E-12  9.392E-13  1.333E-12
7.178E+01  1.210E-21  2.304E-12  9.589E-13  1.345E-12
7.112E+01  1.238E-21  2.335E-12  9.789E-13  1.356E-12
7.047E+01  1.266E-21  2.367E-12  9.990E-13  1.367E-12
6.982E+01  1.295E-21  2.398E-12  1.019E-12  1.379E-12
6.918E+01  1.324E-21  2.430E-12  1.040E-12  1.390E-12
6.855E+01  1.353E-21  2.461E-12  1.061E-12  1.400E-12
6.792E+01  1.383E-21  2.491E-12  1.082E-12  1.409E-12
6.730E+01  1.413E-21  2.522E-12  1.103E-12  1.419E-12
6.668E+01  1.443E-21  2.552E-12  1.124E-12  1.428E-12
6.607E+01  1.473E-21  2.582E-12  1.146E-12  1.436E-12
6.546E+01  1.504E-21  2.612E-12  1.168E-12  1.444E-12
6.486E+01  1.535E-21  2.641E-12  1.190E-12  1.452E-12
6.427E+01  1.566E-21  2.671E-12  1.212E-12  1.459E-12
6.368E+01  1.598E-21  2.699E-12  1.234E-12  1.465E-12
6.310E+01  1.630E-21  2.728E-12  1.256E-12  1.471E-12
6.252E+01  1.662E-21  2.756E-12  1.279E-12  1.477E-12
6.194E+01  1.694E-21  2.784E-12  1.302E-12  1.482E-12
6.138E+01  1.727E-21  2.811E-12  1.324E-12  1.487E-12
6.081E+01  1.759E-21  2.838E-12  1.347E-12  1.491E-12
6.026E+01  1.792E-21  2.865E-12  1.370E-12  1.494E-12
5.970E+01  1.825E-21  2.891E-12  1.394E-12  1.497E-12
5.916E+01  1.858E-21  2.916E-12  1.417E-12  1.499E-12
5.861E+01  1.891E-21  2.941E-12  1.440E-12  1.501E-12
5.808E+01  1.925E-21  2.965E-12  1.464E-12  1.501E-12
5.754E+01  1.958E-21  2.989E-12  1.487E-12  1.501E-12
5.702E+01  1.991E-21  3.012E-12  1.511E-12  1.501E-12
5.649E+01  2.025E-21  3.034E-12  1.535E-12  1.500E-12
5.598E+01  2.058E-21  3.056E-12  1.558E-12  1.498E-12
5.546E+01  2.092E-21  3.078E-12  1.582E-12  1.496E-12
5.495E+01  2.126E-21  3.099E-12  1.606E-12  1.493E-12
5.445E+01  2.160E-21  3.119E-12  1.630E-12  1.489E-12
5.395E+01  2.193E-21  3.139E-12  1.654E-12  1.485E-12
5.346E+01  2.227E-21  3.158E-12  1.678E-12  1.480E-12
5.297E+01  2.261E-21  3.177E-12  1.702E-12  1.474E-12
5.248E+01  2.295E-21  3.194E-12  1.726E-12  1.468E-12
5.200E+01  2.328E-21  3.212E-12  1.750E-12  1.461E-12
5.152E+01  2.362E-21  3.228E-12  1.774E-12  1.454E-12
5.105E+01  2.395E-21  3.244E-12  1.798E-12  1.445E-12
5.058E+01  2.429E-21  3.258E-12  1.822E-12  1.436E-12
5.012E+01  2.462E-21  3.273E-12  1.846E-12  1.427E-12
4.966E+01  2.495E-21  3.286E-12  1.870E-12  1.416E-12
4.920E+01  2.527E-21  3.298E-12  1.893E-12  1.405E-12
4.875E+01  2.560E-21  3.310E-12  1.917E-12  1.394E-12
4.831E+01  2.592E-21  3.321E-12  1.940E-12  1.381E-12
4.786E+01  2.624E-21  3.332E-12  1.963E-12  1.369E-12
4.742E+01  2.656E-21  3.342E-12  1.986E-12  1.355E-12
4.699E+01  2.688E-21  3.350E-12  2.009E-12  1.341E-12
4.656E+01  2.720E-21  3.359E-12  2.032E-12  1.327E-12
4.613E+01  2.751E-21  3.366E-12  2.054E-12  1.312E-12
4.571E+01  2.782E-21  3.373E-12  2.077E-12  1.296E-12
4.529E+01  2.812E-21  3.378E-12  2.098E-12  1.280E-12
4.487E+01  2.842E-21  3.383E-12  2.120E-12  1.264E-12
4.446E+01  2.872E-21  3.388E-12  2.141E-12  1.247E-12
4.406E+01  2.901E-21  3.391E-12  2.161E-12  1.229E-12
4.365E+01  2.930E-21  3.393E-12  2.181E-12  1.212E-12
4.325E+01  2.958E-21  3.394E-12  2.200E-12  1.193E-12
4.285E+01  2.985E-21  3.393E-12  2.219E-12  1.175E-12
4.246E+01  3.011E-21  3.392E-12  2.236E-12  1.156E-12
4.207E+01  3.037E-21  3.389E-12  2.253E-12  1.136E-12
4.169E+01  3.061E-21  3.385E-12  2.268E-12  1.116E-12
4.130E+01  3.084E-21  3.379E-12  2.283E-12  1.096E-12
4.093E+01  3.106E-21  3.371E-12  2.296E-12  1.076E-12
4.055E+01  3.126E-21  3.362E-12  2.307E-12  1.055E-12
4.018E+01  3.144E-21  3.351E-12  2.317E-12  1.034E-12
3.981E+01  3.161E-21  3.338E-12  2.325E-12  1.012E-12
3.945E+01  3.175E-21  3.322E-12  2.331E-12  9.909E-13
3.908E+01  3.187E-21  3.304E-12  2.335E-12  9.692E-13
3.873E+01  3.197E-21  3.284E-12  2.337E-12  9.473E-13
3.837E+01  3.204E-21  3.262E-12  2.336E-12  9.253E-13
3.802E+01  3.209E-21  3.236E-12  2.333E-12  9.032E-13
3.767E+01  3.210E-21  3.208E-12  2.327E-12  8.810E-13
3.733E+01  3.208E-21  3.176E-12  2.317E-12  8.583E-13
3.698E+01  3.201E-21  3.141E-12  2.305E-12  8.355E-13
3.664E+01  3.191E-21  3.102E-12  2.289E-12  8.128E-13
3.631E+01  3.178E-21  3.060E-12  2.270E-12  7.902E-13
3.597E+01  3.160E-21  3.015E-12  2.248E-12  7.678E-13
3.565E+01  3.138E-21  2.967E-12  2.221E-12  7.456E-13
3.532E+01  3.111E-21  2.914E-12  2.191E-12  7.235E-13
3.499E+01  3.080E-21  2.859E-12  2.157E-12  7.017E-13
3.467E+01  3.044E-21  2.799E-12  2.119E-12  6.801E-13
3.436E+01  3.003E-21  2.737E-12  2.078E-12  6.587E-13
3.404E+01  2.957E-21  2.670E-12  2.033E-12  6.376E-13
3.373E+01  2.907E-21  2.601E-12  1.984E-12  6.167E-13
3.342E+01  2.852E-21  2.529E-12  1.932E-12  5.963E-13
3.311E+01  2.793E-21  2.454E-12  1.877E-12  5.764E-13
3.281E+01  2.730E-21  2.376E-12  1.819E-12  5.567E-13
3.251E+01  2.663E-21  2.296E-12  1.759E-12  5.374E-13
3.221E+01  2.592E-21  2.214E-12  1.696E-12  5.184E-13
3.192E+01  2.517E-21  2.131E-12  1.631E-12  4.998E-13
3.162E+01  2.440E-21  2.047E-12  1.565E-12  4.815E-13
3.133E+01  2.360E-21  1.962E-12  1.498E-12  4.635E-13
3.105E+01  2.278E-21  1.876E-12  1.430E-12  4.459E-13
3.076E+01  2.195E-21  1.791E-12  1.362E-12  4.287E-13
3.048E+01  2.110E-21  1.706E-12  1.294E-12  4.119E-13
3.020E+01  2.025E-21  1.622E-12  1.227E-12  3.955E-13
2.992E+01  1.939E-21  1.539E-12  1.160E-12  3.793E-13
2.965E+01  1.854E-21  1.458E-12  1.094E-12  3.635E-13
2.938E+01  1.769E-21  1.378E-12  1.030E-12  3.481E-13
2.911E+01  1.685E-21  1.301E-12  9.680E-13  3.330E-13
2.884E+01  1.603E-21  1.226E-12  9.077E-13  3.184E-13
2.858E+01  1.522E-21  1.154E-12  8.495E-13  3.042E-13
2.831E+01  1.443E-21  1.084E-12  7.936E-13  2.904E-13
2.805E+01  1.367E-21  1.017E-12  7.401E-13  2.770E-13
2.780E+01  1.293E-21  9.531E-13  6.891E-13  2.640E-13
2.754E+01  1.221E-21  8.920E-13  6.406E-13  2.514E-13
2.729E+01  1.152E-21  8.339E-13  5.947E-13  2.392E-13
2.704E+01  1.086E-21  7.788E-13  5.513E-13  2.275E-13
2.679E+01  1.022E-21  7.266E-13  5.105E-13  2.161E-13
2.655E+01  9.618E-22  6.772E-13  4.721E-13  2.051E-13
2.630E+01  9.040E-22  6.307E-13  4.361E-13  1.946E-13
2.606E+01  8.489E-22  5.869E-13  4.025E-13  1.844E-13
2.582E+01  7.966E-22  5.457E-13  3.711E-13  1.746E-13
2.559E+01  7.470E-22  5.070E-13  3.418E-13  1.652E-13
2.535E+01  7.000E-22  4.707E-13  3.146E-13  1.562E-13
2.512E+01  6.556E-22  4.368E-13  2.893E-13  1.475E-13
2.489E+01  6.135E-22  4.051E-13  2.659E-13  1.392E-13
2.466E+01  5.738E-22  3.754E-13  2.442E-13  1.312E-13
2.443E+01  5.364E-22  3.477E-13  2.242E-13  1.235E-13
2.421E+01  5.010E-22  3.218E-13  2.056E-13  1.161E-13
2.399E+01  4.676E-22  2.976E-13  1.885E-13  1.090E-13
2.377E+01  4.363E-22  2.751E-13  1.727E-13  1.023E-13
2.355E+01  4.070E-22  2.542E-13  1.582E-13  9.604E-14
2.333E+01  3.794E-22  2.348E-13  1.448E-13  9.000E-14
2.312E+01  3.533E-22  2.166E-13  1.325E-13  8.415E-14
2.291E+01  3.288E-22  1.998E-13  1.212E-13  7.863E-14
2.270E+01  3.061E-22  1.843E-13  1.108E-13  7.353E-14
2.249E+01  2.850E-22  1.700E-13  1.013E-13  6.877E-14
2.228E+01  2.653E-22  1.568E-13  9.252E-14  6.430E-14
2.208E+01  2.468E-22  1.445E-13  8.450E-14  6.002E-14
2.188E+01  2.292E-22  1.330E-13  7.716E-14  5.587E-14
2.168E+01  2.128E-22  1.223E-13  7.043E-14  5.190E-14
2.148E+01  1.973E-22  1.124E-13  6.427E-14  4.816E-14
2.128E+01  1.831E-22  1.033E-13  5.863E-14  4.470E-14
2.109E+01  1.698E-22  9.497E-14  5.348E-14  4.149E-14
2.089E+01  1.574E-22  8.721E-14  4.876E-14  3.845E-14
2.070E+01  1.457E-22  8.001E-14  4.446E-14  3.556E-14
2.051E+01  1.348E-22  7.335E-14  4.051E-14  3.283E-14
2.032E+01  1.247E-22  6.722E-14  3.691E-14  3.031E-14
2.014E+01  1.155E-22  6.168E-14  3.363E-14  2.805E-14
1.995E+01  1.068E-22  5.655E-14  3.062E-14  2.592E-14
1.977E+01  9.874E-23  5.178E-14  2.788E-14  2.390E-14
1.959E+01  9.112E-23  4.735E-14  2.537E-14  2.197E-14
1.941E+01  8.394E-23  4.322E-14  2.308E-14  2.013E-14
1.923E+01  7.719E-23  3.937E-14  2.099E-14  1.838E-14
1.905E+01  7.084E-23  3.580E-14  1.908E-14  1.672E-14
1.888E+01  6.489E-23  3.250E-14  1.734E-14  1.516E-14
1.871E+01  5.931E-23  2.943E-14  1.575E-14  1.368E-14
1.854E+01  5.410E-23  2.660E-14  1.430E-14  1.230E-14
1.837E+01  4.925E-23  2.399E-14  1.297E-14  1.102E-14
1.820E+01  4.474E-23  2.160E-14  1.177E-14  9.828E-15
1.803E+01  4.057E-23  1.940E-14  1.067E-14  8.735E-15
1.786E+01  3.672E-23  1.740E-14  9.668E-15  7.733E-15
1.770E+01  3.317E-23  1.558E-14  8.758E-15  6.818E-15
1.754E+01  2.991E-23  1.391E-14  7.931E-15  5.984E-15
1.738E+01  2.692E-23  1.241E-14  7.179E-15  5.232E-15
1.722E+01  2.420E-23  1.105E-14  6.495E-15  4.558E-15
1.706E+01  2.173E-23  9.836E-15  5.874E-15  3.962E-15
1.690E+01  1.950E-23  8.743E-15  5.309E-15  3.434E-15
1.675E+01  1.747E-23  7.762E-15  4.796E-15  2.967E-15
1.660E+01  1.563E-23  6.883E-15  4.330E-15  2.553E-15
1.644E+01  1.398E-23  6.097E-15  3.907E-15  2.191E-15
1.629E+01  1.249E-23  5.397E-15  3.522E-15  1.875E-15
1.614E+01  1.115E-23  4.775E-15  3.174E-15  1.602E-15
1.600E+01  9.954E-24  4.223E-15  2.858E-15  1.366E-15
1.585E+01  8.882E-24  3.734E-15  2.571E-15  1.162E-15
1.570E+01  7.922E-24  3.300E-15  2.312E-15  9.876E-16
1.556E+01  7.064E-24  2.916E-15  2.078E-15  8.379E-16
1.542E+01  6.298E-24  2.575E-15  1.866E-15  7.099E-16
1.528E+01  5.614E-24  2.275E-15  1.674E-15  6.008E-16
1.514E+01  5.004E-24  2.009E-15  1.501E-15  5.081E-16
1.500E+01  4.460E-24  1.774E-15  1.344E-15  4.297E-16
1.486E+01  3.974E-24  1.566E-15  1.203E-15  3.628E-16
1.472E+01  3.540E-24  1.382E-15  1.076E-15  3.059E-16
1.459E+01  3.153E-24  1.220E-15  9.621E-16  2.578E-16
1.445E+01  2.809E-24  1.077E-15  8.592E-16  2.180E-16
1.432E+01  2.505E-24  9.515E-16  7.666E-16  1.849E-16
1.419E+01  2.235E-24  8.412E-16  6.833E-16  1.579E-16
1.406E+01  1.995E-24  7.441E-16  6.084E-16  1.357E-16
1.393E+01  1.783E-24  6.589E-16  5.412E-16  1.177E-16
1.380E+01  1.594E-24  5.838E-16  4.810E-16  1.029E-16
1.368E+01  1.427E-24  5.176E-16  4.270E-16  9.060E-17
1.355E+01  1.277E-24  4.589E-16  3.788E-16  8.012E-17
1.343E+01  1.142E-24  4.066E-16  3.356E-16  7.100E-17
1.330E+01  1.020E-24  3.599E-16  2.970E-16  6.286E-17
1.318E+01  9.100E-25  3.182E-16  2.626E-16  5.563E-17
1.306E+01  8.110E-25  2.810E-16  2.319E-16  4.910E-17
1.294E+01  7.221E-25  2.479E-16  2.046E-16  4.332E-17
1.282E+01  6.424E-25  2.185E-16  1.803E-16  3.827E-17
1.271E+01  5.709E-25  1.924E-16  1.586E-16  3.379E-17
1.259E+01  5.067E-25  1.692E-16  1.394E-16  2.978E-17
1.247E+01  4.489E-25  1.485E-16  1.224E-16  2.618E-17
1.236E+01  3.971E-25  1.302E-16  1.072E-16  2.295E-17
1.225E+01  3.504E-25  1.138E-16  9.379E-17  2.003E-17
1.213E+01  3.089E-25  9.943E-17  8.193E-17  1.750E-17
1.202E+01  2.721E-25  8.678E-17  7.148E-17  1.530E-17
1.191E+01  2.393E-25  7.562E-17  6.228E-17  1.334E-17
1.180E+01  2.101E-25  6.578E-17  5.417E-17  1.161E-17
1.169E+01  1.841E-25  5.712E-17  4.706E-17  1.006E-17
1.159E+01  1.622E-25  4.986E-17  4.120E-17  8.667E-18
1.148E+01  1.534E-25  4.671E-17  3.926E-17  7.445E-18
1.138E+01  1.247E-25  3.763E-17  3.124E-17  6.396E-18
1.127E+01  1.080E-25  3.231E-17  2.682E-17  5.489E-18
1.117E+01  9.380E-26  2.779E-17  2.308E-17  4.708E-18
1.107E+01  8.135E-26  2.388E-17  1.985E-17  4.030E-18
1.096E+01  7.048E-26  2.050E-17  1.706E-17  3.436E-18
1.086E+01  6.100E-26  1.758E-17  1.465E-17  2.926E-18
1.076E+01  5.274E-26  1.506E-17  1.256E-17  2.495E-18
1.067E+01  4.555E-26  1.289E-17  1.076E-17  2.129E-18
1.057E+01  3.929E-26  1.101E-17  9.197E-18  1.816E-18
1.047E+01  3.381E-26  9.392E-18  7.850E-18  1.542E-18
1.038E+01  2.902E-26  7.987E-18  6.689E-18  1.298E-18
1.028E+01  2.483E-26  6.771E-18  5.691E-18  1.080E-18
1.019E+01  2.118E-26  5.724E-18  4.833E-18  8.910E-19
1.009E+01  1.803E-26  4.828E-18  4.097E-18  7.309E-19
1.000E+01  1.533E-26  4.065E-18  3.467E-18  5.981E-19
9.908E+00  1.301E-26  3.419E-18  2.930E-18  4.893E-19
9.817E+00  1.102E-26  2.871E-18  2.471E-18  3.998E-19
9.727E+00  9.326E-27  2.406E-18  2.080E-18  3.262E-19
9.638E+00  7.875E-27  2.013E-18  1.748E-18  2.651E-19
9.550E+00  6.633E-27  1.680E-18  1.467E-18  2.136E-19
9.462E+00  5.570E-27  1.398E-18  1.228E-18  1.700E-19
9.376E+00  4.663E-27  1.160E-18  1.027E-18  1.332E-19
9.290E+00  3.892E-27  9.590E-19  8.563E-19  1.027E-19
9.204E+00  3.238E-27  7.907E-19  7.130E-19  7.768E-20
9.120E+00  2.689E-27  6.504E-19  5.926E-19  5.780E-20
9.036E+00  2.228E-27  5.339E-19  4.916E-19  4.238E-20
8.954E+00  1.843E-27  4.377E-19  4.070E-19  3.074E-20
8.872E+00  1.523E-27  3.585E-19  3.363E-19  2.217E-20
8.790E+00  1.258E-27  2.933E-19  2.774E-19  1.595E-20
8.710E+00  1.038E-27  2.399E-19  2.284E-19  1.149E-20
8.630E+00  8.557E-28  1.959E-19  1.876E-19  8.290E-21
8.551E+00  7.041E-28  1.597E-19  1.537E-19  5.994E-21
8.472E+00  5.783E-28  1.300E-19  1.256E-19  4.319E-21
8.395E+00  4.741E-28  1.056E-19  1.025E-19  3.079E-21
8.318E+00  3.879E-28  8.559E-20  8.344E-20  2.156E-21
8.241E+00  3.168E-28  6.926E-20  6.779E-20  1.477E-21
8.166E+00  2.583E-28  5.595E-20  5.496E-20  9.871E-22
8.091E+00  2.103E-28  4.513E-20  4.447E-20  6.535E-22
8.017E+00  1.709E-28  3.634E-20  3.591E-20  4.285E-22
7.943E+00  1.387E-28  2.922E-20  2.894E-20  2.795E-22
7.870E+00  1.123E-28  2.344E-20  2.326E-20  1.815E-22
7.798E+00  9.067E-29  1.876E-20  1.864E-20  1.176E-22
7.727E+00  7.303E-29  1.497E-20  1.489E-20  7.638E-23
7.656E+00  5.872E-29  1.192E-20  1.187E-20  4.993E-23
7.586E+00  4.708E-29  9.474E-21  9.441E-21  3.290E-23
7.516E+00  3.763E-29  7.502E-21  7.480E-21  2.203E-23
7.447E+00  3.000E-29  5.927E-21  5.912E-21  1.502E-23
7.379E+00  2.387E-29  4.673E-21  4.663E-21  1.039E-23
7.311E+00  1.896E-29  3.677E-21  3.670E-21  7.309E-24
7.244E+00  1.502E-29  2.887E-21  2.881E-21  5.189E-24
7.178E+00  1.187E-29  2.261E-21  2.257E-21  3.701E-24
7.112E+00  9.363E-30  1.766E-21  1.764E-21  2.663E-24
7.047E+00  7.364E-30  1.377E-21  1.375E-21  1.923E-24
6.982E+00  5.777E-30  1.070E-21  1.069E-21  1.386E-24
6.918E+00  4.521E-30  8.296E-22  8.286E-22  9.988E-25
6.855E+00  3.529E-30  6.416E-22  6.409E-22  7.185E-25
6.792E+00  2.747E-30  4.949E-22  4.944E-22  5.154E-25
6.730E+00  2.133E-30  3.807E-22  3.804E-22  3.688E-25
6.668E+00  1.651E-30  2.921E-22  2.918E-22  2.630E-25
6.607E+00  1.275E-30  2.234E-22  2.232E-22  1.868E-25
6.546E+00  9.812E-31  1.704E-22  1.703E-22  1.323E-25
6.486E+00  7.531E-31  1.296E-22  1.295E-22  9.332E-26
6.427E+00  5.764E-31  9.826E-23  9.820E-23  6.558E-26
6.368E+00  4.399E-31  7.431E-23  7.426E-23  4.592E-26
6.310E+00  3.320E-31  5.556E-23  5.553E-23  3.202E-26
6.252E+00  2.558E-31  4.242E-23  4.239E-23  2.224E-26
6.194E+00  1.934E-31  3.178E-23  3.177E-23  1.539E-26
6.138E+00  1.455E-31  2.369E-23  2.368E-23  1.060E-26
6.081E+00  1.093E-31  1.763E-23  1.762E-23  7.270E-27
6.026E+00  8.185E-32  1.308E-23  1.308E-23  4.972E-27
5.970E+00  6.116E-32  9.685E-24  9.682E-24  3.388E-27
5.916E+00  4.556E-32  7.149E-24  7.147E-24  2.301E-27
5.861E+00  3.384E-32  5.262E-24  5.260E-24  1.557E-27
5.808E+00  2.506E-32  3.861E-24  3.860E-24  1.051E-27
5.754E+00  1.850E-32  2.824E-24  2.824E-24  7.063E-28
5.702E+00  1.362E-32  2.059E-24  2.059E-24  4.732E-28
5.649E+00  9.985E-33  1.496E-24  1.496E-24  3.159E-28
5.598E+00  7.297E-33  1.084E-24  1.083E-24  2.102E-28
5.546E+00  5.316E-33  7.821E-25  7.819E-25  1.394E-28
5.495E+00  3.860E-33  5.627E-25  5.626E-25  9.209E-29
5.445E+00  2.794E-33  4.035E-25  4.034E-25  6.063E-29
5.395E+00  2.015E-33  2.884E-25  2.883E-25  3.977E-29
5.346E+00  1.448E-33  2.054E-25  2.054E-25  2.599E-29
5.297E+00  1.038E-33  1.458E-25  1.458E-25  1.692E-29
5.248E+00  7.406E-34  1.031E-25  1.031E-25  1.098E-29
5.200E+00  5.267E-34  7.265E-26  7.264E-26  7.092E-30
5.152E+00  3.732E-34  5.101E-26  5.100E-26  4.565E-30
5.105E+00  2.635E-34  3.568E-26  3.568E-26  2.927E-30
5.058E+00  1.854E-34  2.487E-26  2.487E-26  1.869E-30
5.012E+00  1.299E-34  1.727E-26  1.727E-26  1.189E-30
4.966E+00  9.067E-35  1.194E-26  1.194E-26  7.532E-31
4.920E+00  6.305E-35  8.229E-27  8.229E-27  4.752E-31
4.875E+00  4.368E-35  5.649E-27  5.649E-27  2.986E-31
4.831E+00  3.015E-35  3.863E-27  3.863E-27  1.867E-31
4.786E+00  2.073E-35  2.631E-27  2.631E-27  1.163E-31
4.742E+00  1.420E-35  1.786E-27  1.786E-27  7.212E-32
4.699E+00  9.686E-36  1.207E-27  1.207E-27  4.453E-32
4.656E+00  6.583E-36  8.130E-28  8.130E-28  2.736E-32
4.613E+00  4.456E-36  5.453E-28  5.453E-28  1.674E-32
4.571E+00  3.005E-36  3.643E-28  3.643E-28  1.019E-32
4.529E+00  2.018E-36  2.424E-28  2.424E-28  6.178E-33
4.487E+00  1.349E-36  1.606E-28  1.606E-28  3.727E-33
4.446E+00  8.986E-37  1.060E-28  1.060E-28  2.238E-33
4.406E+00  5.960E-37  6.965E-29  6.965E-29  1.337E-33
4.365E+00  3.936E-37  4.558E-29  4.557E-29  7.953E-34
4.325E+00  2.588E-37  2.970E-29  2.970E-29  4.706E-34
4.285E+00  1.695E-37  1.927E-29  1.927E-29  2.771E-34
4.246E+00  1.105E-37  1.245E-29  1.245E-29  1.623E-34
4.207E+00  7.173E-38  8.005E-30  8.005E-30  9.460E-35
4.169E+00  4.635E-38  5.125E-30  5.125E-30  5.485E-35
4.130E+00  2.982E-38  3.267E-30  3.267E-30  3.163E-35
4.093E+00  1.910E-38  2.073E-30  2.073E-30  1.814E-35
4.055E+00  1.217E-38  1.309E-30  1.309E-30  1.034E-35
4.018E+00  7.725E-39  8.233E-31  8.233E-31  5.866E-36
3.981E+00  4.879E-39  5.153E-31  5.153E-31  3.309E-36
3.945E+00  3.068E-39  3.210E-31  3.210E-31  1.856E-36
3.908E+00  1.919E-39  1.990E-31  1.990E-31  1.035E-36
3.873E+00  1.195E-39  1.228E-31  1.228E-31  5.742E-37
3.837E+00  7.409E-40  7.541E-32  7.541E-32  3.167E-37
3.802E+00  4.570E-40  4.609E-32  4.609E-32  1.737E-37
3.767E+00  2.805E-40  2.803E-32  2.803E-32  9.474E-38
3.733E+00  1.713E-40  1.696E-32  1.696E-32  5.137E-38
3.698E+00  1.041E-40  1.022E-32  1.022E-32  2.769E-38
3.664E+00  6.298E-41  6.122E-33  6.122E-33  1.483E-38
3.631E+00  3.790E-41  3.650E-33  3.650E-33  7.901E-39
3.597E+00  2.269E-41  2.165E-33  2.165E-33  4.183E-39
3.565E+00  1.351E-41  1.278E-33  1.278E-33  2.201E-39
3.532E+00  8.007E-42  7.501E-34  7.501E-34  1.151E-39
3.499E+00  4.719E-42  4.381E-34  4.381E-34  5.980E-40
3.467E+00  2.767E-42  2.545E-34  2.545E-34  3.088E-40
3.436E+00  1.614E-42  1.470E-34  1.470E-34  1.584E-40
3.404E+00  9.359E-43  8.451E-35  8.451E-35  8.078E-41
3.373E+00  5.399E-43  4.831E-35  4.831E-35  4.091E-41
3.342E+00  3.098E-43  2.746E-35  2.746E-35  2.058E-41
3.311E+00  1.768E-43  1.553E-35  1.553E-35  1.029E-41
3.281E+00  1.003E-43  8.727E-36  8.727E-36  5.107E-42
3.251E+00  5.656E-44  4.877E-36  4.877E-36  2.518E-42
3.221E+00  3.172E-44  2.710E-36  2.710E-36  1.232E-42
3.192E+00  1.768E-44  1.497E-36  1.497E-36  5.991E-43
3.162E+00  9.804E-45  8.224E-37  8.224E-37  2.893E-43
3.133E+00  5.403E-45  4.491E-37  4.491E-37  1.387E-43
3.105E+00  2.960E-45  2.438E-37  2.438E-37  6.606E-44
3.076E+00  1.612E-45  1.316E-37  1.316E-37  3.125E-44
3.048E+00  8.730E-46  7.058E-38  7.058E-38  1.468E-44
3.020E+00  4.698E-46  3.763E-38  3.763E-38  6.849E-45
2.992E+00  2.513E-46  1.994E-38  1.994E-38  3.172E-45
2.965E+00  1.336E-46  1.050E-38  1.050E-38  1.458E-45
2.938E+00  7.055E-47  5.497E-39  5.497E-39  6.652E-46
2.911E+00  3.703E-47  2.859E-39  2.859E-39  3.013E-46
2.884E+00  1.931E-47  1.477E-39  1.477E-39  1.354E-46
2.858E+00  1.001E-47  7.586E-40  7.586E-40  6.041E-47
2.831E+00  5.153E-48  3.870E-40  3.870E-40  2.674E-47
2.805E+00  2.636E-48  1.961E-40  1.961E-40  1.175E-47
2.780E+00  1.339E-48  9.874E-41  9.874E-41  5.120E-48
2.754E+00  6.759E-49  4.938E-41  4.938E-41  2.214E-48
2.729E+00  3.389E-49  2.453E-41  2.453E-41  9.499E-49
2.704E+00  1.687E-49  1.210E-41  1.210E-41  4.042E-49
2.679E+00  8.344E-50  5.930E-42  5.930E-42  1.706E-49
2.655E+00  4.098E-50  2.886E-42  2.886E-42  7.143E-50
2.630E+00  1.998E-50  1.394E-42  1.394E-42  2.966E-50
2.606E+00  9.678E-51  6.690E-43  6.690E-43  1.221E-50
2.582E+00  4.653E-51  3.187E-43  3.187E-43  4.987E-51
2.559E+00  2.221E-51  1.507E-43  1.507E-43  2.019E-51
2.535E+00  1.053E-51  7.078E-44  7.078E-44  8.106E-52
2.512E+00  4.952E-52  3.299E-44  3.299E-44  3.226E-52
2.489E+00  2.312E-52  1.526E-44  1.526E-44  1.273E-52
2.466E+00  1.072E-52  7.009E-45  7.009E-45  4.978E-53
2.443E+00  4.928E-53  3.194E-45  3.194E-45  1.930E-53
2.421E+00  2.250E-53  1.445E-45  1.445E-45  7.415E-54
2.399E+00  1.019E-53  6.485E-46  6.485E-46  2.823E-54
2.377E+00  4.582E-54  2.889E-46  2.889E-46  1.065E-54
2.355E+00  2.044E-54  1.277E-46  1.277E-46  3.980E-55
2.333E+00  9.048E-55  5.600E-47  5.600E-47  1.474E-55
2.312E+00  3.973E-55  2.437E-47  2.437E-47  5.406E-56
2.291E+00  1.731E-55  1.052E-47  1.052E-47  1.964E-56
2.270E+00  7.481E-56  4.504E-48  4.504E-48  7.067E-57
2.249E+00  3.207E-56  1.913E-48  1.913E-48  2.519E-57
2.228E+00  1.363E-56  8.059E-49  8.059E-49  8.888E-58
2.208E+00  5.749E-57  3.367E-49  3.367E-49  3.106E-58
2.188E+00  2.404E-57  1.395E-49  1.395E-49  1.075E-58
2.168E+00  9.967E-58  5.731E-50  5.731E-50  3.681E-59
2.148E+00  4.097E-58  2.334E-50  2.334E-50  1.248E-59
2.128E+00  1.670E-58  9.426E-51  9.426E-51  4.190E-60
2.109E+00  6.746E-59  3.773E-51  3.773E-51  1.392E-60
2.089E+00  2.701E-59  1.497E-51  1.497E-51  4.577E-61
2.070E+00  1.072E-59  5.888E-52  5.888E-52  1.489E-61
2.051E+00  4.218E-60  2.295E-52  2.295E-52  4.793E-62
2.032E+00  1.644E-60  8.864E-53  8.864E-53  1.526E-62
2.014E+00  6.352E-61  3.393E-53  3.393E-53  4.809E-63
1.995E+00  2.431E-61  1.287E-53  1.287E-53  1.498E-63
1.977E+00  9.222E-62  4.836E-54  4.836E-54  4.618E-64
1.959E+00  3.465E-62  1.800E-54  1.800E-54  1.408E-64
1.941E+00  1.290E-62  6.640E-55  6.640E-55  4.242E-65
1.923E+00  4.756E-63  2.426E-55  2.426E-55  1.264E-65
1.905E+00  1.737E-63  8.778E-56  8.778E-56  3.724E-66
1.888E+00  6.281E-64  3.146E-56  3.146E-56  1.085E-66
1.871E+00  2.250E-64  1.116E-56  1.116E-56  3.122E-67
1.854E+00  7.979E-65  3.923E-57  3.923E-57  8.882E-68
1.837E+00  2.802E-65  1.365E-57  1.365E-57  2.497E-68
1.820E+00  9.741E-66  4.702E-58  4.702E-58  6.938E-69
1.803E+00  3.352E-66  1.603E-58  1.603E-58  1.904E-69
1.786E+00  1.142E-66  5.411E-59  5.411E-59  5.164E-70
1.770E+00  3.850E-67  1.808E-59  1.808E-59  1.383E-70
1.754E+00  1.285E-67  5.977E-60  5.977E-60  3.660E-71
1.738E+00  4.243E-68  1.956E-60  1.956E-60  9.564E-72
1.722E+00  1.388E-68  6.340E-61  6.340E-61  2.468E-72
1.706E+00  4.506E-69  2.039E-61  2.039E-61  6.287E-73
1.690E+00  1.461E-69  6.553E-62  6.553E-62  1.581E-73
1.675E+00  4.831E-70  2.146E-62  2.146E-62  3.926E-74
1.660E+00  1.721E-70  7.578E-63  7.578E-63  9.620E-75
1.644E+00  7.442E-71  3.246E-63  3.246E-63  2.326E-75
1.629E+00  4.406E-71  1.904E-63  1.904E-63  5.550E-76
1.614E+00  3.475E-71  1.488E-63  1.488E-63  1.306E-76
1.600E+00  3.194E-71  1.355E-63  1.355E-63  3.033E-77
1.585E+00  3.112E-71  1.308E-63  1.308E-63  6.947E-78
1.570E+00  3.091E-71  1.287E-63  1.287E-63  1.569E-78
1.556E+00  3.088E-71  1.274E-63  1.274E-63  3.495E-79
1.542E+00  3.092E-71  1.264E-63  1.264E-63  7.674E-80
1.528E+00  3.099E-71  1.256E-63  1.256E-63  1.661E-80
1.514E+00  3.109E-71  1.248E-63  1.248E-63  3.544E-81
1.500E+00  3.121E-71  1.242E-63  1.242E-63  7.453E-82
1.486E+00  3.137E-71  1.237E-63  1.237E-63  1.544E-82
1.472E+00  3.157E-71  1.233E-63  1.233E-63  3.153E-83
1.459E+00  3.181E-71  1.231E-63  1.231E-63  6.343E-84
1.445E+00  3.212E-71  1.231E-63  1.231E-63  1.257E-84
1.432E+00  3.249E-71  1.234E-63  1.234E-63  2.453E-85
1.419E+00  3.295E-71  1.240E-63  1.240E-63  4.714E-86
1.406E+00  3.352E-71  1.250E-63  1.250E-63  8.920E-87
1.393E+00  3.422E-71  1.265E-63  1.265E-63  1.662E-87
1.380E+00  3.507E-71  1.284E-63  1.284E-63  3.047E-88
1.368E+00  3.612E-71  1.310E-63  1.310E-63  5.498E-89
1.355E+00  3.739E-71  1.344E-63  1.344E-63  9.763E-90
1.343E+00  3.893E-71  1.387E-63  1.387E-63  1.706E-90
1.330E+00  4.075E-71  1.438E-63  1.438E-63  2.931E-91
1.318E+00  4.285E-71  1.498E-63  1.498E-63  4.955E-92
1.306E+00  4.511E-71  1.563E-63  1.563E-63  8.237E-93
1.294E+00  4.733E-71  1.625E-63  1.625E-63  1.347E-93
1.282E+00  4.909E-71  1.670E-63  1.670E-63  2.165E-94
1.271E+00  4.993E-71  1.683E-63  1.683E-63  3.420E-95
1.259E+00  4.944E-71  1.651E-63  1.651E-63  5.311E-96
1.247E+00  4.760E-71  1.575E-63  1.575E-63  8.106E-97
1.236E+00  4.479E-71  1.469E-63  1.469E-63  1.216E-97
1.225E+00  4.160E-71  1.351E-63  1.351E-63  1.792E-98
1.213E+00  3.850E-71  1.239E-63  1.239E-63  2.593E-99
1.202E+00  3.578E-71  1.141E-63  1.141E-63  3.685-100
1.191E+00  3.356E-71  1.060E-63  1.060E-63  5.143-101
1.180E+00  3.183E-71  9.966E-64  9.966E-64  7.042-102
1.169E+00  3.057E-71  9.484E-64  9.484E-64  9.431-103
1.159E+00  2.974E-71  9.142E-64  9.142E-64  1.054-103
1.148E+00  2.933E-71  8.933E-64  8.933E-64  0.000E+00
1.138E+00  2.935E-71  8.858E-64  8.858E-64  0.000E+00
1.127E+00  2.987E-71  8.931E-64  8.931E-64  0.000E+00
1.117E+00  3.101E-71  9.186E-64  9.186E-64  0.000E+00
1.107E+00  3.298E-71  9.682E-64  9.682E-64  0.000E+00
1.096E+00  3.615E-71  1.052E-63  1.052E-63  0.000E+00
1.086E+00  4.105E-71  1.183E-63  1.183E-63  0.000E+00
1.076E+00  4.821E-71  1.377E-63  1.377E-63  0.000E+00
1.067E+00  5.735E-71  1.622E-63  1.622E-63  0.000E+00
1.057E+00  6.500E-71  1.822E-63  1.822E-63  0.000E+00
1.047E+00  6.454E-71  1.793E-63  1.793E-63  0.000E+00
1.038E+00  5.504E-71  1.515E-63  1.515E-63  0.000E+00
1.028E+00  4.338E-71  1.183E-63  1.183E-63  0.000E+00
1.019E+00  3.415E-71  9.227E-64  9.227E-64  0.000E+00
1.009E+00  2.780E-71  7.444E-64  7.444E-64  0.000E+00
1.000E+00  2.354E-71  6.243E-64  6.243E-64  0.000E+00
