Dust emission spectrum from Draine,B.T., & Li, A. (2007), ApJ, in press [astro-ph/0608003]
==========================================================
         7 = grain model
 4.000E-08 4.000E-01 4.500E-05 = a_01 (cm) , sigma_1 , b_C1
 2.000E-07 5.500E-01 1.500E-05 = a_02 (cm) , sigma_2 , b_C2
 1.000E+04 1.000E+04 1.000E+00 = Umin , Umax, beta (dN/dU propto U^{-beta})
 1.000E+04 = <U>       mmp83 = radfield
 2.000E-07 2.000E-06 = a_{min} (cm), a_{max} (cm)
 6.906E-21 4.373E-21 2.533E-21 = P(tot)  P(carb)  P(sil) (erg s-1 H-1)
 band     <nu*P_nu> <j_nu(tot)><j_nu(carb)><j_nu(sil)>
 (um)   (erg s-1 H-1)(Jy/(sr*H))(Jy/(sr*H))(Jy/(sr*H))
1.270E+00  8.054E-36  2.713E-28  2.713E-28  1.066E-38 COBE-DIRBE
2.220E+00  7.676E-30  4.520E-22  4.520E-22  1.289E-29 COBE-DIRBE
3.530E+00  6.096E-26  5.708E-18  5.708E-18  9.653E-24 COBE-DIRBE
4.880E+00  3.815E-24  4.939E-16  4.939E-16  3.729E-21 COBE-DIRBE
1.229E+01  1.792E-21  5.842E-13  5.470E-13  3.718E-14 COBE-DIRBE
2.079E+01  3.629E-21  2.001E-12  1.120E-12  8.811E-13 COBE-DIRBE
5.599E+01  1.710E-21  2.540E-12  1.071E-12  1.469E-12 COBE-DIRBE
9.770E+01  2.108E-22  5.464E-13  1.403E-13  4.061E-13 COBE-DIRBE
1.479E+02  3.809E-23  1.494E-13  3.236E-14  1.171E-13 COBE-DIRBE
2.479E+02  4.050E-24  2.662E-14  5.423E-15  2.120E-14 COBE-DIRBE
1.200E+01  1.703E-21  5.422E-13  5.266E-13  1.553E-14 IRAS
2.500E+01  4.316E-21  2.862E-12  1.556E-12  1.306E-12 IRAS
6.000E+01  1.531E-21  2.437E-12  1.033E-12  1.404E-12 IRAS
1.000E+02  1.857E-22  4.926E-13  1.234E-13  3.691E-13 IRAS
3.550E+00  5.962E-26  5.614E-18  5.614E-18  7.244E-24 SST-IRAC
4.493E+00  1.139E-24  1.358E-16  1.358E-16  1.090E-21 SST-IRAC
5.731E+00  1.499E-22  2.278E-14  2.278E-14  8.824E-20 SST-IRAC
7.872E+00  1.638E-21  3.421E-13  3.419E-13  2.479E-16 SST-IRAC
2.368E+01  4.198E-21  2.637E-12  1.360E-12  1.277E-12 SST-MIPS
7.142E+01  6.165E-22  1.168E-12  3.644E-13  8.036E-13 SST-MIPS
1.559E+02  2.515E-23  1.040E-13  2.189E-14  8.212E-14 SST-MIPS
1.600E+01  2.304E-21  9.777E-13  7.618E-13  2.159E-13 SST-IRSPU
2.200E+01  4.083E-21  2.382E-12  1.244E-12  1.139E-12 SST-IRSPU
7.500E+01  5.318E-22  1.058E-12  3.274E-13  7.305E-13 Herschel-PACS
1.100E+02  1.240E-22  3.618E-13  8.877E-14  2.730E-13 Herschel-PACS
1.700E+02  1.956E-23  8.820E-14  1.865E-14  6.955E-14 Herschel-PACS
2.500E+02  3.095E-24  2.052E-14  4.168E-15  1.636E-14 Herschel-SPIRE
3.600E+02  5.251E-25  5.014E-15  1.084E-15  3.930E-15 Herschel-SPIRE
5.200E+02  9.423E-26  1.300E-15  2.860E-16  1.014E-15 Herschel-SPIRE
2.400E+00  5.202E-26  3.312E-18  3.312E-18  2.287E-23 Akari IRC NIR N2
3.200E+00  6.144E-26  5.215E-18  5.215E-18  2.216E-23 Akari IRC NIR N3
4.100E+00  2.450E-24  2.664E-16  2.664E-16  1.920E-21 Akari IRC NIR N4
7.000E+00  1.573E-21  2.920E-13  2.913E-13  7.238E-16 Akari IRC MIR-S S7
9.000E+00  1.435E-21  3.426E-13  3.401E-13  2.461E-15 Akari IRC MIR-S S9W
1.100E+01  1.504E-21  4.389E-13  4.287E-13  1.017E-14 Akari IRC MIR-S S11
1.500E+01  2.333E-21  9.282E-13  7.182E-13  2.100E-13 Akari IRC MIR-L L15
1.800E+01  3.139E-21  1.499E-12  9.092E-13  5.898E-13 Akari IRC MIR-L L18W
2.400E+01  4.226E-21  2.690E-12  1.379E-12  1.311E-12 Akari IRC MIR-L L24
6.500E+01  8.963E-22  1.545E-12  5.228E-13  1.023E-12 Akari FIS N60
8.000E+01  3.993E-22  8.474E-13  2.565E-13  5.909E-13 Akari FIS WIDE-S
1.400E+02  3.659E-23  1.359E-13  2.923E-14  1.066E-13 Akari FIS WIDE-L
1.600E+02  2.167E-23  9.199E-14  1.918E-14  7.281E-14 Akari FIS N160
 
 
 
 


lambda    nu*dP/dnu     j_nu    j_nu(carb.) j_nu(sil)
 (um)    (erg/(s*H)) (Jy/(sr*H) (Jy/(sr*H)) (Jy/(sr*H)
1.000E+04  2.506E-31  6.647E-20  5.890E-21  6.058E-20
9.908E+03  2.598E-31  6.827E-20  6.067E-21  6.221E-20
9.817E+03  2.693E-31  7.012E-20  6.250E-21  6.387E-20
9.727E+03  2.791E-31  7.202E-20  6.438E-21  6.558E-20
9.638E+03  2.893E-31  7.397E-20  6.632E-21  6.734E-20
9.550E+03  2.999E-31  7.597E-20  6.832E-21  6.914E-20
9.462E+03  3.109E-31  7.803E-20  7.039E-21  7.099E-20
9.376E+03  3.223E-31  8.014E-20  7.251E-21  7.289E-20
9.290E+03  3.340E-31  8.231E-20  7.471E-21  7.484E-20
9.204E+03  3.463E-31  8.455E-20  7.697E-21  7.685E-20
9.120E+03  3.589E-31  8.684E-20  7.930E-21  7.891E-20
9.036E+03  3.721E-31  8.919E-20  8.170E-21  8.102E-20
8.954E+03  3.857E-31  9.159E-20  8.417E-21  8.318E-20
8.872E+03  3.997E-31  9.406E-20  8.673E-21  8.538E-20
8.790E+03  4.142E-31  9.659E-20  8.936E-21  8.765E-20
8.710E+03  4.293E-31  9.919E-20  9.207E-21  8.998E-20
8.630E+03  4.450E-31  1.019E-19  9.487E-21  9.237E-20
8.551E+03  4.612E-31  1.046E-19  9.776E-21  9.483E-20
8.472E+03  4.780E-31  1.074E-19  1.007E-20  9.736E-20
8.395E+03  4.955E-31  1.103E-19  1.038E-20  9.996E-20
8.318E+03  5.136E-31  1.133E-19  1.070E-20  1.026E-19
8.241E+03  5.324E-31  1.164E-19  1.102E-20  1.054E-19
8.166E+03  5.519E-31  1.195E-19  1.136E-20  1.082E-19
8.091E+03  5.721E-31  1.228E-19  1.170E-20  1.111E-19
8.017E+03  5.931E-31  1.261E-19  1.206E-20  1.141E-19
7.943E+03  6.149E-31  1.296E-19  1.243E-20  1.171E-19
7.870E+03  6.374E-31  1.331E-19  1.281E-20  1.203E-19
7.798E+03  6.609E-31  1.367E-19  1.320E-20  1.235E-19
7.727E+03  6.852E-31  1.404E-19  1.361E-20  1.268E-19
7.656E+03  7.104E-31  1.443E-19  1.402E-20  1.302E-19
7.586E+03  7.365E-31  1.482E-19  1.445E-20  1.337E-19
7.516E+03  7.637E-31  1.523E-19  1.490E-20  1.374E-19
7.447E+03  7.918E-31  1.564E-19  1.536E-20  1.411E-19
7.379E+03  8.210E-31  1.607E-19  1.583E-20  1.449E-19
7.311E+03  8.514E-31  1.651E-19  1.631E-20  1.488E-19
7.244E+03  8.828E-31  1.696E-19  1.682E-20  1.528E-19
7.178E+03  9.155E-31  1.743E-19  1.734E-20  1.570E-19
7.112E+03  9.493E-31  1.791E-19  1.787E-20  1.612E-19
7.047E+03  9.845E-31  1.840E-19  1.842E-20  1.656E-19
6.982E+03  1.021E-30  1.891E-19  1.899E-20  1.701E-19
6.918E+03  1.059E-30  1.943E-19  1.958E-20  1.747E-19
6.855E+03  1.098E-30  1.996E-19  2.018E-20  1.795E-19
6.792E+03  1.139E-30  2.051E-19  2.081E-20  1.843E-19
6.730E+03  1.181E-30  2.108E-19  2.145E-20  1.893E-19
6.668E+03  1.225E-30  2.166E-19  2.211E-20  1.945E-19
6.607E+03  1.270E-30  2.226E-19  2.280E-20  1.998E-19
6.546E+03  1.317E-30  2.288E-19  2.351E-20  2.053E-19
6.486E+03  1.366E-30  2.351E-19  2.424E-20  2.109E-19
6.427E+03  1.417E-30  2.416E-19  2.499E-20  2.166E-19
6.368E+03  1.470E-30  2.483E-19  2.577E-20  2.226E-19
6.310E+03  1.525E-30  2.552E-19  2.657E-20  2.286E-19
6.252E+03  1.582E-30  2.623E-19  2.740E-20  2.349E-19
6.194E+03  1.641E-30  2.696E-19  2.825E-20  2.414E-19
6.138E+03  1.702E-30  2.771E-19  2.913E-20  2.480E-19
6.081E+03  1.766E-30  2.849E-19  3.004E-20  2.548E-19
6.026E+03  1.832E-30  2.928E-19  3.098E-20  2.618E-19
5.970E+03  1.901E-30  3.010E-19  3.195E-20  2.691E-19
5.916E+03  1.972E-30  3.094E-19  3.295E-20  2.765E-19
5.861E+03  2.046E-30  3.181E-19  3.398E-20  2.841E-19
5.808E+03  2.123E-30  3.270E-19  3.505E-20  2.920E-19
5.754E+03  2.203E-30  3.362E-19  3.615E-20  3.001E-19
5.702E+03  2.285E-30  3.456E-19  3.728E-20  3.084E-19
5.649E+03  2.371E-30  3.554E-19  3.845E-20  3.169E-19
5.598E+03  2.461E-30  3.654E-19  3.966E-20  3.257E-19
5.546E+03  2.554E-30  3.757E-19  4.091E-20  3.348E-19
5.495E+03  2.650E-30  3.863E-19  4.220E-20  3.441E-19
5.445E+03  2.750E-30  3.972E-19  4.353E-20  3.536E-19
5.395E+03  2.854E-30  4.084E-19  4.490E-20  3.635E-19
5.346E+03  2.962E-30  4.200E-19  4.632E-20  3.736E-19
5.297E+03  3.074E-30  4.319E-19  4.779E-20  3.841E-19
5.248E+03  3.190E-30  4.441E-19  4.930E-20  3.948E-19
5.200E+03  3.311E-30  4.567E-19  5.086E-20  4.058E-19
5.152E+03  3.437E-30  4.697E-19  5.247E-20  4.172E-19
5.105E+03  3.567E-30  4.830E-19  5.413E-20  4.289E-19
5.058E+03  3.702E-30  4.968E-19  5.585E-20  4.409E-19
5.012E+03  3.843E-30  5.109E-19  5.763E-20  4.533E-19
4.966E+03  3.989E-30  5.255E-19  5.946E-20  4.660E-19
4.920E+03  4.141E-30  5.404E-19  6.135E-20  4.791E-19
4.875E+03  4.298E-30  5.559E-19  6.331E-20  4.926E-19
4.831E+03  4.462E-30  5.718E-19  6.533E-20  5.064E-19
4.786E+03  4.632E-30  5.881E-19  6.741E-20  5.207E-19
4.742E+03  4.809E-30  6.050E-19  6.956E-20  5.354E-19
4.699E+03  4.993E-30  6.223E-19  7.179E-20  5.505E-19
4.656E+03  5.183E-30  6.402E-19  7.408E-20  5.661E-19
4.613E+03  5.382E-30  6.586E-19  7.646E-20  5.821E-19
4.571E+03  5.588E-30  6.775E-19  7.891E-20  5.986E-19
4.529E+03  5.802E-30  6.970E-19  8.144E-20  6.156E-19
4.487E+03  6.025E-30  7.171E-19  8.405E-20  6.331E-19
4.446E+03  6.256E-30  7.378E-19  8.676E-20  6.511E-19
4.406E+03  6.496E-30  7.592E-19  8.955E-20  6.696E-19
4.365E+03  6.746E-30  7.811E-19  9.243E-20  6.887E-19
4.325E+03  7.006E-30  8.037E-19  9.541E-20  7.083E-19
4.285E+03  7.276E-30  8.271E-19  9.849E-20  7.286E-19
4.246E+03  7.556E-30  8.511E-19  1.017E-19  7.494E-19
4.207E+03  7.848E-30  8.758E-19  1.050E-19  7.708E-19
4.169E+03  8.151E-30  9.013E-19  1.083E-19  7.929E-19
4.130E+03  8.466E-30  9.275E-19  1.119E-19  8.157E-19
4.093E+03  8.793E-30  9.546E-19  1.155E-19  8.391E-19
4.055E+03  9.134E-30  9.825E-19  1.192E-19  8.632E-19
4.018E+03  9.487E-30  1.011E-18  1.231E-19  8.881E-19
3.981E+03  9.855E-30  1.041E-18  1.271E-19  9.136E-19
3.945E+03  1.024E-29  1.071E-18  1.312E-19  9.399E-19
3.908E+03  1.063E-29  1.102E-18  1.355E-19  9.669E-19
3.873E+03  1.105E-29  1.135E-18  1.399E-19  9.948E-19
3.837E+03  1.148E-29  1.168E-18  1.445E-19  1.023E-18
3.802E+03  1.192E-29  1.202E-18  1.492E-19  1.053E-18
3.767E+03  1.239E-29  1.238E-18  1.541E-19  1.084E-18
3.733E+03  1.287E-29  1.274E-18  1.591E-19  1.115E-18
3.698E+03  1.337E-29  1.312E-18  1.643E-19  1.147E-18
3.664E+03  1.389E-29  1.350E-18  1.697E-19  1.181E-18
3.631E+03  1.444E-29  1.390E-18  1.753E-19  1.215E-18
3.597E+03  1.500E-29  1.431E-18  1.810E-19  1.250E-18
3.565E+03  1.559E-29  1.474E-18  1.870E-19  1.287E-18
3.532E+03  1.620E-29  1.518E-18  1.932E-19  1.324E-18
3.499E+03  1.683E-29  1.563E-18  1.995E-19  1.363E-18
3.467E+03  1.750E-29  1.609E-18  2.061E-19  1.403E-18
3.436E+03  1.818E-29  1.657E-18  2.129E-19  1.444E-18
3.404E+03  1.890E-29  1.707E-18  2.199E-19  1.487E-18
3.373E+03  1.964E-29  1.758E-18  2.272E-19  1.530E-18
3.342E+03  2.042E-29  1.810E-18  2.347E-19  1.575E-18
3.311E+03  2.122E-29  1.864E-18  2.425E-19  1.622E-18
3.281E+03  2.206E-29  1.920E-18  2.505E-19  1.670E-18
3.251E+03  2.294E-29  1.978E-18  2.588E-19  1.719E-18
3.221E+03  2.384E-29  2.037E-18  2.674E-19  1.770E-18
3.192E+03  2.479E-29  2.099E-18  2.763E-19  1.822E-18
3.162E+03  2.577E-29  2.162E-18  2.855E-19  1.876E-18
3.133E+03  2.680E-29  2.227E-18  2.950E-19  1.932E-18
3.105E+03  2.786E-29  2.294E-18  3.049E-19  1.989E-18
3.076E+03  2.897E-29  2.364E-18  3.151E-19  2.049E-18
3.048E+03  3.012E-29  2.435E-18  3.256E-19  2.110E-18
3.020E+03  3.132E-29  2.509E-18  3.365E-19  2.173E-18
2.992E+03  3.257E-29  2.585E-18  3.478E-19  2.237E-18
2.965E+03  3.386E-29  2.663E-18  3.594E-19  2.304E-18
2.938E+03  3.521E-29  2.744E-18  3.715E-19  2.372E-18
2.911E+03  3.662E-29  2.827E-18  3.839E-19  2.443E-18
2.884E+03  3.808E-29  2.913E-18  3.968E-19  2.516E-18
2.858E+03  3.960E-29  3.002E-18  4.102E-19  2.591E-18
2.831E+03  4.118E-29  3.093E-18  4.240E-19  2.669E-18
2.805E+03  4.283E-29  3.187E-18  4.383E-19  2.749E-18
2.780E+03  4.454E-29  3.284E-18  4.531E-19  2.831E-18
2.754E+03  4.633E-29  3.385E-18  4.684E-19  2.917E-18
2.729E+03  4.819E-29  3.488E-18  4.842E-19  3.004E-18
2.704E+03  5.013E-29  3.595E-18  5.006E-19  3.095E-18
2.679E+03  5.214E-29  3.706E-18  5.175E-19  3.188E-18
2.655E+03  5.424E-29  3.820E-18  5.351E-19  3.285E-18
2.630E+03  5.643E-29  3.937E-18  5.532E-19  3.384E-18
2.606E+03  5.871E-29  4.058E-18  5.720E-19  3.486E-18
2.582E+03  6.108E-29  4.184E-18  5.915E-19  3.592E-18
2.559E+03  6.355E-29  4.313E-18  6.116E-19  3.701E-18
2.535E+03  6.612E-29  4.446E-18  6.324E-19  3.814E-18
2.512E+03  6.880E-29  4.584E-18  6.540E-19  3.930E-18
2.489E+03  7.158E-29  4.726E-18  6.763E-19  4.050E-18
2.466E+03  7.449E-29  4.873E-18  6.994E-19  4.173E-18
2.443E+03  7.752E-29  5.024E-18  7.233E-19  4.301E-18
2.421E+03  8.067E-29  5.180E-18  7.480E-19  4.432E-18
2.399E+03  8.395E-29  5.342E-18  7.737E-19  4.568E-18
2.377E+03  8.737E-29  5.508E-18  8.002E-19  4.708E-18
2.355E+03  9.093E-29  5.680E-18  8.276E-19  4.853E-18
2.333E+03  9.464E-29  5.858E-18  8.560E-19  5.002E-18
2.312E+03  9.851E-29  6.041E-18  8.855E-19  5.156E-18
2.291E+03  1.025E-28  6.231E-18  9.159E-19  5.315E-18
2.270E+03  1.067E-28  6.426E-18  9.475E-19  5.479E-18
2.249E+03  1.111E-28  6.628E-18  9.801E-19  5.648E-18
2.228E+03  1.156E-28  6.836E-18  1.014E-18  5.822E-18
2.208E+03  1.204E-28  7.051E-18  1.049E-18  6.002E-18
2.188E+03  1.253E-28  7.273E-18  1.085E-18  6.188E-18
2.168E+03  1.305E-28  7.503E-18  1.123E-18  6.380E-18
2.148E+03  1.358E-28  7.740E-18  1.162E-18  6.578E-18
2.128E+03  1.414E-28  7.984E-18  1.202E-18  6.783E-18
2.109E+03  1.473E-28  8.237E-18  1.243E-18  6.993E-18
2.089E+03  1.533E-28  8.498E-18  1.287E-18  7.211E-18
2.070E+03  1.597E-28  8.767E-18  1.331E-18  7.436E-18
2.051E+03  1.662E-28  9.045E-18  1.377E-18  7.668E-18
2.032E+03  1.731E-28  9.333E-18  1.425E-18  7.907E-18
2.014E+03  1.803E-28  9.629E-18  1.475E-18  8.154E-18
1.995E+03  1.877E-28  9.936E-18  1.526E-18  8.409E-18
1.977E+03  1.955E-28  1.025E-17  1.580E-18  8.672E-18
1.959E+03  2.036E-28  1.058E-17  1.635E-18  8.944E-18
1.941E+03  2.120E-28  1.092E-17  1.692E-18  9.224E-18
1.923E+03  2.208E-28  1.126E-17  1.751E-18  9.513E-18
1.905E+03  2.300E-28  1.162E-17  1.812E-18  9.812E-18
1.888E+03  2.395E-28  1.200E-17  1.876E-18  1.012E-17
1.871E+03  2.495E-28  1.238E-17  1.941E-18  1.044E-17
1.854E+03  2.599E-28  1.278E-17  2.009E-18  1.077E-17
1.837E+03  2.707E-28  1.319E-17  2.080E-18  1.111E-17
1.820E+03  2.820E-28  1.361E-17  2.153E-18  1.146E-17
1.803E+03  2.937E-28  1.405E-17  2.228E-18  1.182E-17
1.786E+03  3.060E-28  1.450E-17  2.307E-18  1.219E-17
1.770E+03  3.187E-28  1.497E-17  2.388E-18  1.258E-17
1.754E+03  3.321E-28  1.545E-17  2.472E-18  1.298E-17
1.738E+03  3.459E-28  1.595E-17  2.559E-18  1.339E-17
1.722E+03  3.604E-28  1.646E-17  2.649E-18  1.381E-17
1.706E+03  3.755E-28  1.699E-17  2.743E-18  1.425E-17
1.690E+03  3.912E-28  1.754E-17  2.840E-18  1.470E-17
1.675E+03  4.076E-28  1.811E-17  2.940E-18  1.517E-17
1.660E+03  4.247E-28  1.870E-17  3.044E-18  1.565E-17
1.644E+03  4.426E-28  1.930E-17  3.151E-18  1.615E-17
1.629E+03  4.611E-28  1.993E-17  3.263E-18  1.667E-17
1.614E+03  4.805E-28  2.058E-17  3.379E-18  1.720E-17
1.600E+03  5.007E-28  2.124E-17  3.498E-18  1.775E-17
1.585E+03  5.218E-28  2.194E-17  3.622E-18  1.831E-17
1.570E+03  5.437E-28  2.265E-17  3.751E-18  1.890E-17
1.556E+03  5.666E-28  2.339E-17  3.884E-18  1.950E-17
1.542E+03  5.905E-28  2.415E-17  4.022E-18  2.013E-17
1.528E+03  6.154E-28  2.493E-17  4.165E-18  2.077E-17
1.514E+03  6.413E-28  2.575E-17  4.313E-18  2.143E-17
1.500E+03  6.683E-28  2.659E-17  4.466E-18  2.212E-17
1.486E+03  6.966E-28  2.746E-17  4.625E-18  2.283E-17
1.472E+03  7.260E-28  2.835E-17  4.790E-18  2.356E-17
1.459E+03  7.567E-28  2.928E-17  4.960E-18  2.432E-17
1.445E+03  7.887E-28  3.024E-17  5.137E-18  2.510E-17
1.432E+03  8.221E-28  3.123E-17  5.320E-18  2.591E-17
1.419E+03  8.570E-28  3.226E-17  5.510E-18  2.675E-17
1.406E+03  8.933E-28  3.332E-17  5.707E-18  2.761E-17
1.393E+03  9.311E-28  3.441E-17  5.910E-18  2.850E-17
1.380E+03  9.706E-28  3.554E-17  6.121E-18  2.942E-17
1.368E+03  1.012E-27  3.671E-17  6.340E-18  3.037E-17
1.355E+03  1.055E-27  3.792E-17  6.567E-18  3.135E-17
1.343E+03  1.100E-27  3.917E-17  6.802E-18  3.236E-17
1.330E+03  1.146E-27  4.046E-17  7.045E-18  3.341E-17
1.318E+03  1.195E-27  4.179E-17  7.297E-18  3.449E-17
1.306E+03  1.246E-27  4.317E-17  7.558E-18  3.561E-17
1.294E+03  1.299E-27  4.459E-17  7.829E-18  3.676E-17
1.282E+03  1.354E-27  4.606E-17  8.109E-18  3.795E-17
1.271E+03  1.412E-27  4.758E-17  8.400E-18  3.918E-17
1.259E+03  1.472E-27  4.915E-17  8.701E-18  4.045E-17
1.247E+03  1.535E-27  5.078E-17  9.013E-18  4.176E-17
1.236E+03  1.600E-27  5.246E-17  9.336E-18  4.312E-17
1.225E+03  1.668E-27  5.419E-17  9.671E-18  4.452E-17
1.213E+03  1.739E-27  5.598E-17  1.002E-17  4.596E-17
1.202E+03  1.813E-27  5.783E-17  1.038E-17  4.746E-17
1.191E+03  1.891E-27  5.975E-17  1.075E-17  4.900E-17
1.180E+03  1.972E-27  6.173E-17  1.114E-17  5.059E-17
1.169E+03  2.056E-27  6.377E-17  1.154E-17  5.223E-17
1.159E+03  2.143E-27  6.588E-17  1.195E-17  5.393E-17
1.148E+03  2.235E-27  6.807E-17  1.238E-17  5.569E-17
1.138E+03  2.330E-27  7.032E-17  1.283E-17  5.750E-17
1.127E+03  2.430E-27  7.266E-17  1.329E-17  5.937E-17
1.117E+03  2.534E-27  7.506E-17  1.376E-17  6.130E-17
1.107E+03  2.642E-27  7.756E-17  1.426E-17  6.330E-17
1.096E+03  2.755E-27  8.013E-17  1.477E-17  6.536E-17
1.086E+03  2.873E-27  8.279E-17  1.530E-17  6.749E-17
1.076E+03  2.996E-27  8.554E-17  1.585E-17  6.968E-17
1.067E+03  3.124E-27  8.838E-17  1.642E-17  7.195E-17
1.057E+03  3.257E-27  9.131E-17  1.701E-17  7.430E-17
1.047E+03  3.397E-27  9.434E-17  1.763E-17  7.672E-17
1.038E+03  3.542E-27  9.748E-17  1.826E-17  7.922E-17
1.028E+03  3.693E-27  1.007E-16  1.892E-17  8.180E-17
1.019E+03  3.851E-27  1.041E-16  1.960E-17  8.446E-17
1.009E+03  4.016E-27  1.075E-16  2.030E-17  8.721E-17
1.000E+03  4.188E-27  1.111E-16  2.103E-17  9.005E-17
9.908E+02  4.367E-27  1.148E-16  2.179E-17  9.300E-17
9.817E+02  4.555E-27  1.186E-16  2.257E-17  9.603E-17
9.727E+02  4.750E-27  1.226E-16  2.339E-17  9.917E-17
9.638E+02  4.953E-27  1.266E-16  2.423E-17  1.024E-16
9.550E+02  5.166E-27  1.309E-16  2.510E-17  1.058E-16
9.462E+02  5.387E-27  1.352E-16  2.600E-17  1.092E-16
9.376E+02  5.618E-27  1.397E-16  2.694E-17  1.128E-16
9.290E+02  5.859E-27  1.444E-16  2.790E-17  1.165E-16
9.204E+02  6.111E-27  1.492E-16  2.891E-17  1.203E-16
9.120E+02  6.373E-27  1.542E-16  2.995E-17  1.242E-16
9.036E+02  6.646E-27  1.593E-16  3.102E-17  1.283E-16
8.954E+02  6.931E-27  1.646E-16  3.214E-17  1.325E-16
8.872E+02  7.228E-27  1.701E-16  3.329E-17  1.368E-16
8.790E+02  7.537E-27  1.757E-16  3.449E-17  1.413E-16
8.710E+02  7.860E-27  1.816E-16  3.573E-17  1.459E-16
8.630E+02  8.197E-27  1.876E-16  3.701E-17  1.506E-16
8.551E+02  8.548E-27  1.939E-16  3.834E-17  1.555E-16
8.472E+02  8.913E-27  2.003E-16  3.972E-17  1.606E-16
8.395E+02  9.295E-27  2.070E-16  4.115E-17  1.658E-16
8.318E+02  9.693E-27  2.138E-16  4.262E-17  1.712E-16
8.241E+02  1.011E-26  2.210E-16  4.415E-17  1.768E-16
8.166E+02  1.054E-26  2.283E-16  4.574E-17  1.825E-16
8.091E+02  1.099E-26  2.359E-16  4.738E-17  1.885E-16
8.017E+02  1.146E-26  2.437E-16  4.908E-17  1.946E-16
7.943E+02  1.195E-26  2.518E-16  5.084E-17  2.009E-16
7.870E+02  1.246E-26  2.601E-16  5.266E-17  2.075E-16
7.798E+02  1.299E-26  2.688E-16  5.455E-17  2.142E-16
7.727E+02  1.355E-26  2.777E-16  5.651E-17  2.212E-16
7.656E+02  1.413E-26  2.869E-16  5.853E-17  2.284E-16
7.586E+02  1.473E-26  2.964E-16  6.063E-17  2.358E-16
7.516E+02  1.536E-26  3.062E-16  6.280E-17  2.434E-16
7.447E+02  1.602E-26  3.164E-16  6.505E-17  2.514E-16
7.379E+02  1.670E-26  3.269E-16  6.737E-17  2.596E-16
7.311E+02  1.742E-26  3.378E-16  6.978E-17  2.680E-16
7.244E+02  1.817E-26  3.491E-16  7.228E-17  2.768E-16
7.178E+02  1.894E-26  3.607E-16  7.486E-17  2.858E-16
7.112E+02  1.976E-26  3.727E-16  7.754E-17  2.952E-16
7.047E+02  2.061E-26  3.852E-16  8.031E-17  3.049E-16
6.982E+02  2.149E-26  3.981E-16  8.318E-17  3.149E-16
6.918E+02  2.242E-26  4.114E-16  8.615E-17  3.252E-16
6.855E+02  2.338E-26  4.251E-16  8.922E-17  3.359E-16
6.792E+02  2.439E-26  4.393E-16  9.241E-17  3.469E-16
6.730E+02  2.543E-26  4.540E-16  9.571E-17  3.583E-16
6.668E+02  2.652E-26  4.691E-16  9.912E-17  3.700E-16
6.607E+02  2.766E-26  4.848E-16  1.027E-16  3.822E-16
6.546E+02  2.886E-26  5.011E-16  1.063E-16  3.948E-16
6.486E+02  3.010E-26  5.179E-16  1.101E-16  4.078E-16
6.427E+02  3.141E-26  5.354E-16  1.140E-16  4.214E-16
6.368E+02  3.276E-26  5.534E-16  1.181E-16  4.354E-16
6.310E+02  3.418E-26  5.721E-16  1.223E-16  4.498E-16
6.252E+02  3.567E-26  5.914E-16  1.266E-16  4.648E-16
6.194E+02  3.721E-26  6.114E-16  1.311E-16  4.803E-16
6.138E+02  3.883E-26  6.321E-16  1.358E-16  4.963E-16
6.081E+02  4.051E-26  6.535E-16  1.406E-16  5.129E-16
6.026E+02  4.227E-26  6.757E-16  1.456E-16  5.301E-16
5.970E+02  4.411E-26  6.986E-16  1.508E-16  5.478E-16
5.916E+02  4.603E-26  7.223E-16  1.561E-16  5.662E-16
5.861E+02  4.804E-26  7.469E-16  1.617E-16  5.852E-16
5.808E+02  5.013E-26  7.723E-16  1.674E-16  6.049E-16
5.754E+02  5.232E-26  7.986E-16  1.733E-16  6.253E-16
5.702E+02  5.460E-26  8.258E-16  1.795E-16  6.464E-16
5.649E+02  5.699E-26  8.540E-16  1.858E-16  6.682E-16
5.598E+02  5.948E-26  8.832E-16  1.924E-16  6.908E-16
5.546E+02  6.209E-26  9.134E-16  1.992E-16  7.142E-16
5.495E+02  6.481E-26  9.447E-16  2.063E-16  7.384E-16
5.445E+02  6.765E-26  9.771E-16  2.136E-16  7.635E-16
5.395E+02  7.062E-26  1.011E-15  2.211E-16  7.895E-16
5.346E+02  7.372E-26  1.045E-15  2.289E-16  8.164E-16
5.297E+02  7.696E-26  1.081E-15  2.370E-16  8.443E-16
5.248E+02  8.035E-26  1.118E-15  2.454E-16  8.731E-16
5.200E+02  8.388E-26  1.157E-15  2.540E-16  9.030E-16
5.152E+02  8.758E-26  1.197E-15  2.630E-16  9.339E-16
5.105E+02  9.144E-26  1.238E-15  2.723E-16  9.660E-16
5.058E+02  9.547E-26  1.281E-15  2.818E-16  9.992E-16
5.012E+02  9.969E-26  1.325E-15  2.918E-16  1.034E-15
4.966E+02  1.041E-25  1.371E-15  3.020E-16  1.069E-15
4.920E+02  1.087E-25  1.419E-15  3.127E-16  1.106E-15
4.875E+02  1.135E-25  1.468E-15  3.237E-16  1.144E-15
4.831E+02  1.185E-25  1.519E-15  3.351E-16  1.184E-15
4.786E+02  1.238E-25  1.572E-15  3.468E-16  1.225E-15
4.742E+02  1.293E-25  1.626E-15  3.590E-16  1.267E-15
4.699E+02  1.350E-25  1.683E-15  3.716E-16  1.311E-15
4.656E+02  1.410E-25  1.741E-15  3.847E-16  1.357E-15
4.613E+02  1.473E-25  1.802E-15  3.982E-16  1.404E-15
4.571E+02  1.538E-25  1.865E-15  4.121E-16  1.453E-15
4.529E+02  1.607E-25  1.930E-15  4.266E-16  1.504E-15
4.487E+02  1.678E-25  1.998E-15  4.415E-16  1.556E-15
4.446E+02  1.753E-25  2.068E-15  4.570E-16  1.611E-15
4.406E+02  1.831E-25  2.140E-15  4.730E-16  1.667E-15
4.365E+02  1.913E-25  2.215E-15  4.895E-16  1.725E-15
4.325E+02  1.998E-25  2.293E-15  5.066E-16  1.786E-15
4.285E+02  2.088E-25  2.373E-15  5.243E-16  1.849E-15
4.246E+02  2.181E-25  2.457E-15  5.427E-16  1.914E-15
4.207E+02  2.279E-25  2.543E-15  5.616E-16  1.981E-15
4.169E+02  2.381E-25  2.633E-15  5.812E-16  2.051E-15
4.130E+02  2.487E-25  2.725E-15  6.015E-16  2.124E-15
4.093E+02  2.599E-25  2.822E-15  6.225E-16  2.199E-15
4.055E+02  2.716E-25  2.921E-15  6.442E-16  2.277E-15
4.018E+02  2.838E-25  3.025E-15  6.667E-16  2.358E-15
3.981E+02  2.966E-25  3.132E-15  6.899E-16  2.442E-15
3.945E+02  3.099E-25  3.243E-15  7.139E-16  2.529E-15
3.908E+02  3.239E-25  3.358E-15  7.388E-16  2.619E-15
3.873E+02  3.385E-25  3.477E-15  7.645E-16  2.713E-15
3.837E+02  3.538E-25  3.601E-15  7.911E-16  2.810E-15
3.802E+02  3.698E-25  3.729E-15  8.186E-16  2.911E-15
3.767E+02  3.865E-25  3.862E-15  8.470E-16  3.015E-15
3.733E+02  4.040E-25  4.000E-15  8.764E-16  3.123E-15
3.698E+02  4.223E-25  4.142E-15  9.069E-16  3.236E-15
3.664E+02  4.414E-25  4.291E-15  9.383E-16  3.352E-15
3.631E+02  4.614E-25  4.444E-15  9.709E-16  3.473E-15
3.597E+02  4.824E-25  4.603E-15  1.005E-15  3.598E-15
3.565E+02  5.043E-25  4.768E-15  1.039E-15  3.729E-15
3.532E+02  5.272E-25  4.939E-15  1.075E-15  3.864E-15
3.499E+02  5.512E-25  5.116E-15  1.113E-15  4.004E-15
3.467E+02  5.762E-25  5.300E-15  1.151E-15  4.149E-15
3.436E+02  6.025E-25  5.490E-15  1.191E-15  4.300E-15
3.404E+02  6.299E-25  5.688E-15  1.232E-15  4.456E-15
3.373E+02  6.586E-25  5.893E-15  1.275E-15  4.618E-15
3.342E+02  6.887E-25  6.105E-15  1.319E-15  4.786E-15
3.311E+02  7.201E-25  6.325E-15  1.364E-15  4.961E-15
3.281E+02  7.530E-25  6.554E-15  1.411E-15  5.142E-15
3.251E+02  7.874E-25  6.790E-15  1.460E-15  5.330E-15
3.221E+02  8.235E-25  7.036E-15  1.510E-15  5.525E-15
3.192E+02  8.611E-25  7.290E-15  1.563E-15  5.728E-15
3.162E+02  9.006E-25  7.554E-15  1.616E-15  5.938E-15
3.133E+02  9.418E-25  7.828E-15  1.672E-15  6.156E-15
3.105E+02  9.850E-25  8.111E-15  1.730E-15  6.382E-15
3.076E+02  1.030E-24  8.406E-15  1.789E-15  6.617E-15
3.048E+02  1.077E-24  8.711E-15  1.851E-15  6.860E-15
3.020E+02  1.127E-24  9.027E-15  1.914E-15  7.113E-15
2.992E+02  1.179E-24  9.355E-15  1.980E-15  7.375E-15
2.965E+02  1.233E-24  9.695E-15  2.048E-15  7.647E-15
2.938E+02  1.289E-24  1.005E-14  2.118E-15  7.930E-15
2.911E+02  1.349E-24  1.041E-14  2.191E-15  8.223E-15
2.884E+02  1.411E-24  1.079E-14  2.266E-15  8.527E-15
2.858E+02  1.476E-24  1.119E-14  2.344E-15  8.843E-15
2.831E+02  1.544E-24  1.159E-14  2.424E-15  9.170E-15
2.805E+02  1.615E-24  1.202E-14  2.507E-15  9.511E-15
2.780E+02  1.689E-24  1.246E-14  2.593E-15  9.864E-15
2.754E+02  1.767E-24  1.291E-14  2.682E-15  1.023E-14
2.729E+02  1.849E-24  1.339E-14  2.774E-15  1.061E-14
2.704E+02  1.935E-24  1.388E-14  2.869E-15  1.101E-14
2.679E+02  2.025E-24  1.439E-14  2.967E-15  1.142E-14
2.655E+02  2.119E-24  1.492E-14  3.068E-15  1.185E-14
2.630E+02  2.217E-24  1.547E-14  3.173E-15  1.229E-14
2.606E+02  2.320E-24  1.604E-14  3.281E-15  1.276E-14
2.582E+02  2.428E-24  1.663E-14  3.393E-15  1.324E-14
2.559E+02  2.540E-24  1.724E-14  3.509E-15  1.373E-14
2.535E+02  2.657E-24  1.787E-14  3.628E-15  1.424E-14
2.512E+02  2.780E-24  1.852E-14  3.752E-15  1.477E-14
2.489E+02  2.906E-24  1.918E-14  3.880E-15  1.530E-14
2.466E+02  3.036E-24  1.986E-14  4.012E-15  1.585E-14
2.443E+02  3.171E-24  2.055E-14  4.148E-15  1.640E-14
2.421E+02  3.311E-24  2.126E-14  4.289E-15  1.697E-14
2.399E+02  3.456E-24  2.199E-14  4.435E-15  1.756E-14
2.377E+02  3.606E-24  2.274E-14  4.586E-15  1.815E-14
2.355E+02  3.762E-24  2.350E-14  4.742E-15  1.876E-14
2.333E+02  3.925E-24  2.430E-14  4.903E-15  1.939E-14
2.312E+02  4.095E-24  2.511E-14  5.069E-15  2.005E-14
2.291E+02  4.272E-24  2.596E-14  5.241E-15  2.072E-14
2.270E+02  4.457E-24  2.683E-14  5.419E-15  2.141E-14
2.249E+02  4.649E-24  2.773E-14  5.602E-15  2.213E-14
2.228E+02  4.850E-24  2.867E-14  5.792E-15  2.287E-14
2.208E+02  5.059E-24  2.963E-14  5.988E-15  2.364E-14
2.188E+02  5.277E-24  3.062E-14  6.191E-15  2.443E-14
2.168E+02  5.504E-24  3.165E-14  6.400E-15  2.525E-14
2.148E+02  5.741E-24  3.271E-14  6.617E-15  2.609E-14
2.128E+02  5.987E-24  3.380E-14  6.840E-15  2.696E-14
2.109E+02  6.244E-24  3.493E-14  7.072E-15  2.786E-14
2.089E+02  6.512E-24  3.609E-14  7.310E-15  2.878E-14
2.070E+02  6.791E-24  3.729E-14  7.557E-15  2.974E-14
2.051E+02  7.082E-24  3.853E-14  7.812E-15  3.072E-14
2.032E+02  7.385E-24  3.981E-14  8.075E-15  3.174E-14
2.014E+02  7.700E-24  4.113E-14  8.348E-15  3.278E-14
1.995E+02  8.029E-24  4.249E-14  8.629E-15  3.386E-14
1.977E+02  8.371E-24  4.390E-14  8.919E-15  3.498E-14
1.959E+02  8.727E-24  4.535E-14  9.220E-15  3.613E-14
1.941E+02  9.098E-24  4.684E-14  9.530E-15  3.731E-14
1.923E+02  9.485E-24  4.838E-14  9.850E-15  3.853E-14
1.905E+02  9.887E-24  4.997E-14  1.018E-14  3.979E-14
1.888E+02  1.031E-23  5.161E-14  1.052E-14  4.109E-14
1.871E+02  1.074E-23  5.331E-14  1.088E-14  4.243E-14
1.854E+02  1.120E-23  5.505E-14  1.124E-14  4.381E-14
1.837E+02  1.167E-23  5.685E-14  1.162E-14  4.523E-14
1.820E+02  1.216E-23  5.871E-14  1.201E-14  4.670E-14
1.803E+02  1.268E-23  6.062E-14  1.241E-14  4.821E-14
1.786E+02  1.321E-23  6.260E-14  1.283E-14  4.977E-14
1.770E+02  1.377E-23  6.463E-14  1.326E-14  5.137E-14
1.754E+02  1.434E-23  6.673E-14  1.370E-14  5.303E-14
1.738E+02  1.495E-23  6.889E-14  1.416E-14  5.473E-14
1.722E+02  1.557E-23  7.112E-14  1.464E-14  5.649E-14
1.706E+02  1.622E-23  7.342E-14  1.513E-14  5.829E-14
1.690E+02  1.690E-23  7.579E-14  1.563E-14  6.016E-14
1.675E+02  1.761E-23  7.823E-14  1.616E-14  6.208E-14
1.660E+02  1.834E-23  8.075E-14  1.670E-14  6.405E-14
1.644E+02  1.911E-23  8.334E-14  1.726E-14  6.609E-14
1.629E+02  1.990E-23  8.602E-14  1.783E-14  6.818E-14
1.614E+02  2.073E-23  8.877E-14  1.843E-14  7.034E-14
1.600E+02  2.159E-23  9.161E-14  1.904E-14  7.257E-14
1.585E+02  2.249E-23  9.454E-14  1.968E-14  7.486E-14
1.570E+02  2.342E-23  9.755E-14  2.034E-14  7.721E-14
1.556E+02  2.439E-23  1.007E-13  2.102E-14  7.964E-14
1.542E+02  2.540E-23  1.039E-13  2.172E-14  8.214E-14
1.528E+02  2.644E-23  1.072E-13  2.245E-14  8.471E-14
1.514E+02  2.753E-23  1.105E-13  2.320E-14  8.735E-14
1.500E+02  2.867E-23  1.140E-13  2.397E-14  9.007E-14
1.486E+02  2.985E-23  1.176E-13  2.477E-14  9.288E-14
1.472E+02  3.108E-23  1.214E-13  2.560E-14  9.577E-14
1.459E+02  3.235E-23  1.252E-13  2.645E-14  9.874E-14
1.445E+02  3.368E-23  1.291E-13  2.733E-14  1.018E-13
1.432E+02  3.506E-23  1.332E-13  2.824E-14  1.049E-13
1.419E+02  3.649E-23  1.374E-13  2.919E-14  1.082E-13
1.406E+02  3.798E-23  1.417E-13  3.016E-14  1.115E-13
1.393E+02  3.953E-23  1.461E-13  3.117E-14  1.149E-13
1.380E+02  4.114E-23  1.506E-13  3.221E-14  1.184E-13
1.368E+02  4.281E-23  1.553E-13  3.328E-14  1.220E-13
1.355E+02  4.455E-23  1.602E-13  3.439E-14  1.258E-13
1.343E+02  4.636E-23  1.651E-13  3.554E-14  1.296E-13
1.330E+02  4.824E-23  1.702E-13  3.672E-14  1.335E-13
1.318E+02  5.019E-23  1.755E-13  3.795E-14  1.375E-13
1.306E+02  5.221E-23  1.809E-13  3.922E-14  1.417E-13
1.294E+02  5.432E-23  1.865E-13  4.053E-14  1.459E-13
1.282E+02  5.650E-23  1.922E-13  4.188E-14  1.503E-13
1.271E+02  5.877E-23  1.981E-13  4.328E-14  1.548E-13
1.259E+02  6.113E-23  2.041E-13  4.473E-14  1.594E-13
1.247E+02  6.358E-23  2.104E-13  4.622E-14  1.641E-13
1.236E+02  6.612E-23  2.168E-13  4.776E-14  1.690E-13
1.225E+02  6.876E-23  2.234E-13  4.936E-14  1.740E-13
1.213E+02  7.150E-23  2.301E-13  5.101E-14  1.791E-13
1.202E+02  7.435E-23  2.371E-13  5.272E-14  1.844E-13
1.191E+02  7.730E-23  2.443E-13  5.448E-14  1.898E-13
1.180E+02  8.037E-23  2.516E-13  5.630E-14  1.953E-13
1.169E+02  8.355E-23  2.592E-13  5.818E-14  2.010E-13
1.159E+02  8.684E-23  2.669E-13  6.013E-14  2.068E-13
1.148E+02  9.027E-23  2.749E-13  6.214E-14  2.128E-13
1.138E+02  9.382E-23  2.831E-13  6.421E-14  2.189E-13
1.127E+02  9.751E-23  2.915E-13  6.636E-14  2.252E-13
1.117E+02  1.013E-22  3.002E-13  6.858E-14  2.316E-13
1.107E+02  1.053E-22  3.091E-13  7.088E-14  2.383E-13
1.096E+02  1.094E-22  3.183E-13  7.325E-14  2.451E-13
1.086E+02  1.137E-22  3.277E-13  7.570E-14  2.520E-13
1.076E+02  1.182E-22  3.374E-13  7.823E-14  2.592E-13
1.067E+02  1.228E-22  3.473E-13  8.085E-14  2.665E-13
1.057E+02  1.275E-22  3.575E-13  8.356E-14  2.740E-13
1.047E+02  1.325E-22  3.680E-13  8.635E-14  2.817E-13
1.038E+02  1.376E-22  3.788E-13  8.924E-14  2.896E-13
1.028E+02  1.430E-22  3.898E-13  9.222E-14  2.976E-13
1.019E+02  1.485E-22  4.012E-13  9.530E-14  3.059E-13
1.009E+02  1.542E-22  4.128E-13  9.849E-14  3.143E-13
1.000E+02  1.601E-22  4.247E-13  1.018E-13  3.229E-13
9.908E+01  1.662E-22  4.369E-13  1.052E-13  3.318E-13
9.817E+01  1.726E-22  4.495E-13  1.087E-13  3.408E-13
9.727E+01  1.792E-22  4.624E-13  1.123E-13  3.501E-13
9.638E+01  1.860E-22  4.756E-13  1.161E-13  3.595E-13
9.550E+01  1.931E-22  4.891E-13  1.199E-13  3.692E-13
9.462E+01  2.004E-22  5.030E-13  1.239E-13  3.791E-13
9.376E+01  2.080E-22  5.173E-13  1.280E-13  3.892E-13
9.290E+01  2.158E-22  5.319E-13  1.323E-13  3.996E-13
9.204E+01  2.240E-22  5.469E-13  1.367E-13  4.102E-13
9.120E+01  2.324E-22  5.622E-13  1.412E-13  4.210E-13
9.036E+01  2.411E-22  5.779E-13  1.459E-13  4.320E-13
8.954E+01  2.501E-22  5.940E-13  1.507E-13  4.433E-13
8.872E+01  2.594E-22  6.105E-13  1.557E-13  4.548E-13
8.790E+01  2.691E-22  6.274E-13  1.608E-13  4.666E-13
8.710E+01  2.791E-22  6.448E-13  1.662E-13  4.786E-13
8.630E+01  2.894E-22  6.625E-13  1.716E-13  4.909E-13
8.551E+01  3.001E-22  6.807E-13  1.773E-13  5.034E-13
8.472E+01  3.112E-22  6.993E-13  1.832E-13  5.161E-13
8.395E+01  3.226E-22  7.183E-13  1.892E-13  5.291E-13
8.318E+01  3.344E-22  7.378E-13  1.955E-13  5.423E-13
8.241E+01  3.466E-22  7.578E-13  2.019E-13  5.558E-13
8.166E+01  3.593E-22  7.782E-13  2.086E-13  5.696E-13
8.091E+01  3.724E-22  7.992E-13  2.155E-13  5.837E-13
8.017E+01  3.859E-22  8.206E-13  2.226E-13  5.980E-13
7.943E+01  3.999E-22  8.425E-13  2.299E-13  6.126E-13
7.870E+01  4.143E-22  8.649E-13  2.375E-13  6.274E-13
7.798E+01  4.292E-22  8.878E-13  2.453E-13  6.424E-13
7.727E+01  4.446E-22  9.112E-13  2.534E-13  6.578E-13
7.656E+01  4.605E-22  9.352E-13  2.617E-13  6.735E-13
7.586E+01  4.770E-22  9.598E-13  2.704E-13  6.894E-13
7.516E+01  4.940E-22  9.849E-13  2.792E-13  7.056E-13
7.447E+01  5.115E-22  1.010E-12  2.884E-13  7.221E-13
7.379E+01  5.296E-22  1.037E-12  2.979E-13  7.387E-13
7.311E+01  5.483E-22  1.063E-12  3.077E-13  7.556E-13
7.244E+01  5.675E-22  1.091E-12  3.178E-13  7.728E-13
7.178E+01  5.874E-22  1.118E-12  3.282E-13  7.901E-13
7.112E+01  6.078E-22  1.147E-12  3.390E-13  8.077E-13
7.047E+01  6.291E-22  1.176E-12  3.501E-13  8.258E-13
6.982E+01  6.511E-22  1.206E-12  3.616E-13  8.443E-13
6.918E+01  6.737E-22  1.236E-12  3.735E-13  8.629E-13
6.855E+01  6.969E-22  1.267E-12  3.857E-13  8.815E-13
6.792E+01  7.209E-22  1.299E-12  3.984E-13  9.004E-13
6.730E+01  7.456E-22  1.331E-12  4.114E-13  9.195E-13
6.668E+01  7.711E-22  1.364E-12  4.249E-13  9.390E-13
6.607E+01  7.974E-22  1.398E-12  4.388E-13  9.587E-13
6.546E+01  8.246E-22  1.432E-12  4.532E-13  9.786E-13
6.486E+01  8.525E-22  1.467E-12  4.680E-13  9.987E-13
6.427E+01  8.812E-22  1.502E-12  4.834E-13  1.019E-12
6.368E+01  9.109E-22  1.539E-12  4.992E-13  1.039E-12
6.310E+01  9.415E-22  1.576E-12  5.155E-13  1.060E-12
6.252E+01  9.730E-22  1.614E-12  5.324E-13  1.081E-12
6.194E+01  1.006E-21  1.652E-12  5.498E-13  1.102E-12
6.138E+01  1.039E-21  1.692E-12  5.678E-13  1.124E-12
6.081E+01  1.074E-21  1.732E-12  5.864E-13  1.145E-12
6.026E+01  1.109E-21  1.773E-12  6.056E-13  1.167E-12
5.970E+01  1.146E-21  1.814E-12  6.254E-13  1.189E-12
5.916E+01  1.183E-21  1.857E-12  6.459E-13  1.211E-12
5.861E+01  1.222E-21  1.900E-12  6.670E-13  1.233E-12
5.808E+01  1.261E-21  1.943E-12  6.888E-13  1.255E-12
5.754E+01  1.302E-21  1.988E-12  7.113E-13  1.277E-12
5.702E+01  1.344E-21  2.033E-12  7.345E-13  1.299E-12
5.649E+01  1.388E-21  2.079E-12  7.585E-13  1.321E-12
5.598E+01  1.432E-21  2.127E-12  7.833E-13  1.343E-12
5.546E+01  1.478E-21  2.175E-12  8.089E-13  1.366E-12
5.495E+01  1.525E-21  2.223E-12  8.353E-13  1.388E-12
5.445E+01  1.574E-21  2.273E-12  8.625E-13  1.411E-12
5.395E+01  1.624E-21  2.324E-12  8.906E-13  1.433E-12
5.346E+01  1.675E-21  2.375E-12  9.196E-13  1.456E-12
5.297E+01  1.728E-21  2.428E-12  9.495E-13  1.478E-12
5.248E+01  1.782E-21  2.481E-12  9.803E-13  1.501E-12
5.200E+01  1.838E-21  2.535E-12  1.012E-12  1.523E-12
5.152E+01  1.895E-21  2.590E-12  1.045E-12  1.545E-12
5.105E+01  1.954E-21  2.646E-12  1.079E-12  1.567E-12
5.058E+01  2.014E-21  2.702E-12  1.114E-12  1.589E-12
5.012E+01  2.076E-21  2.760E-12  1.150E-12  1.610E-12
4.966E+01  2.140E-21  2.818E-12  1.187E-12  1.632E-12
4.920E+01  2.205E-21  2.878E-12  1.225E-12  1.653E-12
4.875E+01  2.272E-21  2.938E-12  1.264E-12  1.674E-12
4.831E+01  2.341E-21  2.999E-12  1.305E-12  1.694E-12
4.786E+01  2.411E-21  3.061E-12  1.346E-12  1.715E-12
4.742E+01  2.483E-21  3.124E-12  1.389E-12  1.735E-12
4.699E+01  2.558E-21  3.188E-12  1.433E-12  1.755E-12
4.656E+01  2.634E-21  3.253E-12  1.478E-12  1.775E-12
4.613E+01  2.712E-21  3.318E-12  1.524E-12  1.794E-12
4.571E+01  2.791E-21  3.385E-12  1.572E-12  1.813E-12
4.529E+01  2.873E-21  3.452E-12  1.621E-12  1.831E-12
4.487E+01  2.957E-21  3.520E-12  1.671E-12  1.849E-12
4.446E+01  3.043E-21  3.589E-12  1.722E-12  1.867E-12
4.406E+01  3.130E-21  3.658E-12  1.774E-12  1.885E-12
4.365E+01  3.220E-21  3.728E-12  1.827E-12  1.901E-12
4.325E+01  3.311E-21  3.799E-12  1.881E-12  1.918E-12
4.285E+01  3.404E-21  3.870E-12  1.936E-12  1.934E-12
4.246E+01  3.499E-21  3.941E-12  1.993E-12  1.949E-12
4.207E+01  3.596E-21  4.013E-12  2.050E-12  1.964E-12
4.169E+01  3.694E-21  4.085E-12  2.107E-12  1.978E-12
4.130E+01  3.794E-21  4.157E-12  2.166E-12  1.991E-12
4.093E+01  3.894E-21  4.228E-12  2.224E-12  2.003E-12
4.055E+01  3.996E-21  4.299E-12  2.284E-12  2.015E-12
4.018E+01  4.099E-21  4.369E-12  2.343E-12  2.026E-12
3.981E+01  4.203E-21  4.439E-12  2.402E-12  2.036E-12
3.945E+01  4.308E-21  4.507E-12  2.462E-12  2.046E-12
3.908E+01  4.413E-21  4.575E-12  2.521E-12  2.054E-12
3.873E+01  4.518E-21  4.641E-12  2.579E-12  2.062E-12
3.837E+01  4.623E-21  4.705E-12  2.636E-12  2.069E-12
3.802E+01  4.728E-21  4.768E-12  2.692E-12  2.075E-12
3.767E+01  4.831E-21  4.828E-12  2.747E-12  2.080E-12
3.733E+01  4.933E-21  4.884E-12  2.800E-12  2.084E-12
3.698E+01  5.032E-21  4.937E-12  2.851E-12  2.086E-12
3.664E+01  5.130E-21  4.987E-12  2.900E-12  2.087E-12
3.631E+01  5.226E-21  5.033E-12  2.946E-12  2.087E-12
3.597E+01  5.319E-21  5.076E-12  2.988E-12  2.087E-12
3.565E+01  5.409E-21  5.114E-12  3.028E-12  2.086E-12
3.532E+01  5.495E-21  5.148E-12  3.063E-12  2.085E-12
3.499E+01  5.577E-21  5.177E-12  3.095E-12  2.082E-12
3.467E+01  5.655E-21  5.201E-12  3.122E-12  2.079E-12
3.436E+01  5.727E-21  5.219E-12  3.144E-12  2.075E-12
3.404E+01  5.795E-21  5.232E-12  3.162E-12  2.070E-12
3.373E+01  5.856E-21  5.239E-12  3.174E-12  2.065E-12
3.342E+01  5.911E-21  5.240E-12  3.181E-12  2.059E-12
3.311E+01  5.961E-21  5.236E-12  3.183E-12  2.053E-12
3.281E+01  6.004E-21  5.225E-12  3.179E-12  2.046E-12
3.251E+01  6.040E-21  5.209E-12  3.170E-12  2.039E-12
3.221E+01  6.069E-21  5.185E-12  3.155E-12  2.031E-12
3.192E+01  6.091E-21  5.156E-12  3.134E-12  2.022E-12
3.162E+01  6.105E-21  5.121E-12  3.108E-12  2.012E-12
3.133E+01  6.112E-21  5.080E-12  3.077E-12  2.002E-12
3.105E+01  6.111E-21  5.033E-12  3.042E-12  1.991E-12
3.076E+01  6.104E-21  4.981E-12  3.001E-12  1.979E-12
3.048E+01  6.090E-21  4.924E-12  2.957E-12  1.967E-12
3.020E+01  6.069E-21  4.862E-12  2.908E-12  1.954E-12
2.992E+01  6.042E-21  4.796E-12  2.856E-12  1.940E-12
2.965E+01  6.008E-21  4.725E-12  2.801E-12  1.924E-12
2.938E+01  5.968E-21  4.651E-12  2.743E-12  1.908E-12
2.911E+01  5.924E-21  4.574E-12  2.682E-12  1.891E-12
2.884E+01  5.874E-21  4.494E-12  2.620E-12  1.874E-12
2.858E+01  5.820E-21  4.412E-12  2.556E-12  1.855E-12
2.831E+01  5.763E-21  4.328E-12  2.491E-12  1.837E-12
2.805E+01  5.701E-21  4.243E-12  2.426E-12  1.817E-12
2.780E+01  5.637E-21  4.157E-12  2.360E-12  1.797E-12
2.754E+01  5.571E-21  4.070E-12  2.294E-12  1.776E-12
2.729E+01  5.502E-21  3.983E-12  2.228E-12  1.754E-12
2.704E+01  5.431E-21  3.896E-12  2.163E-12  1.732E-12
2.679E+01  5.359E-21  3.809E-12  2.099E-12  1.710E-12
2.655E+01  5.286E-21  3.722E-12  2.035E-12  1.687E-12
2.630E+01  5.213E-21  3.637E-12  1.973E-12  1.663E-12
2.606E+01  5.138E-21  3.552E-12  1.913E-12  1.639E-12
2.582E+01  5.063E-21  3.468E-12  1.853E-12  1.615E-12
2.559E+01  4.989E-21  3.386E-12  1.796E-12  1.590E-12
2.535E+01  4.914E-21  3.305E-12  1.740E-12  1.565E-12
2.512E+01  4.840E-21  3.225E-12  1.686E-12  1.539E-12
2.489E+01  4.766E-21  3.146E-12  1.634E-12  1.513E-12
2.466E+01  4.692E-21  3.069E-12  1.583E-12  1.486E-12
2.443E+01  4.618E-21  2.993E-12  1.535E-12  1.458E-12
2.421E+01  4.544E-21  2.918E-12  1.488E-12  1.430E-12
2.399E+01  4.470E-21  2.844E-12  1.444E-12  1.401E-12
2.377E+01  4.398E-21  2.773E-12  1.401E-12  1.372E-12
2.355E+01  4.329E-21  2.704E-12  1.360E-12  1.344E-12
2.333E+01  4.260E-21  2.637E-12  1.321E-12  1.315E-12
2.312E+01  4.189E-21  2.569E-12  1.284E-12  1.285E-12
2.291E+01  4.120E-21  2.504E-12  1.249E-12  1.255E-12
2.270E+01  4.056E-21  2.442E-12  1.215E-12  1.227E-12
2.249E+01  3.996E-21  2.384E-12  1.184E-12  1.200E-12
2.228E+01  3.938E-21  2.328E-12  1.153E-12  1.174E-12
2.208E+01  3.880E-21  2.272E-12  1.125E-12  1.147E-12
2.188E+01  3.819E-21  2.216E-12  1.098E-12  1.118E-12
2.168E+01  3.758E-21  2.161E-12  1.073E-12  1.088E-12
2.148E+01  3.699E-21  2.107E-12  1.049E-12  1.058E-12
2.128E+01  3.642E-21  2.056E-12  1.027E-12  1.030E-12
2.109E+01  3.590E-21  2.008E-12  1.005E-12  1.002E-12
2.089E+01  3.537E-21  1.960E-12  9.857E-13  9.746E-13
2.070E+01  3.484E-21  1.913E-12  9.672E-13  9.460E-13
2.051E+01  3.432E-21  1.867E-12  9.499E-13  9.172E-13
2.032E+01  3.382E-21  1.823E-12  9.339E-13  8.895E-13
2.014E+01  3.340E-21  1.784E-12  9.190E-13  8.653E-13
1.995E+01  3.299E-21  1.746E-12  9.055E-13  8.406E-13
1.977E+01  3.258E-21  1.708E-12  8.932E-13  8.153E-13
1.959E+01  3.216E-21  1.671E-12  8.827E-13  7.886E-13
1.941E+01  3.176E-21  1.635E-12  8.747E-13  7.607E-13
1.923E+01  3.144E-21  1.604E-12  8.723E-13  7.315E-13
1.905E+01  3.139E-21  1.587E-12  8.854E-13  7.012E-13
1.888E+01  3.125E-21  1.565E-12  8.950E-13  6.700E-13
1.871E+01  3.017E-21  1.497E-12  8.592E-13  6.379E-13
1.854E+01  2.945E-21  1.448E-12  8.427E-13  6.051E-13
1.837E+01  2.894E-21  1.410E-12  8.379E-13  5.720E-13
1.820E+01  2.858E-21  1.380E-12  8.410E-13  5.387E-13
1.803E+01  2.850E-21  1.363E-12  8.574E-13  5.058E-13
1.786E+01  2.880E-21  1.365E-12  8.913E-13  4.733E-13
1.770E+01  2.839E-21  1.333E-12  8.918E-13  4.413E-13
1.754E+01  2.874E-21  1.337E-12  9.275E-13  4.098E-13
1.738E+01  3.036E-21  1.400E-12  1.020E-12  3.793E-13
1.722E+01  2.962E-21  1.353E-12  1.003E-12  3.499E-13
1.706E+01  2.927E-21  1.325E-12  1.002E-12  3.222E-13
1.690E+01  2.838E-21  1.272E-12  9.764E-13  2.960E-13
1.675E+01  2.717E-21  1.207E-12  9.358E-13  2.712E-13
1.660E+01  2.700E-21  1.189E-12  9.411E-13  2.476E-13
1.644E+01  2.934E-21  1.280E-12  1.054E-12  2.256E-13
1.629E+01  2.423E-21  1.047E-12  8.422E-13  2.050E-13
1.614E+01  2.190E-21  9.378E-13  7.517E-13  1.861E-13
1.600E+01  2.085E-21  8.845E-13  7.157E-13  1.688E-13
1.585E+01  2.006E-21  8.435E-13  6.907E-13  1.528E-13
1.570E+01  1.923E-21  8.010E-13  6.629E-13  1.382E-13
1.556E+01  1.859E-21  7.674E-13  6.426E-13  1.248E-13
1.542E+01  1.807E-21  7.391E-13  6.265E-13  1.127E-13
1.528E+01  1.763E-21  7.142E-13  6.126E-13  1.017E-13
1.514E+01  1.723E-21  6.919E-13  6.002E-13  9.169E-14
1.500E+01  1.690E-21  6.721E-13  5.893E-13  8.276E-14
1.486E+01  1.661E-21  6.546E-13  5.800E-13  7.460E-14
1.472E+01  1.639E-21  6.402E-13  5.730E-13  6.721E-14
1.459E+01  1.629E-21  6.305E-13  5.699E-13  6.055E-14
1.445E+01  1.642E-21  6.297E-13  5.749E-13  5.476E-14
1.432E+01  1.704E-21  6.473E-13  5.976E-13  4.972E-14
1.419E+01  1.778E-21  6.692E-13  6.238E-13  4.545E-14
1.406E+01  1.708E-21  6.370E-13  5.951E-13  4.187E-14
1.393E+01  1.667E-21  6.159E-13  5.770E-13  3.894E-14
1.380E+01  1.706E-21  6.248E-13  5.883E-13  3.650E-14
1.368E+01  1.821E-21  6.605E-13  6.260E-13  3.452E-14
1.355E+01  1.969E-21  7.079E-13  6.751E-13  3.279E-14
1.343E+01  1.994E-21  7.104E-13  6.791E-13  3.124E-14
1.330E+01  1.886E-21  6.654E-13  6.357E-13  2.975E-14
1.318E+01  1.822E-21  6.370E-13  6.086E-13  2.834E-14
1.306E+01  1.870E-21  6.479E-13  6.210E-13  2.694E-14
1.294E+01  2.054E-21  7.053E-13  6.796E-13  2.562E-14
1.282E+01  2.407E-21  8.188E-13  7.944E-13  2.441E-14
1.271E+01  2.853E-21  9.614E-13  9.381E-13  2.326E-14
1.259E+01  2.975E-21  9.934E-13  9.712E-13  2.214E-14
1.247E+01  2.614E-21  8.648E-13  8.438E-13  2.104E-14
1.236E+01  2.248E-21  7.370E-13  7.170E-13  1.995E-14
1.225E+01  2.104E-21  6.835E-13  6.647E-13  1.885E-14
1.213E+01  2.155E-21  6.935E-13  6.756E-13  1.784E-14
1.202E+01  2.240E-21  7.145E-13  6.976E-13  1.691E-14
1.191E+01  2.142E-21  6.770E-13  6.610E-13  1.600E-14
1.180E+01  1.948E-21  6.099E-13  5.948E-13  1.512E-14
1.169E+01  1.884E-21  5.844E-13  5.702E-13  1.424E-14
1.159E+01  2.072E-21  6.369E-13  6.235E-13  1.334E-14
1.148E+01  2.669E-21  8.127E-13  8.003E-13  1.248E-14
1.138E+01  3.635E-21  1.097E-12  1.085E-12  1.168E-14
1.127E+01  4.665E-21  1.395E-12  1.384E-12  1.093E-14
1.117E+01  3.313E-21  9.814E-13  9.712E-13  1.024E-14
1.107E+01  1.803E-21  5.294E-13  5.198E-13  9.572E-15
1.096E+01  1.299E-21  3.779E-13  3.690E-13  8.924E-15
1.086E+01  1.064E-21  3.066E-13  2.982E-13  8.319E-15
1.076E+01  9.360E-22  2.673E-13  2.595E-13  7.771E-15
1.067E+01  8.573E-22  2.426E-13  2.353E-13  7.272E-15
1.057E+01  7.896E-22  2.213E-13  2.145E-13  6.812E-15
1.047E+01  7.426E-22  2.063E-13  1.999E-13  6.357E-15
1.038E+01  7.093E-22  1.952E-13  1.893E-13  5.885E-15
1.028E+01  6.843E-22  1.866E-13  1.812E-13  5.396E-15
1.019E+01  6.653E-22  1.797E-13  1.748E-13  4.907E-15
1.009E+01  6.509E-22  1.743E-13  1.698E-13  4.444E-15
1.000E+01  6.407E-22  1.700E-13  1.659E-13  4.018E-15
9.908E+00  6.342E-22  1.667E-13  1.631E-13  3.637E-15
9.817E+00  6.313E-22  1.644E-13  1.611E-13  3.293E-15
9.727E+00  6.321E-22  1.631E-13  1.601E-13  2.979E-15
9.638E+00  6.367E-22  1.628E-13  1.601E-13  2.690E-15
9.550E+00  6.456E-22  1.635E-13  1.611E-13  2.409E-15
9.462E+00  6.596E-22  1.656E-13  1.634E-13  2.135E-15
9.376E+00  6.799E-22  1.691E-13  1.672E-13  1.866E-15
9.290E+00  7.083E-22  1.745E-13  1.729E-13  1.605E-15
9.204E+00  7.478E-22  1.826E-13  1.812E-13  1.358E-15
9.120E+00  8.034E-22  1.944E-13  1.932E-13  1.132E-15
9.036E+00  8.834E-22  2.117E-13  2.108E-13  9.306E-16
8.954E+00  1.003E-21  2.382E-13  2.374E-13  7.582E-16
8.872E+00  1.189E-21  2.798E-13  2.792E-13  6.152E-16
8.790E+00  1.489E-21  3.472E-13  3.467E-13  4.988E-16
8.710E+00  1.933E-21  4.467E-13  4.463E-13  4.054E-16
8.630E+00  2.318E-21  5.307E-13  5.304E-13  3.307E-16
8.551E+00  2.210E-21  5.013E-13  5.011E-13  2.708E-16
8.472E+00  1.881E-21  4.227E-13  4.225E-13  2.213E-16
8.395E+00  1.707E-21  3.801E-13  3.800E-13  1.794E-16
8.318E+00  1.674E-21  3.694E-13  3.692E-13  1.430E-16
8.241E+00  1.725E-21  3.772E-13  3.771E-13  1.117E-16
8.166E+00  1.883E-21  4.078E-13  4.077E-13  8.538E-17
8.091E+00  2.188E-21  4.695E-13  4.695E-13  6.474E-17
8.017E+00  2.664E-21  5.666E-13  5.665E-13  4.872E-17
7.943E+00  3.258E-21  6.865E-13  6.864E-13  3.655E-17
7.870E+00  3.716E-21  7.757E-13  7.757E-13  2.735E-17
7.798E+00  3.773E-21  7.804E-13  7.804E-13  2.046E-17
7.727E+00  3.648E-21  7.476E-13  7.476E-13  1.538E-17
7.656E+00  3.613E-21  7.337E-13  7.337E-13  1.167E-17
7.586E+00  3.371E-21  6.783E-13  6.783E-13  8.939E-18
7.516E+00  2.707E-21  5.398E-13  5.398E-13  6.973E-18
7.447E+00  2.031E-21  4.011E-13  4.011E-13  5.556E-18
7.379E+00  1.548E-21  3.031E-13  3.031E-13  4.498E-18
7.311E+00  1.219E-21  2.364E-13  2.364E-13  3.715E-18
7.244E+00  9.823E-22  1.888E-13  1.888E-13  3.104E-18
7.178E+00  8.047E-22  1.532E-13  1.532E-13  2.612E-18
7.112E+00  6.701E-22  1.264E-13  1.264E-13  2.222E-18
7.047E+00  5.695E-22  1.065E-13  1.065E-13  1.902E-18
6.982E+00  4.972E-22  9.209E-14  9.209E-14  1.630E-18
6.918E+00  4.488E-22  8.236E-14  8.235E-14  1.400E-18
6.855E+00  4.196E-22  7.629E-14  7.629E-14  1.204E-18
6.792E+00  4.026E-22  7.253E-14  7.253E-14  1.035E-18
6.730E+00  3.862E-22  6.894E-14  6.894E-14  8.896E-19
6.668E+00  3.596E-22  6.361E-14  6.361E-14  7.644E-19
6.607E+00  3.246E-22  5.688E-14  5.688E-14  6.561E-19
6.546E+00  2.947E-22  5.117E-14  5.117E-14  5.629E-19
6.486E+00  2.837E-22  4.882E-14  4.882E-14  4.824E-19
6.427E+00  3.042E-22  5.185E-14  5.185E-14  4.131E-19
6.368E+00  3.775E-22  6.376E-14  6.376E-14  3.534E-19
6.310E+00  5.472E-22  9.158E-14  9.158E-14  3.020E-19
6.252E+00  8.063E-22  1.337E-13  1.337E-13  2.578E-19
6.194E+00  7.668E-22  1.260E-13  1.260E-13  2.199E-19
6.138E+00  4.443E-22  7.234E-14  7.234E-14  1.871E-19
6.081E+00  2.443E-22  3.941E-14  3.941E-14  1.592E-19
6.026E+00  1.495E-22  2.389E-14  2.389E-14  1.353E-19
5.970E+00  1.022E-22  1.619E-14  1.619E-14  1.150E-19
5.916E+00  7.724E-23  1.212E-14  1.212E-14  9.769E-20
5.861E+00  6.455E-23  1.004E-14  1.004E-14  8.295E-20
5.808E+00  6.079E-23  9.365E-15  9.365E-15  7.042E-20
5.754E+00  6.430E-23  9.815E-15  9.815E-15  5.975E-20
5.702E+00  6.489E-23  9.814E-15  9.814E-15  5.067E-20
5.649E+00  5.008E-23  7.505E-15  7.505E-15  4.296E-20
5.598E+00  3.432E-23  5.095E-15  5.095E-15  3.641E-20
5.546E+00  2.488E-23  3.660E-15  3.660E-15  3.084E-20
5.495E+00  1.965E-23  2.864E-15  2.864E-15  2.611E-20
5.445E+00  1.684E-23  2.432E-15  2.432E-15  2.210E-20
5.395E+00  1.580E-23  2.261E-15  2.261E-15  1.870E-20
5.346E+00  1.653E-23  2.343E-15  2.343E-15  1.581E-20
5.297E+00  1.818E-23  2.555E-15  2.555E-15  1.335E-20
5.248E+00  1.634E-23  2.274E-15  2.274E-15  1.128E-20
5.200E+00  1.146E-23  1.581E-15  1.581E-15  9.515E-21
5.152E+00  7.981E-24  1.091E-15  1.091E-15  8.024E-21
5.105E+00  5.974E-24  8.090E-16  8.090E-16  6.762E-21
5.058E+00  4.737E-24  6.355E-16  6.355E-16  5.695E-21
5.012E+00  3.895E-24  5.178E-16  5.178E-16  4.792E-21
4.966E+00  3.275E-24  4.314E-16  4.314E-16  4.031E-21
4.920E+00  2.794E-24  3.646E-16  3.646E-16  3.387E-21
4.875E+00  2.406E-24  3.112E-16  3.112E-16  2.843E-21
4.831E+00  2.087E-24  2.674E-16  2.674E-16  2.385E-21
4.786E+00  1.818E-24  2.308E-16  2.308E-16  1.998E-21
4.742E+00  1.590E-24  2.000E-16  2.000E-16  1.673E-21
4.699E+00  1.394E-24  1.737E-16  1.737E-16  1.399E-21
4.656E+00  1.224E-24  1.512E-16  1.512E-16  1.169E-21
4.613E+00  1.077E-24  1.318E-16  1.318E-16  9.754E-22
4.571E+00  9.492E-25  1.151E-16  1.151E-16  8.131E-22
4.529E+00  8.371E-25  1.006E-16  1.006E-16  6.771E-22
4.487E+00  7.387E-25  8.793E-17  8.793E-17  5.632E-22
4.446E+00  6.522E-25  7.692E-17  7.692E-17  4.679E-22
4.406E+00  5.761E-25  6.732E-17  6.732E-17  3.884E-22
4.365E+00  5.089E-25  5.893E-17  5.893E-17  3.221E-22
4.325E+00  4.497E-25  5.159E-17  5.159E-17  2.667E-22
4.285E+00  3.974E-25  4.517E-17  4.517E-17  2.206E-22
4.246E+00  3.511E-25  3.955E-17  3.955E-17  1.822E-22
4.207E+00  3.102E-25  3.462E-17  3.462E-17  1.503E-22
4.169E+00  2.740E-25  3.030E-17  3.030E-17  1.238E-22
4.130E+00  2.420E-25  2.652E-17  2.652E-17  1.019E-22
4.093E+00  2.137E-25  2.320E-17  2.320E-17  8.364E-23
4.055E+00  1.886E-25  2.029E-17  2.029E-17  6.858E-23
4.018E+00  1.665E-25  1.774E-17  1.774E-17  5.615E-23
3.981E+00  1.469E-25  1.551E-17  1.551E-17  4.591E-23
3.945E+00  1.295E-25  1.355E-17  1.355E-17  3.748E-23
3.908E+00  1.142E-25  1.184E-17  1.184E-17  3.055E-23
3.873E+00  1.007E-25  1.035E-17  1.035E-17  2.487E-23
3.837E+00  8.880E-26  9.038E-18  9.038E-18  2.022E-23
3.802E+00  7.831E-26  7.897E-18  7.897E-18  1.642E-23
3.767E+00  6.908E-26  6.903E-18  6.903E-18  1.331E-23
3.733E+00  6.098E-26  6.037E-18  6.037E-18  1.077E-23
3.698E+00  5.389E-26  5.286E-18  5.286E-18  8.709E-24
3.664E+00  4.771E-26  4.637E-18  4.637E-18  7.029E-24
3.631E+00  4.235E-26  4.078E-18  4.078E-18  5.665E-24
3.597E+00  3.775E-26  3.602E-18  3.602E-18  4.558E-24
3.565E+00  3.386E-26  3.202E-18  3.202E-18  3.662E-24
3.532E+00  3.068E-26  2.874E-18  2.874E-18  2.937E-24
3.499E+00  2.825E-26  2.622E-18  2.622E-18  2.352E-24
3.467E+00  2.671E-26  2.457E-18  2.457E-18  1.881E-24
3.436E+00  2.646E-26  2.411E-18  2.411E-18  1.501E-24
3.404E+00  2.854E-26  2.577E-18  2.577E-18  1.197E-24
3.373E+00  3.630E-26  3.248E-18  3.248E-18  9.520E-25
3.342E+00  6.477E-26  5.741E-18  5.741E-18  7.562E-25
3.311E+00  2.000E-25  1.757E-17  1.757E-17  5.996E-25
3.281E+00  1.207E-25  1.050E-17  1.050E-17  4.746E-25
3.251E+00  3.269E-26  2.819E-18  2.819E-18  3.749E-25
3.221E+00  1.523E-26  1.301E-18  1.301E-18  2.955E-25
3.192E+00  9.408E-27  7.965E-19  7.965E-19  2.326E-25
3.162E+00  6.679E-27  5.602E-19  5.602E-19  1.828E-25
3.133E+00  5.098E-27  4.237E-19  4.237E-19  1.434E-25
3.105E+00  4.049E-27  3.335E-19  3.335E-19  1.123E-25
3.076E+00  3.292E-27  2.686E-19  2.686E-19  8.785E-26
3.048E+00  2.714E-27  2.194E-19  2.194E-19  6.862E-26
3.020E+00  2.256E-27  1.807E-19  1.807E-19  5.350E-26
2.992E+00  1.885E-27  1.496E-19  1.496E-19  4.164E-26
2.965E+00  1.581E-27  1.243E-19  1.243E-19  3.235E-26
2.938E+00  1.328E-27  1.035E-19  1.035E-19  2.509E-26
2.911E+00  1.117E-27  8.626E-20  8.626E-20  1.943E-26
2.884E+00  9.401E-28  7.192E-20  7.192E-20  1.501E-26
2.858E+00  7.911E-28  5.997E-20  5.997E-20  1.158E-26
2.831E+00  6.655E-28  4.999E-20  4.999E-20  8.920E-27
2.805E+00  5.596E-28  4.164E-20  4.164E-20  6.856E-27
2.780E+00  4.702E-28  3.467E-20  3.467E-20  5.260E-27
2.754E+00  3.947E-28  2.884E-20  2.884E-20  4.029E-27
2.729E+00  3.311E-28  2.397E-20  2.397E-20  3.079E-27
2.704E+00  2.774E-28  1.990E-20  1.990E-20  2.349E-27
2.679E+00  2.321E-28  1.650E-20  1.650E-20  1.789E-27
2.655E+00  1.941E-28  1.366E-20  1.366E-20  1.360E-27
2.630E+00  1.620E-28  1.130E-20  1.130E-20  1.032E-27
2.606E+00  1.351E-28  9.340E-21  9.340E-21  7.811E-28
2.582E+00  1.125E-28  7.706E-21  7.706E-21  5.903E-28
2.559E+00  9.357E-29  6.350E-21  6.350E-21  4.452E-28
2.535E+00  7.771E-29  5.226E-21  5.226E-21  3.352E-28
2.512E+00  6.445E-29  4.294E-21  4.294E-21  2.518E-28
2.489E+00  5.338E-29  3.524E-21  3.524E-21  1.888E-28
2.466E+00  4.414E-29  2.887E-21  2.887E-21  1.413E-28
2.443E+00  3.645E-29  2.362E-21  2.362E-21  1.056E-28
2.421E+00  3.005E-29  1.930E-21  1.930E-21  7.869E-29
2.399E+00  2.474E-29  1.574E-21  1.574E-21  5.853E-29
2.377E+00  2.034E-29  1.282E-21  1.282E-21  4.345E-29
2.355E+00  1.670E-29  1.043E-21  1.043E-21  3.219E-29
2.333E+00  1.369E-29  8.473E-22  8.473E-22  2.379E-29
2.312E+00  1.120E-29  6.871E-22  6.871E-22  1.755E-29
2.291E+00  9.154E-30  5.563E-22  5.563E-22  1.292E-29
2.270E+00  7.468E-30  4.497E-22  4.497E-22  9.488E-30
2.249E+00  6.083E-30  3.629E-22  3.629E-22  6.954E-30
2.228E+00  4.945E-30  2.923E-22  2.923E-22  5.085E-30
2.208E+00  4.013E-30  2.351E-22  2.351E-22  3.711E-30
2.188E+00  3.251E-30  1.886E-22  1.886E-22  2.702E-30
2.168E+00  2.628E-30  1.511E-22  1.511E-22  1.963E-30
2.148E+00  2.119E-30  1.207E-22  1.207E-22  1.423E-30
2.128E+00  1.705E-30  9.626E-23  9.626E-23  1.029E-30
2.109E+00  1.368E-30  7.653E-23  7.653E-23  7.430E-31
2.089E+00  1.095E-30  6.067E-23  6.067E-23  5.351E-31
2.070E+00  8.728E-31  4.793E-23  4.793E-23  3.844E-31
2.051E+00  6.931E-31  3.771E-23  3.771E-23  2.756E-31
2.032E+00  5.478E-31  2.953E-23  2.953E-23  1.971E-31
2.014E+00  4.306E-31  2.300E-23  2.300E-23  1.406E-31
1.995E+00  3.363E-31  1.780E-23  1.780E-23  1.001E-31
1.977E+00  2.608E-31  1.368E-23  1.368E-23  7.107E-32
1.959E+00  2.012E-31  1.045E-23  1.045E-23  5.035E-32
1.941E+00  1.550E-31  7.982E-24  7.982E-24  3.558E-32
1.923E+00  1.206E-31  6.149E-24  6.149E-24  2.509E-32
1.905E+00  9.561E-32  4.833E-24  4.833E-24  1.765E-32
1.888E+00  7.760E-32  3.886E-24  3.886E-24  1.238E-32
1.871E+00  6.388E-32  3.170E-24  3.170E-24  8.665E-33
1.854E+00  5.267E-32  2.590E-24  2.590E-24  6.050E-33
1.837E+00  4.315E-32  2.102E-24  2.102E-24  4.213E-33
1.820E+00  3.503E-32  1.691E-24  1.691E-24  2.927E-33
1.803E+00  2.819E-32  1.348E-24  1.348E-24  2.029E-33
1.786E+00  2.253E-32  1.068E-24  1.068E-24  1.402E-33
1.770E+00  1.790E-32  8.403E-25  8.403E-25  9.669E-34
1.754E+00  1.415E-32  6.584E-25  6.584E-25  6.651E-34
1.738E+00  1.115E-32  5.138E-25  5.138E-25  4.563E-34
1.722E+00  8.750E-33  3.996E-25  3.996E-25  3.123E-34
1.706E+00  6.850E-33  3.100E-25  3.100E-25  2.132E-34
1.690E+00  5.348E-33  2.398E-25  2.398E-25  1.451E-34
1.675E+00  4.167E-33  1.851E-25  1.851E-25  9.853E-35
1.660E+00  3.239E-33  1.426E-25  1.426E-25  6.672E-35
1.644E+00  2.513E-33  1.096E-25  1.096E-25  4.506E-35
1.629E+00  1.946E-33  8.410E-26  8.410E-26  3.035E-35
1.614E+00  1.504E-33  6.441E-26  6.441E-26  2.038E-35
1.600E+00  1.161E-33  4.925E-26  4.925E-26  1.365E-35
1.585E+00  8.943E-34  3.760E-26  3.760E-26  9.118E-36
1.570E+00  6.880E-34  2.866E-26  2.866E-26  6.073E-36
1.556E+00  5.286E-34  2.182E-26  2.182E-26  4.033E-36
1.542E+00  4.055E-34  1.658E-26  1.658E-26  2.671E-36
1.528E+00  3.108E-34  1.259E-26  1.259E-26  1.764E-36
1.514E+00  2.379E-34  9.552E-27  9.552E-27  1.161E-36
1.500E+00  1.820E-34  7.240E-27  7.240E-27  7.625E-37
1.486E+00  1.391E-34  5.483E-27  5.483E-27  4.991E-37
1.472E+00  1.063E-34  4.150E-27  4.150E-27  3.258E-37
1.459E+00  8.115E-35  3.140E-27  3.140E-27  2.120E-37
1.445E+00  6.198E-35  2.377E-27  2.377E-27  1.376E-37
1.432E+00  4.736E-35  1.799E-27  1.799E-27  8.901E-38
1.419E+00  3.621E-35  1.363E-27  1.363E-27  5.741E-38
1.406E+00  2.771E-35  1.034E-27  1.034E-27  3.692E-38
1.393E+00  2.125E-35  7.852E-28  7.852E-28  2.367E-38
1.380E+00  1.633E-35  5.978E-28  5.978E-28  1.513E-38
1.368E+00  1.258E-35  4.564E-28  4.564E-28  9.638E-39
1.355E+00  9.722E-36  3.495E-28  3.495E-28  6.121E-39
1.343E+00  7.538E-36  2.685E-28  2.685E-28  3.875E-39
1.330E+00  5.861E-36  2.069E-28  2.069E-28  2.445E-39
1.318E+00  4.563E-36  1.596E-28  1.596E-28  1.538E-39
1.306E+00  3.546E-36  1.229E-28  1.229E-28  9.646E-40
1.294E+00  2.735E-36  9.389E-29  9.389E-29  6.029E-40
1.282E+00  2.077E-36  7.065E-29  7.065E-29  3.757E-40
1.271E+00  1.540E-36  5.189E-29  5.189E-29  2.333E-40
1.259E+00  1.107E-36  3.695E-29  3.695E-29  1.444E-40
1.247E+00  7.706E-37  2.550E-29  2.550E-29  8.911E-41
1.236E+00  5.230E-37  1.715E-29  1.715E-29  5.481E-41
1.225E+00  3.497E-37  1.136E-29  1.136E-29  3.360E-41
1.213E+00  2.328E-37  7.492E-30  7.492E-30  2.053E-41
1.202E+00  1.556E-37  4.961E-30  4.961E-30  1.250E-41
1.191E+00  1.049E-37  3.314E-30  3.314E-30  7.583E-42
1.180E+00  7.148E-38  2.238E-30  2.238E-30  4.585E-42
1.169E+00  4.931E-38  1.530E-30  1.530E-30  2.762E-42
1.159E+00  3.442E-38  1.058E-30  1.058E-30  1.658E-42
1.148E+00  2.431E-38  7.404E-31  7.404E-31  9.917E-43
1.138E+00  1.738E-38  5.246E-31  5.246E-31  5.910E-43
1.127E+00  1.260E-38  3.767E-31  3.767E-31  3.509E-43
1.117E+00  9.274E-39  2.748E-31  2.748E-31  2.076E-43
1.107E+00  6.960E-39  2.043E-31  2.043E-31  1.223E-43
1.096E+00  5.348E-39  1.556E-31  1.556E-31  7.183E-44
1.086E+00  4.227E-39  1.218E-31  1.218E-31  4.201E-44
1.076E+00  3.433E-39  9.804E-32  9.804E-32  2.448E-44
1.067E+00  2.813E-39  7.957E-32  7.957E-32  1.421E-44
1.057E+00  2.201E-39  6.170E-32  6.170E-32  8.212E-45
1.047E+00  1.527E-39  4.241E-32  4.241E-32  4.729E-45
1.038E+00  9.293E-40  2.558E-32  2.558E-32  2.712E-45
1.028E+00  5.363E-40  1.462E-32  1.462E-32  1.549E-45
1.019E+00  3.167E-40  8.556E-33  8.556E-33  8.810E-46
1.009E+00  1.972E-40  5.278E-33  5.278E-33  4.991E-46
1.000E+00  1.296E-40  3.438E-33  3.438E-33  2.815E-46
