Dust emission spectrum from Draine,B.T., & Li, A. (2007), ApJ, in press [astro-ph/0608003]
==========================================================
         7 = grain model
 4.000E-08 4.000E-01 4.500E-05 = a_01 (cm) , sigma_1 , b_C1
 2.000E-07 5.500E-01 1.500E-05 = a_02 (cm) , sigma_2 , b_C2
 1.000E+02 1.000E+02 1.000E+00 = Umin , Umax, beta (dN/dU propto U^{-beta})
 1.000E+02 = <U>       mmp83 = radfield
 2.000E-07 2.000E-06 = a_{min} (cm), a_{max} (cm)
 6.934E-23 4.388E-23 2.546E-23 = P(tot)  P(carb)  P(sil) (erg s-1 H-1)
 band     <nu*P_nu> <j_nu(tot)><j_nu(carb)><j_nu(sil)>
 (um)   (erg s-1 H-1)(Jy/(sr*H))(Jy/(sr*H))(Jy/(sr*H))
1.270E+00  8.349E-43  2.813E-35  2.813E-35  6.532E-46 COBE-DIRBE
2.220E+00  8.571E-36  5.047E-28  5.047E-28  6.263E-35 COBE-DIRBE
3.530E+00  4.738E-31  4.436E-23  4.436E-23  7.283E-28 COBE-DIRBE
4.880E+00  1.166E-28  1.510E-20  1.510E-20  9.168E-25 COBE-DIRBE
1.229E+01  4.207E-24  1.371E-15  1.358E-15  1.368E-17 COBE-DIRBE
2.079E+01  1.625E-23  8.960E-15  8.370E-15  5.908E-16 COBE-DIRBE
5.599E+01  4.646E-23  6.900E-14  3.780E-14  3.120E-14 COBE-DIRBE
9.770E+01  1.954E-23  5.064E-14  1.619E-14  3.445E-14 COBE-DIRBE
1.479E+02  6.230E-24  2.444E-14  6.105E-15  1.833E-14 COBE-DIRBE
2.479E+02  1.005E-24  6.607E-15  1.442E-15  5.165E-15 COBE-DIRBE
1.200E+01  2.745E-24  8.736E-16  8.679E-16  5.696E-18 IRAS
2.500E+01  1.977E-23  1.311E-14  1.185E-14  1.259E-15 IRAS
6.000E+01  4.372E-23  6.959E-14  3.662E-14  3.297E-14 IRAS
1.000E+02  1.832E-23  4.859E-14  1.513E-14  3.347E-14 IRAS
3.550E+00  4.098E-31  3.859E-23  3.859E-23  4.731E-28 SST-IRAC
4.493E+00  2.610E-29  3.111E-21  3.111E-21  2.213E-25 SST-IRAC
5.731E+00  1.118E-26  1.700E-18  1.700E-18  3.784E-23 SST-IRAC
7.872E+00  4.568E-25  9.538E-17  9.526E-17  1.197E-19 SST-IRAC
2.368E+01  1.841E-23  1.156E-14  1.047E-14  1.090E-15 SST-MIPS
7.142E+01  3.257E-23  6.170E-14  2.561E-14  3.609E-14 SST-MIPS
1.559E+02  4.626E-24  1.913E-14  4.567E-15  1.457E-14 SST-MIPS
1.600E+01  9.756E-24  4.141E-15  4.036E-15  1.042E-16 SST-IRSPU
2.200E+01  1.801E-23  1.051E-14  9.608E-15  9.038E-16 SST-IRSPU
7.500E+01  2.831E-23  5.632E-14  2.335E-14  3.298E-14 Herschel-PACS
1.100E+02  1.288E-23  3.757E-14  1.145E-14  2.612E-14 Herschel-PACS
1.700E+02  3.544E-24  1.598E-14  3.837E-15  1.214E-14 Herschel-PACS
2.500E+02  8.027E-25  5.323E-15  1.149E-15  4.174E-15 Herschel-SPIRE
3.600E+02  1.629E-25  1.556E-15  3.449E-16  1.211E-15 Herschel-SPIRE
5.200E+02  3.259E-26  4.495E-16  9.916E-17  3.504E-16 Herschel-SPIRE
2.400E+00  2.019E-30  1.285E-22  1.285E-22  6.681E-27 Akari IRC NIR N2
3.200E+00  1.353E-30  1.149E-22  1.149E-22  5.670E-27 Akari IRC NIR N3
4.100E+00  8.521E-29  9.267E-21  9.267E-21  5.245E-25 Akari IRC NIR N4
7.000E+00  3.971E-25  7.372E-17  7.342E-17  3.044E-19 Akari IRC MIR-S S7
9.000E+00  8.320E-25  1.986E-16  1.976E-16  1.020E-18 Akari IRC MIR-S S9W
1.100E+01  2.108E-24  6.150E-16  6.111E-16  3.898E-18 Akari IRC MIR-S S11
1.500E+01  9.569E-24  3.807E-15  3.721E-15  8.573E-17 Akari IRC MIR-L L15
1.800E+01  1.377E-23  6.576E-15  6.204E-15  3.720E-16 Akari IRC MIR-L L18W
2.400E+01  1.837E-23  1.169E-14  1.065E-14  1.041E-15 Akari IRC MIR-L L24
6.500E+01  3.948E-23  6.807E-14  3.060E-14  3.747E-14 Akari FIS N60
8.000E+01  2.583E-23  5.481E-14  2.036E-14  3.445E-14 Akari FIS WIDE-S
1.400E+02  6.110E-24  2.269E-14  5.621E-15  1.707E-14 Akari FIS WIDE-L
1.600E+02  4.177E-24  1.773E-14  4.160E-15  1.357E-14 Akari FIS N160
 
 
 
 


lambda    nu*dP/dnu     j_nu    j_nu(carb.) j_nu(sil)
 (um)    (erg/(s*H)) (Jy/(sr*H) (Jy/(sr*H)) (Jy/(sr*H)
1.000E+04  1.099E-31  2.914E-20  2.455E-21  2.669E-20
9.908E+03  1.139E-31  2.993E-20  2.529E-21  2.740E-20
9.817E+03  1.180E-31  3.074E-20  2.605E-21  2.813E-20
9.727E+03  1.223E-31  3.157E-20  2.683E-21  2.888E-20
9.638E+03  1.268E-31  3.242E-20  2.764E-21  2.965E-20
9.550E+03  1.314E-31  3.329E-20  2.847E-21  3.044E-20
9.462E+03  1.362E-31  3.419E-20  2.933E-21  3.125E-20
9.376E+03  1.412E-31  3.511E-20  3.021E-21  3.209E-20
9.290E+03  1.463E-31  3.606E-20  3.112E-21  3.294E-20
9.204E+03  1.517E-31  3.703E-20  3.206E-21  3.382E-20
9.120E+03  1.572E-31  3.803E-20  3.303E-21  3.472E-20
9.036E+03  1.629E-31  3.905E-20  3.403E-21  3.565E-20
8.954E+03  1.688E-31  4.010E-20  3.506E-21  3.659E-20
8.872E+03  1.750E-31  4.117E-20  3.612E-21  3.756E-20
8.790E+03  1.813E-31  4.227E-20  3.721E-21  3.855E-20
8.710E+03  1.879E-31  4.341E-20  3.834E-21  3.957E-20
8.630E+03  1.947E-31  4.457E-20  3.950E-21  4.062E-20
8.551E+03  2.018E-31  4.577E-20  4.069E-21  4.170E-20
8.472E+03  2.091E-31  4.699E-20  4.193E-21  4.280E-20
8.395E+03  2.167E-31  4.826E-20  4.320E-21  4.394E-20
8.318E+03  2.246E-31  4.956E-20  4.451E-21  4.511E-20
8.241E+03  2.328E-31  5.089E-20  4.586E-21  4.631E-20
8.166E+03  2.413E-31  5.226E-20  4.726E-21  4.754E-20
8.091E+03  2.501E-31  5.367E-20  4.870E-21  4.881E-20
8.017E+03  2.592E-31  5.512E-20  5.018E-21  5.011E-20
7.943E+03  2.687E-31  5.662E-20  5.171E-21  5.144E-20
7.870E+03  2.785E-31  5.815E-20  5.328E-21  5.282E-20
7.798E+03  2.887E-31  5.972E-20  5.491E-21  5.423E-20
7.727E+03  2.993E-31  6.134E-20  5.659E-21  5.568E-20
7.656E+03  3.103E-31  6.301E-20  5.831E-21  5.717E-20
7.586E+03  3.216E-31  6.472E-20  6.010E-21  5.871E-20
7.516E+03  3.334E-31  6.648E-20  6.193E-21  6.028E-20
7.447E+03  3.457E-31  6.829E-20  6.383E-21  6.190E-20
7.379E+03  3.584E-31  7.015E-20  6.578E-21  6.357E-20
7.311E+03  3.715E-31  7.206E-20  6.780E-21  6.528E-20
7.244E+03  3.852E-31  7.402E-20  6.988E-21  6.704E-20
7.178E+03  3.994E-31  7.605E-20  7.202E-21  6.884E-20
7.112E+03  4.141E-31  7.812E-20  7.423E-21  7.070E-20
7.047E+03  4.294E-31  8.026E-20  7.651E-21  7.261E-20
6.982E+03  4.452E-31  8.246E-20  7.887E-21  7.457E-20
6.918E+03  4.616E-31  8.471E-20  8.129E-21  7.658E-20
6.855E+03  4.786E-31  8.703E-20  8.380E-21  7.865E-20
6.792E+03  4.963E-31  8.941E-20  8.638E-21  8.077E-20
6.730E+03  5.146E-31  9.186E-20  8.904E-21  8.295E-20
6.668E+03  5.336E-31  9.438E-20  9.179E-21  8.520E-20
6.607E+03  5.533E-31  9.697E-20  9.463E-21  8.751E-20
6.546E+03  5.738E-31  9.964E-20  9.755E-21  8.988E-20
6.486E+03  5.950E-31  1.024E-19  1.006E-20  9.232E-20
6.427E+03  6.171E-31  1.052E-19  1.037E-20  9.483E-20
6.368E+03  6.399E-31  1.081E-19  1.069E-20  9.741E-20
6.310E+03  6.637E-31  1.111E-19  1.102E-20  1.001E-19
6.252E+03  6.883E-31  1.141E-19  1.136E-20  1.028E-19
6.194E+03  7.139E-31  1.173E-19  1.171E-20  1.056E-19
6.138E+03  7.405E-31  1.206E-19  1.208E-20  1.085E-19
6.081E+03  7.680E-31  1.239E-19  1.245E-20  1.114E-19
6.026E+03  7.966E-31  1.273E-19  1.284E-20  1.145E-19
5.970E+03  8.263E-31  1.309E-19  1.324E-20  1.176E-19
5.916E+03  8.571E-31  1.345E-19  1.365E-20  1.208E-19
5.861E+03  8.891E-31  1.382E-19  1.408E-20  1.242E-19
5.808E+03  9.224E-31  1.421E-19  1.452E-20  1.276E-19
5.754E+03  9.568E-31  1.461E-19  1.497E-20  1.311E-19
5.702E+03  9.926E-31  1.501E-19  1.544E-20  1.347E-19
5.649E+03  1.030E-30  1.543E-19  1.592E-20  1.384E-19
5.598E+03  1.068E-30  1.586E-19  1.642E-20  1.422E-19
5.546E+03  1.108E-30  1.631E-19  1.694E-20  1.461E-19
5.495E+03  1.150E-30  1.676E-19  1.747E-20  1.502E-19
5.445E+03  1.193E-30  1.723E-19  1.802E-20  1.543E-19
5.395E+03  1.238E-30  1.772E-19  1.858E-20  1.586E-19
5.346E+03  1.285E-30  1.821E-19  1.916E-20  1.630E-19
5.297E+03  1.333E-30  1.873E-19  1.977E-20  1.675E-19
5.248E+03  1.383E-30  1.925E-19  2.039E-20  1.721E-19
5.200E+03  1.435E-30  1.980E-19  2.103E-20  1.769E-19
5.152E+03  1.489E-30  2.035E-19  2.170E-20  1.818E-19
5.105E+03  1.545E-30  2.093E-19  2.238E-20  1.869E-19
5.058E+03  1.604E-30  2.152E-19  2.309E-20  1.921E-19
5.012E+03  1.664E-30  2.213E-19  2.382E-20  1.974E-19
4.966E+03  1.727E-30  2.275E-19  2.457E-20  2.029E-19
4.920E+03  1.792E-30  2.339E-19  2.535E-20  2.086E-19
4.875E+03  1.860E-30  2.406E-19  2.615E-20  2.144E-19
4.831E+03  1.931E-30  2.474E-19  2.698E-20  2.204E-19
4.786E+03  2.004E-30  2.544E-19  2.784E-20  2.266E-19
4.742E+03  2.080E-30  2.616E-19  2.872E-20  2.329E-19
4.699E+03  2.159E-30  2.691E-19  2.963E-20  2.394E-19
4.656E+03  2.241E-30  2.767E-19  3.058E-20  2.461E-19
4.613E+03  2.326E-30  2.846E-19  3.155E-20  2.531E-19
4.571E+03  2.414E-30  2.927E-19  3.256E-20  2.602E-19
4.529E+03  2.506E-30  3.011E-19  3.359E-20  2.675E-19
4.487E+03  2.602E-30  3.097E-19  3.467E-20  2.750E-19
4.446E+03  2.701E-30  3.185E-19  3.577E-20  2.828E-19
4.406E+03  2.804E-30  3.277E-19  3.692E-20  2.907E-19
4.365E+03  2.911E-30  3.371E-19  3.810E-20  2.990E-19
4.325E+03  3.022E-30  3.467E-19  3.932E-20  3.074E-19
4.285E+03  3.138E-30  3.567E-19  4.058E-20  3.161E-19
4.246E+03  3.258E-30  3.670E-19  4.188E-20  3.251E-19
4.207E+03  3.383E-30  3.775E-19  4.323E-20  3.343E-19
4.169E+03  3.513E-30  3.884E-19  4.462E-20  3.438E-19
4.130E+03  3.647E-30  3.996E-19  4.606E-20  3.536E-19
4.093E+03  3.787E-30  4.112E-19  4.754E-20  3.636E-19
4.055E+03  3.933E-30  4.230E-19  4.907E-20  3.740E-19
4.018E+03  4.084E-30  4.353E-19  5.065E-20  3.846E-19
3.981E+03  4.241E-30  4.479E-19  5.229E-20  3.956E-19
3.945E+03  4.404E-30  4.608E-19  5.398E-20  4.069E-19
3.908E+03  4.574E-30  4.742E-19  5.573E-20  4.185E-19
3.873E+03  4.750E-30  4.879E-19  5.753E-20  4.304E-19
3.837E+03  4.933E-30  5.021E-19  5.939E-20  4.427E-19
3.802E+03  5.123E-30  5.167E-19  6.132E-20  4.554E-19
3.767E+03  5.321E-30  5.317E-19  6.331E-20  4.684E-19
3.733E+03  5.527E-30  5.472E-19  6.537E-20  4.819E-19
3.698E+03  5.741E-30  5.632E-19  6.749E-20  4.957E-19
3.664E+03  5.963E-30  5.796E-19  6.969E-20  5.100E-19
3.631E+03  6.195E-30  5.966E-19  7.196E-20  5.246E-19
3.597E+03  6.435E-30  6.141E-19  7.431E-20  5.398E-19
3.565E+03  6.685E-30  6.321E-19  7.673E-20  5.553E-19
3.532E+03  6.945E-30  6.506E-19  7.924E-20  5.714E-19
3.499E+03  7.215E-30  6.698E-19  8.183E-20  5.879E-19
3.467E+03  7.496E-30  6.895E-19  8.451E-20  6.050E-19
3.436E+03  7.789E-30  7.098E-19  8.728E-20  6.225E-19
3.404E+03  8.092E-30  7.307E-19  9.014E-20  6.406E-19
3.373E+03  8.409E-30  7.523E-19  9.310E-20  6.592E-19
3.342E+03  8.737E-30  7.745E-19  9.615E-20  6.784E-19
3.311E+03  9.079E-30  7.975E-19  9.931E-20  6.982E-19
3.281E+03  9.435E-30  8.211E-19  1.026E-19  7.185E-19
3.251E+03  9.805E-30  8.455E-19  1.060E-19  7.395E-19
3.221E+03  1.019E-29  8.706E-19  1.095E-19  7.611E-19
3.192E+03  1.059E-29  8.965E-19  1.131E-19  7.834E-19
3.162E+03  1.101E-29  9.232E-19  1.168E-19  8.064E-19
3.133E+03  1.144E-29  9.507E-19  1.207E-19  8.300E-19
3.105E+03  1.189E-29  9.791E-19  1.246E-19  8.544E-19
3.076E+03  1.236E-29  1.008E-18  1.288E-19  8.795E-19
3.048E+03  1.284E-29  1.038E-18  1.330E-19  9.054E-19
3.020E+03  1.335E-29  1.070E-18  1.375E-19  9.321E-19
2.992E+03  1.388E-29  1.102E-18  1.420E-19  9.596E-19
2.965E+03  1.443E-29  1.134E-18  1.467E-19  9.877E-19
2.938E+03  1.499E-29  1.168E-18  1.516E-19  1.017E-18
2.911E+03  1.559E-29  1.203E-18  1.567E-19  1.047E-18
2.884E+03  1.620E-29  1.239E-18  1.619E-19  1.078E-18
2.858E+03  1.684E-29  1.277E-18  1.673E-19  1.109E-18
2.831E+03  1.751E-29  1.315E-18  1.729E-19  1.142E-18
2.805E+03  1.820E-29  1.355E-18  1.786E-19  1.176E-18
2.780E+03  1.892E-29  1.395E-18  1.846E-19  1.211E-18
2.754E+03  1.968E-29  1.437E-18  1.908E-19  1.247E-18
2.729E+03  2.046E-29  1.481E-18  1.972E-19  1.284E-18
2.704E+03  2.127E-29  1.526E-18  2.038E-19  1.322E-18
2.679E+03  2.212E-29  1.572E-18  2.106E-19  1.361E-18
2.655E+03  2.300E-29  1.619E-18  2.177E-19  1.402E-18
2.630E+03  2.392E-29  1.669E-18  2.250E-19  1.444E-18
2.606E+03  2.487E-29  1.719E-18  2.326E-19  1.487E-18
2.582E+03  2.586E-29  1.772E-18  2.404E-19  1.531E-18
2.559E+03  2.690E-29  1.826E-18  2.485E-19  1.577E-18
2.535E+03  2.797E-29  1.881E-18  2.569E-19  1.624E-18
2.512E+03  2.910E-29  1.939E-18  2.656E-19  1.673E-18
2.489E+03  3.026E-29  1.998E-18  2.745E-19  1.723E-18
2.466E+03  3.148E-29  2.059E-18  2.838E-19  1.775E-18
2.443E+03  3.274E-29  2.122E-18  2.934E-19  1.829E-18
2.421E+03  3.406E-29  2.187E-18  3.034E-19  1.884E-18
2.399E+03  3.543E-29  2.254E-18  3.136E-19  1.941E-18
2.377E+03  3.685E-29  2.323E-18  3.243E-19  1.999E-18
2.355E+03  3.834E-29  2.395E-18  3.353E-19  2.060E-18
2.333E+03  3.988E-29  2.469E-18  3.467E-19  2.122E-18
2.312E+03  4.149E-29  2.545E-18  3.585E-19  2.186E-18
2.291E+03  4.317E-29  2.623E-18  3.707E-19  2.252E-18
2.270E+03  4.491E-29  2.704E-18  3.833E-19  2.321E-18
2.249E+03  4.673E-29  2.788E-18  3.964E-19  2.391E-18
2.228E+03  4.862E-29  2.874E-18  4.099E-19  2.464E-18
2.208E+03  5.059E-29  2.963E-18  4.239E-19  2.539E-18
2.188E+03  5.264E-29  3.055E-18  4.384E-19  2.616E-18
2.168E+03  5.478E-29  3.150E-18  4.533E-19  2.696E-18
2.148E+03  5.700E-29  3.247E-18  4.689E-19  2.779E-18
2.128E+03  5.932E-29  3.348E-18  4.849E-19  2.863E-18
2.109E+03  6.173E-29  3.453E-18  5.015E-19  2.951E-18
2.089E+03  6.424E-29  3.560E-18  5.187E-19  3.041E-18
2.070E+03  6.685E-29  3.671E-18  5.365E-19  3.134E-18
2.051E+03  6.958E-29  3.785E-18  5.549E-19  3.231E-18
2.032E+03  7.241E-29  3.904E-18  5.740E-19  3.330E-18
2.014E+03  7.536E-29  4.026E-18  5.938E-19  3.432E-18
1.995E+03  7.844E-29  4.151E-18  6.142E-19  3.537E-18
1.977E+03  8.164E-29  4.281E-18  6.353E-19  3.646E-18
1.959E+03  8.497E-29  4.415E-18  6.572E-19  3.758E-18
1.941E+03  8.845E-29  4.553E-18  6.799E-19  3.874E-18
1.923E+03  9.206E-29  4.696E-18  7.034E-19  3.993E-18
1.905E+03  9.583E-29  4.844E-18  7.276E-19  4.116E-18
1.888E+03  9.975E-29  4.996E-18  7.528E-19  4.243E-18
1.871E+03  1.038E-28  5.153E-18  7.788E-19  4.374E-18
1.854E+03  1.081E-28  5.315E-18  8.057E-19  4.509E-18
1.837E+03  1.125E-28  5.482E-18  8.336E-19  4.648E-18
1.820E+03  1.171E-28  5.655E-18  8.625E-19  4.792E-18
1.803E+03  1.220E-28  5.833E-18  8.924E-19  4.941E-18
1.786E+03  1.270E-28  6.017E-18  9.233E-19  5.094E-18
1.770E+03  1.322E-28  6.207E-18  9.554E-19  5.252E-18
1.754E+03  1.376E-28  6.403E-18  9.886E-19  5.415E-18
1.738E+03  1.433E-28  6.606E-18  1.023E-18  5.583E-18
1.722E+03  1.492E-28  6.815E-18  1.058E-18  5.756E-18
1.706E+03  1.553E-28  7.030E-18  1.095E-18  5.935E-18
1.690E+03  1.618E-28  7.253E-18  1.133E-18  6.120E-18
1.675E+03  1.684E-28  7.483E-18  1.173E-18  6.310E-18
1.660E+03  1.754E-28  7.720E-18  1.214E-18  6.507E-18
1.644E+03  1.826E-28  7.965E-18  1.256E-18  6.709E-18
1.629E+03  1.902E-28  8.218E-18  1.300E-18  6.918E-18
1.614E+03  1.980E-28  8.479E-18  1.345E-18  7.134E-18
1.600E+03  2.062E-28  8.749E-18  1.392E-18  7.357E-18
1.585E+03  2.147E-28  9.027E-18  1.441E-18  7.586E-18
1.570E+03  2.236E-28  9.314E-18  1.491E-18  7.823E-18
1.556E+03  2.329E-28  9.611E-18  1.543E-18  8.068E-18
1.542E+03  2.425E-28  9.917E-18  1.597E-18  8.320E-18
1.528E+03  2.525E-28  1.023E-17  1.653E-18  8.580E-18
1.514E+03  2.630E-28  1.056E-17  1.711E-18  8.848E-18
1.500E+03  2.739E-28  1.090E-17  1.771E-18  9.125E-18
1.486E+03  2.853E-28  1.124E-17  1.832E-18  9.411E-18
1.472E+03  2.971E-28  1.160E-17  1.897E-18  9.706E-18
1.459E+03  3.094E-28  1.197E-17  1.963E-18  1.001E-17
1.445E+03  3.223E-28  1.236E-17  2.032E-18  1.033E-17
1.432E+03  3.357E-28  1.275E-17  2.103E-18  1.065E-17
1.419E+03  3.496E-28  1.316E-17  2.177E-18  1.098E-17
1.406E+03  3.642E-28  1.358E-17  2.253E-18  1.133E-17
1.393E+03  3.793E-28  1.402E-17  2.332E-18  1.169E-17
1.380E+03  3.951E-28  1.447E-17  2.414E-18  1.205E-17
1.368E+03  4.116E-28  1.493E-17  2.499E-18  1.243E-17
1.355E+03  4.287E-28  1.541E-17  2.587E-18  1.282E-17
1.343E+03  4.465E-28  1.590E-17  2.677E-18  1.323E-17
1.330E+03  4.651E-28  1.642E-17  2.772E-18  1.364E-17
1.318E+03  4.845E-28  1.694E-17  2.869E-18  1.407E-17
1.306E+03  5.047E-28  1.749E-17  2.970E-18  1.452E-17
1.294E+03  5.257E-28  1.805E-17  3.074E-18  1.497E-17
1.282E+03  5.477E-28  1.863E-17  3.182E-18  1.545E-17
1.271E+03  5.705E-28  1.923E-17  3.294E-18  1.593E-17
1.259E+03  5.943E-28  1.985E-17  3.410E-18  1.644E-17
1.247E+03  6.191E-28  2.048E-17  3.530E-18  1.695E-17
1.236E+03  6.449E-28  2.114E-17  3.654E-18  1.749E-17
1.225E+03  6.718E-28  2.182E-17  3.782E-18  1.804E-17
1.213E+03  6.998E-28  2.252E-17  3.915E-18  1.861E-17
1.202E+03  7.290E-28  2.325E-17  4.053E-18  1.919E-17
1.191E+03  7.594E-28  2.400E-17  4.196E-18  1.980E-17
1.180E+03  7.911E-28  2.477E-17  4.343E-18  2.042E-17
1.169E+03  8.241E-28  2.556E-17  4.496E-18  2.107E-17
1.159E+03  8.585E-28  2.639E-17  4.654E-18  2.173E-17
1.148E+03  8.943E-28  2.724E-17  4.818E-18  2.242E-17
1.138E+03  9.316E-28  2.811E-17  4.987E-18  2.312E-17
1.127E+03  9.705E-28  2.902E-17  5.163E-18  2.385E-17
1.117E+03  1.011E-27  2.995E-17  5.344E-18  2.461E-17
1.107E+03  1.053E-27  3.091E-17  5.532E-18  2.538E-17
1.096E+03  1.097E-27  3.191E-17  5.727E-18  2.618E-17
1.086E+03  1.143E-27  3.293E-17  5.928E-18  2.701E-17
1.076E+03  1.191E-27  3.399E-17  6.137E-18  2.786E-17
1.067E+03  1.240E-27  3.509E-17  6.352E-18  2.873E-17
1.057E+03  1.292E-27  3.621E-17  6.576E-18  2.964E-17
1.047E+03  1.346E-27  3.738E-17  6.807E-18  3.057E-17
1.038E+03  1.402E-27  3.858E-17  7.046E-18  3.153E-17
1.028E+03  1.460E-27  3.982E-17  7.293E-18  3.253E-17
1.019E+03  1.521E-27  4.110E-17  7.550E-18  3.355E-17
1.009E+03  1.584E-27  4.242E-17  7.815E-18  3.460E-17
1.000E+03  1.650E-27  4.378E-17  8.089E-18  3.569E-17
9.908E+02  1.719E-27  4.519E-17  8.373E-18  3.682E-17
9.817E+02  1.791E-27  4.664E-17  8.667E-18  3.798E-17
9.727E+02  1.866E-27  4.814E-17  8.971E-18  3.917E-17
9.638E+02  1.944E-27  4.969E-17  9.285E-18  4.041E-17
9.550E+02  2.025E-27  5.129E-17  9.611E-18  4.168E-17
9.462E+02  2.109E-27  5.294E-17  9.947E-18  4.299E-17
9.376E+02  2.197E-27  5.464E-17  1.030E-17  4.434E-17
9.290E+02  2.289E-27  5.639E-17  1.066E-17  4.574E-17
9.204E+02  2.384E-27  5.820E-17  1.103E-17  4.717E-17
9.120E+02  2.483E-27  6.007E-17  1.142E-17  4.866E-17
9.036E+02  2.586E-27  6.200E-17  1.181E-17  5.018E-17
8.954E+02  2.694E-27  6.399E-17  1.223E-17  5.176E-17
8.872E+02  2.806E-27  6.603E-17  1.266E-17  5.338E-17
8.790E+02  2.923E-27  6.815E-17  1.310E-17  5.505E-17
8.710E+02  3.044E-27  7.033E-17  1.355E-17  5.677E-17
8.630E+02  3.170E-27  7.257E-17  1.403E-17  5.855E-17
8.551E+02  3.302E-27  7.489E-17  1.452E-17  6.038E-17
8.472E+02  3.439E-27  7.728E-17  1.502E-17  6.226E-17
8.395E+02  3.581E-27  7.975E-17  1.555E-17  6.420E-17
8.318E+02  3.730E-27  8.229E-17  1.609E-17  6.620E-17
8.241E+02  3.884E-27  8.491E-17  1.665E-17  6.826E-17
8.166E+02  4.045E-27  8.761E-17  1.723E-17  7.039E-17
8.091E+02  4.212E-27  9.040E-17  1.783E-17  7.257E-17
8.017E+02  4.386E-27  9.327E-17  1.845E-17  7.483E-17
7.943E+02  4.567E-27  9.624E-17  1.909E-17  7.715E-17
7.870E+02  4.756E-27  9.929E-17  1.975E-17  7.954E-17
7.798E+02  4.952E-27  1.024E-16  2.044E-17  8.200E-17
7.727E+02  5.157E-27  1.057E-16  2.115E-17  8.454E-17
7.656E+02  5.369E-27  1.090E-16  2.188E-17  8.716E-17
7.586E+02  5.591E-27  1.125E-16  2.264E-17  8.986E-17
7.516E+02  5.821E-27  1.161E-16  2.342E-17  9.263E-17
7.447E+02  6.061E-27  1.197E-16  2.423E-17  9.551E-17
7.379E+02  6.312E-27  1.235E-16  2.507E-17  9.847E-17
7.311E+02  6.572E-27  1.275E-16  2.594E-17  1.015E-16
7.244E+02  6.844E-27  1.315E-16  2.683E-17  1.047E-16
7.178E+02  7.126E-27  1.357E-16  2.776E-17  1.079E-16
7.112E+02  7.421E-27  1.400E-16  2.871E-17  1.113E-16
7.047E+02  7.728E-27  1.445E-16  2.970E-17  1.147E-16
6.982E+02  8.047E-27  1.490E-16  3.073E-17  1.183E-16
6.918E+02  8.380E-27  1.538E-16  3.178E-17  1.220E-16
6.855E+02  8.726E-27  1.587E-16  3.288E-17  1.258E-16
6.792E+02  9.087E-27  1.637E-16  3.401E-17  1.297E-16
6.730E+02  9.461E-27  1.689E-16  3.517E-17  1.337E-16
6.668E+02  9.851E-27  1.742E-16  3.638E-17  1.379E-16
6.607E+02  1.026E-26  1.798E-16  3.763E-17  1.421E-16
6.546E+02  1.068E-26  1.855E-16  3.892E-17  1.466E-16
6.486E+02  1.112E-26  1.914E-16  4.025E-17  1.511E-16
6.427E+02  1.159E-26  1.975E-16  4.163E-17  1.559E-16
6.368E+02  1.207E-26  2.038E-16  4.305E-17  1.608E-16
6.310E+02  1.257E-26  2.103E-16  4.452E-17  1.658E-16
6.252E+02  1.309E-26  2.170E-16  4.604E-17  1.710E-16
6.194E+02  1.363E-26  2.240E-16  4.761E-17  1.764E-16
6.138E+02  1.420E-26  2.311E-16  4.923E-17  1.819E-16
6.081E+02  1.479E-26  2.385E-16  5.090E-17  1.876E-16
6.026E+02  1.540E-26  2.462E-16  5.263E-17  1.935E-16
5.970E+02  1.604E-26  2.541E-16  5.442E-17  1.996E-16
5.916E+02  1.671E-26  2.622E-16  5.627E-17  2.059E-16
5.861E+02  1.740E-26  2.706E-16  5.818E-17  2.124E-16
5.808E+02  1.813E-26  2.793E-16  6.015E-17  2.191E-16
5.754E+02  1.888E-26  2.882E-16  6.219E-17  2.260E-16
5.702E+02  1.967E-26  2.975E-16  6.429E-17  2.332E-16
5.649E+02  2.049E-26  3.070E-16  6.646E-17  2.405E-16
5.598E+02  2.134E-26  3.169E-16  6.871E-17  2.482E-16
5.546E+02  2.223E-26  3.270E-16  7.102E-17  2.560E-16
5.495E+02  2.316E-26  3.376E-16  7.342E-17  2.641E-16
5.445E+02  2.412E-26  3.484E-16  7.589E-17  2.725E-16
5.395E+02  2.513E-26  3.596E-16  7.844E-17  2.812E-16
5.346E+02  2.618E-26  3.712E-16  8.108E-17  2.901E-16
5.297E+02  2.727E-26  3.831E-16  8.380E-17  2.994E-16
5.248E+02  2.841E-26  3.955E-16  8.661E-17  3.089E-16
5.200E+02  2.960E-26  4.082E-16  8.951E-17  3.187E-16
5.152E+02  3.083E-26  4.214E-16  9.251E-17  3.289E-16
5.105E+02  3.212E-26  4.350E-16  9.560E-17  3.394E-16
5.058E+02  3.346E-26  4.490E-16  9.879E-17  3.502E-16
5.012E+02  3.486E-26  4.635E-16  1.021E-16  3.614E-16
4.966E+02  3.632E-26  4.784E-16  1.055E-16  3.730E-16
4.920E+02  3.784E-26  4.939E-16  1.090E-16  3.849E-16
4.875E+02  3.942E-26  5.098E-16  1.126E-16  3.972E-16
4.831E+02  4.107E-26  5.263E-16  1.164E-16  4.099E-16
4.786E+02  4.279E-26  5.433E-16  1.202E-16  4.231E-16
4.742E+02  4.458E-26  5.608E-16  1.242E-16  4.366E-16
4.699E+02  4.645E-26  5.790E-16  1.283E-16  4.506E-16
4.656E+02  4.839E-26  5.977E-16  1.326E-16  4.651E-16
4.613E+02  5.042E-26  6.170E-16  1.370E-16  4.800E-16
4.571E+02  5.253E-26  6.369E-16  1.415E-16  4.954E-16
4.529E+02  5.473E-26  6.575E-16  1.461E-16  5.114E-16
4.487E+02  5.702E-26  6.788E-16  1.510E-16  5.278E-16
4.446E+02  5.941E-26  7.007E-16  1.559E-16  5.448E-16
4.406E+02  6.190E-26  7.234E-16  1.610E-16  5.623E-16
4.365E+02  6.449E-26  7.467E-16  1.663E-16  5.804E-16
4.325E+02  6.719E-26  7.709E-16  1.718E-16  5.991E-16
4.285E+02  7.001E-26  7.958E-16  1.774E-16  6.184E-16
4.246E+02  7.294E-26  8.215E-16  1.832E-16  6.383E-16
4.207E+02  7.600E-26  8.481E-16  1.892E-16  6.589E-16
4.169E+02  7.918E-26  8.756E-16  1.954E-16  6.802E-16
4.130E+02  8.250E-26  9.039E-16  2.017E-16  7.022E-16
4.093E+02  8.596E-26  9.332E-16  2.083E-16  7.249E-16
4.055E+02  8.956E-26  9.634E-16  2.151E-16  7.483E-16
4.018E+02  9.332E-26  9.946E-16  2.221E-16  7.725E-16
3.981E+02  9.723E-26  1.027E-15  2.293E-16  7.975E-16
3.945E+02  1.013E-25  1.060E-15  2.367E-16  8.234E-16
3.908E+02  1.056E-25  1.094E-15  2.443E-16  8.501E-16
3.873E+02  1.100E-25  1.130E-15  2.522E-16  8.777E-16
3.837E+02  1.146E-25  1.167E-15  2.604E-16  9.062E-16
3.802E+02  1.194E-25  1.204E-15  2.688E-16  9.356E-16
3.767E+02  1.244E-25  1.243E-15  2.774E-16  9.660E-16
3.733E+02  1.297E-25  1.284E-15  2.863E-16  9.974E-16
3.698E+02  1.351E-25  1.325E-15  2.955E-16  1.030E-15
3.664E+02  1.408E-25  1.368E-15  3.050E-16  1.063E-15
3.631E+02  1.467E-25  1.413E-15  3.147E-16  1.098E-15
3.597E+02  1.528E-25  1.458E-15  3.248E-16  1.134E-15
3.565E+02  1.592E-25  1.506E-15  3.352E-16  1.170E-15
3.532E+02  1.659E-25  1.554E-15  3.459E-16  1.209E-15
3.499E+02  1.729E-25  1.605E-15  3.569E-16  1.248E-15
3.467E+02  1.801E-25  1.657E-15  3.682E-16  1.288E-15
3.436E+02  1.877E-25  1.710E-15  3.799E-16  1.330E-15
3.404E+02  1.955E-25  1.766E-15  3.919E-16  1.374E-15
3.373E+02  2.037E-25  1.823E-15  4.043E-16  1.418E-15
3.342E+02  2.123E-25  1.882E-15  4.171E-16  1.465E-15
3.311E+02  2.212E-25  1.942E-15  4.303E-16  1.512E-15
3.281E+02  2.304E-25  2.005E-15  4.438E-16  1.561E-15
3.251E+02  2.400E-25  2.070E-15  4.578E-16  1.612E-15
3.221E+02  2.501E-25  2.137E-15  4.722E-16  1.665E-15
3.192E+02  2.605E-25  2.206E-15  4.870E-16  1.719E-15
3.162E+02  2.714E-25  2.277E-15  5.022E-16  1.775E-15
3.133E+02  2.828E-25  2.350E-15  5.179E-16  1.832E-15
3.105E+02  2.946E-25  2.426E-15  5.341E-16  1.892E-15
3.076E+02  3.069E-25  2.504E-15  5.507E-16  1.953E-15
3.048E+02  3.197E-25  2.585E-15  5.679E-16  2.017E-15
3.020E+02  3.330E-25  2.668E-15  5.855E-16  2.082E-15
2.992E+02  3.469E-25  2.753E-15  6.037E-16  2.150E-15
2.965E+02  3.613E-25  2.842E-15  6.224E-16  2.219E-15
2.938E+02  3.764E-25  2.933E-15  6.416E-16  2.291E-15
2.911E+02  3.920E-25  3.027E-15  6.614E-16  2.365E-15
2.884E+02  4.083E-25  3.124E-15  6.818E-16  2.442E-15
2.858E+02  4.253E-25  3.224E-15  7.027E-16  2.521E-15
2.831E+02  4.429E-25  3.327E-15  7.243E-16  2.602E-15
2.805E+02  4.613E-25  3.433E-15  7.465E-16  2.687E-15
2.780E+02  4.804E-25  3.543E-15  7.693E-16  2.773E-15
2.754E+02  5.004E-25  3.655E-15  7.928E-16  2.863E-15
2.729E+02  5.211E-25  3.772E-15  8.170E-16  2.955E-15
2.704E+02  5.428E-25  3.893E-15  8.418E-16  3.051E-15
2.679E+02  5.653E-25  4.017E-15  8.674E-16  3.150E-15
2.655E+02  5.888E-25  4.146E-15  8.936E-16  3.252E-15
2.630E+02  6.132E-25  4.278E-15  9.207E-16  3.357E-15
2.606E+02  6.386E-25  4.415E-15  9.485E-16  3.466E-15
2.582E+02  6.650E-25  4.555E-15  9.770E-16  3.578E-15
2.559E+02  6.924E-25  4.699E-15  1.006E-15  3.693E-15
2.535E+02  7.208E-25  4.847E-15  1.037E-15  3.810E-15
2.512E+02  7.501E-25  4.998E-15  1.068E-15  3.930E-15
2.489E+02  7.802E-25  5.151E-15  1.100E-15  4.051E-15
2.466E+02  8.109E-25  5.304E-15  1.132E-15  4.172E-15
2.443E+02  8.426E-25  5.461E-15  1.166E-15  4.295E-15
2.421E+02  8.752E-25  5.621E-15  1.201E-15  4.420E-15
2.399E+02  9.089E-25  5.783E-15  1.236E-15  4.547E-15
2.377E+02  9.433E-25  5.947E-15  1.273E-15  4.674E-15
2.355E+02  9.788E-25  6.115E-15  1.310E-15  4.804E-15
2.333E+02  1.016E-24  6.287E-15  1.349E-15  4.938E-15
2.312E+02  1.054E-24  6.463E-15  1.389E-15  5.074E-15
2.291E+02  1.093E-24  6.643E-15  1.429E-15  5.214E-15
2.270E+02  1.134E-24  6.828E-15  1.471E-15  5.357E-15
2.249E+02  1.176E-24  7.017E-15  1.514E-15  5.503E-15
2.228E+02  1.220E-24  7.211E-15  1.558E-15  5.653E-15
2.208E+02  1.265E-24  7.410E-15  1.604E-15  5.807E-15
2.188E+02  1.312E-24  7.614E-15  1.650E-15  5.964E-15
2.168E+02  1.360E-24  7.822E-15  1.698E-15  6.125E-15
2.148E+02  1.410E-24  8.036E-15  1.747E-15  6.289E-15
2.128E+02  1.462E-24  8.254E-15  1.797E-15  6.457E-15
2.109E+02  1.516E-24  8.477E-15  1.849E-15  6.628E-15
2.089E+02  1.571E-24  8.705E-15  1.901E-15  6.804E-15
2.070E+02  1.628E-24  8.939E-15  1.956E-15  6.983E-15
2.051E+02  1.687E-24  9.178E-15  2.012E-15  7.166E-15
2.032E+02  1.748E-24  9.422E-15  2.069E-15  7.353E-15
2.014E+02  1.811E-24  9.671E-15  2.127E-15  7.544E-15
1.995E+02  1.876E-24  9.926E-15  2.187E-15  7.739E-15
1.977E+02  1.943E-24  1.019E-14  2.249E-15  7.938E-15
1.959E+02  2.012E-24  1.045E-14  2.312E-15  8.140E-15
1.941E+02  2.083E-24  1.072E-14  2.377E-15  8.347E-15
1.923E+02  2.157E-24  1.100E-14  2.444E-15  8.558E-15
1.905E+02  2.233E-24  1.129E-14  2.512E-15  8.774E-15
1.888E+02  2.311E-24  1.157E-14  2.582E-15  8.993E-15
1.871E+02  2.392E-24  1.187E-14  2.653E-15  9.217E-15
1.854E+02  2.476E-24  1.217E-14  2.727E-15  9.445E-15
1.837E+02  2.562E-24  1.248E-14  2.802E-15  9.677E-15
1.820E+02  2.650E-24  1.279E-14  2.879E-15  9.914E-15
1.803E+02  2.742E-24  1.311E-14  2.958E-15  1.016E-14
1.786E+02  2.836E-24  1.344E-14  3.039E-15  1.040E-14
1.770E+02  2.933E-24  1.377E-14  3.122E-15  1.065E-14
1.754E+02  3.033E-24  1.411E-14  3.206E-15  1.090E-14
1.738E+02  3.136E-24  1.446E-14  3.293E-15  1.116E-14
1.722E+02  3.242E-24  1.481E-14  3.382E-15  1.143E-14
1.706E+02  3.352E-24  1.517E-14  3.473E-15  1.169E-14
1.690E+02  3.464E-24  1.553E-14  3.567E-15  1.197E-14
1.675E+02  3.580E-24  1.591E-14  3.662E-15  1.224E-14
1.660E+02  3.699E-24  1.628E-14  3.760E-15  1.252E-14
1.644E+02  3.822E-24  1.667E-14  3.860E-15  1.281E-14
1.629E+02  3.948E-24  1.706E-14  3.962E-15  1.310E-14
1.614E+02  4.078E-24  1.746E-14  4.067E-15  1.339E-14
1.600E+02  4.211E-24  1.787E-14  4.174E-15  1.369E-14
1.585E+02  4.349E-24  1.828E-14  4.284E-15  1.400E-14
1.570E+02  4.490E-24  1.870E-14  4.396E-15  1.431E-14
1.556E+02  4.635E-24  1.913E-14  4.511E-15  1.462E-14
1.542E+02  4.784E-24  1.956E-14  4.628E-15  1.493E-14
1.528E+02  4.937E-24  2.000E-14  4.748E-15  1.526E-14
1.514E+02  5.094E-24  2.045E-14  4.871E-15  1.558E-14
1.500E+02  5.256E-24  2.091E-14  4.996E-15  1.591E-14
1.486E+02  5.422E-24  2.137E-14  5.125E-15  1.625E-14
1.472E+02  5.592E-24  2.184E-14  5.256E-15  1.658E-14
1.459E+02  5.767E-24  2.232E-14  5.389E-15  1.693E-14
1.445E+02  5.946E-24  2.280E-14  5.526E-15  1.727E-14
1.432E+02  6.131E-24  2.329E-14  5.666E-15  1.762E-14
1.419E+02  6.319E-24  2.379E-14  5.809E-15  1.798E-14
1.406E+02  6.513E-24  2.429E-14  5.954E-15  1.834E-14
1.393E+02  6.712E-24  2.480E-14  6.103E-15  1.870E-14
1.380E+02  6.915E-24  2.532E-14  6.255E-15  1.907E-14
1.368E+02  7.124E-24  2.585E-14  6.411E-15  1.943E-14
1.355E+02  7.338E-24  2.638E-14  6.569E-15  1.981E-14
1.343E+02  7.556E-24  2.691E-14  6.731E-15  2.018E-14
1.330E+02  7.780E-24  2.746E-14  6.896E-15  2.056E-14
1.318E+02  8.010E-24  2.801E-14  7.065E-15  2.094E-14
1.306E+02  8.244E-24  2.856E-14  7.237E-15  2.133E-14
1.294E+02  8.484E-24  2.913E-14  7.413E-15  2.171E-14
1.282E+02  8.730E-24  2.969E-14  7.592E-15  2.210E-14
1.271E+02  8.981E-24  3.027E-14  7.775E-15  2.249E-14
1.259E+02  9.237E-24  3.085E-14  7.961E-15  2.289E-14
1.247E+02  9.499E-24  3.143E-14  8.151E-15  2.328E-14
1.236E+02  9.767E-24  3.202E-14  8.345E-15  2.368E-14
1.225E+02  1.004E-23  3.262E-14  8.542E-15  2.408E-14
1.213E+02  1.032E-23  3.322E-14  8.744E-15  2.448E-14
1.202E+02  1.061E-23  3.383E-14  8.949E-15  2.488E-14
1.191E+02  1.090E-23  3.444E-14  9.158E-15  2.528E-14
1.180E+02  1.120E-23  3.505E-14  9.371E-15  2.568E-14
1.169E+02  1.150E-23  3.567E-14  9.587E-15  2.608E-14
1.159E+02  1.181E-23  3.629E-14  9.808E-15  2.648E-14
1.148E+02  1.212E-23  3.692E-14  1.003E-14  2.688E-14
1.138E+02  1.244E-23  3.754E-14  1.026E-14  2.728E-14
1.127E+02  1.277E-23  3.818E-14  1.049E-14  2.768E-14
1.117E+02  1.310E-23  3.882E-14  1.073E-14  2.809E-14
1.107E+02  1.344E-23  3.946E-14  1.097E-14  2.849E-14
1.096E+02  1.379E-23  4.011E-14  1.122E-14  2.889E-14
1.086E+02  1.414E-23  4.075E-14  1.147E-14  2.929E-14
1.076E+02  1.450E-23  4.140E-14  1.172E-14  2.968E-14
1.067E+02  1.487E-23  4.206E-14  1.198E-14  3.008E-14
1.057E+02  1.524E-23  4.271E-14  1.224E-14  3.047E-14
1.047E+02  1.561E-23  4.337E-14  1.250E-14  3.086E-14
1.038E+02  1.600E-23  4.403E-14  1.277E-14  3.125E-14
1.028E+02  1.639E-23  4.468E-14  1.305E-14  3.164E-14
1.019E+02  1.678E-23  4.534E-14  1.332E-14  3.201E-14
1.009E+02  1.718E-23  4.599E-14  1.361E-14  3.239E-14
1.000E+02  1.759E-23  4.665E-14  1.389E-14  3.276E-14
9.908E+01  1.800E-23  4.730E-14  1.418E-14  3.312E-14
9.817E+01  1.842E-23  4.796E-14  1.447E-14  3.348E-14
9.727E+01  1.884E-23  4.861E-14  1.477E-14  3.384E-14
9.638E+01  1.927E-23  4.926E-14  1.507E-14  3.418E-14
9.550E+01  1.970E-23  4.990E-14  1.538E-14  3.453E-14
9.462E+01  2.014E-23  5.055E-14  1.569E-14  3.486E-14
9.376E+01  2.058E-23  5.119E-14  1.600E-14  3.519E-14
9.290E+01  2.103E-23  5.183E-14  1.631E-14  3.551E-14
9.204E+01  2.149E-23  5.246E-14  1.663E-14  3.583E-14
9.120E+01  2.194E-23  5.309E-14  1.695E-14  3.613E-14
9.036E+01  2.241E-23  5.371E-14  1.728E-14  3.643E-14
8.954E+01  2.287E-23  5.432E-14  1.761E-14  3.672E-14
8.872E+01  2.334E-23  5.493E-14  1.794E-14  3.700E-14
8.790E+01  2.382E-23  5.554E-14  1.827E-14  3.727E-14
8.710E+01  2.430E-23  5.614E-14  1.861E-14  3.753E-14
8.630E+01  2.478E-23  5.673E-14  1.895E-14  3.778E-14
8.551E+01  2.527E-23  5.732E-14  1.930E-14  3.802E-14
8.472E+01  2.576E-23  5.789E-14  1.965E-14  3.825E-14
8.395E+01  2.625E-23  5.846E-14  2.000E-14  3.846E-14
8.318E+01  2.675E-23  5.902E-14  2.035E-14  3.867E-14
8.241E+01  2.725E-23  5.957E-14  2.071E-14  3.886E-14
8.166E+01  2.775E-23  6.011E-14  2.107E-14  3.904E-14
8.091E+01  2.826E-23  6.064E-14  2.143E-14  3.921E-14
8.017E+01  2.876E-23  6.116E-14  2.180E-14  3.937E-14
7.943E+01  2.927E-23  6.167E-14  2.216E-14  3.951E-14
7.870E+01  2.978E-23  6.217E-14  2.253E-14  3.964E-14
7.798E+01  3.029E-23  6.266E-14  2.290E-14  3.975E-14
7.727E+01  3.080E-23  6.313E-14  2.328E-14  3.985E-14
7.656E+01  3.132E-23  6.360E-14  2.365E-14  3.994E-14
7.586E+01  3.183E-23  6.405E-14  2.403E-14  4.002E-14
7.516E+01  3.235E-23  6.449E-14  2.441E-14  4.008E-14
7.447E+01  3.286E-23  6.492E-14  2.479E-14  4.013E-14
7.379E+01  3.338E-23  6.533E-14  2.517E-14  4.015E-14
7.311E+01  3.389E-23  6.572E-14  2.556E-14  4.016E-14
7.244E+01  3.440E-23  6.610E-14  2.594E-14  4.016E-14
7.178E+01  3.491E-23  6.646E-14  2.633E-14  4.013E-14
7.112E+01  3.541E-23  6.681E-14  2.671E-14  4.009E-14
7.047E+01  3.592E-23  6.715E-14  2.710E-14  4.005E-14
6.982E+01  3.643E-23  6.748E-14  2.749E-14  4.000E-14
6.918E+01  3.694E-23  6.779E-14  2.787E-14  3.992E-14
6.855E+01  3.744E-23  6.808E-14  2.826E-14  3.982E-14
6.792E+01  3.794E-23  6.835E-14  2.865E-14  3.970E-14
6.730E+01  3.843E-23  6.860E-14  2.904E-14  3.957E-14
6.668E+01  3.892E-23  6.884E-14  2.942E-14  3.942E-14
6.607E+01  3.941E-23  6.907E-14  2.981E-14  3.926E-14
6.546E+01  3.990E-23  6.928E-14  3.020E-14  3.908E-14
6.486E+01  4.038E-23  6.947E-14  3.058E-14  3.889E-14
6.427E+01  4.085E-23  6.964E-14  3.097E-14  3.867E-14
6.368E+01  4.132E-23  6.979E-14  3.135E-14  3.844E-14
6.310E+01  4.179E-23  6.994E-14  3.173E-14  3.820E-14
6.252E+01  4.225E-23  7.006E-14  3.211E-14  3.795E-14
6.194E+01  4.271E-23  7.017E-14  3.249E-14  3.768E-14
6.138E+01  4.316E-23  7.027E-14  3.287E-14  3.740E-14
6.081E+01  4.361E-23  7.034E-14  3.325E-14  3.710E-14
6.026E+01  4.405E-23  7.040E-14  3.362E-14  3.678E-14
5.970E+01  4.448E-23  7.044E-14  3.399E-14  3.645E-14
5.916E+01  4.491E-23  7.046E-14  3.436E-14  3.611E-14
5.861E+01  4.532E-23  7.047E-14  3.472E-14  3.574E-14
5.808E+01  4.573E-23  7.045E-14  3.508E-14  3.537E-14
5.754E+01  4.613E-23  7.042E-14  3.544E-14  3.498E-14
5.702E+01  4.653E-23  7.037E-14  3.579E-14  3.457E-14
5.649E+01  4.691E-23  7.030E-14  3.614E-14  3.416E-14
5.598E+01  4.729E-23  7.022E-14  3.649E-14  3.373E-14
5.546E+01  4.767E-23  7.013E-14  3.683E-14  3.330E-14
5.495E+01  4.804E-23  7.002E-14  3.717E-14  3.285E-14
5.445E+01  4.840E-23  6.990E-14  3.750E-14  3.240E-14
5.395E+01  4.875E-23  6.976E-14  3.783E-14  3.194E-14
5.346E+01  4.909E-23  6.961E-14  3.815E-14  3.146E-14
5.297E+01  4.943E-23  6.944E-14  3.846E-14  3.098E-14
5.248E+01  4.975E-23  6.926E-14  3.877E-14  3.048E-14
5.200E+01  5.007E-23  6.906E-14  3.907E-14  2.998E-14
5.152E+01  5.037E-23  6.884E-14  3.937E-14  2.947E-14
5.105E+01  5.067E-23  6.861E-14  3.966E-14  2.896E-14
5.058E+01  5.096E-23  6.837E-14  3.994E-14  2.843E-14
5.012E+01  5.123E-23  6.811E-14  4.021E-14  2.790E-14
4.966E+01  5.150E-23  6.784E-14  4.047E-14  2.736E-14
4.920E+01  5.176E-23  6.755E-14  4.073E-14  2.682E-14
4.875E+01  5.200E-23  6.725E-14  4.098E-14  2.628E-14
4.831E+01  5.224E-23  6.694E-14  4.121E-14  2.573E-14
4.786E+01  5.247E-23  6.661E-14  4.144E-14  2.518E-14
4.742E+01  5.268E-23  6.627E-14  4.165E-14  2.463E-14
4.699E+01  5.289E-23  6.592E-14  4.185E-14  2.407E-14
4.656E+01  5.308E-23  6.555E-14  4.204E-14  2.352E-14
4.613E+01  5.326E-23  6.517E-14  4.221E-14  2.296E-14
4.571E+01  5.343E-23  6.478E-14  4.237E-14  2.241E-14
4.529E+01  5.358E-23  6.437E-14  4.251E-14  2.186E-14
4.487E+01  5.372E-23  6.395E-14  4.264E-14  2.131E-14
4.446E+01  5.385E-23  6.351E-14  4.275E-14  2.076E-14
4.406E+01  5.396E-23  6.306E-14  4.285E-14  2.021E-14
4.365E+01  5.406E-23  6.260E-14  4.292E-14  1.967E-14
4.325E+01  5.414E-23  6.211E-14  4.298E-14  1.913E-14
4.285E+01  5.420E-23  6.161E-14  4.302E-14  1.860E-14
4.246E+01  5.424E-23  6.109E-14  4.303E-14  1.807E-14
4.207E+01  5.426E-23  6.056E-14  4.302E-14  1.754E-14
4.169E+01  5.426E-23  6.000E-14  4.298E-14  1.702E-14
4.130E+01  5.424E-23  5.943E-14  4.293E-14  1.650E-14
4.093E+01  5.419E-23  5.883E-14  4.284E-14  1.599E-14
4.055E+01  5.412E-23  5.821E-14  4.273E-14  1.548E-14
4.018E+01  5.402E-23  5.757E-14  4.258E-14  1.499E-14
3.981E+01  5.389E-23  5.691E-14  4.241E-14  1.449E-14
3.945E+01  5.373E-23  5.622E-14  4.221E-14  1.401E-14
3.908E+01  5.354E-23  5.551E-14  4.197E-14  1.353E-14
3.873E+01  5.332E-23  5.477E-14  4.171E-14  1.307E-14
3.837E+01  5.307E-23  5.401E-14  4.141E-14  1.261E-14
3.802E+01  5.278E-23  5.322E-14  4.107E-14  1.215E-14
3.767E+01  5.245E-23  5.241E-14  4.070E-14  1.171E-14
3.733E+01  5.208E-23  5.157E-14  4.029E-14  1.127E-14
3.698E+01  5.168E-23  5.069E-14  3.985E-14  1.084E-14
3.664E+01  5.123E-23  4.980E-14  3.937E-14  1.042E-14
3.631E+01  5.075E-23  4.888E-14  3.886E-14  1.002E-14
3.597E+01  5.023E-23  4.793E-14  3.831E-14  9.619E-15
3.565E+01  4.967E-23  4.696E-14  3.773E-14  9.233E-15
3.532E+01  4.907E-23  4.597E-14  3.711E-14  8.858E-15
3.499E+01  4.844E-23  4.496E-14  3.647E-14  8.495E-15
3.467E+01  4.776E-23  4.393E-14  3.579E-14  8.142E-15
3.436E+01  4.706E-23  4.288E-14  3.508E-14  7.801E-15
3.404E+01  4.631E-23  4.182E-14  3.435E-14  7.470E-15
3.373E+01  4.554E-23  4.074E-14  3.359E-14  7.150E-15
3.342E+01  4.474E-23  3.966E-14  3.282E-14  6.842E-15
3.311E+01  4.391E-23  3.857E-14  3.202E-14  6.546E-15
3.281E+01  4.306E-23  3.747E-14  3.121E-14  6.261E-15
3.251E+01  4.218E-23  3.638E-14  3.039E-14  5.986E-15
3.221E+01  4.129E-23  3.528E-14  2.956E-14  5.721E-15
3.192E+01  4.039E-23  3.419E-14  2.872E-14  5.465E-15
3.162E+01  3.947E-23  3.311E-14  2.789E-14  5.219E-15
3.133E+01  3.855E-23  3.204E-14  2.705E-14  4.982E-15
3.105E+01  3.762E-23  3.098E-14  2.622E-14  4.754E-15
3.076E+01  3.669E-23  2.994E-14  2.540E-14  4.535E-15
3.048E+01  3.577E-23  2.892E-14  2.459E-14  4.325E-15
3.020E+01  3.486E-23  2.792E-14  2.380E-14  4.123E-15
2.992E+01  3.395E-23  2.695E-14  2.302E-14  3.929E-15
2.965E+01  3.306E-23  2.600E-14  2.226E-14  3.742E-15
2.938E+01  3.218E-23  2.508E-14  2.152E-14  3.563E-15
2.911E+01  3.133E-23  2.419E-14  2.080E-14  3.391E-15
2.884E+01  3.049E-23  2.333E-14  2.010E-14  3.227E-15
2.858E+01  2.968E-23  2.250E-14  1.943E-14  3.069E-15
2.831E+01  2.889E-23  2.170E-14  1.878E-14  2.919E-15
2.805E+01  2.813E-23  2.093E-14  1.816E-14  2.775E-15
2.780E+01  2.740E-23  2.020E-14  1.756E-14  2.638E-15
2.754E+01  2.669E-23  1.950E-14  1.699E-14  2.507E-15
2.729E+01  2.601E-23  1.883E-14  1.645E-14  2.383E-15
2.704E+01  2.536E-23  1.819E-14  1.592E-14  2.264E-15
2.679E+01  2.473E-23  1.758E-14  1.543E-14  2.151E-15
2.655E+01  2.414E-23  1.700E-14  1.495E-14  2.043E-15
2.630E+01  2.357E-23  1.644E-14  1.450E-14  1.940E-15
2.606E+01  2.302E-23  1.592E-14  1.407E-14  1.843E-15
2.582E+01  2.251E-23  1.542E-14  1.367E-14  1.750E-15
2.559E+01  2.201E-23  1.494E-14  1.328E-14  1.661E-15
2.535E+01  2.154E-23  1.449E-14  1.291E-14  1.577E-15
2.512E+01  2.110E-23  1.406E-14  1.256E-14  1.497E-15
2.489E+01  2.067E-23  1.365E-14  1.223E-14  1.421E-15
2.466E+01  2.027E-23  1.326E-14  1.191E-14  1.349E-15
2.443E+01  1.988E-23  1.288E-14  1.160E-14  1.280E-15
2.421E+01  1.951E-23  1.253E-14  1.132E-14  1.214E-15
2.399E+01  1.916E-23  1.219E-14  1.104E-14  1.151E-15
2.377E+01  1.882E-23  1.187E-14  1.077E-14  1.092E-15
2.355E+01  1.850E-23  1.156E-14  1.052E-14  1.037E-15
2.333E+01  1.820E-23  1.126E-14  1.028E-14  9.837E-16
2.312E+01  1.790E-23  1.098E-14  1.005E-14  9.322E-16
2.291E+01  1.762E-23  1.071E-14  9.822E-15  8.838E-16
2.270E+01  1.735E-23  1.044E-14  9.606E-15  8.394E-16
2.249E+01  1.709E-23  1.020E-14  9.397E-15  7.982E-16
2.228E+01  1.684E-23  9.955E-15  9.196E-15  7.596E-16
2.208E+01  1.660E-23  9.723E-15  9.000E-15  7.223E-16
2.188E+01  1.636E-23  9.497E-15  8.811E-15  6.857E-16
2.168E+01  1.613E-23  9.277E-15  8.627E-15  6.504E-16
2.148E+01  1.591E-23  9.064E-15  8.448E-15  6.169E-16
2.128E+01  1.569E-23  8.859E-15  8.273E-15  5.858E-16
2.109E+01  1.548E-23  8.659E-15  8.103E-15  5.569E-16
2.089E+01  1.527E-23  8.465E-15  7.936E-15  5.292E-16
2.070E+01  1.507E-23  8.276E-15  7.774E-15  5.023E-16
2.051E+01  1.487E-23  8.092E-15  7.615E-15  4.766E-16
2.032E+01  1.468E-23  7.913E-15  7.461E-15  4.527E-16
2.014E+01  1.449E-23  7.742E-15  7.311E-15  4.315E-16
1.995E+01  1.432E-23  7.577E-15  7.166E-15  4.111E-16
1.977E+01  1.415E-23  7.420E-15  7.029E-15  3.912E-16
1.959E+01  1.400E-23  7.275E-15  6.904E-15  3.715E-16
1.941E+01  1.390E-23  7.154E-15  6.802E-15  3.521E-16
1.923E+01  1.391E-23  7.094E-15  6.761E-15  3.329E-16
1.905E+01  1.427E-23  7.211E-15  6.897E-15  3.140E-16
1.888E+01  1.450E-23  7.262E-15  6.967E-15  2.953E-16
1.871E+01  1.363E-23  6.765E-15  6.488E-15  2.770E-16
1.854E+01  1.322E-23  6.500E-15  6.241E-15  2.590E-16
1.837E+01  1.306E-23  6.364E-15  6.123E-15  2.414E-16
1.820E+01  1.306E-23  6.306E-15  6.081E-15  2.244E-16
1.803E+01  1.332E-23  6.372E-15  6.164E-15  2.080E-16
1.786E+01  1.391E-23  6.591E-15  6.399E-15  1.923E-16
1.770E+01  1.377E-23  6.467E-15  6.289E-15  1.773E-16
1.754E+01  1.431E-23  6.658E-15  6.495E-15  1.628E-16
1.738E+01  1.590E-23  7.329E-15  7.180E-15  1.491E-16
1.722E+01  1.533E-23  7.001E-15  6.864E-15  1.362E-16
1.706E+01  1.507E-23  6.819E-15  6.694E-15  1.243E-16
1.690E+01  1.435E-23  6.434E-15  6.321E-15  1.132E-16
1.675E+01  1.340E-23  5.952E-15  5.850E-15  1.028E-16
1.660E+01  1.325E-23  5.833E-15  5.740E-15  9.316E-17
1.644E+01  1.486E-23  6.482E-15  6.398E-15  8.424E-17
1.629E+01  1.118E-23  4.833E-15  4.757E-15  7.605E-17
1.614E+01  9.570E-24  4.098E-15  4.030E-15  6.860E-17
1.600E+01  8.855E-24  3.757E-15  3.695E-15  6.183E-17
1.585E+01  8.327E-24  3.501E-15  3.445E-15  5.567E-17
1.570E+01  7.776E-24  3.239E-15  3.189E-15  5.009E-17
1.556E+01  7.349E-24  3.033E-15  2.988E-15  4.505E-17
1.542E+01  6.992E-24  2.859E-15  2.819E-15  4.050E-17
1.528E+01  6.673E-24  2.704E-15  2.668E-15  3.641E-17
1.514E+01  6.384E-24  2.563E-15  2.530E-15  3.273E-17
1.500E+01  6.119E-24  2.434E-15  2.405E-15  2.946E-17
1.486E+01  5.881E-24  2.318E-15  2.292E-15  2.649E-17
1.472E+01  5.674E-24  2.216E-15  2.192E-15  2.382E-17
1.459E+01  5.516E-24  2.134E-15  2.113E-15  2.142E-17
1.445E+01  5.448E-24  2.089E-15  2.070E-15  1.935E-17
1.432E+01  5.565E-24  2.114E-15  2.097E-15  1.756E-17
1.419E+01  5.704E-24  2.147E-15  2.131E-15  1.604E-17
1.406E+01  5.279E-24  1.969E-15  1.954E-15  1.478E-17
1.393E+01  4.974E-24  1.838E-15  1.824E-15  1.375E-17
1.380E+01  4.957E-24  1.815E-15  1.802E-15  1.290E-17
1.368E+01  5.176E-24  1.878E-15  1.866E-15  1.221E-17
1.355E+01  5.475E-24  1.968E-15  1.957E-15  1.161E-17
1.343E+01  5.363E-24  1.910E-15  1.899E-15  1.108E-17
1.330E+01  4.856E-24  1.714E-15  1.703E-15  1.057E-17
1.318E+01  4.505E-24  1.575E-15  1.565E-15  1.010E-17
1.306E+01  4.476E-24  1.551E-15  1.541E-15  9.625E-18
1.294E+01  4.789E-24  1.644E-15  1.635E-15  9.180E-18
1.282E+01  5.484E-24  1.865E-15  1.857E-15  8.777E-18
1.271E+01  6.330E-24  2.134E-15  2.125E-15  8.396E-18
1.259E+01  6.363E-24  2.125E-15  2.117E-15  8.025E-18
1.247E+01  5.332E-24  1.764E-15  1.757E-15  7.659E-18
1.236E+01  4.363E-24  1.430E-15  1.423E-15  7.296E-18
1.225E+01  3.909E-24  1.270E-15  1.263E-15  6.929E-18
1.213E+01  3.854E-24  1.240E-15  1.234E-15  6.590E-18
1.202E+01  3.861E-24  1.231E-15  1.225E-15  6.282E-18
1.191E+01  3.538E-24  1.118E-15  1.112E-15  5.979E-18
1.180E+01  3.075E-24  9.626E-16  9.569E-16  5.683E-18
1.169E+01  2.852E-24  8.848E-16  8.794E-16  5.387E-18
1.159E+01  3.030E-24  9.314E-16  9.263E-16  5.081E-18
1.148E+01  3.776E-24  1.150E-15  1.145E-15  4.784E-18
1.138E+01  4.999E-24  1.509E-15  1.504E-15  4.510E-18
1.127E+01  6.183E-24  1.849E-15  1.845E-15  4.252E-18
1.117E+01  4.175E-24  1.237E-15  1.233E-15  4.010E-18
1.107E+01  2.135E-24  6.267E-16  6.229E-16  3.780E-18
1.096E+01  1.452E-24  4.223E-16  4.188E-16  3.552E-18
1.086E+01  1.128E-24  3.251E-16  3.218E-16  3.338E-18
1.076E+01  9.459E-25  2.701E-16  2.669E-16  3.144E-18
1.067E+01  8.278E-25  2.342E-16  2.312E-16  2.967E-18
1.057E+01  7.289E-25  2.043E-16  2.015E-16  2.804E-18
1.047E+01  6.565E-25  1.823E-16  1.797E-16  2.639E-18
1.038E+01  6.013E-25  1.655E-16  1.630E-16  2.465E-18
1.028E+01  5.567E-25  1.518E-16  1.495E-16  2.281E-18
1.019E+01  5.197E-25  1.404E-16  1.383E-16  2.093E-18
1.009E+01  4.885E-25  1.308E-16  1.289E-16  1.913E-18
1.000E+01  4.620E-25  1.226E-16  1.208E-16  1.746E-18
9.908E+00  4.395E-25  1.155E-16  1.139E-16  1.595E-18
9.817E+00  4.204E-25  1.095E-16  1.080E-16  1.458E-18
9.727E+00  4.044E-25  1.043E-16  1.030E-16  1.331E-18
9.638E+00  3.914E-25  1.001E-16  9.886E-17  1.213E-18
9.550E+00  3.814E-25  9.661E-17  9.552E-17  1.097E-18
9.462E+00  3.744E-25  9.397E-17  9.299E-17  9.812E-19
9.376E+00  3.708E-25  9.220E-17  9.134E-17  8.657E-19
9.290E+00  3.711E-25  9.143E-17  9.068E-17  7.516E-19
9.204E+00  3.763E-25  9.188E-17  9.124E-17  6.418E-19
9.120E+00  3.883E-25  9.394E-17  9.340E-17  5.396E-19
9.036E+00  4.100E-25  9.828E-17  9.783E-17  4.476E-19
8.954E+00  4.469E-25  1.061E-16  1.058E-16  3.679E-19
8.872E+00  5.088E-25  1.197E-16  1.194E-16  3.010E-19
8.790E+00  6.115E-25  1.426E-16  1.423E-16  2.461E-19
8.710E+00  7.614E-25  1.759E-16  1.757E-16  2.016E-19
8.630E+00  8.739E-25  2.000E-16  1.999E-16  1.657E-19
8.551E+00  7.960E-25  1.805E-16  1.804E-16  1.367E-19
8.472E+00  6.465E-25  1.453E-16  1.452E-16  1.126E-19
8.395E+00  5.605E-25  1.248E-16  1.247E-16  9.182E-20
8.318E+00  5.254E-25  1.159E-16  1.158E-16  7.367E-20
8.241E+00  5.178E-25  1.132E-16  1.131E-16  5.791E-20
8.166E+00  5.405E-25  1.171E-16  1.170E-16  4.450E-20
8.091E+00  6.009E-25  1.290E-16  1.289E-16  3.391E-20
8.017E+00  7.002E-25  1.489E-16  1.489E-16  2.564E-20
7.943E+00  8.190E-25  1.726E-16  1.725E-16  1.931E-20
7.870E+00  8.930E-25  1.864E-16  1.864E-16  1.450E-20
7.798E+00  8.667E-25  1.793E-16  1.793E-16  1.088E-20
7.727E+00  8.010E-25  1.642E-16  1.642E-16  8.200E-21
7.656E+00  7.583E-25  1.540E-16  1.540E-16  6.229E-21
7.586E+00  6.763E-25  1.361E-16  1.361E-16  4.778E-21
7.516E+00  5.191E-25  1.035E-16  1.035E-16  3.728E-21
7.447E+00  3.720E-25  7.348E-17  7.348E-17  2.970E-21
7.379E+00  2.710E-25  5.305E-17  5.305E-17  2.402E-21
7.311E+00  2.039E-25  3.954E-17  3.954E-17  1.980E-21
7.244E+00  1.570E-25  3.017E-17  3.017E-17  1.650E-21
7.178E+00  1.229E-25  2.341E-17  2.340E-17  1.384E-21
7.112E+00  9.785E-26  1.846E-17  1.846E-17  1.173E-21
7.047E+00  7.951E-26  1.486E-17  1.486E-17  9.989E-22
6.982E+00  6.639E-26  1.230E-17  1.229E-17  8.510E-22
6.918E+00  5.733E-26  1.052E-17  1.052E-17  7.263E-22
6.855E+00  5.130E-26  9.328E-18  9.328E-18  6.198E-22
6.792E+00  4.713E-26  8.491E-18  8.491E-18  5.284E-22
6.730E+00  4.330E-26  7.730E-18  7.730E-18  4.501E-22
6.668E+00  3.862E-26  6.830E-18  6.830E-18  3.829E-22
6.607E+00  3.337E-26  5.849E-18  5.848E-18  3.251E-22
6.546E+00  2.902E-26  5.039E-18  5.039E-18  2.757E-22
6.486E+00  2.678E-26  4.608E-18  4.608E-18  2.333E-22
6.427E+00  2.754E-26  4.695E-18  4.695E-18  1.971E-22
6.368E+00  3.282E-26  5.544E-18  5.543E-18  1.662E-22
6.310E+00  4.570E-26  7.648E-18  7.648E-18  1.399E-22
6.252E+00  6.464E-26  1.072E-17  1.072E-17  1.175E-22
6.194E+00  5.895E-26  9.687E-18  9.686E-18  9.852E-23
6.138E+00  3.273E-26  5.328E-18  5.328E-18  8.236E-23
6.081E+00  1.722E-26  2.778E-18  2.778E-18  6.876E-23
6.026E+00  1.008E-26  1.612E-18  1.612E-18  5.733E-23
5.970E+00  6.600E-27  1.045E-18  1.045E-18  4.774E-23
5.916E+00  4.774E-27  7.491E-19  7.490E-19  3.970E-23
5.861E+00  3.824E-27  5.946E-19  5.946E-19  3.298E-23
5.808E+00  3.459E-27  5.329E-19  5.329E-19  2.736E-23
5.754E+00  3.521E-27  5.375E-19  5.374E-19  2.267E-23
5.702E+00  3.417E-27  5.168E-19  5.168E-19  1.877E-23
5.649E+00  2.528E-27  3.788E-19  3.788E-19  1.551E-23
5.598E+00  1.656E-27  2.459E-19  2.459E-19  1.281E-23
5.546E+00  1.148E-27  1.689E-19  1.689E-19  1.056E-23
5.495E+00  8.679E-28  1.265E-19  1.265E-19  8.703E-24
5.445E+00  7.135E-28  1.031E-19  1.030E-19  7.161E-24
5.395E+00  6.442E-28  9.219E-20  9.219E-20  5.885E-24
5.346E+00  6.506E-28  9.225E-20  9.224E-20  4.829E-24
5.297E+00  6.916E-28  9.717E-20  9.716E-20  3.958E-24
5.248E+00  5.975E-28  8.318E-20  8.318E-20  3.240E-24
5.200E+00  4.006E-28  5.526E-20  5.526E-20  2.648E-24
5.152E+00  2.659E-28  3.634E-20  3.634E-20  2.162E-24
5.105E+00  1.899E-28  2.571E-20  2.571E-20  1.762E-24
5.058E+00  1.438E-28  1.930E-20  1.929E-20  1.435E-24
5.012E+00  1.131E-28  1.504E-20  1.504E-20  1.167E-24
4.966E+00  9.108E-29  1.200E-20  1.200E-20  9.473E-25
4.920E+00  7.446E-29  9.719E-21  9.718E-21  7.681E-25
4.875E+00  6.150E-29  7.953E-21  7.953E-21  6.218E-25
4.831E+00  5.116E-29  6.555E-21  6.555E-21  5.025E-25
4.786E+00  4.278E-29  5.431E-21  5.430E-21  4.055E-25
4.742E+00  3.591E-29  4.517E-21  4.517E-21  3.268E-25
4.699E+00  3.023E-29  3.768E-21  3.768E-21  2.629E-25
4.656E+00  2.551E-29  3.150E-21  3.150E-21  2.112E-25
4.613E+00  2.156E-29  2.639E-21  2.638E-21  1.693E-25
4.571E+00  1.825E-29  2.213E-21  2.213E-21  1.355E-25
4.529E+00  1.547E-29  1.858E-21  1.858E-21  1.083E-25
4.487E+00  1.312E-29  1.562E-21  1.562E-21  8.644E-26
4.446E+00  1.114E-29  1.314E-21  1.313E-21  6.885E-26
4.406E+00  9.458E-30  1.105E-21  1.105E-21  5.476E-26
4.365E+00  8.035E-30  9.303E-22  9.303E-22  4.349E-26
4.325E+00  6.827E-30  7.833E-22  7.833E-22  3.447E-26
4.285E+00  5.802E-30  6.596E-22  6.596E-22  2.728E-26
4.246E+00  4.931E-30  5.554E-22  5.554E-22  2.155E-26
4.207E+00  4.191E-30  4.677E-22  4.677E-22  1.699E-26
4.169E+00  3.562E-30  3.938E-22  3.938E-22  1.337E-26
4.130E+00  3.026E-30  3.316E-22  3.316E-22  1.051E-26
4.093E+00  2.571E-30  2.791E-22  2.791E-22  8.235E-27
4.055E+00  2.183E-30  2.348E-22  2.348E-22  6.443E-27
4.018E+00  1.854E-30  1.976E-22  1.976E-22  5.032E-27
3.981E+00  1.574E-30  1.662E-22  1.662E-22  3.923E-27
3.945E+00  1.335E-30  1.397E-22  1.397E-22  3.052E-27
3.908E+00  1.133E-30  1.175E-22  1.175E-22  2.371E-27
3.873E+00  9.610E-31  9.871E-23  9.871E-23  1.838E-27
3.837E+00  8.150E-31  8.295E-23  8.295E-23  1.423E-27
3.802E+00  6.912E-31  6.971E-23  6.970E-23  1.100E-27
3.767E+00  5.863E-31  5.858E-23  5.858E-23  8.488E-28
3.733E+00  4.974E-31  4.925E-23  4.925E-23  6.538E-28
3.698E+00  4.224E-31  4.143E-23  4.143E-23  5.027E-28
3.664E+00  3.590E-31  3.490E-23  3.490E-23  3.859E-28
3.631E+00  3.058E-31  2.945E-23  2.945E-23  2.957E-28
3.597E+00  2.612E-31  2.493E-23  2.493E-23  2.262E-28
3.565E+00  2.243E-31  2.120E-23  2.120E-23  1.728E-28
3.532E+00  1.940E-31  1.817E-23  1.817E-23  1.317E-28
3.499E+00  1.700E-31  1.578E-23  1.578E-23  1.003E-28
3.467E+00  1.521E-31  1.399E-23  1.399E-23  7.621E-29
3.436E+00  1.416E-31  1.290E-23  1.290E-23  5.782E-29
3.404E+00  1.418E-31  1.281E-23  1.281E-23  4.380E-29
3.373E+00  1.653E-31  1.479E-23  1.479E-23  3.312E-29
3.342E+00  2.677E-31  2.373E-23  2.373E-23  2.500E-29
3.311E+00  7.612E-31  6.686E-23  6.686E-23  1.884E-29
3.281E+00  4.431E-31  3.856E-23  3.856E-23  1.418E-29
3.251E+00  1.210E-31  1.044E-23  1.044E-23  1.064E-29
3.221E+00  5.745E-32  4.909E-24  4.909E-24  7.977E-30
3.192E+00  3.581E-32  3.031E-24  3.031E-24  5.969E-30
3.162E+00  2.532E-32  2.124E-24  2.124E-24  4.460E-30
3.133E+00  1.905E-32  1.584E-24  1.584E-24  3.327E-30
3.105E+00  1.482E-32  1.220E-24  1.220E-24  2.479E-30
3.076E+00  1.174E-32  9.577E-25  9.577E-25  1.844E-30
3.048E+00  9.395E-33  7.596E-25  7.596E-25  1.370E-30
3.020E+00  7.568E-33  6.062E-25  6.062E-25  1.017E-30
2.992E+00  6.118E-33  4.856E-25  4.856E-25  7.529E-31
2.965E+00  4.957E-33  3.898E-25  3.898E-25  5.567E-31
2.938E+00  4.020E-33  3.133E-25  3.133E-25  4.109E-31
2.911E+00  3.262E-33  2.518E-25  2.518E-25  3.028E-31
2.884E+00  2.646E-33  2.024E-25  2.024E-25  2.228E-31
2.858E+00  2.146E-33  1.627E-25  1.627E-25  1.636E-31
2.831E+00  1.739E-33  1.306E-25  1.306E-25  1.199E-31
2.805E+00  1.408E-33  1.048E-25  1.048E-25  8.775E-32
2.780E+00  1.139E-33  8.398E-26  8.398E-26  6.410E-32
2.754E+00  9.202E-34  6.723E-26  6.723E-26  4.673E-32
2.729E+00  7.426E-34  5.376E-26  5.376E-26  3.400E-32
2.704E+00  5.985E-34  4.293E-26  4.293E-26  2.469E-32
2.679E+00  4.818E-34  3.424E-26  3.424E-26  1.789E-32
2.655E+00  3.873E-34  2.727E-26  2.727E-26  1.294E-32
2.630E+00  3.108E-34  2.169E-26  2.169E-26  9.339E-33
2.606E+00  2.491E-34  1.722E-26  1.722E-26  6.726E-33
2.582E+00  1.994E-34  1.366E-26  1.366E-26  4.834E-33
2.559E+00  1.593E-34  1.081E-26  1.081E-26  3.466E-33
2.535E+00  1.271E-34  8.548E-27  8.548E-27  2.480E-33
2.512E+00  1.012E-34  6.746E-27  6.746E-27  1.770E-33
2.489E+00  8.052E-35  5.316E-27  5.316E-27  1.260E-33
2.466E+00  6.392E-35  4.182E-27  4.182E-27  8.955E-34
2.443E+00  5.066E-35  3.284E-27  3.284E-27  6.347E-34
2.421E+00  4.008E-35  2.574E-27  2.574E-27  4.488E-34
2.399E+00  3.166E-35  2.015E-27  2.015E-27  3.164E-34
2.377E+00  2.496E-35  1.574E-27  1.574E-27  2.225E-34
2.355E+00  1.965E-35  1.227E-27  1.227E-27  1.561E-34
2.333E+00  1.544E-35  9.555E-28  9.555E-28  1.092E-34
2.312E+00  1.211E-35  7.424E-28  7.424E-28  7.617E-35
2.291E+00  9.474E-36  5.757E-28  5.757E-28  5.298E-35
2.270E+00  7.399E-36  4.455E-28  4.455E-28  3.675E-35
2.249E+00  5.766E-36  3.440E-28  3.440E-28  2.542E-35
2.228E+00  4.482E-36  2.650E-28  2.650E-28  1.753E-35
2.208E+00  3.476E-36  2.036E-28  2.036E-28  1.205E-35
2.188E+00  2.689E-36  1.560E-28  1.560E-28  8.263E-36
2.168E+00  2.073E-36  1.192E-28  1.192E-28  5.648E-36
2.148E+00  1.593E-36  9.077E-29  9.077E-29  3.849E-36
2.128E+00  1.220E-36  6.886E-29  6.886E-29  2.614E-36
2.109E+00  9.297E-37  5.200E-29  5.200E-29  1.770E-36
2.089E+00  7.048E-37  3.906E-29  3.906E-29  1.195E-36
2.070E+00  5.308E-37  2.915E-29  2.915E-29  8.042E-37
2.051E+00  3.966E-37  2.158E-29  2.158E-29  5.393E-37
2.032E+00  2.932E-37  1.581E-29  1.581E-29  3.605E-37
2.014E+00  2.139E-37  1.143E-29  1.143E-29  2.402E-37
1.995E+00  1.535E-37  8.123E-30  8.123E-30  1.595E-37
1.977E+00  1.079E-37  5.659E-30  5.659E-30  1.056E-37
1.959E+00  7.438E-38  3.865E-30  3.865E-30  6.961E-38
1.941E+00  5.085E-38  2.618E-30  2.618E-30  4.575E-38
1.923E+00  3.563E-38  1.818E-30  1.818E-30  2.997E-38
1.905E+00  2.678E-38  1.354E-30  1.354E-30  1.956E-38
1.888E+00  2.189E-38  1.096E-30  1.096E-30  1.272E-38
1.871E+00  1.872E-38  9.291E-31  9.291E-31  8.245E-39
1.854E+00  1.601E-38  7.870E-31  7.870E-31  5.324E-39
1.837E+00  1.337E-38  6.514E-31  6.514E-31  3.426E-39
1.820E+00  1.088E-38  5.252E-31  5.252E-31  2.197E-39
1.803E+00  8.658E-39  4.141E-31  4.141E-31  1.403E-39
1.786E+00  6.773E-39  3.210E-31  3.210E-31  8.932E-40
1.770E+00  5.231E-39  2.456E-31  2.456E-31  5.664E-40
1.754E+00  4.002E-39  1.862E-31  1.862E-31  3.579E-40
1.738E+00  3.040E-39  1.401E-31  1.401E-31  2.254E-40
1.722E+00  2.295E-39  1.048E-31  1.048E-31  1.413E-40
1.706E+00  1.725E-39  7.807E-32  7.807E-32  8.832E-41
1.690E+00  1.292E-39  5.791E-32  5.791E-32  5.498E-41
1.675E+00  9.638E-40  4.282E-32  4.282E-32  3.409E-41
1.660E+00  7.172E-40  3.157E-32  3.157E-32  2.106E-41
1.644E+00  5.323E-40  2.322E-32  2.322E-32  1.296E-41
1.629E+00  3.942E-40  1.704E-32  1.704E-32  7.944E-42
1.614E+00  2.913E-40  1.248E-32  1.248E-32  4.850E-42
1.600E+00  2.149E-40  9.120E-33  9.120E-33  2.949E-42
1.585E+00  1.583E-40  6.656E-33  6.656E-33  1.786E-42
1.570E+00  1.164E-40  4.850E-33  4.850E-33  1.078E-42
1.556E+00  8.554E-41  3.530E-33  3.530E-33  6.475E-43
1.542E+00  6.277E-41  2.567E-33  2.567E-33  3.875E-43
1.528E+00  4.603E-41  1.865E-33  1.865E-33  2.309E-43
1.514E+00  3.374E-41  1.354E-33  1.354E-33  1.371E-43
1.500E+00  2.472E-41  9.833E-34  9.833E-34  8.103E-44
1.486E+00  1.811E-41  7.138E-34  7.138E-34  4.770E-44
1.472E+00  1.327E-41  5.184E-34  5.184E-34  2.797E-44
1.459E+00  9.736E-42  3.767E-34  3.767E-34  1.633E-44
1.445E+00  7.149E-42  2.741E-34  2.741E-34  9.493E-45
1.432E+00  5.258E-42  1.998E-34  1.998E-34  5.496E-45
1.419E+00  3.876E-42  1.459E-34  1.459E-34  3.169E-45
1.406E+00  2.865E-42  1.068E-34  1.068E-34  1.819E-45
1.393E+00  2.124E-42  7.849E-35  7.849E-35  1.040E-45
1.380E+00  1.581E-42  5.789E-35  5.789E-35  5.918E-46
1.368E+00  1.182E-42  4.287E-35  4.287E-35  3.354E-46
1.355E+00  8.871E-43  3.189E-35  3.189E-35  1.892E-46
1.343E+00  6.686E-43  2.381E-35  2.381E-35  1.062E-46
1.330E+00  5.052E-43  1.783E-35  1.783E-35  5.940E-47
1.318E+00  3.816E-43  1.335E-35  1.335E-35  3.306E-47
1.306E+00  2.868E-43  9.937E-36  9.937E-36  1.832E-47
1.294E+00  2.127E-43  7.302E-36  7.302E-36  1.011E-47
1.282E+00  1.541E-43  5.241E-36  5.241E-36  5.549E-48
1.271E+00  1.078E-43  3.632E-36  3.632E-36  3.033E-48
1.259E+00  7.214E-44  2.409E-36  2.409E-36  1.650E-48
1.247E+00  4.615E-44  1.527E-36  1.527E-36  8.933E-49
1.236E+00  2.840E-44  9.311E-37  9.311E-37  4.815E-49
1.225E+00  1.703E-44  5.532E-37  5.532E-37  2.583E-49
1.213E+00  1.009E-44  3.249E-37  3.249E-37  1.378E-49
1.202E+00  5.990E-45  1.910E-37  1.910E-37  7.321E-50
1.191E+00  3.591E-45  1.135E-37  1.135E-37  3.869E-50
1.180E+00  2.189E-45  6.853E-38  6.853E-38  2.034E-50
1.169E+00  1.362E-45  4.224E-38  4.224E-38  1.064E-50
1.159E+00  8.661E-46  2.662E-38  2.662E-38  5.534E-51
1.148E+00  5.642E-46  1.718E-38  1.718E-38  2.864E-51
1.138E+00  3.768E-46  1.137E-38  1.137E-38  1.474E-51
1.127E+00  2.583E-46  7.725E-39  7.725E-39  7.546E-52
1.117E+00  1.823E-46  5.400E-39  5.400E-39  3.842E-52
1.107E+00  1.327E-46  3.896E-39  3.896E-39  1.945E-52
1.096E+00  1.001E-46  2.911E-39  2.911E-39  9.791E-53
1.086E+00  7.821E-47  2.254E-39  2.254E-39  4.901E-53
1.076E+00  6.285E-47  1.795E-39  1.795E-39  2.439E-53
1.067E+00  5.039E-47  1.426E-39  1.426E-39  1.206E-53
1.057E+00  3.756E-47  1.053E-39  1.053E-39  5.933E-54
1.047E+00  2.374E-47  6.594E-40  6.594E-40  2.900E-54
1.038E+00  1.245E-47  3.426E-40  3.426E-40  1.409E-54
1.028E+00  5.864E-48  1.599E-40  1.599E-40  6.801E-55
1.019E+00  2.712E-48  7.326E-41  7.326E-41  3.263E-55
1.009E+00  1.291E-48  3.455E-41  3.455E-41  1.555E-55
1.000E+00  6.428E-49  1.705E-41  1.705E-41  7.366E-56
