Dust emission spectrum from Draine,B.T., & Li, A. (2007), ApJ, in press [astro-ph/0608003]
==========================================================
         7 = grain model
 4.000E-08 4.000E-01 4.500E-05 = a_01 (cm) , sigma_1 , b_C1
 2.000E-07 5.500E-01 1.500E-05 = a_02 (cm) , sigma_2 , b_C2
 3.000E+01 3.000E+01 1.000E+00 = Umin , Umax, beta (dN/dU propto U^{-beta})
 3.000E+01 = <U>       mmp83 = radfield
 2.000E-06 1.000E+00 = a_{min} (cm), a_{max} (cm)
 8.438E-23 5.068E-23 3.371E-23 = P(tot)  P(carb)  P(sil) (erg s-1 H-1)
 band     <nu*P_nu> <j_nu(tot)><j_nu(carb)><j_nu(sil)>
 (um)   (erg s-1 H-1)(Jy/(sr*H))(Jy/(sr*H))(Jy/(sr*H))
1.270E+00  1.131E-72  3.810E-65  3.810E-65  7.393-128 COBE-DIRBE
2.220E+00  8.783E-73  5.172E-65  5.172E-65  4.061E-85 COBE-DIRBE
3.530E+00  1.702E-56  1.594E-48  1.594E-48  7.205E-57 COBE-DIRBE
4.880E+00  5.954E-48  7.707E-40  7.707E-40  1.534E-46 COBE-DIRBE
1.229E+01  4.904E-29  1.599E-20  1.548E-20  5.117E-22 COBE-DIRBE
2.079E+01  1.621E-25  8.937E-17  8.355E-17  5.827E-18 COBE-DIRBE
5.599E+01  6.040E-23  8.971E-14  6.443E-14  2.528E-14 COBE-DIRBE
9.770E+01  5.571E-23  1.444E-13  6.915E-14  7.523E-14 COBE-DIRBE
1.479E+02  2.669E-23  1.047E-13  4.159E-14  6.310E-14 COBE-DIRBE
2.479E+02  5.455E-24  3.587E-14  1.120E-14  2.467E-14 COBE-DIRBE
1.200E+01  4.506E-30  1.434E-21  1.415E-21  1.944E-23 IRAS
2.500E+01  8.413E-25  5.579E-16  5.252E-16  3.271E-17 IRAS
6.000E+01  6.194E-23  9.859E-14  6.765E-14  3.094E-14 IRAS
1.000E+02  5.406E-23  1.434E-13  6.733E-14  7.606E-14 IRAS
3.550E+00  1.699E-57  1.600E-49  1.600E-49  4.538E-58 SST-IRAC
4.493E+00  1.934E-49  2.305E-41  2.305E-41  2.399E-48 SST-IRAC
5.731E+00  6.466E-43  9.830E-35  9.830E-35  2.778E-40 SST-IRAC
7.872E+00  1.132E-35  2.363E-27  2.359E-27  4.182E-30 SST-IRAC
2.368E+01  4.586E-25  2.881E-16  2.701E-16  1.796E-17 SST-MIPS
7.142E+01  6.355E-23  1.204E-13  7.279E-14  4.760E-14 SST-MIPS
1.559E+02  2.141E-23  8.854E-14  3.394E-14  5.460E-14 SST-MIPS
1.600E+01  4.946E-26  2.099E-17  1.980E-17  1.195E-18 SST-IRSPU
2.200E+01  4.072E-25  2.376E-16  2.230E-16  1.461E-17 SST-IRSPU
7.500E+01  5.507E-23  1.096E-13  6.651E-14  4.304E-14 Herschel-PACS
1.100E+02  3.890E-23  1.135E-13  5.248E-14  6.101E-14 Herschel-PACS
1.700E+02  1.626E-23  7.332E-14  2.808E-14  4.524E-14 Herschel-PACS
2.500E+02  4.466E-24  2.961E-14  9.047E-15  2.057E-14 Herschel-SPIRE
3.600E+02  1.022E-24  9.756E-15  2.941E-15  6.816E-15 Herschel-SPIRE
5.200E+02  2.202E-25  3.038E-15  9.065E-16  2.131E-15 Herschel-SPIRE
2.400E+00  2.629E-48  1.674E-40  1.674E-40  1.116E-46 Akari IRC NIR N2
3.200E+00  7.669E-49  6.510E-41  6.510E-41  3.645E-47 Akari IRC NIR N3
4.100E+00  5.493E-47  5.973E-39  5.973E-39  3.230E-45 Akari IRC NIR N4
7.000E+00  1.004E-29  1.865E-21  1.747E-21  1.181E-22 Akari IRC MIR-S S7
9.000E+00  5.574E-31  1.331E-22  1.242E-22  8.906E-24 Akari IRC MIR-S S9W
1.100E+01  7.631E-30  2.227E-21  2.105E-21  1.220E-22 Akari IRC MIR-S S11
1.500E+01  1.472E-27  5.858E-19  5.477E-19  3.811E-20 Akari IRC MIR-L L15
1.800E+01  1.040E-25  4.967E-17  4.643E-17  3.240E-18 Akari IRC MIR-L L18W
2.400E+01  3.389E-25  2.157E-16  2.019E-16  1.382E-17 Akari IRC MIR-L L24
6.500E+01  6.881E-23  1.186E-13  7.595E-14  4.269E-14 Akari FIS N60
8.000E+01  6.147E-23  1.304E-13  6.923E-14  6.121E-14 Akari FIS WIDE-S
1.400E+02  2.653E-23  9.853E-14  3.908E-14  5.946E-14 Akari FIS WIDE-L
1.600E+02  1.975E-23  8.383E-14  3.111E-14  5.272E-14 Akari FIS N160
 
 
 
 


lambda    nu*dP/dnu     j_nu    j_nu(carb.) j_nu(sil)
 (um)    (erg/(s*H)) (Jy/(sr*H) (Jy/(sr*H)) (Jy/(sr*H)
1.000E+04  8.577E-31  2.275E-19  3.925E-20  1.883E-19
9.908E+03  8.892E-31  2.337E-19  4.041E-20  1.933E-19
9.817E+03  9.218E-31  2.401E-19  4.162E-20  1.984E-19
9.727E+03  9.556E-31  2.466E-19  4.286E-20  2.037E-19
9.638E+03  9.906E-31  2.533E-19  4.414E-20  2.091E-19
9.550E+03  1.027E-30  2.601E-19  4.545E-20  2.147E-19
9.462E+03  1.065E-30  2.672E-19  4.681E-20  2.204E-19
9.376E+03  1.104E-30  2.745E-19  4.821E-20  2.263E-19
9.290E+03  1.144E-30  2.819E-19  4.965E-20  2.323E-19
9.204E+03  1.186E-30  2.896E-19  5.113E-20  2.385E-19
9.120E+03  1.230E-30  2.975E-19  5.266E-20  2.448E-19
9.036E+03  1.275E-30  3.055E-19  5.424E-20  2.513E-19
8.954E+03  1.321E-30  3.138E-19  5.586E-20  2.580E-19
8.872E+03  1.370E-30  3.223E-19  5.753E-20  2.648E-19
8.790E+03  1.420E-30  3.310E-19  5.926E-20  2.717E-19
8.710E+03  1.471E-30  3.399E-19  6.103E-20  2.789E-19
8.630E+03  1.525E-30  3.491E-19  6.286E-20  2.863E-19
8.551E+03  1.581E-30  3.586E-19  6.475E-20  2.938E-19
8.472E+03  1.639E-30  3.683E-19  6.669E-20  3.016E-19
8.395E+03  1.699E-30  3.783E-19  6.869E-20  3.096E-19
8.318E+03  1.761E-30  3.885E-19  7.076E-20  3.178E-19
8.241E+03  1.826E-30  3.991E-19  7.288E-20  3.262E-19
8.166E+03  1.893E-30  4.100E-19  7.507E-20  3.349E-19
8.091E+03  1.962E-30  4.211E-19  7.733E-20  3.438E-19
8.017E+03  2.034E-30  4.326E-19  7.966E-20  3.529E-19
7.943E+03  2.109E-30  4.444E-19  8.206E-20  3.623E-19
7.870E+03  2.187E-30  4.565E-19  8.453E-20  3.720E-19
7.798E+03  2.267E-30  4.690E-19  8.708E-20  3.819E-19
7.727E+03  2.351E-30  4.818E-19  8.970E-20  3.921E-19
7.656E+03  2.437E-30  4.950E-19  9.241E-20  4.026E-19
7.586E+03  2.527E-30  5.085E-19  9.520E-20  4.133E-19
7.516E+03  2.620E-30  5.224E-19  9.807E-20  4.244E-19
7.447E+03  2.717E-30  5.368E-19  1.010E-19  4.357E-19
7.379E+03  2.818E-30  5.515E-19  1.041E-19  4.474E-19
7.311E+03  2.922E-30  5.667E-19  1.072E-19  4.594E-19
7.244E+03  3.030E-30  5.822E-19  1.105E-19  4.718E-19
7.178E+03  3.142E-30  5.983E-19  1.138E-19  4.844E-19
7.112E+03  3.259E-30  6.147E-19  1.173E-19  4.975E-19
7.047E+03  3.379E-30  6.317E-19  1.208E-19  5.109E-19
6.982E+03  3.505E-30  6.491E-19  1.245E-19  5.246E-19
6.918E+03  3.634E-30  6.670E-19  1.283E-19  5.387E-19
6.855E+03  3.769E-30  6.853E-19  1.322E-19  5.532E-19
6.792E+03  3.909E-30  7.042E-19  1.362E-19  5.681E-19
6.730E+03  4.054E-30  7.237E-19  1.403E-19  5.834E-19
6.668E+03  4.205E-30  7.437E-19  1.446E-19  5.991E-19
6.607E+03  4.361E-30  7.643E-19  1.490E-19  6.153E-19
6.546E+03  4.523E-30  7.854E-19  1.535E-19  6.319E-19
6.486E+03  4.691E-30  8.072E-19  1.582E-19  6.490E-19
6.427E+03  4.866E-30  8.296E-19  1.630E-19  6.666E-19
6.368E+03  5.048E-30  8.526E-19  1.680E-19  6.847E-19
6.310E+03  5.236E-30  8.763E-19  1.731E-19  7.032E-19
6.252E+03  5.431E-30  9.007E-19  1.783E-19  7.223E-19
6.194E+03  5.634E-30  9.258E-19  1.838E-19  7.420E-19
6.138E+03  5.845E-30  9.516E-19  1.894E-19  7.622E-19
6.081E+03  6.063E-30  9.781E-19  1.952E-19  7.829E-19
6.026E+03  6.290E-30  1.005E-18  2.012E-19  8.043E-19
5.970E+03  6.526E-30  1.033E-18  2.073E-19  8.262E-19
5.916E+03  6.770E-30  1.062E-18  2.136E-19  8.488E-19
5.861E+03  7.024E-30  1.092E-18  2.202E-19  8.720E-19
5.808E+03  7.288E-30  1.123E-18  2.269E-19  8.958E-19
5.754E+03  7.562E-30  1.154E-18  2.339E-19  9.203E-19
5.702E+03  7.846E-30  1.187E-18  2.410E-19  9.456E-19
5.649E+03  8.141E-30  1.220E-18  2.484E-19  9.715E-19
5.598E+03  8.447E-30  1.254E-18  2.561E-19  9.982E-19
5.546E+03  8.765E-30  1.290E-18  2.639E-19  1.026E-18
5.495E+03  9.095E-30  1.326E-18  2.720E-19  1.054E-18
5.445E+03  9.438E-30  1.363E-18  2.804E-19  1.083E-18
5.395E+03  9.794E-30  1.402E-18  2.890E-19  1.113E-18
5.346E+03  1.016E-29  1.441E-18  2.979E-19  1.143E-18
5.297E+03  1.055E-29  1.482E-18  3.071E-19  1.175E-18
5.248E+03  1.095E-29  1.524E-18  3.165E-19  1.207E-18
5.200E+03  1.136E-29  1.567E-18  3.263E-19  1.241E-18
5.152E+03  1.179E-29  1.611E-18  3.363E-19  1.275E-18
5.105E+03  1.224E-29  1.657E-18  3.467E-19  1.310E-18
5.058E+03  1.270E-29  1.704E-18  3.574E-19  1.347E-18
5.012E+03  1.318E-29  1.752E-18  3.684E-19  1.384E-18
4.966E+03  1.368E-29  1.802E-18  3.798E-19  1.422E-18
4.920E+03  1.420E-29  1.853E-18  3.915E-19  1.462E-18
4.875E+03  1.474E-29  1.906E-18  4.037E-19  1.502E-18
4.831E+03  1.530E-29  1.960E-18  4.161E-19  1.544E-18
4.786E+03  1.588E-29  2.016E-18  4.290E-19  1.587E-18
4.742E+03  1.648E-29  2.074E-18  4.423E-19  1.631E-18
4.699E+03  1.711E-29  2.133E-18  4.560E-19  1.677E-18
4.656E+03  1.776E-29  2.194E-18  4.701E-19  1.724E-18
4.613E+03  1.844E-29  2.257E-18  4.847E-19  1.772E-18
4.571E+03  1.914E-29  2.321E-18  4.998E-19  1.821E-18
4.529E+03  1.987E-29  2.388E-18  5.153E-19  1.872E-18
4.487E+03  2.063E-29  2.456E-18  5.313E-19  1.925E-18
4.446E+03  2.142E-29  2.527E-18  5.478E-19  1.979E-18
4.406E+03  2.224E-29  2.599E-18  5.648E-19  2.034E-18
4.365E+03  2.309E-29  2.674E-18  5.824E-19  2.092E-18
4.325E+03  2.398E-29  2.751E-18  6.005E-19  2.150E-18
4.285E+03  2.490E-29  2.830E-18  6.192E-19  2.211E-18
4.246E+03  2.585E-29  2.912E-18  6.385E-19  2.273E-18
4.207E+03  2.684E-29  2.996E-18  6.584E-19  2.337E-18
4.169E+03  2.788E-29  3.082E-18  6.789E-19  2.404E-18
4.130E+03  2.895E-29  3.172E-18  7.001E-19  2.471E-18
4.093E+03  3.006E-29  3.263E-18  7.219E-19  2.541E-18
4.055E+03  3.122E-29  3.358E-18  7.445E-19  2.613E-18
4.018E+03  3.242E-29  3.455E-18  7.677E-19  2.687E-18
3.981E+03  3.367E-29  3.555E-18  7.917E-19  2.764E-18
3.945E+03  3.496E-29  3.658E-18  8.165E-19  2.842E-18
3.908E+03  3.631E-29  3.764E-18  8.420E-19  2.922E-18
3.873E+03  3.771E-29  3.874E-18  8.684E-19  3.005E-18
3.837E+03  3.917E-29  3.986E-18  8.956E-19  3.091E-18
3.802E+03  4.068E-29  4.102E-18  9.236E-19  3.179E-18
3.767E+03  4.225E-29  4.222E-18  9.526E-19  3.269E-18
3.733E+03  4.389E-29  4.345E-18  9.824E-19  3.363E-18
3.698E+03  4.558E-29  4.472E-18  1.013E-18  3.459E-18
3.664E+03  4.735E-29  4.603E-18  1.045E-18  3.557E-18
3.631E+03  4.919E-29  4.737E-18  1.078E-18  3.659E-18
3.597E+03  5.110E-29  4.876E-18  1.112E-18  3.764E-18
3.565E+03  5.308E-29  5.019E-18  1.147E-18  3.872E-18
3.532E+03  5.514E-29  5.166E-18  1.183E-18  3.983E-18
3.499E+03  5.729E-29  5.318E-18  1.220E-18  4.098E-18
3.467E+03  5.952E-29  5.474E-18  1.258E-18  4.216E-18
3.436E+03  6.184E-29  5.635E-18  1.298E-18  4.337E-18
3.404E+03  6.425E-29  5.801E-18  1.339E-18  4.463E-18
3.373E+03  6.676E-29  5.973E-18  1.381E-18  4.592E-18
3.342E+03  6.936E-29  6.149E-18  1.424E-18  4.724E-18
3.311E+03  7.207E-29  6.331E-18  1.469E-18  4.861E-18
3.281E+03  7.489E-29  6.518E-18  1.516E-18  5.002E-18
3.251E+03  7.782E-29  6.711E-18  1.564E-18  5.147E-18
3.221E+03  8.087E-29  6.910E-18  1.613E-18  5.297E-18
3.192E+03  8.404E-29  7.115E-18  1.664E-18  5.451E-18
3.162E+03  8.734E-29  7.326E-18  1.717E-18  5.609E-18
3.133E+03  9.076E-29  7.544E-18  1.771E-18  5.773E-18
3.105E+03  9.433E-29  7.768E-18  1.827E-18  5.941E-18
3.076E+03  9.804E-29  7.999E-18  1.885E-18  6.115E-18
3.048E+03  1.019E-28  8.238E-18  1.944E-18  6.293E-18
3.020E+03  1.059E-28  8.483E-18  2.006E-18  6.478E-18
2.992E+03  1.101E-28  8.736E-18  2.069E-18  6.667E-18
2.965E+03  1.144E-28  8.996E-18  2.135E-18  6.861E-18
2.938E+03  1.189E-28  9.264E-18  2.203E-18  7.062E-18
2.911E+03  1.236E-28  9.540E-18  2.272E-18  7.268E-18
2.884E+03  1.284E-28  9.825E-18  2.345E-18  7.481E-18
2.858E+03  1.335E-28  1.012E-17  2.419E-18  7.700E-18
2.831E+03  1.388E-28  1.042E-17  2.496E-18  7.926E-18
2.805E+03  1.442E-28  1.073E-17  2.575E-18  8.158E-18
2.780E+03  1.499E-28  1.105E-17  2.657E-18  8.398E-18
2.754E+03  1.559E-28  1.139E-17  2.741E-18  8.645E-18
2.729E+03  1.620E-28  1.173E-17  2.828E-18  8.900E-18
2.704E+03  1.684E-28  1.208E-17  2.918E-18  9.163E-18
2.679E+03  1.751E-28  1.244E-17  3.011E-18  9.433E-18
2.655E+03  1.820E-28  1.282E-17  3.107E-18  9.712E-18
2.630E+03  1.893E-28  1.321E-17  3.206E-18  9.999E-18
2.606E+03  1.968E-28  1.360E-17  3.308E-18  1.030E-17
2.582E+03  2.046E-28  1.401E-17  3.414E-18  1.060E-17
2.559E+03  2.127E-28  1.444E-17  3.522E-18  1.092E-17
2.535E+03  2.212E-28  1.488E-17  3.635E-18  1.124E-17
2.512E+03  2.300E-28  1.533E-17  3.751E-18  1.157E-17
2.489E+03  2.392E-28  1.579E-17  3.870E-18  1.192E-17
2.466E+03  2.487E-28  1.627E-17  3.994E-18  1.228E-17
2.443E+03  2.586E-28  1.676E-17  4.121E-18  1.264E-17
2.421E+03  2.690E-28  1.727E-17  4.253E-18  1.302E-17
2.399E+03  2.797E-28  1.780E-17  4.389E-18  1.341E-17
2.377E+03  2.909E-28  1.834E-17  4.529E-18  1.381E-17
2.355E+03  3.025E-28  1.890E-17  4.674E-18  1.422E-17
2.333E+03  3.146E-28  1.947E-17  4.823E-18  1.465E-17
2.312E+03  3.272E-28  2.007E-17  4.977E-18  1.509E-17
2.291E+03  3.403E-28  2.068E-17  5.137E-18  1.554E-17
2.270E+03  3.540E-28  2.131E-17  5.301E-18  1.601E-17
2.249E+03  3.682E-28  2.196E-17  5.471E-18  1.649E-17
2.228E+03  3.829E-28  2.264E-17  5.646E-18  1.699E-17
2.208E+03  3.983E-28  2.333E-17  5.827E-18  1.750E-17
2.188E+03  4.143E-28  2.404E-17  6.013E-18  1.803E-17
2.168E+03  4.310E-28  2.478E-17  6.206E-18  1.857E-17
2.148E+03  4.483E-28  2.554E-17  6.405E-18  1.914E-17
2.128E+03  4.663E-28  2.633E-17  6.610E-18  1.971E-17
2.109E+03  4.851E-28  2.713E-17  6.822E-18  2.031E-17
2.089E+03  5.047E-28  2.797E-17  7.041E-18  2.093E-17
2.070E+03  5.250E-28  2.883E-17  7.267E-18  2.156E-17
2.051E+03  5.462E-28  2.972E-17  7.500E-18  2.222E-17
2.032E+03  5.682E-28  3.063E-17  7.741E-18  2.289E-17
2.014E+03  5.911E-28  3.157E-17  7.989E-18  2.359E-17
1.995E+03  6.150E-28  3.255E-17  8.246E-18  2.430E-17
1.977E+03  6.398E-28  3.355E-17  8.511E-18  2.504E-17
1.959E+03  6.656E-28  3.459E-17  8.784E-18  2.580E-17
1.941E+03  6.925E-28  3.565E-17  9.066E-18  2.659E-17
1.923E+03  7.205E-28  3.675E-17  9.358E-18  2.740E-17
1.905E+03  7.497E-28  3.789E-17  9.659E-18  2.823E-17
1.888E+03  7.800E-28  3.906E-17  9.969E-18  2.909E-17
1.871E+03  8.116E-28  4.027E-17  1.029E-17  2.998E-17
1.854E+03  8.444E-28  4.152E-17  1.062E-17  3.090E-17
1.837E+03  8.786E-28  4.280E-17  1.096E-17  3.184E-17
1.820E+03  9.143E-28  4.413E-17  1.132E-17  3.282E-17
1.803E+03  9.513E-28  4.550E-17  1.168E-17  3.382E-17
1.786E+03  9.899E-28  4.691E-17  1.206E-17  3.485E-17
1.770E+03  1.030E-27  4.837E-17  1.244E-17  3.592E-17
1.754E+03  1.072E-27  4.987E-17  1.284E-17  3.702E-17
1.738E+03  1.115E-27  5.142E-17  1.326E-17  3.816E-17
1.722E+03  1.161E-27  5.302E-17  1.368E-17  3.933E-17
1.706E+03  1.208E-27  5.466E-17  1.413E-17  4.054E-17
1.690E+03  1.257E-27  5.636E-17  1.458E-17  4.178E-17
1.675E+03  1.308E-27  5.812E-17  1.505E-17  4.307E-17
1.660E+03  1.361E-27  5.993E-17  1.554E-17  4.439E-17
1.644E+03  1.417E-27  6.179E-17  1.604E-17  4.576E-17
1.629E+03  1.474E-27  6.372E-17  1.655E-17  4.717E-17
1.614E+03  1.534E-27  6.570E-17  1.709E-17  4.862E-17
1.600E+03  1.597E-27  6.775E-17  1.764E-17  5.011E-17
1.585E+03  1.662E-27  6.986E-17  1.821E-17  5.166E-17
1.570E+03  1.729E-27  7.204E-17  1.879E-17  5.325E-17
1.556E+03  1.800E-27  7.429E-17  1.940E-17  5.489E-17
1.542E+03  1.873E-27  7.661E-17  2.003E-17  5.658E-17
1.528E+03  1.950E-27  7.900E-17  2.067E-17  5.833E-17
1.514E+03  2.029E-27  8.146E-17  2.134E-17  6.013E-17
1.500E+03  2.112E-27  8.401E-17  2.203E-17  6.198E-17
1.486E+03  2.198E-27  8.663E-17  2.274E-17  6.389E-17
1.472E+03  2.288E-27  8.934E-17  2.347E-17  6.587E-17
1.459E+03  2.381E-27  9.214E-17  2.423E-17  6.791E-17
1.445E+03  2.478E-27  9.502E-17  2.501E-17  7.001E-17
1.432E+03  2.579E-27  9.799E-17  2.582E-17  7.217E-17
1.419E+03  2.685E-27  1.011E-16  2.665E-17  7.441E-17
1.406E+03  2.794E-27  1.042E-16  2.751E-17  7.671E-17
1.393E+03  2.909E-27  1.075E-16  2.840E-17  7.909E-17
1.380E+03  3.027E-27  1.109E-16  2.932E-17  8.154E-17
1.368E+03  3.151E-27  1.143E-16  3.026E-17  8.406E-17
1.355E+03  3.280E-27  1.179E-16  3.124E-17  8.666E-17
1.343E+03  3.414E-27  1.216E-16  3.225E-17  8.935E-17
1.330E+03  3.554E-27  1.254E-16  3.329E-17  9.212E-17
1.318E+03  3.699E-27  1.293E-16  3.437E-17  9.497E-17
1.306E+03  3.850E-27  1.334E-16  3.548E-17  9.792E-17
1.294E+03  4.007E-27  1.376E-16  3.662E-17  1.010E-16
1.282E+03  4.171E-27  1.419E-16  3.780E-17  1.041E-16
1.271E+03  4.342E-27  1.463E-16  3.903E-17  1.073E-16
1.259E+03  4.519E-27  1.509E-16  4.029E-17  1.106E-16
1.247E+03  4.704E-27  1.556E-16  4.159E-17  1.141E-16
1.236E+03  4.896E-27  1.605E-16  4.293E-17  1.176E-16
1.225E+03  5.096E-27  1.655E-16  4.432E-17  1.212E-16
1.213E+03  5.305E-27  1.707E-16  4.575E-17  1.250E-16
1.202E+03  5.521E-27  1.761E-16  4.723E-17  1.289E-16
1.191E+03  5.747E-27  1.816E-16  4.875E-17  1.328E-16
1.180E+03  5.982E-27  1.873E-16  5.032E-17  1.370E-16
1.169E+03  6.226E-27  1.931E-16  5.195E-17  1.412E-16
1.159E+03  6.480E-27  1.992E-16  5.363E-17  1.456E-16
1.148E+03  6.745E-27  2.054E-16  5.536E-17  1.501E-16
1.138E+03  7.021E-27  2.119E-16  5.715E-17  1.547E-16
1.127E+03  7.307E-27  2.185E-16  5.899E-17  1.595E-16
1.117E+03  7.606E-27  2.253E-16  6.090E-17  1.644E-16
1.107E+03  7.916E-27  2.324E-16  6.286E-17  1.695E-16
1.096E+03  8.239E-27  2.396E-16  6.489E-17  1.747E-16
1.086E+03  8.575E-27  2.471E-16  6.699E-17  1.801E-16
1.076E+03  8.925E-27  2.548E-16  6.915E-17  1.857E-16
1.067E+03  9.289E-27  2.628E-16  7.138E-17  1.914E-16
1.057E+03  9.667E-27  2.710E-16  7.368E-17  1.973E-16
1.047E+03  1.006E-26  2.795E-16  7.606E-17  2.034E-16
1.038E+03  1.047E-26  2.882E-16  7.851E-17  2.097E-16
1.028E+03  1.090E-26  2.972E-16  8.105E-17  2.161E-16
1.019E+03  1.134E-26  3.064E-16  8.366E-17  2.228E-16
1.009E+03  1.180E-26  3.160E-16  8.636E-17  2.296E-16
1.000E+03  1.228E-26  3.258E-16  8.914E-17  2.367E-16
9.908E+02  1.278E-26  3.360E-16  9.202E-17  2.440E-16
9.817E+02  1.330E-26  3.465E-16  9.499E-17  2.515E-16
9.727E+02  1.385E-26  3.573E-16  9.805E-17  2.592E-16
9.638E+02  1.441E-26  3.684E-16  1.012E-16  2.672E-16
9.550E+02  1.500E-26  3.799E-16  1.045E-16  2.754E-16
9.462E+02  1.561E-26  3.917E-16  1.078E-16  2.839E-16
9.376E+02  1.624E-26  4.039E-16  1.113E-16  2.926E-16
9.290E+02  1.690E-26  4.165E-16  1.149E-16  3.016E-16
9.204E+02  1.759E-26  4.294E-16  1.186E-16  3.108E-16
9.120E+02  1.830E-26  4.428E-16  1.224E-16  3.203E-16
9.036E+02  1.905E-26  4.565E-16  1.264E-16  3.302E-16
8.954E+02  1.982E-26  4.707E-16  1.304E-16  3.402E-16
8.872E+02  2.062E-26  4.853E-16  1.346E-16  3.506E-16
8.790E+02  2.146E-26  5.003E-16  1.390E-16  3.613E-16
8.710E+02  2.232E-26  5.158E-16  1.434E-16  3.723E-16
8.630E+02  2.323E-26  5.317E-16  1.480E-16  3.837E-16
8.551E+02  2.417E-26  5.481E-16  1.528E-16  3.953E-16
8.472E+02  2.514E-26  5.650E-16  1.577E-16  4.073E-16
8.395E+02  2.616E-26  5.825E-16  1.628E-16  4.197E-16
8.318E+02  2.721E-26  6.004E-16  1.680E-16  4.324E-16
8.241E+02  2.831E-26  6.189E-16  1.734E-16  4.455E-16
8.166E+02  2.945E-26  6.379E-16  1.790E-16  4.589E-16
8.091E+02  3.064E-26  6.575E-16  1.847E-16  4.728E-16
8.017E+02  3.187E-26  6.777E-16  1.907E-16  4.870E-16
7.943E+02  3.315E-26  6.985E-16  1.968E-16  5.017E-16
7.870E+02  3.448E-26  7.199E-16  2.031E-16  5.168E-16
7.798E+02  3.587E-26  7.420E-16  2.096E-16  5.323E-16
7.727E+02  3.731E-26  7.647E-16  2.163E-16  5.483E-16
7.656E+02  3.881E-26  7.881E-16  2.233E-16  5.648E-16
7.586E+02  4.036E-26  8.121E-16  2.304E-16  5.817E-16
7.516E+02  4.198E-26  8.369E-16  2.378E-16  5.991E-16
7.447E+02  4.366E-26  8.625E-16  2.454E-16  6.171E-16
7.379E+02  4.542E-26  8.889E-16  2.533E-16  6.356E-16
7.311E+02  4.724E-26  9.161E-16  2.614E-16  6.547E-16
7.244E+02  4.913E-26  9.442E-16  2.698E-16  6.744E-16
7.178E+02  5.111E-26  9.731E-16  2.784E-16  6.947E-16
7.112E+02  5.316E-26  1.003E-15  2.873E-16  7.155E-16
7.047E+02  5.529E-26  1.034E-15  2.965E-16  7.370E-16
6.982E+02  5.751E-26  1.065E-15  3.060E-16  7.592E-16
6.918E+02  5.982E-26  1.098E-15  3.157E-16  7.820E-16
6.855E+02  6.221E-26  1.131E-15  3.258E-16  8.054E-16
6.792E+02  6.471E-26  1.166E-15  3.362E-16  8.296E-16
6.730E+02  6.730E-26  1.201E-15  3.469E-16  8.544E-16
6.668E+02  6.999E-26  1.238E-15  3.580E-16  8.799E-16
6.607E+02  7.278E-26  1.276E-15  3.694E-16  9.061E-16
6.546E+02  7.570E-26  1.315E-15  3.812E-16  9.333E-16
6.486E+02  7.874E-26  1.355E-15  3.933E-16  9.614E-16
6.427E+02  8.190E-26  1.396E-15  4.059E-16  9.904E-16
6.368E+02  8.519E-26  1.439E-15  4.188E-16  1.020E-15
6.310E+02  8.862E-26  1.483E-15  4.321E-16  1.051E-15
6.252E+02  9.218E-26  1.529E-15  4.458E-16  1.083E-15
6.194E+02  9.588E-26  1.575E-15  4.600E-16  1.115E-15
6.138E+02  9.973E-26  1.624E-15  4.746E-16  1.149E-15
6.081E+02  1.037E-25  1.673E-15  4.897E-16  1.184E-15
6.026E+02  1.079E-25  1.725E-15  5.052E-16  1.219E-15
5.970E+02  1.122E-25  1.778E-15  5.213E-16  1.256E-15
5.916E+02  1.167E-25  1.832E-15  5.378E-16  1.294E-15
5.861E+02  1.214E-25  1.888E-15  5.548E-16  1.333E-15
5.808E+02  1.263E-25  1.946E-15  5.724E-16  1.374E-15
5.754E+02  1.314E-25  2.006E-15  5.905E-16  1.415E-15
5.702E+02  1.367E-25  2.067E-15  6.092E-16  1.458E-15
5.649E+02  1.422E-25  2.130E-15  6.284E-16  1.502E-15
5.598E+02  1.479E-25  2.196E-15  6.483E-16  1.547E-15
5.546E+02  1.538E-25  2.263E-15  6.688E-16  1.594E-15
5.495E+02  1.600E-25  2.332E-15  6.899E-16  1.643E-15
5.445E+02  1.664E-25  2.404E-15  7.116E-16  1.692E-15
5.395E+02  1.731E-25  2.478E-15  7.340E-16  1.744E-15
5.346E+02  1.801E-25  2.554E-15  7.571E-16  1.796E-15
5.297E+02  1.873E-25  2.632E-15  7.810E-16  1.851E-15
5.248E+02  1.949E-25  2.713E-15  8.055E-16  1.907E-15
5.200E+02  2.027E-25  2.796E-15  8.308E-16  1.965E-15
5.152E+02  2.108E-25  2.881E-15  8.569E-16  2.025E-15
5.105E+02  2.193E-25  2.970E-15  8.838E-16  2.086E-15
5.058E+02  2.281E-25  3.061E-15  9.115E-16  2.149E-15
5.012E+02  2.373E-25  3.155E-15  9.401E-16  2.215E-15
4.966E+02  2.468E-25  3.251E-15  9.695E-16  2.282E-15
4.920E+02  2.567E-25  3.351E-15  9.998E-16  2.351E-15
4.875E+02  2.670E-25  3.453E-15  1.031E-15  2.422E-15
4.831E+02  2.778E-25  3.559E-15  1.063E-15  2.496E-15
4.786E+02  2.889E-25  3.668E-15  1.096E-15  2.572E-15
4.742E+02  3.005E-25  3.780E-15  1.131E-15  2.650E-15
4.699E+02  3.126E-25  3.896E-15  1.166E-15  2.730E-15
4.656E+02  3.251E-25  4.015E-15  1.202E-15  2.813E-15
4.613E+02  3.381E-25  4.138E-15  1.239E-15  2.898E-15
4.571E+02  3.517E-25  4.264E-15  1.278E-15  2.986E-15
4.529E+02  3.658E-25  4.394E-15  1.318E-15  3.077E-15
4.487E+02  3.804E-25  4.528E-15  1.358E-15  3.170E-15
4.446E+02  3.957E-25  4.666E-15  1.401E-15  3.266E-15
4.406E+02  4.115E-25  4.809E-15  1.444E-15  3.365E-15
4.365E+02  4.279E-25  4.955E-15  1.488E-15  3.467E-15
4.325E+02  4.451E-25  5.106E-15  1.534E-15  3.572E-15
4.285E+02  4.628E-25  5.261E-15  1.582E-15  3.680E-15
4.246E+02  4.813E-25  5.422E-15  1.630E-15  3.791E-15
4.207E+02  5.006E-25  5.586E-15  1.681E-15  3.906E-15
4.169E+02  5.206E-25  5.756E-15  1.732E-15  4.024E-15
4.130E+02  5.414E-25  5.931E-15  1.785E-15  4.146E-15
4.093E+02  5.630E-25  6.111E-15  1.840E-15  4.271E-15
4.055E+02  5.854E-25  6.297E-15  1.897E-15  4.400E-15
4.018E+02  6.088E-25  6.488E-15  1.955E-15  4.533E-15
3.981E+02  6.330E-25  6.685E-15  2.014E-15  4.670E-15
3.945E+02  6.583E-25  6.888E-15  2.076E-15  4.812E-15
3.908E+02  6.845E-25  7.096E-15  2.139E-15  4.957E-15
3.873E+02  7.117E-25  7.311E-15  2.204E-15  5.107E-15
3.837E+02  7.401E-25  7.533E-15  2.271E-15  5.261E-15
3.802E+02  7.695E-25  7.760E-15  2.340E-15  5.420E-15
3.767E+02  8.001E-25  7.995E-15  2.411E-15  5.584E-15
3.733E+02  8.319E-25  8.236E-15  2.484E-15  5.752E-15
3.698E+02  8.649E-25  8.485E-15  2.559E-15  5.926E-15
3.664E+02  8.992E-25  8.740E-15  2.636E-15  6.104E-15
3.631E+02  9.349E-25  9.004E-15  2.716E-15  6.288E-15
3.597E+02  9.719E-25  9.274E-15  2.797E-15  6.477E-15
3.565E+02  1.010E-24  9.553E-15  2.882E-15  6.672E-15
3.532E+02  1.050E-24  9.840E-15  2.968E-15  6.872E-15
3.499E+02  1.092E-24  1.013E-14  3.057E-15  7.078E-15
3.467E+02  1.135E-24  1.044E-14  3.148E-15  7.290E-15
3.436E+02  1.180E-24  1.075E-14  3.242E-15  7.508E-15
3.404E+02  1.226E-24  1.107E-14  3.339E-15  7.733E-15
3.373E+02  1.274E-24  1.140E-14  3.438E-15  7.964E-15
3.342E+02  1.325E-24  1.174E-14  3.540E-15  8.202E-15
3.311E+02  1.377E-24  1.209E-14  3.645E-15  8.446E-15
3.281E+02  1.431E-24  1.245E-14  3.753E-15  8.698E-15
3.251E+02  1.487E-24  1.282E-14  3.864E-15  8.956E-15
3.221E+02  1.545E-24  1.320E-14  3.978E-15  9.222E-15
3.192E+02  1.605E-24  1.359E-14  4.095E-15  9.496E-15
3.162E+02  1.668E-24  1.399E-14  4.216E-15  9.777E-15
3.133E+02  1.733E-24  1.441E-14  4.339E-15  1.007E-14
3.105E+02  1.801E-24  1.483E-14  4.466E-15  1.036E-14
3.076E+02  1.871E-24  1.527E-14  4.597E-15  1.067E-14
3.048E+02  1.944E-24  1.571E-14  4.731E-15  1.098E-14
3.020E+02  2.019E-24  1.617E-14  4.869E-15  1.130E-14
2.992E+02  2.097E-24  1.665E-14  5.010E-15  1.164E-14
2.965E+02  2.178E-24  1.713E-14  5.155E-15  1.198E-14
2.938E+02  2.262E-24  1.763E-14  5.304E-15  1.233E-14
2.911E+02  2.350E-24  1.814E-14  5.457E-15  1.268E-14
2.884E+02  2.440E-24  1.867E-14  5.615E-15  1.305E-14
2.858E+02  2.534E-24  1.921E-14  5.776E-15  1.343E-14
2.831E+02  2.631E-24  1.976E-14  5.941E-15  1.382E-14
2.805E+02  2.732E-24  2.033E-14  6.111E-15  1.422E-14
2.780E+02  2.837E-24  2.092E-14  6.286E-15  1.463E-14
2.754E+02  2.945E-24  2.152E-14  6.465E-15  1.505E-14
2.729E+02  3.058E-24  2.214E-14  6.649E-15  1.549E-14
2.704E+02  3.175E-24  2.277E-14  6.837E-15  1.593E-14
2.679E+02  3.296E-24  2.342E-14  7.030E-15  1.639E-14
2.655E+02  3.421E-24  2.409E-14  7.229E-15  1.686E-14
2.630E+02  3.551E-24  2.478E-14  7.432E-15  1.735E-14
2.606E+02  3.686E-24  2.548E-14  7.641E-15  1.784E-14
2.582E+02  3.826E-24  2.621E-14  7.855E-15  1.835E-14
2.559E+02  3.970E-24  2.694E-14  8.074E-15  1.887E-14
2.535E+02  4.118E-24  2.769E-14  8.299E-15  1.940E-14
2.512E+02  4.271E-24  2.846E-14  8.530E-15  1.993E-14
2.489E+02  4.427E-24  2.923E-14  8.766E-15  2.046E-14
2.466E+02  4.586E-24  3.000E-14  9.008E-15  2.099E-14
2.443E+02  4.749E-24  3.078E-14  9.257E-15  2.152E-14
2.421E+02  4.916E-24  3.157E-14  9.511E-15  2.206E-14
2.399E+02  5.088E-24  3.238E-14  9.772E-15  2.260E-14
2.377E+02  5.263E-24  3.318E-14  1.004E-14  2.314E-14
2.355E+02  5.443E-24  3.400E-14  1.031E-14  2.369E-14
2.333E+02  5.628E-24  3.483E-14  1.059E-14  2.424E-14
2.312E+02  5.819E-24  3.569E-14  1.088E-14  2.480E-14
2.291E+02  6.015E-24  3.655E-14  1.118E-14  2.538E-14
2.270E+02  6.218E-24  3.744E-14  1.148E-14  2.596E-14
2.249E+02  6.426E-24  3.834E-14  1.179E-14  2.655E-14
2.228E+02  6.641E-24  3.925E-14  1.210E-14  2.715E-14
2.208E+02  6.862E-24  4.019E-14  1.243E-14  2.776E-14
2.188E+02  7.089E-24  4.114E-14  1.276E-14  2.838E-14
2.168E+02  7.324E-24  4.211E-14  1.310E-14  2.901E-14
2.148E+02  7.564E-24  4.310E-14  1.345E-14  2.965E-14
2.128E+02  7.812E-24  4.410E-14  1.380E-14  3.030E-14
2.109E+02  8.067E-24  4.512E-14  1.417E-14  3.095E-14
2.089E+02  8.329E-24  4.616E-14  1.454E-14  3.161E-14
2.070E+02  8.598E-24  4.721E-14  1.493E-14  3.229E-14
2.051E+02  8.874E-24  4.828E-14  1.532E-14  3.297E-14
2.032E+02  9.159E-24  4.937E-14  1.572E-14  3.365E-14
2.014E+02  9.451E-24  5.048E-14  1.613E-14  3.435E-14
1.995E+02  9.751E-24  5.161E-14  1.655E-14  3.506E-14
1.977E+02  1.006E-23  5.275E-14  1.698E-14  3.577E-14
1.959E+02  1.037E-23  5.391E-14  1.742E-14  3.648E-14
1.941E+02  1.070E-23  5.509E-14  1.788E-14  3.721E-14
1.923E+02  1.103E-23  5.628E-14  1.834E-14  3.794E-14
1.905E+02  1.138E-23  5.750E-14  1.881E-14  3.868E-14
1.888E+02  1.173E-23  5.873E-14  1.930E-14  3.943E-14
1.871E+02  1.209E-23  5.998E-14  1.980E-14  4.018E-14
1.854E+02  1.246E-23  6.125E-14  2.031E-14  4.094E-14
1.837E+02  1.284E-23  6.254E-14  2.084E-14  4.170E-14
1.820E+02  1.323E-23  6.384E-14  2.137E-14  4.247E-14
1.803E+02  1.363E-23  6.517E-14  2.193E-14  4.324E-14
1.786E+02  1.404E-23  6.652E-14  2.250E-14  4.402E-14
1.770E+02  1.446E-23  6.788E-14  2.308E-14  4.480E-14
1.754E+02  1.489E-23  6.927E-14  2.368E-14  4.559E-14
1.738E+02  1.533E-23  7.068E-14  2.430E-14  4.638E-14
1.722E+02  1.579E-23  7.211E-14  2.493E-14  4.717E-14
1.706E+02  1.625E-23  7.356E-14  2.559E-14  4.797E-14
1.690E+02  1.673E-23  7.503E-14  2.626E-14  4.877E-14
1.675E+02  1.722E-23  7.653E-14  2.696E-14  4.957E-14
1.660E+02  1.773E-23  7.805E-14  2.768E-14  5.037E-14
1.644E+02  1.825E-23  7.960E-14  2.843E-14  5.117E-14
1.629E+02  1.878E-23  8.118E-14  2.920E-14  5.197E-14
1.614E+02  1.933E-23  8.278E-14  3.001E-14  5.278E-14
1.600E+02  1.990E-23  8.442E-14  3.084E-14  5.358E-14
1.585E+02  2.048E-23  8.609E-14  3.171E-14  5.438E-14
1.570E+02  2.108E-23  8.780E-14  3.262E-14  5.518E-14
1.556E+02  2.169E-23  8.954E-14  3.356E-14  5.598E-14
1.542E+02  2.233E-23  9.132E-14  3.455E-14  5.677E-14
1.528E+02  2.299E-23  9.315E-14  3.558E-14  5.756E-14
1.514E+02  2.366E-23  9.501E-14  3.666E-14  5.835E-14
1.500E+02  2.436E-23  9.691E-14  3.778E-14  5.913E-14
1.486E+02  2.508E-23  9.885E-14  3.894E-14  5.991E-14
1.472E+02  2.582E-23  1.008E-13  4.013E-14  6.069E-14
1.459E+02  2.657E-23  1.028E-13  4.134E-14  6.146E-14
1.445E+02  2.732E-23  1.048E-13  4.255E-14  6.222E-14
1.432E+02  2.808E-23  1.067E-13  4.372E-14  6.297E-14
1.419E+02  2.883E-23  1.085E-13  4.481E-14  6.371E-14
1.406E+02  2.956E-23  1.102E-13  4.579E-14  6.445E-14
1.393E+02  3.025E-23  1.118E-13  4.661E-14  6.518E-14
1.380E+02  3.090E-23  1.132E-13  4.727E-14  6.589E-14
1.368E+02  3.152E-23  1.144E-13  4.777E-14  6.659E-14
1.355E+02  3.211E-23  1.154E-13  4.813E-14  6.729E-14
1.343E+02  3.267E-23  1.163E-13  4.838E-14  6.796E-14
1.330E+02  3.321E-23  1.172E-13  4.859E-14  6.862E-14
1.318E+02  3.376E-23  1.180E-13  4.877E-14  6.927E-14
1.306E+02  3.431E-23  1.189E-13  4.895E-14  6.990E-14
1.294E+02  3.486E-23  1.197E-13  4.916E-14  7.052E-14
1.282E+02  3.543E-23  1.205E-13  4.940E-14  7.112E-14
1.271E+02  3.601E-23  1.214E-13  4.968E-14  7.170E-14
1.259E+02  3.661E-23  1.223E-13  4.999E-14  7.226E-14
1.247E+02  3.722E-23  1.231E-13  5.035E-14  7.280E-14
1.236E+02  3.784E-23  1.241E-13  5.074E-14  7.332E-14
1.225E+02  3.848E-23  1.250E-13  5.117E-14  7.383E-14
1.213E+02  3.913E-23  1.260E-13  5.164E-14  7.431E-14
1.202E+02  3.979E-23  1.269E-13  5.214E-14  7.477E-14
1.191E+02  4.047E-23  1.279E-13  5.266E-14  7.521E-14
1.180E+02  4.115E-23  1.288E-13  5.321E-14  7.562E-14
1.169E+02  4.184E-23  1.298E-13  5.378E-14  7.600E-14
1.159E+02  4.253E-23  1.307E-13  5.437E-14  7.636E-14
1.148E+02  4.324E-23  1.317E-13  5.499E-14  7.669E-14
1.138E+02  4.395E-23  1.326E-13  5.562E-14  7.700E-14
1.127E+02  4.466E-23  1.335E-13  5.626E-14  7.729E-14
1.117E+02  4.539E-23  1.345E-13  5.693E-14  7.755E-14
1.107E+02  4.612E-23  1.354E-13  5.760E-14  7.778E-14
1.096E+02  4.686E-23  1.363E-13  5.829E-14  7.799E-14
1.086E+02  4.759E-23  1.372E-13  5.899E-14  7.817E-14
1.076E+02  4.833E-23  1.380E-13  5.969E-14  7.832E-14
1.067E+02  4.908E-23  1.388E-13  6.040E-14  7.844E-14
1.057E+02  4.982E-23  1.397E-13  6.112E-14  7.854E-14
1.047E+02  5.056E-23  1.404E-13  6.185E-14  7.860E-14
1.038E+02  5.131E-23  1.412E-13  6.257E-14  7.863E-14
1.028E+02  5.205E-23  1.419E-13  6.330E-14  7.863E-14
1.019E+02  5.279E-23  1.426E-13  6.402E-14  7.860E-14
1.009E+02  5.352E-23  1.433E-13  6.475E-14  7.853E-14
1.000E+02  5.425E-23  1.439E-13  6.547E-14  7.843E-14
9.908E+01  5.497E-23  1.445E-13  6.618E-14  7.830E-14
9.817E+01  5.569E-23  1.450E-13  6.688E-14  7.813E-14
9.727E+01  5.639E-23  1.455E-13  6.758E-14  7.794E-14
9.638E+01  5.710E-23  1.460E-13  6.826E-14  7.771E-14
9.550E+01  5.779E-23  1.464E-13  6.894E-14  7.745E-14
9.462E+01  5.847E-23  1.468E-13  6.960E-14  7.716E-14
9.376E+01  5.914E-23  1.471E-13  7.025E-14  7.683E-14
9.290E+01  5.980E-23  1.474E-13  7.088E-14  7.647E-14
9.204E+01  6.045E-23  1.476E-13  7.150E-14  7.609E-14
9.120E+01  6.108E-23  1.478E-13  7.210E-14  7.566E-14
9.036E+01  6.170E-23  1.479E-13  7.270E-14  7.521E-14
8.954E+01  6.231E-23  1.480E-13  7.327E-14  7.472E-14
8.872E+01  6.291E-23  1.480E-13  7.384E-14  7.420E-14
8.790E+01  6.349E-23  1.480E-13  7.439E-14  7.366E-14
8.710E+01  6.406E-23  1.480E-13  7.492E-14  7.308E-14
8.630E+01  6.462E-23  1.479E-13  7.544E-14  7.248E-14
8.551E+01  6.516E-23  1.478E-13  7.594E-14  7.185E-14
8.472E+01  6.568E-23  1.476E-13  7.643E-14  7.118E-14
8.395E+01  6.618E-23  1.474E-13  7.689E-14  7.048E-14
8.318E+01  6.667E-23  1.471E-13  7.733E-14  6.975E-14
8.241E+01  6.713E-23  1.468E-13  7.776E-14  6.900E-14
8.166E+01  6.758E-23  1.464E-13  7.815E-14  6.823E-14
8.091E+01  6.801E-23  1.460E-13  7.853E-14  6.743E-14
8.017E+01  6.841E-23  1.455E-13  7.888E-14  6.660E-14
7.943E+01  6.880E-23  1.450E-13  7.920E-14  6.575E-14
7.870E+01  6.915E-23  1.444E-13  7.950E-14  6.488E-14
7.798E+01  6.949E-23  1.437E-13  7.976E-14  6.398E-14
7.727E+01  6.980E-23  1.431E-13  8.000E-14  6.306E-14
7.656E+01  7.009E-23  1.423E-13  8.021E-14  6.213E-14
7.586E+01  7.035E-23  1.416E-13  8.038E-14  6.118E-14
7.516E+01  7.059E-23  1.407E-13  8.053E-14  6.021E-14
7.447E+01  7.080E-23  1.399E-13  8.065E-14  5.921E-14
7.379E+01  7.098E-23  1.389E-13  8.074E-14  5.820E-14
7.311E+01  7.114E-23  1.380E-13  8.079E-14  5.718E-14
7.244E+01  7.127E-23  1.369E-13  8.082E-14  5.613E-14
7.178E+01  7.137E-23  1.359E-13  8.081E-14  5.507E-14
7.112E+01  7.144E-23  1.348E-13  8.077E-14  5.400E-14
7.047E+01  7.149E-23  1.336E-13  8.070E-14  5.293E-14
6.982E+01  7.152E-23  1.325E-13  8.060E-14  5.187E-14
6.918E+01  7.152E-23  1.313E-13  8.047E-14  5.078E-14
6.855E+01  7.149E-23  1.300E-13  8.031E-14  4.968E-14
6.792E+01  7.142E-23  1.287E-13  8.011E-14  4.857E-14
6.730E+01  7.133E-23  1.273E-13  7.988E-14  4.745E-14
6.668E+01  7.122E-23  1.260E-13  7.962E-14  4.634E-14
6.607E+01  7.107E-23  1.246E-13  7.933E-14  4.523E-14
6.546E+01  7.091E-23  1.231E-13  7.901E-14  4.411E-14
6.486E+01  7.071E-23  1.217E-13  7.866E-14  4.299E-14
6.427E+01  7.048E-23  1.202E-13  7.828E-14  4.188E-14
6.368E+01  7.023E-23  1.186E-13  7.786E-14  4.076E-14
6.310E+01  6.995E-23  1.171E-13  7.742E-14  3.965E-14
6.252E+01  6.965E-23  1.155E-13  7.695E-14  3.855E-14
6.194E+01  6.932E-23  1.139E-13  7.645E-14  3.745E-14
6.138E+01  6.897E-23  1.123E-13  7.592E-14  3.636E-14
6.081E+01  6.859E-23  1.106E-13  7.536E-14  3.528E-14
6.026E+01  6.818E-23  1.090E-13  7.477E-14  3.421E-14
5.970E+01  6.775E-23  1.073E-13  7.416E-14  3.314E-14
5.916E+01  6.730E-23  1.056E-13  7.352E-14  3.208E-14
5.861E+01  6.682E-23  1.039E-13  7.285E-14  3.104E-14
5.808E+01  6.632E-23  1.022E-13  7.216E-14  3.000E-14
5.754E+01  6.579E-23  1.004E-13  7.145E-14  2.898E-14
5.702E+01  6.525E-23  9.868E-14  7.072E-14  2.797E-14
5.649E+01  6.468E-23  9.693E-14  6.996E-14  2.697E-14
5.598E+01  6.410E-23  9.517E-14  6.917E-14  2.600E-14
5.546E+01  6.349E-23  9.341E-14  6.837E-14  2.504E-14
5.495E+01  6.287E-23  9.165E-14  6.755E-14  2.410E-14
5.445E+01  6.223E-23  8.988E-14  6.671E-14  2.318E-14
5.395E+01  6.157E-23  8.812E-14  6.584E-14  2.227E-14
5.346E+01  6.090E-23  8.635E-14  6.497E-14  2.139E-14
5.297E+01  6.021E-23  8.459E-14  6.407E-14  2.052E-14
5.248E+01  5.950E-23  8.283E-14  6.316E-14  1.967E-14
5.200E+01  5.878E-23  8.108E-14  6.224E-14  1.884E-14
5.152E+01  5.804E-23  7.933E-14  6.130E-14  1.803E-14
5.105E+01  5.729E-23  7.758E-14  6.034E-14  1.724E-14
5.058E+01  5.653E-23  7.585E-14  5.937E-14  1.648E-14
5.012E+01  5.575E-23  7.412E-14  5.839E-14  1.573E-14
4.966E+01  5.496E-23  7.240E-14  5.740E-14  1.500E-14
4.920E+01  5.416E-23  7.069E-14  5.639E-14  1.430E-14
4.875E+01  5.335E-23  6.899E-14  5.538E-14  1.361E-14
4.831E+01  5.253E-23  6.731E-14  5.436E-14  1.295E-14
4.786E+01  5.170E-23  6.564E-14  5.333E-14  1.231E-14
4.742E+01  5.086E-23  6.398E-14  5.229E-14  1.169E-14
4.699E+01  5.001E-23  6.234E-14  5.125E-14  1.109E-14
4.656E+01  4.916E-23  6.071E-14  5.020E-14  1.051E-14
4.613E+01  4.830E-23  5.910E-14  4.914E-14  9.959E-15
4.571E+01  4.743E-23  5.751E-14  4.808E-14  9.424E-15
4.529E+01  4.656E-23  5.593E-14  4.702E-14  8.910E-15
4.487E+01  4.568E-23  5.437E-14  4.595E-14  8.417E-15
4.446E+01  4.479E-23  5.282E-14  4.488E-14  7.944E-15
4.406E+01  4.389E-23  5.129E-14  4.380E-14  7.491E-15
4.365E+01  4.299E-23  4.978E-14  4.272E-14  7.057E-15
4.325E+01  4.208E-23  4.828E-14  4.164E-14  6.641E-15
4.285E+01  4.117E-23  4.680E-14  4.056E-14  6.244E-15
4.246E+01  4.025E-23  4.533E-14  3.947E-14  5.865E-15
4.207E+01  3.932E-23  4.388E-14  3.838E-14  5.503E-15
4.169E+01  3.838E-23  4.244E-14  3.728E-14  5.159E-15
4.130E+01  3.744E-23  4.102E-14  3.619E-14  4.831E-15
4.093E+01  3.649E-23  3.961E-14  3.509E-14  4.519E-15
4.055E+01  3.553E-23  3.822E-14  3.400E-14  4.222E-15
4.018E+01  3.456E-23  3.684E-14  3.290E-14  3.941E-15
3.981E+01  3.359E-23  3.547E-14  3.180E-14  3.675E-15
3.945E+01  3.261E-23  3.412E-14  3.070E-14  3.423E-15
3.908E+01  3.162E-23  3.279E-14  2.960E-14  3.185E-15
3.873E+01  3.063E-23  3.146E-14  2.850E-14  2.960E-15
3.837E+01  2.963E-23  3.016E-14  2.741E-14  2.748E-15
3.802E+01  2.862E-23  2.886E-14  2.632E-14  2.548E-15
3.767E+01  2.761E-23  2.759E-14  2.523E-14  2.361E-15
3.733E+01  2.659E-23  2.633E-14  2.414E-14  2.183E-15
3.698E+01  2.557E-23  2.508E-14  2.306E-14  2.017E-15
3.664E+01  2.454E-23  2.385E-14  2.199E-14  1.861E-15
3.631E+01  2.351E-23  2.265E-14  2.093E-14  1.715E-15
3.597E+01  2.249E-23  2.146E-14  1.988E-14  1.579E-15
3.565E+01  2.146E-23  2.029E-14  1.884E-14  1.452E-15
3.532E+01  2.044E-23  1.915E-14  1.782E-14  1.334E-15
3.499E+01  1.943E-23  1.803E-14  1.681E-14  1.225E-15
3.467E+01  1.842E-23  1.694E-14  1.582E-14  1.123E-15
3.436E+01  1.743E-23  1.588E-14  1.485E-14  1.028E-15
3.404E+01  1.644E-23  1.485E-14  1.391E-14  9.404E-16
3.373E+01  1.548E-23  1.385E-14  1.299E-14  8.593E-16
3.342E+01  1.453E-23  1.288E-14  1.210E-14  7.844E-16
3.311E+01  1.360E-23  1.195E-14  1.123E-14  7.155E-16
3.281E+01  1.270E-23  1.106E-14  1.040E-14  6.519E-16
3.251E+01  1.183E-23  1.020E-14  9.607E-15  5.933E-16
3.221E+01  1.098E-23  9.385E-15  8.846E-15  5.393E-16
3.192E+01  1.017E-23  8.611E-15  8.121E-15  4.897E-16
3.162E+01  9.391E-24  7.877E-15  7.433E-15  4.441E-16
3.133E+01  8.647E-24  7.186E-15  6.784E-15  4.023E-16
3.105E+01  7.939E-24  6.538E-15  6.174E-15  3.640E-16
3.076E+01  7.268E-24  5.931E-15  5.602E-15  3.290E-16
3.048E+01  6.636E-24  5.365E-15  5.068E-15  2.970E-16
3.020E+01  6.043E-24  4.841E-15  4.573E-15  2.677E-16
2.992E+01  5.487E-24  4.356E-15  4.114E-15  2.411E-16
2.965E+01  4.970E-24  3.909E-15  3.692E-15  2.167E-16
2.938E+01  4.490E-24  3.499E-15  3.304E-15  1.946E-16
2.911E+01  4.047E-24  3.124E-15  2.950E-15  1.744E-16
2.884E+01  3.638E-24  2.783E-15  2.627E-15  1.562E-16
2.858E+01  3.263E-24  2.474E-15  2.334E-15  1.397E-16
2.831E+01  2.921E-24  2.194E-15  2.069E-15  1.248E-16
2.805E+01  2.608E-24  1.941E-15  1.830E-15  1.113E-16
2.780E+01  2.325E-24  1.714E-15  1.615E-15  9.913E-17
2.754E+01  2.068E-24  1.511E-15  1.422E-15  8.818E-17
2.729E+01  1.836E-24  1.329E-15  1.251E-15  7.835E-17
2.704E+01  1.627E-24  1.167E-15  1.097E-15  6.951E-17
2.679E+01  1.439E-24  1.023E-15  9.612E-16  6.159E-17
2.655E+01  1.271E-24  8.950E-16  8.405E-16  5.449E-17
2.630E+01  1.121E-24  7.819E-16  7.338E-16  4.814E-17
2.606E+01  9.866E-25  6.821E-16  6.396E-16  4.248E-17
2.582E+01  8.674E-25  5.941E-16  5.567E-16  3.742E-17
2.559E+01  7.614E-25  5.168E-16  4.838E-16  3.292E-17
2.535E+01  6.675E-25  4.489E-16  4.200E-16  2.892E-17
2.512E+01  5.844E-25  3.894E-16  3.640E-16  2.537E-17
2.489E+01  5.110E-25  3.374E-16  3.152E-16  2.222E-17
2.466E+01  4.463E-25  2.920E-16  2.725E-16  1.943E-17
2.443E+01  3.893E-25  2.523E-16  2.354E-16  1.696E-17
2.421E+01  3.392E-25  2.178E-16  2.031E-16  1.478E-17
2.399E+01  2.952E-25  1.878E-16  1.750E-16  1.285E-17
2.377E+01  2.566E-25  1.618E-16  1.506E-16  1.116E-17
2.355E+01  2.228E-25  1.392E-16  1.295E-16  9.685E-18
2.333E+01  1.932E-25  1.196E-16  1.112E-16  8.388E-18
2.312E+01  1.674E-25  1.027E-16  9.541E-17  7.244E-18
2.291E+01  1.449E-25  8.803E-17  8.178E-17  6.248E-18
2.270E+01  1.253E-25  7.542E-17  7.003E-17  5.390E-18
2.249E+01  1.082E-25  6.456E-17  5.991E-17  4.647E-18
2.228E+01  9.340E-26  5.521E-17  5.120E-17  4.003E-18
2.208E+01  8.053E-26  4.716E-17  4.372E-17  3.440E-18
2.188E+01  6.935E-26  4.025E-17  3.730E-17  2.946E-18
2.168E+01  5.967E-26  3.431E-17  3.179E-17  2.516E-18
2.148E+01  5.129E-26  2.922E-17  2.707E-17  2.146E-18
2.128E+01  4.405E-26  2.486E-17  2.304E-17  1.828E-18
2.109E+01  3.779E-26  2.114E-17  1.958E-17  1.557E-18
2.089E+01  3.240E-26  1.795E-17  1.663E-17  1.323E-18
2.070E+01  2.774E-26  1.523E-17  1.411E-17  1.121E-18
2.051E+01  2.373E-26  1.291E-17  1.197E-17  9.477E-19
2.032E+01  2.028E-26  1.093E-17  1.013E-17  8.005E-19
2.014E+01  1.732E-26  9.254E-18  8.577E-18  6.774E-19
1.995E+01  1.478E-26  7.824E-18  7.252E-18  5.719E-19
1.977E+01  1.260E-26  6.607E-18  6.125E-18  4.814E-19
1.959E+01  1.072E-26  5.572E-18  5.168E-18  4.037E-19
1.941E+01  9.117E-27  4.694E-18  4.356E-18  3.372E-19
1.923E+01  7.740E-27  3.948E-18  3.668E-18  2.804E-19
1.905E+01  6.562E-27  3.317E-18  3.084E-18  2.322E-19
1.888E+01  5.556E-27  2.783E-18  2.591E-18  1.914E-19
1.871E+01  4.698E-27  2.331E-18  2.174E-18  1.571E-19
1.854E+01  3.968E-27  1.951E-18  1.823E-18  1.282E-19
1.837E+01  3.347E-27  1.630E-18  1.526E-18  1.042E-19
1.820E+01  2.819E-27  1.361E-18  1.276E-18  8.426E-20
1.803E+01  2.371E-27  1.134E-18  1.066E-18  6.784E-20
1.786E+01  1.991E-27  9.437E-19  8.893E-19  5.436E-20
1.770E+01  1.671E-27  7.844E-19  7.411E-19  4.335E-20
1.754E+01  1.400E-27  6.513E-19  6.169E-19  3.438E-20
1.738E+01  1.172E-27  5.401E-19  5.130E-19  2.714E-20
1.722E+01  9.795E-28  4.474E-19  4.260E-19  2.133E-20
1.706E+01  8.178E-28  3.701E-19  3.534E-19  1.671E-20
1.690E+01  6.819E-28  3.058E-19  2.927E-19  1.304E-20
1.675E+01  5.679E-28  2.523E-19  2.422E-19  1.014E-20
1.660E+01  4.723E-28  2.079E-19  2.001E-19  7.844E-21
1.644E+01  3.923E-28  1.711E-19  1.651E-19  6.046E-21
1.629E+01  3.254E-28  1.406E-19  1.360E-19  4.643E-21
1.614E+01  2.695E-28  1.154E-19  1.119E-19  3.556E-21
1.600E+01  2.229E-28  9.459E-20  9.188E-20  2.716E-21
1.585E+01  1.842E-28  7.742E-20  7.535E-20  2.069E-21
1.570E+01  1.519E-28  6.328E-20  6.171E-20  1.572E-21
1.556E+01  1.251E-28  5.165E-20  5.046E-20  1.191E-21
1.542E+01  1.029E-28  4.209E-20  4.119E-20  9.003E-22
1.528E+01  8.454E-29  3.425E-20  3.357E-20  6.794E-22
1.514E+01  6.933E-29  2.783E-20  2.732E-20  5.117E-22
1.500E+01  5.677E-29  2.258E-20  2.220E-20  3.850E-22
1.486E+01  4.641E-29  1.829E-20  1.800E-20  2.889E-22
1.472E+01  3.789E-29  1.480E-20  1.458E-20  2.163E-22
1.459E+01  3.088E-29  1.195E-20  1.179E-20  1.617E-22
1.445E+01  2.513E-29  9.635E-21  9.514E-21  1.212E-22
1.432E+01  2.041E-29  7.756E-21  7.664E-21  9.102E-23
1.419E+01  1.656E-29  6.232E-21  6.163E-21  6.871E-23
1.406E+01  1.340E-29  4.998E-21  4.946E-21  5.217E-23
1.393E+01  1.083E-29  4.002E-21  3.962E-21  3.994E-23
1.380E+01  8.734E-30  3.198E-21  3.167E-21  3.076E-23
1.368E+01  7.033E-30  2.552E-21  2.528E-21  2.386E-23
1.355E+01  5.652E-30  2.032E-21  2.013E-21  1.856E-23
1.343E+01  4.533E-30  1.615E-21  1.600E-21  1.445E-23
1.330E+01  3.628E-30  1.280E-21  1.269E-21  1.123E-23
1.318E+01  2.898E-30  1.013E-21  1.005E-21  8.711E-24
1.306E+01  2.310E-30  8.002E-22  7.935E-22  6.733E-24
1.294E+01  1.837E-30  6.307E-22  6.255E-22  5.196E-24
1.282E+01  1.458E-30  4.960E-22  4.920E-22  4.010E-24
1.271E+01  1.155E-30  3.892E-22  3.861E-22  3.090E-24
1.259E+01  9.123E-31  3.047E-22  3.023E-22  2.374E-24
1.247E+01  7.190E-31  2.379E-22  2.361E-22  1.817E-24
1.236E+01  5.651E-31  1.853E-22  1.839E-22  1.385E-24
1.225E+01  4.429E-31  1.439E-22  1.428E-22  1.050E-24
1.213E+01  3.463E-31  1.115E-22  1.107E-22  7.954E-25
1.202E+01  2.702E-31  8.616E-23  8.555E-23  6.026E-25
1.191E+01  2.102E-31  6.642E-23  6.597E-23  4.547E-25
1.180E+01  1.631E-31  5.107E-23  5.073E-23  3.419E-25
1.169E+01  1.263E-31  3.918E-23  3.892E-23  2.558E-25
1.159E+01  9.844E-32  3.026E-23  3.007E-23  1.899E-25
1.148E+01  8.378E-32  2.552E-23  2.538E-23  1.405E-25
1.138E+01  5.900E-32  1.780E-23  1.770E-23  1.037E-25
1.127E+01  4.492E-32  1.343E-23  1.336E-23  7.645E-26
1.117E+01  3.425E-32  1.015E-23  1.009E-23  5.623E-26
1.107E+01  2.606E-32  7.651E-24  7.610E-24  4.122E-26
1.096E+01  1.981E-32  5.761E-24  5.730E-24  3.006E-26
1.086E+01  1.502E-32  4.328E-24  4.306E-24  2.186E-26
1.076E+01  1.136E-32  3.243E-24  3.227E-24  1.590E-26
1.067E+01  8.565E-33  2.423E-24  2.412E-24  1.156E-26
1.057E+01  6.442E-33  1.806E-24  1.798E-24  8.386E-27
1.047E+01  4.832E-33  1.342E-24  1.336E-24  6.049E-27
1.038E+01  3.614E-33  9.945E-25  9.902E-25  4.317E-27
1.028E+01  2.695E-33  7.348E-25  7.317E-25  3.044E-27
1.019E+01  2.003E-33  5.412E-25  5.391E-25  2.124E-27
1.009E+01  1.485E-33  3.975E-25  3.960E-25  1.471E-27
1.000E+01  1.097E-33  2.910E-25  2.900E-25  1.015E-27
9.908E+00  8.083E-34  2.124E-25  2.117E-25  6.994E-28
9.817E+00  5.937E-34  1.546E-25  1.541E-25  4.806E-28
9.727E+00  4.347E-34  1.122E-25  1.118E-25  3.292E-28
9.638E+00  3.174E-34  8.114E-26  8.092E-26  2.243E-28
9.550E+00  2.310E-34  5.851E-26  5.835E-26  1.513E-28
9.462E+00  1.675E-34  4.205E-26  4.195E-26  1.006E-28
9.376E+00  1.211E-34  3.013E-26  3.006E-26  6.583E-29
9.290E+00  8.730E-35  2.151E-26  2.147E-26  4.226E-29
9.204E+00  6.271E-35  1.531E-26  1.528E-26  2.661E-29
9.120E+00  4.490E-35  1.086E-26  1.085E-26  1.644E-29
9.036E+00  3.204E-35  7.681E-27  7.671E-27  9.999E-30
8.954E+00  2.279E-35  5.413E-27  5.407E-27  6.006E-30
8.872E+00  1.616E-35  3.803E-27  3.799E-27  3.581E-30
8.790E+00  1.142E-35  2.663E-27  2.661E-27  2.127E-30
8.710E+00  8.046E-36  1.859E-27  1.858E-27  1.262E-30
8.630E+00  5.648E-36  1.293E-27  1.292E-27  7.492E-31
8.551E+00  3.947E-36  8.953E-28  8.949E-28  4.449E-31
8.472E+00  2.748E-36  6.175E-28  6.172E-28  2.629E-31
8.395E+00  1.906E-36  4.244E-28  4.242E-28  1.534E-31
8.318E+00  1.317E-36  2.907E-28  2.906E-28  8.779E-32
8.241E+00  9.076E-37  1.984E-28  1.984E-28  4.906E-32
8.166E+00  6.232E-37  1.350E-28  1.350E-28  2.671E-32
8.091E+00  4.264E-37  9.151E-29  9.150E-29  1.438E-32
8.017E+00  2.908E-37  6.184E-29  6.183E-29  7.654E-33
7.943E+00  1.976E-37  4.164E-29  4.164E-29  4.046E-33
7.870E+00  1.338E-37  2.792E-29  2.792E-29  2.125E-33
7.798E+00  9.006E-38  1.863E-29  1.863E-29  1.111E-33
7.727E+00  6.036E-38  1.237E-29  1.237E-29  5.821E-34
7.656E+00  4.030E-38  8.185E-30  8.184E-30  3.062E-34
7.586E+00  2.678E-38  5.389E-30  5.389E-30  1.621E-34
7.516E+00  1.769E-38  3.528E-30  3.528E-30  8.698E-35
7.447E+00  1.164E-38  2.299E-30  2.299E-30  4.748E-35
7.379E+00  7.630E-39  1.493E-30  1.493E-30  2.623E-35
7.311E+00  4.984E-39  9.665E-31  9.665E-31  1.472E-35
7.244E+00  3.243E-39  6.231E-31  6.231E-31  8.316E-36
7.178E+00  2.102E-39  4.002E-31  4.002E-31  4.714E-36
7.112E+00  1.357E-39  2.559E-31  2.559E-31  2.689E-36
7.047E+00  8.720E-40  1.630E-31  1.630E-31  1.537E-36
6.982E+00  5.581E-40  1.034E-31  1.034E-31  8.752E-37
6.918E+00  3.557E-40  6.528E-32  6.528E-32  4.975E-37
6.855E+00  2.258E-40  4.106E-32  4.106E-32  2.817E-37
6.792E+00  1.427E-40  2.571E-32  2.571E-32  1.587E-37
6.730E+00  8.978E-41  1.603E-32  1.603E-32  8.905E-38
6.668E+00  5.623E-41  9.946E-33  9.946E-33  4.970E-38
6.607E+00  3.505E-41  6.143E-33  6.143E-33  2.758E-38
6.546E+00  2.175E-41  3.776E-33  3.776E-33  1.522E-38
6.486E+00  1.343E-41  2.311E-33  2.311E-33  8.353E-39
6.427E+00  8.258E-42  1.408E-33  1.408E-33  4.558E-39
6.368E+00  5.057E-42  8.542E-34  8.542E-34  2.473E-39
6.310E+00  3.055E-42  5.114E-34  5.114E-34  1.333E-39
6.252E+00  1.888E-42  3.131E-34  3.131E-34  7.149E-40
6.194E+00  1.139E-42  1.872E-34  1.872E-34  3.810E-40
6.138E+00  6.804E-43  1.108E-34  1.108E-34  2.016E-40
6.081E+00  4.051E-43  6.535E-35  6.535E-35  1.061E-40
6.026E+00  2.405E-43  3.843E-35  3.843E-35  5.554E-41
5.970E+00  1.422E-43  2.252E-35  2.252E-35  2.891E-41
5.916E+00  8.369E-44  1.313E-35  1.313E-35  1.497E-41
5.861E+00  4.903E-44  7.623E-36  7.623E-36  7.705E-42
5.808E+00  2.859E-44  4.405E-36  4.405E-36  3.946E-42
5.754E+00  1.659E-44  2.533E-36  2.533E-36  2.009E-42
5.702E+00  9.581E-45  1.449E-36  1.449E-36  1.017E-42
5.649E+00  5.501E-45  8.243E-37  8.243E-37  5.123E-43
5.598E+00  3.142E-45  4.665E-37  4.665E-37  2.565E-43
5.546E+00  1.785E-45  2.627E-37  2.627E-37  1.277E-43
5.495E+00  1.010E-45  1.472E-37  1.472E-37  6.321E-44
5.445E+00  5.680E-46  8.204E-38  8.204E-38  3.111E-44
5.395E+00  3.179E-46  4.550E-38  4.550E-38  1.522E-44
5.346E+00  1.771E-46  2.511E-38  2.511E-38  7.405E-45
5.297E+00  9.809E-47  1.378E-38  1.378E-38  3.580E-45
5.248E+00  5.404E-47  7.522E-39  7.522E-39  1.720E-45
5.200E+00  2.960E-47  4.083E-39  4.083E-39  8.216E-46
5.152E+00  1.613E-47  2.204E-39  2.204E-39  3.900E-46
5.105E+00  8.740E-48  1.184E-39  1.184E-39  1.840E-46
5.058E+00  4.711E-48  6.321E-40  6.321E-40  8.624E-47
5.012E+00  2.525E-48  3.357E-40  3.357E-40  4.018E-47
4.966E+00  1.346E-48  1.773E-40  1.773E-40  1.860E-47
4.920E+00  7.133E-49  9.310E-41  9.310E-41  8.553E-48
4.875E+00  3.760E-49  4.862E-41  4.862E-41  3.907E-48
4.831E+00  1.971E-49  2.525E-41  2.525E-41  1.773E-48
4.786E+00  1.027E-49  1.304E-41  1.304E-41  7.991E-49
4.742E+00  5.326E-50  6.700E-42  6.700E-42  3.577E-49
4.699E+00  2.746E-50  3.422E-42  3.422E-42  1.590E-49
4.656E+00  1.408E-50  1.738E-42  1.738E-42  7.022E-50
4.613E+00  7.174E-51  8.779E-43  8.779E-43  3.079E-50
4.571E+00  3.636E-51  4.409E-43  4.409E-43  1.340E-50
4.529E+00  1.832E-51  2.201E-43  2.201E-43  5.791E-51
4.487E+00  9.179E-52  1.093E-43  1.093E-43  2.485E-51
4.446E+00  4.572E-52  5.392E-44  5.392E-44  1.058E-51
4.406E+00  2.264E-52  2.646E-44  2.646E-44  4.476E-52
4.365E+00  1.114E-52  1.290E-44  1.290E-44  1.879E-52
4.325E+00  5.453E-53  6.256E-45  6.256E-45  7.829E-53
4.285E+00  2.652E-53  3.015E-45  3.015E-45  3.237E-53
4.246E+00  1.282E-53  1.444E-45  1.444E-45  1.328E-53
4.207E+00  6.163E-54  6.878E-46  6.878E-46  5.407E-54
4.169E+00  2.944E-54  3.255E-46  3.255E-46  2.184E-54
4.130E+00  1.397E-54  1.531E-46  1.531E-46  8.755E-55
4.093E+00  6.592E-55  7.156E-47  7.156E-47  3.479E-55
4.055E+00  3.090E-55  3.324E-47  3.324E-47  1.371E-55
4.018E+00  1.439E-55  1.534E-47  1.534E-47  5.361E-56
3.981E+00  6.663E-56  7.036E-48  7.036E-48  2.079E-56
3.945E+00  3.065E-56  3.207E-48  3.207E-48  7.995E-57
3.908E+00  1.401E-56  1.452E-48  1.452E-48  3.049E-57
3.873E+00  6.359E-57  6.532E-49  6.532E-49  1.153E-57
3.837E+00  2.869E-57  2.920E-49  2.920E-49  4.326E-58
3.802E+00  1.286E-57  1.296E-49  1.296E-49  1.609E-58
3.767E+00  5.723E-58  5.719E-50  5.719E-50  5.934E-59
3.733E+00  2.531E-58  2.506E-50  2.506E-50  2.170E-59
3.698E+00  1.112E-58  1.091E-50  1.091E-50  7.864E-60
3.664E+00  4.850E-59  4.714E-51  4.714E-51  2.825E-60
3.631E+00  2.101E-59  2.024E-51  2.024E-51  1.006E-60
3.597E+00  9.042E-60  8.628E-52  8.628E-52  3.552E-61
3.565E+00  3.863E-60  3.653E-52  3.653E-52  1.243E-61
3.532E+00  1.639E-60  1.536E-52  1.536E-52  4.307E-62
3.499E+00  6.905E-61  6.410E-53  6.410E-53  1.480E-62
3.467E+00  2.888E-61  2.656E-53  2.656E-53  5.036E-63
3.436E+00  1.199E-61  1.093E-53  1.093E-53  1.698E-63
3.404E+00  4.942E-62  4.463E-54  4.463E-54  5.675E-64
3.373E+00  2.022E-62  1.809E-54  1.809E-54  1.878E-64
3.342E+00  8.211E-63  7.279E-55  7.279E-55  6.156E-65
3.311E+00  3.312E-63  2.909E-55  2.909E-55  1.999E-65
3.281E+00  1.324E-63  1.152E-55  1.152E-55  6.426E-66
3.251E+00  5.250E-64  4.527E-56  4.527E-56  2.046E-66
3.221E+00  2.066E-64  1.765E-56  1.765E-56  6.448E-67
3.192E+00  8.070E-65  6.832E-57  6.832E-57  2.012E-67
3.162E+00  3.127E-65  2.623E-57  2.623E-57  6.220E-68
3.133E+00  1.202E-65  9.991E-58  9.991E-58  1.904E-68
3.105E+00  4.584E-66  3.775E-58  3.775E-58  5.769E-69
3.076E+00  1.734E-66  1.415E-58  1.415E-58  1.732E-69
3.048E+00  6.505E-67  5.259E-59  5.259E-59  5.148E-70
3.020E+00  2.420E-67  1.939E-59  1.939E-59  1.515E-70
2.992E+00  8.930E-68  7.088E-60  7.088E-60  4.413E-71
2.965E+00  3.267E-68  2.569E-60  2.569E-60  1.272E-71
2.938E+00  1.185E-68  9.236E-61  9.236E-61  3.632E-72
2.911E+00  4.263E-69  3.292E-61  3.292E-61  1.026E-72
2.884E+00  1.521E-69  1.163E-61  1.163E-61  2.869E-73
2.858E+00  5.380E-70  4.078E-62  4.078E-62  7.942E-74
2.831E+00  1.890E-70  1.420E-62  1.420E-62  2.176E-74
2.805E+00  6.619E-71  4.925E-63  4.925E-63  5.901E-75
2.780E+00  2.333E-71  1.720E-63  1.720E-63  1.584E-75
2.754E+00  8.512E-72  6.218E-64  6.218E-64  4.208E-76
2.729E+00  3.434E-72  2.486E-64  2.486E-64  1.107E-76
2.704E+00  1.710E-72  1.227E-64  1.227E-64  2.881E-77
2.679E+00  1.131E-72  8.034E-65  8.034E-65  7.425E-78
2.655E+00  9.380E-73  6.605E-65  6.605E-65  1.895E-78
2.630E+00  8.753E-73  6.107E-65  6.107E-65  4.787E-79
2.606E+00  8.559E-73  5.917E-65  5.917E-65  1.198E-79
2.582E+00  8.509E-73  5.828E-65  5.828E-65  2.968E-80
2.559E+00  8.506E-73  5.773E-65  5.773E-65  7.285E-81
2.535E+00  8.520E-73  5.729E-65  5.729E-65  1.771E-81
2.512E+00  8.540E-73  5.690E-65  5.690E-65  4.267E-82
2.489E+00  8.562E-73  5.652E-65  5.652E-65  1.019E-82
2.466E+00  8.583E-73  5.615E-65  5.615E-65  2.410E-83
2.443E+00  8.605E-73  5.577E-65  5.577E-65  5.651E-84
2.421E+00  8.626E-73  5.540E-65  5.540E-65  1.313E-84
2.399E+00  8.649E-73  5.504E-65  5.504E-65  3.026E-85
2.377E+00  8.672E-73  5.468E-65  5.468E-65  6.911E-86
2.355E+00  8.695E-73  5.432E-65  5.432E-65  1.565E-86
2.333E+00  8.718E-73  5.396E-65  5.396E-65  3.513E-87
2.312E+00  8.740E-73  5.360E-65  5.360E-65  7.816E-88
2.291E+00  8.761E-73  5.324E-65  5.324E-65  1.724E-88
2.270E+00  8.781E-73  5.287E-65  5.287E-65  3.768E-89
2.249E+00  8.800E-73  5.250E-65  5.250E-65  8.160E-90
2.228E+00  8.817E-73  5.212E-65  5.212E-65  1.751E-90
2.208E+00  8.832E-73  5.173E-65  5.173E-65  3.720E-91
2.188E+00  8.845E-73  5.133E-65  5.133E-65  7.827E-92
2.168E+00  8.855E-73  5.091E-65  5.091E-65  1.630E-92
2.148E+00  8.861E-73  5.048E-65  5.048E-65  3.359E-93
2.128E+00  8.862E-73  5.003E-65  5.003E-65  6.847E-94
2.109E+00  8.858E-73  4.954E-65  4.954E-65  1.380E-94
2.089E+00  8.847E-73  4.903E-65  4.903E-65  2.749E-95
2.070E+00  8.827E-73  4.847E-65  4.847E-65  5.410E-96
2.051E+00  8.798E-73  4.787E-65  4.787E-65  1.052E-96
2.032E+00  8.755E-73  4.720E-65  4.720E-65  2.018E-97
2.014E+00  8.698E-73  4.646E-65  4.646E-65  3.821E-98
1.995E+00  8.622E-73  4.563E-65  4.563E-65  7.139E-99
1.977E+00  8.528E-73  4.472E-65  4.472E-65  1.315E-99
1.959E+00  8.419E-73  4.374E-65  4.374E-65  2.390-100
1.941E+00  8.311E-73  4.279E-65  4.279E-65  4.279-101
1.923E+00  8.233E-73  4.200E-65  4.200E-65  7.549-102
1.905E+00  8.221E-73  4.155E-65  4.155E-65  1.312-102
1.888E+00  8.286E-73  4.150E-65  4.150E-65  2.206-103
1.871E+00  8.409E-73  4.173E-65  4.173E-65  3.718-104
1.854E+00  8.552E-73  4.205E-65  4.205E-65  6.167-105
1.837E+00  8.687E-73  4.232E-65  4.232E-65  1.007-105
1.820E+00  8.800E-73  4.248E-65  4.248E-65  1.617-106
1.803E+00  8.891E-73  4.252E-65  4.252E-65  2.555-107
1.786E+00  8.961E-73  4.247E-65  4.247E-65  3.969-108
1.770E+00  9.016E-73  4.233E-65  4.233E-65  6.063-109
1.754E+00  9.058E-73  4.214E-65  4.214E-65  9.105-110
1.738E+00  9.091E-73  4.191E-65  4.191E-65  1.344-110
1.722E+00  9.116E-73  4.164E-65  4.164E-65  1.949-111
1.706E+00  9.136E-73  4.135E-65  4.135E-65  2.776-112
1.690E+00  9.152E-73  4.104E-65  4.104E-65  3.884-113
1.675E+00  9.165E-73  4.072E-65  4.072E-65  5.336-114
1.660E+00  9.175E-73  4.039E-65  4.039E-65  7.199-115
1.644E+00  9.184E-73  4.006E-65  4.006E-65  9.532-116
1.629E+00  9.191E-73  3.972E-65  3.972E-65  1.239-116
1.614E+00  9.198E-73  3.939E-65  3.939E-65  1.579-117
1.600E+00  9.206E-73  3.906E-65  3.906E-65  1.975-118
1.585E+00  9.215E-73  3.874E-65  3.874E-65  2.423-119
1.570E+00  9.226E-73  3.843E-65  3.843E-65  2.915-120
1.556E+00  9.240E-73  3.814E-65  3.814E-65  3.438-121
1.542E+00  9.258E-73  3.786E-65  3.786E-65  3.974-122
1.528E+00  9.282E-73  3.761E-65  3.761E-65  4.503-123
1.514E+00  9.312E-73  3.739E-65  3.739E-65  4.999-124
1.500E+00  9.349E-73  3.719E-65  3.719E-65  5.437-125
1.486E+00  9.397E-73  3.704E-65  3.704E-65  5.793-126
1.472E+00  9.455E-73  3.693E-65  3.693E-65  6.044-127
1.459E+00  9.528E-73  3.687E-65  3.687E-65  6.173-128
1.445E+00  9.620E-73  3.688E-65  3.688E-65  6.174-129
1.432E+00  9.732E-73  3.697E-65  3.697E-65  6.043-130
1.419E+00  9.870E-73  3.715E-65  3.715E-65  5.787-131
1.406E+00  1.004E-72  3.744E-65  3.744E-65  5.422-132
1.393E+00  1.025E-72  3.787E-65  3.787E-65  4.969-133
1.380E+00  1.050E-72  3.846E-65  3.846E-65  4.453-134
1.368E+00  1.082E-72  3.924E-65  3.924E-65  3.902-135
1.355E+00  1.120E-72  4.026E-65  4.026E-65  3.342-136
1.343E+00  1.166E-72  4.153E-65  4.153E-65  2.797-137
1.330E+00  1.221E-72  4.307E-65  4.307E-65  2.287-138
1.318E+00  1.283E-72  4.487E-65  4.487E-65  1.827-139
1.306E+00  1.351E-72  4.681E-65  4.681E-65  1.426-140
1.294E+00  1.417E-72  4.865E-65  4.865E-65  1.086-141
1.282E+00  1.470E-72  5.001E-65  5.001E-65  8.079-143
1.271E+00  1.495E-72  5.039E-65  5.039E-65  5.866-144
1.259E+00  1.480E-72  4.944E-65  4.944E-65  4.156-145
1.247E+00  1.425E-72  4.716E-65  4.716E-65  2.873-146
1.236E+00  1.341E-72  4.397E-65  4.397E-65  1.938-147
1.225E+00  1.246E-72  4.046E-65  4.046E-65  1.274-148
1.213E+00  1.153E-72  3.710E-65  3.710E-65  8.170-150
1.202E+00  1.071E-72  3.417E-65  3.417E-65  5.105-151
1.191E+00  1.005E-72  3.175E-65  3.175E-65  3.109-152
1.180E+00  9.532E-73  2.984E-65  2.984E-65  1.844-153
1.169E+00  9.155E-73  2.840E-65  2.840E-65  1.065-154
1.159E+00  8.906E-73  2.738E-65  2.738E-65  5.994-156
1.148E+00  8.783E-73  2.675E-65  2.675E-65  3.283-157
1.138E+00  8.789E-73  2.652E-65  2.652E-65  1.750-158
1.127E+00  8.944E-73  2.674E-65  2.674E-65  9.074-160
1.117E+00  9.284E-73  2.750E-65  2.750E-65  4.578-161
1.107E+00  9.876E-73  2.899E-65  2.899E-65  2.246-162
1.096E+00  1.083E-72  3.148E-65  3.148E-65  1.071-163
1.086E+00  1.229E-72  3.542E-65  3.542E-65  4.967-165
1.076E+00  1.443E-72  4.122E-65  4.122E-65  2.238-166
1.067E+00  1.717E-72  4.857E-65  4.857E-65  9.796-168
1.057E+00  1.946E-72  5.455E-65  5.455E-65  4.164-169
1.047E+00  1.932E-72  5.367E-65  5.367E-65  1.719-170
1.038E+00  1.648E-72  4.535E-65  4.535E-65  6.887-172
1.028E+00  1.299E-72  3.541E-65  3.541E-65  2.678-173
1.019E+00  1.022E-72  2.762E-65  2.762E-65  1.010-174
1.009E+00  8.324E-73  2.229E-65  2.229E-65  3.696-176
1.000E+00  7.047E-73  1.869E-65  1.869E-65  1.311-177
