Dust emission spectrum from Draine,B.T., & Li, A. (2007), ApJ, in press [astro-ph/0608003]
==========================================================
         7 = grain model
 4.000E-08 4.000E-01 4.500E-05 = a_01 (cm) , sigma_1 , b_C1
 2.000E-07 5.500E-01 1.500E-05 = a_02 (cm) , sigma_2 , b_C2
 3.000E+05 3.000E+05 1.000E+00 = Umin , Umax, beta (dN/dU propto U^{-beta})
 3.000E+05 = <U>       mmp83 = radfield
 2.000E-07 2.000E-06 = a_{min} (cm), a_{max} (cm)
 2.075E-19 1.315E-19 7.600E-20 = P(tot)  P(carb)  P(sil) (erg s-1 H-1)
 band     <nu*P_nu> <j_nu(tot)><j_nu(carb)><j_nu(sil)>
 (um)   (erg s-1 H-1)(Jy/(sr*H))(Jy/(sr*H))(Jy/(sr*H))
1.270E+00  3.811E-27  1.284E-19  1.284E-19  2.820E-31 COBE-DIRBE
2.220E+00  1.106E-23  6.513E-16  6.513E-16  9.743E-24 COBE-DIRBE
3.530E+00  1.442E-21  1.350E-13  1.350E-13  1.725E-18 COBE-DIRBE
4.880E+00  8.061E-21  1.043E-12  1.043E-12  3.317E-16 COBE-DIRBE
1.229E+01  9.809E-20  3.198E-11  2.068E-11  1.130E-11 COBE-DIRBE
2.079E+01  1.161E-19  6.404E-11  2.164E-11  4.240E-11 COBE-DIRBE
5.599E+01  1.009E-20  1.498E-11  6.418E-12  8.563E-12 COBE-DIRBE
9.770E+01  7.139E-22  1.850E-12  5.142E-13  1.336E-12 COBE-DIRBE
1.479E+02  1.040E-22  4.081E-13  9.906E-14  3.091E-13 COBE-DIRBE
2.479E+02  9.551E-24  6.280E-14  1.469E-14  4.811E-14 COBE-DIRBE
1.200E+01  1.040E-19  3.309E-11  2.410E-11  8.992E-12 IRAS
2.500E+01  1.076E-19  7.138E-11  2.660E-11  4.478E-11 IRAS
6.000E+01  9.249E-21  1.472E-11  6.445E-12  8.276E-12 IRAS
1.000E+02  6.111E-22  1.621E-12  4.409E-13  1.180E-12 IRAS
3.550E+00  1.551E-21  1.461E-13  1.461E-13  1.370E-18 SST-IRAC
4.493E+00  4.821E-21  5.746E-13  5.744E-13  1.135E-16 SST-IRAC
5.731E+00  4.387E-20  6.669E-12  6.665E-12  3.833E-15 SST-IRAC
7.872E+00  1.427E-19  2.981E-11  2.866E-11  1.145E-12 SST-IRAC
2.368E+01  1.019E-19  6.400E-11  2.380E-11  4.020E-11 SST-MIPS
7.142E+01  2.591E-21  4.909E-12  1.596E-12  3.313E-12 SST-MIPS
1.559E+02  6.570E-23  2.717E-13  6.456E-14  2.071E-13 SST-MIPS
1.600E+01  1.007E-19  4.273E-11  1.849E-11  2.424E-11 SST-IRSPU
2.200E+01  1.116E-19  6.512E-11  2.264E-11  4.249E-11 SST-IRSPU
7.500E+01  2.216E-21  4.409E-12  1.421E-12  2.988E-12 Herschel-PACS
1.100E+02  3.983E-22  1.162E-12  3.104E-13  8.519E-13 Herschel-PACS
1.700E+02  5.144E-23  2.320E-13  5.533E-14  1.767E-13 Herschel-PACS
2.500E+02  7.182E-24  4.763E-14  1.114E-14  3.649E-14 Herschel-SPIRE
3.600E+02  1.149E-24  1.097E-14  2.748E-15  8.226E-15 Herschel-SPIRE
5.200E+02  1.987E-25  2.741E-15  7.011E-16  2.040E-15 Herschel-SPIRE
2.400E+00  1.146E-22  7.298E-15  7.296E-15  1.749E-18 Akari IRC NIR N2
3.200E+00  9.345E-22  7.932E-14  7.932E-14  2.053E-18 Akari IRC NIR N3
4.100E+00  5.102E-21  5.549E-13  5.547E-13  1.577E-16 Akari IRC NIR N4
7.000E+00  1.494E-19  2.775E-11  2.748E-11  2.628E-13 Akari IRC MIR-S S7
9.000E+00  1.214E-19  2.897E-11  2.477E-11  4.209E-12 Akari IRC MIR-S S9W
1.100E+01  9.769E-20  2.850E-11  1.977E-11  8.733E-12 Akari IRC MIR-S S11
1.500E+01  1.030E-19  4.097E-11  1.771E-11  2.326E-11 Akari IRC MIR-L L15
1.800E+01  1.098E-19  5.242E-11  1.914E-11  3.328E-11 Akari IRC MIR-L L18W
2.400E+01  1.082E-19  6.889E-11  2.485E-11  4.404E-11 Akari IRC MIR-L L24
6.500E+01  4.110E-21  7.086E-12  2.482E-12  4.605E-12 Akari FIS N60
8.000E+01  1.622E-21  3.443E-12  1.116E-12  2.327E-12 Akari FIS WIDE-S
1.400E+02  9.903E-23  3.678E-13  8.878E-14  2.790E-13 Akari FIS WIDE-L
1.600E+02  5.567E-23  2.363E-13  5.579E-14  1.805E-13 Akari FIS N160
 
 
 
 


lambda    nu*dP/dnu     j_nu    j_nu(carb.) j_nu(sil)
 (um)    (erg/(s*H)) (Jy/(sr*H) (Jy/(sr*H)) (Jy/(sr*H)
1.000E+04  4.722E-31  1.253E-19  1.338E-20  1.119E-19
9.908E+03  4.896E-31  1.287E-19  1.378E-20  1.149E-19
9.817E+03  5.075E-31  1.322E-19  1.419E-20  1.180E-19
9.727E+03  5.261E-31  1.358E-19  1.462E-20  1.211E-19
9.638E+03  5.454E-31  1.394E-19  1.506E-20  1.244E-19
9.550E+03  5.654E-31  1.432E-19  1.552E-20  1.277E-19
9.462E+03  5.862E-31  1.471E-19  1.599E-20  1.311E-19
9.376E+03  6.077E-31  1.511E-19  1.647E-20  1.347E-19
9.290E+03  6.300E-31  1.552E-19  1.697E-20  1.383E-19
9.204E+03  6.531E-31  1.595E-19  1.749E-20  1.420E-19
9.120E+03  6.771E-31  1.638E-19  1.802E-20  1.458E-19
9.036E+03  7.020E-31  1.683E-19  1.856E-20  1.497E-19
8.954E+03  7.276E-31  1.728E-19  1.913E-20  1.537E-19
8.872E+03  7.542E-31  1.775E-19  1.971E-20  1.578E-19
8.790E+03  7.817E-31  1.823E-19  2.030E-20  1.620E-19
8.710E+03  8.103E-31  1.872E-19  2.092E-20  1.663E-19
8.630E+03  8.399E-31  1.923E-19  2.156E-20  1.707E-19
8.551E+03  8.707E-31  1.975E-19  2.222E-20  1.753E-19
8.472E+03  9.026E-31  2.028E-19  2.289E-20  1.799E-19
8.395E+03  9.356E-31  2.083E-19  2.359E-20  1.848E-19
8.318E+03  9.699E-31  2.140E-19  2.431E-20  1.897E-19
8.241E+03  1.006E-30  2.198E-19  2.505E-20  1.948E-19
8.166E+03  1.042E-30  2.258E-19  2.582E-20  2.000E-19
8.091E+03  1.081E-30  2.320E-19  2.661E-20  2.054E-19
8.017E+03  1.121E-30  2.383E-19  2.742E-20  2.109E-19
7.943E+03  1.162E-30  2.448E-19  2.826E-20  2.165E-19
7.870E+03  1.205E-30  2.515E-19  2.912E-20  2.224E-19
7.798E+03  1.249E-30  2.584E-19  3.002E-20  2.284E-19
7.727E+03  1.295E-30  2.654E-19  3.094E-20  2.345E-19
7.656E+03  1.343E-30  2.727E-19  3.189E-20  2.408E-19
7.586E+03  1.393E-30  2.802E-19  3.287E-20  2.473E-19
7.516E+03  1.444E-30  2.879E-19  3.388E-20  2.540E-19
7.447E+03  1.497E-30  2.958E-19  3.492E-20  2.609E-19
7.379E+03  1.553E-30  3.040E-19  3.599E-20  2.680E-19
7.311E+03  1.610E-30  3.123E-19  3.710E-20  2.752E-19
7.244E+03  1.670E-30  3.209E-19  3.825E-20  2.827E-19
7.178E+03  1.732E-30  3.298E-19  3.943E-20  2.904E-19
7.112E+03  1.796E-30  3.389E-19  4.064E-20  2.983E-19
7.047E+03  1.863E-30  3.483E-19  4.190E-20  3.064E-19
6.982E+03  1.932E-30  3.579E-19  4.319E-20  3.147E-19
6.918E+03  2.004E-30  3.678E-19  4.453E-20  3.233E-19
6.855E+03  2.079E-30  3.780E-19  4.591E-20  3.321E-19
6.792E+03  2.156E-30  3.884E-19  4.733E-20  3.411E-19
6.730E+03  2.236E-30  3.992E-19  4.880E-20  3.504E-19
6.668E+03  2.320E-30  4.103E-19  5.031E-20  3.600E-19
6.607E+03  2.406E-30  4.217E-19  5.188E-20  3.698E-19
6.546E+03  2.496E-30  4.334E-19  5.349E-20  3.799E-19
6.486E+03  2.589E-30  4.454E-19  5.515E-20  3.903E-19
6.427E+03  2.686E-30  4.579E-19  5.687E-20  4.010E-19
6.368E+03  2.786E-30  4.706E-19  5.864E-20  4.120E-19
6.310E+03  2.890E-30  4.838E-19  6.047E-20  4.233E-19
6.252E+03  2.999E-30  4.973E-19  6.236E-20  4.349E-19
6.194E+03  3.111E-30  5.112E-19  6.430E-20  4.469E-19
6.138E+03  3.228E-30  5.255E-19  6.631E-20  4.592E-19
6.081E+03  3.349E-30  5.403E-19  6.839E-20  4.719E-19
6.026E+03  3.475E-30  5.554E-19  7.053E-20  4.849E-19
5.970E+03  3.606E-30  5.710E-19  7.274E-20  4.983E-19
5.916E+03  3.741E-30  5.871E-19  7.502E-20  5.121E-19
5.861E+03  3.882E-30  6.036E-19  7.737E-20  5.263E-19
5.808E+03  4.029E-30  6.206E-19  7.980E-20  5.408E-19
5.754E+03  4.181E-30  6.382E-19  8.231E-20  5.558E-19
5.702E+03  4.339E-30  6.562E-19  8.490E-20  5.713E-19
5.649E+03  4.503E-30  6.747E-19  8.758E-20  5.872E-19
5.598E+03  4.673E-30  6.938E-19  9.034E-20  6.035E-19
5.546E+03  4.850E-30  7.135E-19  9.318E-20  6.203E-19
5.495E+03  5.033E-30  7.337E-19  9.613E-20  6.376E-19
5.445E+03  5.224E-30  7.546E-19  9.916E-20  6.554E-19
5.395E+03  5.422E-30  7.760E-19  1.023E-19  6.737E-19
5.346E+03  5.628E-30  7.981E-19  1.055E-19  6.925E-19
5.297E+03  5.842E-30  8.208E-19  1.089E-19  7.119E-19
5.248E+03  6.064E-30  8.442E-19  1.123E-19  7.319E-19
5.200E+03  6.295E-30  8.683E-19  1.159E-19  7.524E-19
5.152E+03  6.535E-30  8.931E-19  1.196E-19  7.735E-19
5.105E+03  6.784E-30  9.186E-19  1.234E-19  7.952E-19
5.058E+03  7.042E-30  9.449E-19  1.273E-19  8.176E-19
5.012E+03  7.311E-30  9.720E-19  1.314E-19  8.406E-19
4.966E+03  7.590E-30  9.998E-19  1.355E-19  8.643E-19
4.920E+03  7.880E-30  1.028E-18  1.399E-19  8.886E-19
4.875E+03  8.181E-30  1.058E-18  1.443E-19  9.137E-19
4.831E+03  8.494E-30  1.088E-18  1.489E-19  9.394E-19
4.786E+03  8.819E-30  1.120E-18  1.537E-19  9.660E-19
4.742E+03  9.157E-30  1.152E-18  1.586E-19  9.933E-19
4.699E+03  9.509E-30  1.185E-18  1.637E-19  1.021E-18
4.656E+03  9.874E-30  1.219E-18  1.690E-19  1.050E-18
4.613E+03  1.025E-29  1.255E-18  1.744E-19  1.080E-18
4.571E+03  1.065E-29  1.291E-18  1.800E-19  1.111E-18
4.529E+03  1.106E-29  1.328E-18  1.858E-19  1.143E-18
4.487E+03  1.148E-29  1.367E-18  1.918E-19  1.175E-18
4.446E+03  1.193E-29  1.407E-18  1.979E-19  1.209E-18
4.406E+03  1.239E-29  1.447E-18  2.043E-19  1.243E-18
4.365E+03  1.286E-29  1.490E-18  2.109E-19  1.279E-18
4.325E+03  1.336E-29  1.533E-18  2.177E-19  1.315E-18
4.285E+03  1.388E-29  1.578E-18  2.248E-19  1.353E-18
4.246E+03  1.442E-29  1.624E-18  2.320E-19  1.392E-18
4.207E+03  1.498E-29  1.671E-18  2.396E-19  1.432E-18
4.169E+03  1.556E-29  1.720E-18  2.473E-19  1.473E-18
4.130E+03  1.616E-29  1.771E-18  2.554E-19  1.515E-18
4.093E+03  1.679E-29  1.823E-18  2.637E-19  1.559E-18
4.055E+03  1.744E-29  1.876E-18  2.722E-19  1.604E-18
4.018E+03  1.812E-29  1.931E-18  2.811E-19  1.650E-18
3.981E+03  1.883E-29  1.988E-18  2.903E-19  1.698E-18
3.945E+03  1.956E-29  2.047E-18  2.997E-19  1.747E-18
3.908E+03  2.032E-29  2.107E-18  3.095E-19  1.797E-18
3.873E+03  2.111E-29  2.169E-18  3.196E-19  1.849E-18
3.837E+03  2.194E-29  2.233E-18  3.301E-19  1.903E-18
3.802E+03  2.280E-29  2.299E-18  3.409E-19  1.958E-18
3.767E+03  2.369E-29  2.367E-18  3.521E-19  2.015E-18
3.733E+03  2.462E-29  2.437E-18  3.636E-19  2.074E-18
3.698E+03  2.558E-29  2.509E-18  3.756E-19  2.134E-18
3.664E+03  2.658E-29  2.584E-18  3.879E-19  2.196E-18
3.631E+03  2.763E-29  2.661E-18  4.007E-19  2.260E-18
3.597E+03  2.872E-29  2.740E-18  4.139E-19  2.326E-18
3.565E+03  2.985E-29  2.822E-18  4.275E-19  2.394E-18
3.532E+03  3.102E-29  2.906E-18  4.416E-19  2.465E-18
3.499E+03  3.225E-29  2.993E-18  4.562E-19  2.537E-18
3.467E+03  3.352E-29  3.083E-18  4.713E-19  2.612E-18
3.436E+03  3.484E-29  3.175E-18  4.869E-19  2.688E-18
3.404E+03  3.622E-29  3.271E-18  5.030E-19  2.768E-18
3.373E+03  3.766E-29  3.369E-18  5.197E-19  2.849E-18
3.342E+03  3.915E-29  3.471E-18  5.370E-19  2.934E-18
3.311E+03  4.070E-29  3.575E-18  5.548E-19  3.020E-18
3.281E+03  4.232E-29  3.683E-18  5.733E-19  3.110E-18
3.251E+03  4.400E-29  3.794E-18  5.924E-19  3.202E-18
3.221E+03  4.575E-29  3.909E-18  6.121E-19  3.297E-18
3.192E+03  4.758E-29  4.028E-18  6.325E-19  3.395E-18
3.162E+03  4.947E-29  4.150E-18  6.537E-19  3.496E-18
3.133E+03  5.145E-29  4.276E-18  6.755E-19  3.601E-18
3.105E+03  5.351E-29  4.406E-18  6.981E-19  3.708E-18
3.076E+03  5.565E-29  4.540E-18  7.215E-19  3.819E-18
3.048E+03  5.787E-29  4.679E-18  7.457E-19  3.933E-18
3.020E+03  6.019E-29  4.822E-18  7.707E-19  4.051E-18
2.992E+03  6.260E-29  4.969E-18  7.966E-19  4.172E-18
2.965E+03  6.511E-29  5.120E-18  8.234E-19  4.297E-18
2.938E+03  6.771E-29  5.277E-18  8.511E-19  4.425E-18
2.911E+03  7.043E-29  5.438E-18  8.798E-19  4.558E-18
2.884E+03  7.326E-29  5.604E-18  9.095E-19  4.695E-18
2.858E+03  7.620E-29  5.776E-18  9.402E-19  4.836E-18
2.831E+03  7.926E-29  5.953E-18  9.720E-19  4.981E-18
2.805E+03  8.245E-29  6.136E-18  1.005E-18  5.131E-18
2.780E+03  8.578E-29  6.325E-18  1.039E-18  5.286E-18
2.754E+03  8.924E-29  6.520E-18  1.074E-18  5.445E-18
2.729E+03  9.284E-29  6.721E-18  1.111E-18  5.610E-18
2.704E+03  9.660E-29  6.928E-18  1.148E-18  5.780E-18
2.679E+03  1.005E-28  7.143E-18  1.187E-18  5.955E-18
2.655E+03  1.046E-28  7.364E-18  1.228E-18  6.136E-18
2.630E+03  1.088E-28  7.592E-18  1.270E-18  6.323E-18
2.606E+03  1.132E-28  7.828E-18  1.313E-18  6.515E-18
2.582E+03  1.178E-28  8.071E-18  1.358E-18  6.714E-18
2.559E+03  1.226E-28  8.323E-18  1.404E-18  6.919E-18
2.535E+03  1.276E-28  8.582E-18  1.452E-18  7.130E-18
2.512E+03  1.328E-28  8.850E-18  1.502E-18  7.348E-18
2.489E+03  1.382E-28  9.127E-18  1.553E-18  7.573E-18
2.466E+03  1.439E-28  9.412E-18  1.607E-18  7.806E-18
2.443E+03  1.498E-28  9.707E-18  1.662E-18  8.046E-18
2.421E+03  1.559E-28  1.001E-17  1.719E-18  8.293E-18
2.399E+03  1.623E-28  1.033E-17  1.778E-18  8.548E-18
2.377E+03  1.689E-28  1.065E-17  1.839E-18  8.812E-18
2.355E+03  1.759E-28  1.099E-17  1.902E-18  9.084E-18
2.333E+03  1.831E-28  1.133E-17  1.968E-18  9.365E-18
2.312E+03  1.906E-28  1.169E-17  2.036E-18  9.654E-18
2.291E+03  1.985E-28  1.206E-17  2.106E-18  9.953E-18
2.270E+03  2.066E-28  1.244E-17  2.179E-18  1.026E-17
2.249E+03  2.152E-28  1.284E-17  2.255E-18  1.058E-17
2.228E+03  2.240E-28  1.324E-17  2.333E-18  1.091E-17
2.208E+03  2.333E-28  1.366E-17  2.414E-18  1.125E-17
2.188E+03  2.429E-28  1.410E-17  2.498E-18  1.160E-17
2.168E+03  2.530E-28  1.455E-17  2.584E-18  1.196E-17
2.148E+03  2.634E-28  1.501E-17  2.674E-18  1.233E-17
2.128E+03  2.744E-28  1.549E-17  2.767E-18  1.272E-17
2.109E+03  2.857E-28  1.598E-17  2.864E-18  1.312E-17
2.089E+03  2.976E-28  1.649E-17  2.963E-18  1.353E-17
2.070E+03  3.100E-28  1.702E-17  3.067E-18  1.395E-17
2.051E+03  3.228E-28  1.757E-17  3.174E-18  1.439E-17
2.032E+03  3.363E-28  1.813E-17  3.285E-18  1.484E-17
2.014E+03  3.503E-28  1.871E-17  3.400E-18  1.531E-17
1.995E+03  3.649E-28  1.931E-17  3.519E-18  1.579E-17
1.977E+03  3.801E-28  1.993E-17  3.642E-18  1.629E-17
1.959E+03  3.959E-28  2.057E-17  3.770E-18  1.680E-17
1.941E+03  4.125E-28  2.123E-17  3.902E-18  1.733E-17
1.923E+03  4.297E-28  2.192E-17  4.040E-18  1.788E-17
1.905E+03  4.477E-28  2.263E-17  4.182E-18  1.844E-17
1.888E+03  4.664E-28  2.336E-17  4.329E-18  1.903E-17
1.871E+03  4.859E-28  2.411E-17  4.481E-18  1.963E-17
1.854E+03  5.063E-28  2.489E-17  4.639E-18  2.025E-17
1.837E+03  5.275E-28  2.570E-17  4.803E-18  2.090E-17
1.820E+03  5.497E-28  2.653E-17  4.972E-18  2.156E-17
1.803E+03  5.728E-28  2.739E-17  5.148E-18  2.225E-17
1.786E+03  5.969E-28  2.828E-17  5.330E-18  2.295E-17
1.770E+03  6.220E-28  2.920E-17  5.519E-18  2.368E-17
1.754E+03  6.482E-28  3.015E-17  5.714E-18  2.444E-17
1.738E+03  6.755E-28  3.114E-17  5.917E-18  2.522E-17
1.722E+03  7.040E-28  3.215E-17  6.127E-18  2.603E-17
1.706E+03  7.337E-28  3.320E-17  6.344E-18  2.686E-17
1.690E+03  7.646E-28  3.429E-17  6.569E-18  2.772E-17
1.675E+03  7.970E-28  3.541E-17  6.803E-18  2.861E-17
1.660E+03  8.306E-28  3.657E-17  7.045E-18  2.952E-17
1.644E+03  8.658E-28  3.776E-17  7.295E-18  3.047E-17
1.629E+03  9.024E-28  3.900E-17  7.555E-18  3.145E-17
1.614E+03  9.407E-28  4.028E-17  7.824E-18  3.246E-17
1.600E+03  9.806E-28  4.160E-17  8.103E-18  3.350E-17
1.585E+03  1.022E-27  4.297E-17  8.393E-18  3.458E-17
1.570E+03  1.066E-27  4.438E-17  8.692E-18  3.569E-17
1.556E+03  1.111E-27  4.585E-17  9.003E-18  3.684E-17
1.542E+03  1.158E-27  4.735E-17  9.325E-18  3.803E-17
1.528E+03  1.207E-27  4.892E-17  9.658E-18  3.926E-17
1.514E+03  1.259E-27  5.053E-17  1.000E-17  4.052E-17
1.500E+03  1.312E-27  5.220E-17  1.036E-17  4.183E-17
1.486E+03  1.368E-27  5.392E-17  1.073E-17  4.319E-17
1.472E+03  1.426E-27  5.570E-17  1.112E-17  4.459E-17
1.459E+03  1.487E-27  5.755E-17  1.152E-17  4.603E-17
1.445E+03  1.551E-27  5.946E-17  1.193E-17  4.753E-17
1.432E+03  1.617E-27  6.143E-17  1.236E-17  4.907E-17
1.419E+03  1.686E-27  6.347E-17  1.280E-17  5.066E-17
1.406E+03  1.758E-27  6.557E-17  1.326E-17  5.231E-17
1.393E+03  1.833E-27  6.775E-17  1.374E-17  5.401E-17
1.380E+03  1.912E-27  7.001E-17  1.423E-17  5.577E-17
1.368E+03  1.994E-27  7.234E-17  1.475E-17  5.759E-17
1.355E+03  2.079E-27  7.474E-17  1.528E-17  5.947E-17
1.343E+03  2.168E-27  7.723E-17  1.583E-17  6.141E-17
1.330E+03  2.261E-27  7.981E-17  1.640E-17  6.341E-17
1.318E+03  2.359E-27  8.247E-17  1.699E-17  6.548E-17
1.306E+03  2.460E-27  8.522E-17  1.760E-17  6.762E-17
1.294E+03  2.565E-27  8.807E-17  1.824E-17  6.983E-17
1.282E+03  2.676E-27  9.101E-17  1.890E-17  7.212E-17
1.271E+03  2.791E-27  9.406E-17  1.958E-17  7.448E-17
1.259E+03  2.911E-27  9.720E-17  2.029E-17  7.691E-17
1.247E+03  3.036E-27  1.005E-16  2.102E-17  7.943E-17
1.236E+03  3.167E-27  1.038E-16  2.178E-17  8.204E-17
1.225E+03  3.303E-27  1.073E-16  2.257E-17  8.473E-17
1.213E+03  3.445E-27  1.109E-16  2.339E-17  8.750E-17
1.202E+03  3.594E-27  1.146E-16  2.423E-17  9.038E-17
1.191E+03  3.749E-27  1.185E-16  2.511E-17  9.334E-17
1.180E+03  3.910E-27  1.224E-16  2.602E-17  9.641E-17
1.169E+03  4.079E-27  1.265E-16  2.696E-17  9.957E-17
1.159E+03  4.255E-27  1.308E-16  2.794E-17  1.028E-16
1.148E+03  4.439E-27  1.352E-16  2.895E-17  1.062E-16
1.138E+03  4.630E-27  1.397E-16  3.000E-17  1.097E-16
1.127E+03  4.830E-27  1.444E-16  3.109E-17  1.133E-16
1.117E+03  5.039E-27  1.493E-16  3.222E-17  1.171E-16
1.107E+03  5.257E-27  1.543E-16  3.339E-17  1.209E-16
1.096E+03  5.484E-27  1.595E-16  3.460E-17  1.249E-16
1.086E+03  5.721E-27  1.649E-16  3.586E-17  1.290E-16
1.076E+03  5.968E-27  1.704E-16  3.716E-17  1.333E-16
1.067E+03  6.226E-27  1.762E-16  3.851E-17  1.377E-16
1.057E+03  6.496E-27  1.821E-16  3.991E-17  1.422E-16
1.047E+03  6.777E-27  1.882E-16  4.135E-17  1.469E-16
1.038E+03  7.070E-27  1.946E-16  4.286E-17  1.517E-16
1.028E+03  7.376E-27  2.011E-16  4.441E-17  1.567E-16
1.019E+03  7.695E-27  2.079E-16  4.603E-17  1.619E-16
1.009E+03  8.028E-27  2.149E-16  4.770E-17  1.672E-16
1.000E+03  8.376E-27  2.222E-16  4.944E-17  1.727E-16
9.908E+02  8.739E-27  2.297E-16  5.123E-17  1.785E-16
9.817E+02  9.118E-27  2.375E-16  5.309E-17  1.844E-16
9.727E+02  9.514E-27  2.455E-16  5.502E-17  1.905E-16
9.638E+02  9.927E-27  2.538E-16  5.703E-17  1.968E-16
9.550E+02  1.036E-26  2.624E-16  5.910E-17  2.033E-16
9.462E+02  1.081E-26  2.713E-16  6.125E-17  2.100E-16
9.376E+02  1.128E-26  2.804E-16  6.347E-17  2.170E-16
9.290E+02  1.177E-26  2.899E-16  6.578E-17  2.242E-16
9.204E+02  1.228E-26  2.998E-16  6.817E-17  2.316E-16
9.120E+02  1.281E-26  3.099E-16  7.065E-17  2.393E-16
9.036E+02  1.337E-26  3.204E-16  7.322E-17  2.472E-16
8.954E+02  1.395E-26  3.313E-16  7.588E-17  2.554E-16
8.872E+02  1.455E-26  3.425E-16  7.864E-17  2.638E-16
8.790E+02  1.518E-26  3.541E-16  8.150E-17  2.726E-16
8.710E+02  1.584E-26  3.660E-16  8.447E-17  2.816E-16
8.630E+02  1.653E-26  3.784E-16  8.754E-17  2.909E-16
8.551E+02  1.725E-26  3.912E-16  9.072E-17  3.005E-16
8.472E+02  1.800E-26  4.045E-16  9.402E-17  3.105E-16
8.395E+02  1.878E-26  4.182E-16  9.744E-17  3.207E-16
8.318E+02  1.959E-26  4.323E-16  1.010E-16  3.313E-16
8.241E+02  2.044E-26  4.469E-16  1.046E-16  3.423E-16
8.166E+02  2.133E-26  4.620E-16  1.084E-16  3.536E-16
8.091E+02  2.226E-26  4.776E-16  1.124E-16  3.653E-16
8.017E+02  2.322E-26  4.938E-16  1.165E-16  3.773E-16
7.943E+02  2.423E-26  5.105E-16  1.207E-16  3.898E-16
7.870E+02  2.528E-26  5.277E-16  1.251E-16  4.026E-16
7.798E+02  2.637E-26  5.456E-16  1.296E-16  4.159E-16
7.727E+02  2.752E-26  5.640E-16  1.343E-16  4.297E-16
7.656E+02  2.871E-26  5.831E-16  1.392E-16  4.439E-16
7.586E+02  2.996E-26  6.028E-16  1.443E-16  4.585E-16
7.516E+02  3.126E-26  6.232E-16  1.495E-16  4.737E-16
7.447E+02  3.262E-26  6.443E-16  1.549E-16  4.894E-16
7.379E+02  3.403E-26  6.662E-16  1.606E-16  5.056E-16
7.311E+02  3.552E-26  6.888E-16  1.664E-16  5.224E-16
7.244E+02  3.706E-26  7.122E-16  1.724E-16  5.398E-16
7.178E+02  3.868E-26  7.364E-16  1.787E-16  5.577E-16
7.112E+02  4.036E-26  7.615E-16  1.851E-16  5.763E-16
7.047E+02  4.213E-26  7.874E-16  1.919E-16  5.956E-16
6.982E+02  4.396E-26  8.143E-16  1.988E-16  6.155E-16
6.918E+02  4.588E-26  8.420E-16  2.060E-16  6.360E-16
6.855E+02  4.789E-26  8.708E-16  2.135E-16  6.573E-16
6.792E+02  4.998E-26  9.005E-16  2.212E-16  6.793E-16
6.730E+02  5.216E-26  9.312E-16  2.292E-16  7.019E-16
6.668E+02  5.444E-26  9.629E-16  2.375E-16  7.254E-16
6.607E+02  5.682E-26  9.958E-16  2.461E-16  7.496E-16
6.546E+02  5.931E-26  1.030E-15  2.550E-16  7.748E-16
6.486E+02  6.191E-26  1.065E-15  2.643E-16  8.010E-16
6.427E+02  6.464E-26  1.102E-15  2.738E-16  8.281E-16
6.368E+02  6.748E-26  1.140E-15  2.837E-16  8.561E-16
6.310E+02  7.045E-26  1.179E-15  2.940E-16  8.852E-16
6.252E+02  7.356E-26  1.220E-15  3.046E-16  9.152E-16
6.194E+02  7.680E-26  1.262E-15  3.157E-16  9.463E-16
6.138E+02  8.019E-26  1.306E-15  3.271E-16  9.786E-16
6.081E+02  8.374E-26  1.351E-15  3.389E-16  1.012E-15
6.026E+02  8.744E-26  1.398E-15  3.511E-16  1.046E-15
5.970E+02  9.131E-26  1.446E-15  3.638E-16  1.082E-15
5.916E+02  9.536E-26  1.496E-15  3.769E-16  1.119E-15
5.861E+02  9.958E-26  1.548E-15  3.905E-16  1.158E-15
5.808E+02  1.040E-25  1.602E-15  4.046E-16  1.198E-15
5.754E+02  1.086E-25  1.658E-15  4.192E-16  1.239E-15
5.702E+02  1.134E-25  1.716E-15  4.344E-16  1.281E-15
5.649E+02  1.185E-25  1.776E-15  4.500E-16  1.326E-15
5.598E+02  1.238E-25  1.838E-15  4.663E-16  1.372E-15
5.546E+02  1.293E-25  1.902E-15  4.831E-16  1.419E-15
5.495E+02  1.351E-25  1.969E-15  5.005E-16  1.468E-15
5.445E+02  1.411E-25  2.038E-15  5.185E-16  1.519E-15
5.395E+02  1.474E-25  2.109E-15  5.372E-16  1.572E-15
5.346E+02  1.540E-25  2.183E-15  5.565E-16  1.627E-15
5.297E+02  1.609E-25  2.260E-15  5.766E-16  1.684E-15
5.248E+02  1.681E-25  2.340E-15  5.973E-16  1.743E-15
5.200E+02  1.756E-25  2.423E-15  6.188E-16  1.804E-15
5.152E+02  1.835E-25  2.508E-15  6.411E-16  1.867E-15
5.105E+02  1.918E-25  2.597E-15  6.642E-16  1.933E-15
5.058E+02  2.004E-25  2.689E-15  6.881E-16  2.001E-15
5.012E+02  2.094E-25  2.784E-15  7.128E-16  2.071E-15
4.966E+02  2.188E-25  2.883E-15  7.384E-16  2.144E-15
4.920E+02  2.287E-25  2.985E-15  7.650E-16  2.220E-15
4.875E+02  2.390E-25  3.091E-15  7.924E-16  2.299E-15
4.831E+02  2.498E-25  3.201E-15  8.209E-16  2.380E-15
4.786E+02  2.611E-25  3.315E-15  8.504E-16  2.465E-15
4.742E+02  2.729E-25  3.433E-15  8.809E-16  2.552E-15
4.699E+02  2.853E-25  3.556E-15  9.125E-16  2.643E-15
4.656E+02  2.982E-25  3.683E-15  9.453E-16  2.738E-15
4.613E+02  3.117E-25  3.815E-15  9.792E-16  2.836E-15
4.571E+02  3.259E-25  3.951E-15  1.014E-15  2.937E-15
4.529E+02  3.407E-25  4.093E-15  1.051E-15  3.042E-15
4.487E+02  3.562E-25  4.240E-15  1.088E-15  3.152E-15
4.446E+02  3.724E-25  4.392E-15  1.127E-15  3.265E-15
4.406E+02  3.894E-25  4.550E-15  1.168E-15  3.382E-15
4.365E+02  4.071E-25  4.714E-15  1.210E-15  3.504E-15
4.325E+02  4.257E-25  4.884E-15  1.253E-15  3.631E-15
4.285E+02  4.451E-25  5.060E-15  1.298E-15  3.762E-15
4.246E+02  4.655E-25  5.243E-15  1.344E-15  3.898E-15
4.207E+02  4.868E-25  5.432E-15  1.392E-15  4.040E-15
4.169E+02  5.090E-25  5.629E-15  1.442E-15  4.187E-15
4.130E+02  5.324E-25  5.833E-15  1.494E-15  4.339E-15
4.093E+02  5.568E-25  6.045E-15  1.547E-15  4.497E-15
4.055E+02  5.824E-25  6.264E-15  1.603E-15  4.662E-15
4.018E+02  6.092E-25  6.492E-15  1.660E-15  4.832E-15
3.981E+02  6.372E-25  6.729E-15  1.719E-15  5.009E-15
3.945E+02  6.666E-25  6.974E-15  1.781E-15  5.193E-15
3.908E+02  6.973E-25  7.229E-15  1.845E-15  5.385E-15
3.873E+02  7.295E-25  7.494E-15  1.911E-15  5.583E-15
3.837E+02  7.632E-25  7.768E-15  1.979E-15  5.789E-15
3.802E+02  7.985E-25  8.053E-15  2.050E-15  6.003E-15
3.767E+02  8.355E-25  8.349E-15  2.123E-15  6.226E-15
3.733E+02  8.742E-25  8.655E-15  2.199E-15  6.457E-15
3.698E+02  9.148E-25  8.974E-15  2.277E-15  6.697E-15
3.664E+02  9.573E-25  9.305E-15  2.358E-15  6.946E-15
3.631E+02  1.002E-24  9.648E-15  2.443E-15  7.205E-15
3.597E+02  1.048E-24  1.000E-14  2.530E-15  7.474E-15
3.565E+02  1.097E-24  1.037E-14  2.620E-15  7.753E-15
3.532E+02  1.148E-24  1.076E-14  2.714E-15  8.044E-15
3.499E+02  1.202E-24  1.116E-14  2.811E-15  8.345E-15
3.467E+02  1.258E-24  1.157E-14  2.911E-15  8.659E-15
3.436E+02  1.317E-24  1.200E-14  3.015E-15  8.985E-15
3.404E+02  1.378E-24  1.245E-14  3.122E-15  9.323E-15
3.373E+02  1.443E-24  1.291E-14  3.234E-15  9.675E-15
3.342E+02  1.510E-24  1.339E-14  3.349E-15  1.004E-14
3.311E+02  1.581E-24  1.389E-14  3.468E-15  1.042E-14
3.281E+02  1.655E-24  1.441E-14  3.592E-15  1.081E-14
3.251E+02  1.733E-24  1.494E-14  3.720E-15  1.122E-14
3.221E+02  1.815E-24  1.550E-14  3.852E-15  1.165E-14
3.192E+02  1.900E-24  1.608E-14  3.990E-15  1.209E-14
3.162E+02  1.989E-24  1.669E-14  4.132E-15  1.255E-14
3.133E+02  2.083E-24  1.731E-14  4.279E-15  1.303E-14
3.105E+02  2.181E-24  1.796E-14  4.432E-15  1.353E-14
3.076E+02  2.284E-24  1.864E-14  4.589E-15  1.405E-14
3.048E+02  2.392E-24  1.934E-14  4.753E-15  1.459E-14
3.020E+02  2.505E-24  2.007E-14  4.922E-15  1.515E-14
2.992E+02  2.624E-24  2.082E-14  5.097E-15  1.573E-14
2.965E+02  2.748E-24  2.161E-14  5.279E-15  1.633E-14
2.938E+02  2.878E-24  2.243E-14  5.467E-15  1.696E-14
2.911E+02  3.014E-24  2.327E-14  5.661E-15  1.761E-14
2.884E+02  3.157E-24  2.415E-14  5.863E-15  1.829E-14
2.858E+02  3.307E-24  2.507E-14  6.072E-15  1.900E-14
2.831E+02  3.465E-24  2.602E-14  6.288E-15  1.973E-14
2.805E+02  3.629E-24  2.701E-14  6.512E-15  2.050E-14
2.780E+02  3.802E-24  2.803E-14  6.743E-15  2.129E-14
2.754E+02  3.983E-24  2.910E-14  6.983E-15  2.212E-14
2.729E+02  4.173E-24  3.021E-14  7.232E-15  2.298E-14
2.704E+02  4.373E-24  3.137E-14  7.489E-15  2.388E-14
2.679E+02  4.583E-24  3.257E-14  7.755E-15  2.481E-14
2.655E+02  4.803E-24  3.382E-14  8.031E-15  2.579E-14
2.630E+02  5.033E-24  3.512E-14  8.317E-15  2.680E-14
2.606E+02  5.275E-24  3.647E-14  8.613E-15  2.785E-14
2.582E+02  5.529E-24  3.787E-14  8.919E-15  2.895E-14
2.559E+02  5.794E-24  3.932E-14  9.237E-15  3.009E-14
2.535E+02  6.071E-24  4.082E-14  9.565E-15  3.126E-14
2.512E+02  6.360E-24  4.238E-14  9.905E-15  3.247E-14
2.489E+02  6.660E-24  4.397E-14  1.026E-14  3.371E-14
2.466E+02  6.969E-24  4.559E-14  1.062E-14  3.497E-14
2.443E+02  7.291E-24  4.726E-14  1.100E-14  3.626E-14
2.421E+02  7.627E-24  4.898E-14  1.139E-14  3.759E-14
2.399E+02  7.977E-24  5.076E-14  1.180E-14  3.896E-14
2.377E+02  8.338E-24  5.257E-14  1.222E-14  4.035E-14
2.355E+02  8.715E-24  5.444E-14  1.265E-14  4.179E-14
2.333E+02  9.109E-24  5.638E-14  1.310E-14  4.328E-14
2.312E+02  9.521E-24  5.839E-14  1.357E-14  4.482E-14
2.291E+02  9.951E-24  6.047E-14  1.405E-14  4.642E-14
2.270E+02  1.040E-23  6.262E-14  1.455E-14  4.807E-14
2.249E+02  1.087E-23  6.485E-14  1.507E-14  4.978E-14
2.228E+02  1.136E-23  6.716E-14  1.560E-14  5.156E-14
2.208E+02  1.188E-23  6.955E-14  1.616E-14  5.339E-14
2.188E+02  1.241E-23  7.203E-14  1.673E-14  5.529E-14
2.168E+02  1.297E-23  7.459E-14  1.733E-14  5.726E-14
2.148E+02  1.356E-23  7.724E-14  1.795E-14  5.930E-14
2.128E+02  1.417E-23  7.999E-14  1.858E-14  6.140E-14
2.109E+02  1.481E-23  8.283E-14  1.925E-14  6.358E-14
2.089E+02  1.548E-23  8.577E-14  1.993E-14  6.584E-14
2.070E+02  1.617E-23  8.882E-14  2.064E-14  6.818E-14
2.051E+02  1.690E-23  9.197E-14  2.138E-14  7.059E-14
2.032E+02  1.766E-23  9.523E-14  2.214E-14  7.309E-14
2.014E+02  1.846E-23  9.860E-14  2.293E-14  7.568E-14
1.995E+02  1.929E-23  1.021E-13  2.374E-14  7.835E-14
1.977E+02  2.016E-23  1.057E-13  2.459E-14  8.112E-14
1.959E+02  2.106E-23  1.094E-13  2.546E-14  8.398E-14
1.941E+02  2.201E-23  1.133E-13  2.637E-14  8.694E-14
1.923E+02  2.300E-23  1.173E-13  2.731E-14  9.000E-14
1.905E+02  2.403E-23  1.215E-13  2.828E-14  9.317E-14
1.888E+02  2.511E-23  1.257E-13  2.929E-14  9.645E-14
1.871E+02  2.623E-23  1.302E-13  3.034E-14  9.984E-14
1.854E+02  2.741E-23  1.348E-13  3.142E-14  1.034E-13
1.837E+02  2.864E-23  1.395E-13  3.254E-14  1.070E-13
1.820E+02  2.992E-23  1.444E-13  3.370E-14  1.107E-13
1.803E+02  3.126E-23  1.495E-13  3.491E-14  1.146E-13
1.786E+02  3.266E-23  1.548E-13  3.615E-14  1.186E-13
1.770E+02  3.412E-23  1.602E-13  3.744E-14  1.228E-13
1.754E+02  3.565E-23  1.659E-13  3.878E-14  1.271E-13
1.738E+02  3.724E-23  1.717E-13  4.017E-14  1.315E-13
1.722E+02  3.891E-23  1.777E-13  4.161E-14  1.361E-13
1.706E+02  4.065E-23  1.839E-13  4.309E-14  1.409E-13
1.690E+02  4.246E-23  1.904E-13  4.464E-14  1.458E-13
1.675E+02  4.436E-23  1.971E-13  4.624E-14  1.508E-13
1.660E+02  4.634E-23  2.040E-13  4.789E-14  1.561E-13
1.644E+02  4.840E-23  2.111E-13  4.961E-14  1.615E-13
1.629E+02  5.056E-23  2.185E-13  5.139E-14  1.671E-13
1.614E+02  5.282E-23  2.262E-13  5.323E-14  1.729E-13
1.600E+02  5.517E-23  2.341E-13  5.514E-14  1.789E-13
1.585E+02  5.763E-23  2.423E-13  5.712E-14  1.852E-13
1.570E+02  6.020E-23  2.507E-13  5.918E-14  1.916E-13
1.556E+02  6.288E-23  2.595E-13  6.131E-14  1.982E-13
1.542E+02  6.567E-23  2.686E-13  6.351E-14  2.051E-13
1.528E+02  6.860E-23  2.780E-13  6.580E-14  2.122E-13
1.514E+02  7.165E-23  2.877E-13  6.817E-14  2.195E-13
1.500E+02  7.483E-23  2.977E-13  7.063E-14  2.271E-13
1.486E+02  7.816E-23  3.081E-13  7.318E-14  2.349E-13
1.472E+02  8.164E-23  3.188E-13  7.582E-14  2.430E-13
1.459E+02  8.526E-23  3.299E-13  7.856E-14  2.514E-13
1.445E+02  8.905E-23  3.414E-13  8.140E-14  2.600E-13
1.432E+02  9.301E-23  3.533E-13  8.434E-14  2.690E-13
1.419E+02  9.714E-23  3.656E-13  8.740E-14  2.783E-13
1.406E+02  1.015E-22  3.784E-13  9.057E-14  2.878E-13
1.393E+02  1.060E-22  3.915E-13  9.385E-14  2.977E-13
1.380E+02  1.107E-22  4.052E-13  9.726E-14  3.079E-13
1.368E+02  1.156E-22  4.193E-13  1.008E-13  3.185E-13
1.355E+02  1.207E-22  4.338E-13  1.045E-13  3.294E-13
1.343E+02  1.260E-22  4.489E-13  1.083E-13  3.407E-13
1.330E+02  1.316E-22  4.645E-13  1.122E-13  3.523E-13
1.318E+02  1.374E-22  4.806E-13  1.163E-13  3.643E-13
1.306E+02  1.435E-22  4.973E-13  1.206E-13  3.767E-13
1.294E+02  1.499E-22  5.145E-13  1.250E-13  3.895E-13
1.282E+02  1.565E-22  5.323E-13  1.295E-13  4.028E-13
1.271E+02  1.634E-22  5.508E-13  1.343E-13  4.165E-13
1.259E+02  1.706E-22  5.698E-13  1.392E-13  4.306E-13
1.247E+02  1.782E-22  5.895E-13  1.443E-13  4.452E-13
1.236E+02  1.860E-22  6.099E-13  1.496E-13  4.603E-13
1.225E+02  1.942E-22  6.310E-13  1.551E-13  4.758E-13
1.213E+02  2.028E-22  6.528E-13  1.609E-13  4.919E-13
1.202E+02  2.118E-22  6.753E-13  1.668E-13  5.085E-13
1.191E+02  2.211E-22  6.987E-13  1.730E-13  5.257E-13
1.180E+02  2.308E-22  7.228E-13  1.794E-13  5.434E-13
1.169E+02  2.410E-22  7.476E-13  1.860E-13  5.616E-13
1.159E+02  2.516E-22  7.733E-13  1.929E-13  5.804E-13
1.148E+02  2.627E-22  7.999E-13  2.001E-13  5.999E-13
1.138E+02  2.742E-22  8.274E-13  2.075E-13  6.199E-13
1.127E+02  2.863E-22  8.559E-13  2.152E-13  6.407E-13
1.117E+02  2.988E-22  8.854E-13  2.232E-13  6.621E-13
1.107E+02  3.120E-22  9.158E-13  2.316E-13  6.843E-13
1.096E+02  3.257E-22  9.474E-13  2.402E-13  7.072E-13
1.086E+02  3.400E-22  9.800E-13  2.492E-13  7.308E-13
1.076E+02  3.550E-22  1.014E-12  2.585E-13  7.551E-13
1.067E+02  3.706E-22  1.049E-12  2.682E-13  7.803E-13
1.057E+02  3.869E-22  1.085E-12  2.783E-13  8.063E-13
1.047E+02  4.039E-22  1.122E-12  2.887E-13  8.331E-13
1.038E+02  4.216E-22  1.160E-12  2.996E-13  8.608E-13
1.028E+02  4.402E-22  1.200E-12  3.109E-13  8.894E-13
1.019E+02  4.594E-22  1.241E-12  3.226E-13  9.188E-13
1.009E+02  4.796E-22  1.284E-12  3.347E-13  9.491E-13
1.000E+02  5.006E-22  1.328E-12  3.474E-13  9.804E-13
9.908E+01  5.225E-22  1.373E-12  3.605E-13  1.013E-12
9.817E+01  5.453E-22  1.420E-12  3.742E-13  1.046E-12
9.727E+01  5.692E-22  1.469E-12  3.883E-13  1.080E-12
9.638E+01  5.941E-22  1.519E-12  4.030E-13  1.116E-12
9.550E+01  6.200E-22  1.571E-12  4.183E-13  1.152E-12
9.462E+01  6.471E-22  1.624E-12  4.342E-13  1.190E-12
9.376E+01  6.754E-22  1.680E-12  4.506E-13  1.229E-12
9.290E+01  7.049E-22  1.737E-12  4.677E-13  1.269E-12
9.204E+01  7.356E-22  1.796E-12  4.855E-13  1.310E-12
9.120E+01  7.676E-22  1.857E-12  5.040E-13  1.353E-12
9.036E+01  8.011E-22  1.920E-12  5.232E-13  1.397E-12
8.954E+01  8.359E-22  1.985E-12  5.431E-13  1.442E-12
8.872E+01  8.723E-22  2.053E-12  5.638E-13  1.489E-12
8.790E+01  9.103E-22  2.122E-12  5.853E-13  1.537E-12
8.710E+01  9.499E-22  2.195E-12  6.077E-13  1.587E-12
8.630E+01  9.912E-22  2.269E-12  6.309E-13  1.638E-12
8.551E+01  1.034E-21  2.346E-12  6.551E-13  1.691E-12
8.472E+01  1.079E-21  2.425E-12  6.803E-13  1.745E-12
8.395E+01  1.126E-21  2.507E-12  7.064E-13  1.801E-12
8.318E+01  1.175E-21  2.592E-12  7.336E-13  1.858E-12
8.241E+01  1.226E-21  2.679E-12  7.618E-13  1.918E-12
8.166E+01  1.279E-21  2.770E-12  7.912E-13  1.979E-12
8.091E+01  1.334E-21  2.864E-12  8.218E-13  2.042E-12
8.017E+01  1.392E-21  2.960E-12  8.536E-13  2.107E-12
7.943E+01  1.452E-21  3.060E-12  8.867E-13  2.173E-12
7.870E+01  1.515E-21  3.163E-12  9.211E-13  2.242E-12
7.798E+01  1.581E-21  3.270E-12  9.569E-13  2.313E-12
7.727E+01  1.649E-21  3.380E-12  9.942E-13  2.386E-12
7.656E+01  1.720E-21  3.494E-12  1.033E-12  2.461E-12
7.586E+01  1.795E-21  3.611E-12  1.073E-12  2.538E-12
7.516E+01  1.872E-21  3.733E-12  1.115E-12  2.618E-12
7.447E+01  1.953E-21  3.858E-12  1.159E-12  2.700E-12
7.379E+01  2.037E-21  3.988E-12  1.204E-12  2.784E-12
7.311E+01  2.125E-21  4.122E-12  1.252E-12  2.870E-12
7.244E+01  2.217E-21  4.259E-12  1.301E-12  2.959E-12
7.178E+01  2.312E-21  4.402E-12  1.352E-12  3.050E-12
7.112E+01  2.411E-21  4.549E-12  1.405E-12  3.143E-12
7.047E+01  2.515E-21  4.701E-12  1.461E-12  3.240E-12
6.982E+01  2.624E-21  4.860E-12  1.519E-12  3.341E-12
6.918E+01  2.737E-21  5.023E-12  1.579E-12  3.444E-12
6.855E+01  2.855E-21  5.190E-12  1.642E-12  3.549E-12
6.792E+01  2.977E-21  5.363E-12  1.707E-12  3.656E-12
6.730E+01  3.105E-21  5.542E-12  1.775E-12  3.767E-12
6.668E+01  3.238E-21  5.727E-12  1.846E-12  3.881E-12
6.607E+01  3.377E-21  5.918E-12  1.920E-12  3.998E-12
6.546E+01  3.522E-21  6.116E-12  1.997E-12  4.119E-12
6.486E+01  3.673E-21  6.320E-12  2.078E-12  4.242E-12
6.427E+01  3.830E-21  6.530E-12  2.161E-12  4.369E-12
6.368E+01  3.994E-21  6.747E-12  2.249E-12  4.499E-12
6.310E+01  4.166E-21  6.972E-12  2.340E-12  4.633E-12
6.252E+01  4.345E-21  7.205E-12  2.435E-12  4.770E-12
6.194E+01  4.531E-21  7.445E-12  2.534E-12  4.911E-12
6.138E+01  4.725E-21  7.693E-12  2.637E-12  5.057E-12
6.081E+01  4.928E-21  7.950E-12  2.744E-12  5.205E-12
6.026E+01  5.139E-21  8.215E-12  2.857E-12  5.358E-12
5.970E+01  5.360E-21  8.488E-12  2.974E-12  5.514E-12
5.916E+01  5.589E-21  8.770E-12  3.096E-12  5.674E-12
5.861E+01  5.828E-21  9.061E-12  3.224E-12  5.837E-12
5.808E+01  6.077E-21  9.361E-12  3.357E-12  6.004E-12
5.754E+01  6.336E-21  9.671E-12  3.496E-12  6.175E-12
5.702E+01  6.606E-21  9.992E-12  3.641E-12  6.351E-12
5.649E+01  6.888E-21  1.032E-11  3.792E-12  6.530E-12
5.598E+01  7.183E-21  1.067E-11  3.950E-12  6.715E-12
5.546E+01  7.490E-21  1.102E-11  4.115E-12  6.904E-12
5.495E+01  7.810E-21  1.139E-11  4.287E-12  7.098E-12
5.445E+01  8.145E-21  1.176E-11  4.467E-12  7.296E-12
5.395E+01  8.493E-21  1.215E-11  4.655E-12  7.499E-12
5.346E+01  8.857E-21  1.256E-11  4.851E-12  7.707E-12
5.297E+01  9.235E-21  1.298E-11  5.056E-12  7.919E-12
5.248E+01  9.630E-21  1.341E-11  5.270E-12  8.137E-12
5.200E+01  1.004E-20  1.385E-11  5.493E-12  8.358E-12
5.152E+01  1.047E-20  1.431E-11  5.726E-12  8.585E-12
5.105E+01  1.092E-20  1.479E-11  5.970E-12  8.815E-12
5.058E+01  1.138E-20  1.528E-11  6.224E-12  9.051E-12
5.012E+01  1.187E-20  1.578E-11  6.490E-12  9.291E-12
4.966E+01  1.238E-20  1.630E-11  6.768E-12  9.536E-12
4.920E+01  1.291E-20  1.684E-11  7.058E-12  9.786E-12
4.875E+01  1.346E-20  1.740E-11  7.360E-12  1.004E-11
4.831E+01  1.403E-20  1.798E-11  7.676E-12  1.030E-11
4.786E+01  1.463E-20  1.857E-11  8.006E-12  1.057E-11
4.742E+01  1.525E-20  1.919E-11  8.350E-12  1.084E-11
4.699E+01  1.590E-20  1.982E-11  8.708E-12  1.111E-11
4.656E+01  1.658E-20  2.048E-11  9.082E-12  1.139E-11
4.613E+01  1.729E-20  2.115E-11  9.472E-12  1.168E-11
4.571E+01  1.802E-20  2.185E-11  9.878E-12  1.197E-11
4.529E+01  1.879E-20  2.257E-11  1.030E-11  1.227E-11
4.487E+01  1.959E-20  2.332E-11  1.074E-11  1.257E-11
4.446E+01  2.042E-20  2.408E-11  1.120E-11  1.288E-11
4.406E+01  2.129E-20  2.488E-11  1.168E-11  1.320E-11
4.365E+01  2.219E-20  2.569E-11  1.217E-11  1.352E-11
4.325E+01  2.312E-20  2.653E-11  1.269E-11  1.384E-11
4.285E+01  2.410E-20  2.739E-11  1.322E-11  1.417E-11
4.246E+01  2.511E-20  2.828E-11  1.377E-11  1.451E-11
4.207E+01  2.616E-20  2.920E-11  1.435E-11  1.485E-11
4.169E+01  2.725E-20  3.014E-11  1.494E-11  1.520E-11
4.130E+01  2.838E-20  3.110E-11  1.555E-11  1.555E-11
4.093E+01  2.955E-20  3.208E-11  1.618E-11  1.590E-11
4.055E+01  3.076E-20  3.309E-11  1.683E-11  1.626E-11
4.018E+01  3.201E-20  3.412E-11  1.750E-11  1.662E-11
3.981E+01  3.331E-20  3.517E-11  1.819E-11  1.699E-11
3.945E+01  3.464E-20  3.625E-11  1.889E-11  1.736E-11
3.908E+01  3.602E-20  3.734E-11  1.961E-11  1.773E-11
3.873E+01  3.743E-20  3.845E-11  2.034E-11  1.811E-11
3.837E+01  3.889E-20  3.958E-11  2.109E-11  1.849E-11
3.802E+01  4.038E-20  4.072E-11  2.185E-11  1.888E-11
3.767E+01  4.191E-20  4.188E-11  2.261E-11  1.927E-11
3.733E+01  4.346E-20  4.303E-11  2.338E-11  1.965E-11
3.698E+01  4.504E-20  4.419E-11  2.416E-11  2.003E-11
3.664E+01  4.666E-20  4.535E-11  2.493E-11  2.042E-11
3.631E+01  4.829E-20  4.651E-11  2.570E-11  2.081E-11
3.597E+01  4.996E-20  4.767E-11  2.647E-11  2.120E-11
3.565E+01  5.164E-20  4.883E-11  2.722E-11  2.160E-11
3.532E+01  5.334E-20  4.997E-11  2.797E-11  2.201E-11
3.499E+01  5.505E-20  5.110E-11  2.869E-11  2.241E-11
3.467E+01  5.677E-20  5.221E-11  2.939E-11  2.282E-11
3.436E+01  5.849E-20  5.330E-11  3.006E-11  2.324E-11
3.404E+01  6.021E-20  5.437E-11  3.071E-11  2.366E-11
3.373E+01  6.192E-20  5.540E-11  3.132E-11  2.408E-11
3.342E+01  6.362E-20  5.640E-11  3.189E-11  2.451E-11
3.311E+01  6.531E-20  5.737E-11  3.241E-11  2.495E-11
3.281E+01  6.698E-20  5.829E-11  3.289E-11  2.540E-11
3.251E+01  6.862E-20  5.918E-11  3.332E-11  2.585E-11
3.221E+01  7.024E-20  6.001E-11  3.370E-11  2.631E-11
3.192E+01  7.181E-20  6.080E-11  3.403E-11  2.676E-11
3.162E+01  7.335E-20  6.153E-11  3.430E-11  2.723E-11
3.133E+01  7.485E-20  6.221E-11  3.452E-11  2.769E-11
3.105E+01  7.631E-20  6.284E-11  3.468E-11  2.816E-11
3.076E+01  7.772E-20  6.341E-11  3.478E-11  2.864E-11
3.048E+01  7.908E-20  6.394E-11  3.483E-11  2.911E-11
3.020E+01  8.040E-20  6.441E-11  3.482E-11  2.959E-11
2.992E+01  8.167E-20  6.483E-11  3.476E-11  3.007E-11
2.965E+01  8.289E-20  6.519E-11  3.465E-11  3.054E-11
2.938E+01  8.405E-20  6.550E-11  3.449E-11  3.101E-11
2.911E+01  8.518E-20  6.577E-11  3.428E-11  3.148E-11
2.884E+01  8.626E-20  6.599E-11  3.404E-11  3.195E-11
2.858E+01  8.731E-20  6.618E-11  3.375E-11  3.243E-11
2.831E+01  8.832E-20  6.633E-11  3.344E-11  3.290E-11
2.805E+01  8.930E-20  6.645E-11  3.309E-11  3.337E-11
2.780E+01  9.025E-20  6.654E-11  3.271E-11  3.384E-11
2.754E+01  9.118E-20  6.661E-11  3.230E-11  3.431E-11
2.729E+01  9.209E-20  6.666E-11  3.188E-11  3.478E-11
2.704E+01  9.298E-20  6.669E-11  3.144E-11  3.525E-11
2.679E+01  9.386E-20  6.670E-11  3.099E-11  3.571E-11
2.655E+01  9.473E-20  6.670E-11  3.052E-11  3.618E-11
2.630E+01  9.559E-20  6.669E-11  3.005E-11  3.664E-11
2.606E+01  9.644E-20  6.667E-11  2.957E-11  3.710E-11
2.582E+01  9.730E-20  6.665E-11  2.909E-11  3.756E-11
2.559E+01  9.815E-20  6.662E-11  2.861E-11  3.801E-11
2.535E+01  9.901E-20  6.658E-11  2.813E-11  3.846E-11
2.512E+01  9.988E-20  6.655E-11  2.765E-11  3.890E-11
2.489E+01  1.007E-19  6.651E-11  2.718E-11  3.933E-11
2.466E+01  1.016E-19  6.646E-11  2.671E-11  3.975E-11
2.443E+01  1.025E-19  6.641E-11  2.625E-11  4.016E-11
2.421E+01  1.033E-19  6.635E-11  2.580E-11  4.055E-11
2.399E+01  1.041E-19  6.626E-11  2.535E-11  4.091E-11
2.377E+01  1.050E-19  6.619E-11  2.492E-11  4.127E-11
2.355E+01  1.059E-19  6.617E-11  2.449E-11  4.167E-11
2.333E+01  1.068E-19  6.612E-11  2.408E-11  4.204E-11
2.312E+01  1.077E-19  6.602E-11  2.368E-11  4.234E-11
2.291E+01  1.085E-19  6.594E-11  2.329E-11  4.265E-11
2.270E+01  1.095E-19  6.594E-11  2.292E-11  4.302E-11
2.249E+01  1.106E-19  6.599E-11  2.256E-11  4.343E-11
2.228E+01  1.118E-19  6.607E-11  2.222E-11  4.386E-11
2.208E+01  1.129E-19  6.613E-11  2.189E-11  4.425E-11
2.188E+01  1.139E-19  6.611E-11  2.157E-11  4.454E-11
2.168E+01  1.149E-19  6.605E-11  2.127E-11  4.479E-11
2.148E+01  1.158E-19  6.599E-11  2.098E-11  4.501E-11
2.128E+01  1.169E-19  6.598E-11  2.070E-11  4.528E-11
2.109E+01  1.181E-19  6.603E-11  2.044E-11  4.559E-11
2.089E+01  1.192E-19  6.605E-11  2.020E-11  4.585E-11
2.070E+01  1.202E-19  6.602E-11  1.997E-11  4.605E-11
2.051E+01  1.212E-19  6.597E-11  1.975E-11  4.622E-11
2.032E+01  1.223E-19  6.596E-11  1.955E-11  4.641E-11
2.014E+01  1.238E-19  6.612E-11  1.936E-11  4.676E-11
1.995E+01  1.252E-19  6.625E-11  1.919E-11  4.706E-11
1.977E+01  1.265E-19  6.633E-11  1.903E-11  4.731E-11
1.959E+01  1.276E-19  6.632E-11  1.888E-11  4.744E-11
1.941E+01  1.286E-19  6.622E-11  1.876E-11  4.746E-11
1.923E+01  1.295E-19  6.604E-11  1.869E-11  4.735E-11
1.905E+01  1.303E-19  6.584E-11  1.874E-11  4.710E-11
1.888E+01  1.308E-19  6.549E-11  1.877E-11  4.672E-11
1.871E+01  1.303E-19  6.465E-11  1.846E-11  4.619E-11
1.854E+01  1.298E-19  6.382E-11  1.831E-11  4.552E-11
1.837E+01  1.292E-19  6.296E-11  1.825E-11  4.471E-11
1.820E+01  1.285E-19  6.203E-11  1.826E-11  4.377E-11
1.803E+01  1.278E-19  6.112E-11  1.838E-11  4.274E-11
1.786E+01  1.272E-19  6.026E-11  1.866E-11  4.160E-11
1.770E+01  1.257E-19  5.904E-11  1.868E-11  4.036E-11
1.754E+01  1.247E-19  5.802E-11  1.901E-11  3.901E-11
1.738E+01  1.246E-19  5.745E-11  1.986E-11  3.759E-11
1.722E+01  1.224E-19  5.588E-11  1.976E-11  3.612E-11
1.706E+01  1.204E-19  5.449E-11  1.982E-11  3.467E-11
1.690E+01  1.179E-19  5.285E-11  1.965E-11  3.320E-11
1.675E+01  1.149E-19  5.106E-11  1.934E-11  3.172E-11
1.660E+01  1.128E-19  4.968E-11  1.947E-11  3.021E-11
1.644E+01  1.132E-19  4.936E-11  2.065E-11  2.871E-11
1.629E+01  1.062E-19  4.591E-11  1.867E-11  2.724E-11
1.614E+01  1.020E-19  4.367E-11  1.784E-11  2.583E-11
1.600E+01  9.901E-20  4.201E-11  1.755E-11  2.446E-11
1.585E+01  9.634E-20  4.050E-11  1.736E-11  2.314E-11
1.570E+01  9.366E-20  3.901E-11  1.714E-11  2.187E-11
1.556E+01  9.124E-20  3.766E-11  1.699E-11  2.066E-11
1.542E+01  8.902E-20  3.641E-11  1.689E-11  1.952E-11
1.528E+01  8.697E-20  3.524E-11  1.681E-11  1.843E-11
1.514E+01  8.507E-20  3.415E-11  1.675E-11  1.740E-11
1.500E+01  8.335E-20  3.316E-11  1.671E-11  1.645E-11
1.486E+01  8.175E-20  3.222E-11  1.669E-11  1.553E-11
1.472E+01  8.030E-20  3.136E-11  1.669E-11  1.467E-11
1.459E+01  7.910E-20  3.061E-11  1.675E-11  1.385E-11
1.445E+01  7.840E-20  3.006E-11  1.692E-11  1.314E-11
1.432E+01  7.854E-20  2.984E-11  1.732E-11  1.252E-11
1.419E+01  7.915E-20  2.979E-11  1.778E-11  1.201E-11
1.406E+01  7.816E-20  2.915E-11  1.753E-11  1.162E-11
1.393E+01  7.784E-20  2.877E-11  1.741E-11  1.135E-11
1.380E+01  7.888E-20  2.888E-11  1.770E-11  1.118E-11
1.368E+01  8.130E-20  2.950E-11  1.838E-11  1.112E-11
1.355E+01  8.445E-20  3.036E-11  1.926E-11  1.110E-11
1.343E+01  8.598E-20  3.063E-11  1.950E-11  1.113E-11
1.330E+01  8.552E-20  3.018E-11  1.903E-11  1.115E-11
1.318E+01  8.572E-20  2.998E-11  1.879E-11  1.118E-11
1.306E+01  8.766E-20  3.037E-11  1.918E-11  1.120E-11
1.294E+01  9.190E-20  3.155E-11  2.033E-11  1.122E-11
1.282E+01  9.920E-20  3.374E-11  2.248E-11  1.126E-11
1.271E+01  1.084E-19  3.654E-11  2.522E-11  1.132E-11
1.259E+01  1.123E-19  3.751E-11  2.615E-11  1.136E-11
1.247E+01  1.076E-19  3.561E-11  2.422E-11  1.139E-11
1.236E+01  1.025E-19  3.361E-11  2.221E-11  1.140E-11
1.225E+01  1.012E-19  3.287E-11  2.149E-11  1.138E-11
1.213E+01  1.036E-19  3.333E-11  2.196E-11  1.137E-11
1.202E+01  1.068E-19  3.406E-11  2.267E-11  1.139E-11
1.191E+01  1.063E-19  3.360E-11  2.222E-11  1.139E-11
1.180E+01  1.038E-19  3.248E-11  2.111E-11  1.137E-11
1.169E+01  1.037E-19  3.216E-11  2.083E-11  1.133E-11
1.159E+01  1.092E-19  3.356E-11  2.232E-11  1.123E-11
1.148E+01  1.272E-19  3.874E-11  2.763E-11  1.112E-11
1.138E+01  1.481E-19  4.469E-11  3.368E-11  1.102E-11
1.127E+01  1.745E-19  5.218E-11  4.126E-11  1.092E-11
1.117E+01  1.447E-19  4.286E-11  3.203E-11  1.083E-11
1.107E+01  1.092E-19  3.207E-11  2.134E-11  1.073E-11
1.096E+01  9.749E-20  2.836E-11  1.775E-11  1.061E-11
1.086E+01  9.215E-20  2.656E-11  1.607E-11  1.048E-11
1.076E+01  8.948E-20  2.555E-11  1.517E-11  1.038E-11
1.067E+01  8.808E-20  2.492E-11  1.461E-11  1.031E-11
1.057E+01  8.693E-20  2.437E-11  1.412E-11  1.025E-11
1.047E+01  8.617E-20  2.394E-11  1.379E-11  1.015E-11
1.038E+01  8.547E-20  2.352E-11  1.355E-11  9.973E-12
1.028E+01  8.466E-20  2.308E-11  1.337E-11  9.710E-12
1.019E+01  8.373E-20  2.262E-11  1.324E-11  9.379E-12
1.009E+01  8.281E-20  2.217E-11  1.315E-11  9.022E-12
1.000E+01  8.200E-20  2.175E-11  1.308E-11  8.668E-12
9.908E+00  8.137E-20  2.139E-11  1.305E-11  8.338E-12
9.817E+00  8.089E-20  2.106E-11  1.304E-11  8.022E-12
9.727E+00  8.055E-20  2.078E-11  1.307E-11  7.715E-12
9.638E+00  8.033E-20  2.054E-11  1.313E-11  7.405E-12
9.550E+00  8.011E-20  2.029E-11  1.324E-11  7.052E-12
9.462E+00  7.986E-20  2.005E-11  1.340E-11  6.645E-12
9.376E+00  7.963E-20  1.980E-11  1.363E-11  6.176E-12
9.290E+00  7.951E-20  1.959E-11  1.394E-11  5.650E-12
9.204E+00  7.972E-20  1.946E-11  1.438E-11  5.084E-12
9.120E+00  8.062E-20  1.950E-11  1.500E-11  4.505E-12
9.036E+00  8.274E-20  1.983E-11  1.589E-11  3.939E-12
8.954E+00  8.696E-20  2.065E-11  1.724E-11  3.413E-12
8.872E+00  9.478E-20  2.230E-11  1.936E-11  2.945E-12
8.790E+00  1.087E-19  2.535E-11  2.281E-11  2.538E-12
8.710E+00  1.309E-19  3.023E-11  2.804E-11  2.193E-12
8.630E+00  1.517E-19  3.474E-11  3.283E-11  1.902E-12
8.551E+00  1.488E-19  3.375E-11  3.210E-11  1.655E-12
8.472E+00  1.340E-19  3.011E-11  2.867E-11  1.438E-12
8.395E+00  1.267E-19  2.821E-11  2.697E-11  1.238E-12
8.318E+00  1.269E-19  2.801E-11  2.696E-11  1.048E-12
8.241E+00  1.321E-19  2.889E-11  2.802E-11  8.697E-13
8.166E+00  1.442E-19  3.123E-11  3.052E-11  7.055E-13
8.091E+00  1.664E-19  3.572E-11  3.515E-11  5.677E-13
8.017E+00  2.014E-19  4.284E-11  4.239E-11  4.532E-13
7.943E+00  2.469E-19  5.203E-11  5.167E-11  3.606E-13
7.870E+00  2.862E-19  5.974E-11  5.946E-11  2.861E-13
7.798E+00  2.992E-19  6.190E-11  6.167E-11  2.268E-13
7.727E+00  2.994E-19  6.137E-11  6.119E-11  1.806E-13
7.656E+00  3.065E-19  6.224E-11  6.209E-11  1.450E-13
7.586E+00  2.971E-19  5.977E-11  5.966E-11  1.176E-13
7.516E+00  2.514E-19  5.012E-11  5.002E-11  9.701E-14
7.447E+00  2.007E-19  3.965E-11  3.957E-11  8.171E-14
7.379E+00  1.635E-19  3.201E-11  3.194E-11  6.989E-14
7.311E+00  1.376E-19  2.669E-11  2.663E-11  6.096E-14
7.244E+00  1.186E-19  2.279E-11  2.274E-11  5.374E-14
7.178E+00  1.040E-19  1.979E-11  1.975E-11  4.770E-14
7.112E+00  9.260E-20  1.747E-11  1.743E-11  4.277E-14
7.047E+00  8.399E-20  1.570E-11  1.566E-11  3.857E-14
6.982E+00  7.786E-20  1.442E-11  1.439E-11  3.479E-14
6.918E+00  7.402E-20  1.358E-11  1.355E-11  3.145E-14
6.855E+00  7.223E-20  1.313E-11  1.310E-11  2.842E-14
6.792E+00  7.182E-20  1.294E-11  1.291E-11  2.567E-14
6.730E+00  7.142E-20  1.275E-11  1.273E-11  2.317E-14
6.668E+00  6.949E-20  1.229E-11  1.227E-11  2.089E-14
6.607E+00  6.610E-20  1.158E-11  1.156E-11  1.880E-14
6.546E+00  6.315E-20  1.097E-11  1.095E-11  1.690E-14
6.486E+00  6.297E-20  1.083E-11  1.082E-11  1.517E-14
6.427E+00  6.803E-20  1.160E-11  1.158E-11  1.359E-14
6.368E+00  8.285E-20  1.399E-11  1.398E-11  1.216E-14
6.310E+00  1.166E-19  1.951E-11  1.950E-11  1.086E-14
6.252E+00  1.711E-19  2.838E-11  2.837E-11  9.678E-15
6.194E+00  1.699E-19  2.792E-11  2.791E-11  8.613E-15
6.138E+00  1.086E-19  1.767E-11  1.767E-11  7.645E-15
6.081E+00  6.825E-20  1.101E-11  1.100E-11  6.778E-15
6.026E+00  4.839E-20  7.734E-12  7.728E-12  6.002E-15
5.970E+00  3.814E-20  6.040E-12  6.035E-12  5.310E-15
5.916E+00  3.255E-20  5.107E-12  5.102E-12  4.692E-15
5.861E+00  2.970E-20  4.618E-12  4.614E-12  4.142E-15
5.808E+00  2.910E-20  4.483E-12  4.479E-12  3.653E-15
5.754E+00  3.059E-20  4.670E-12  4.666E-12  3.219E-15
5.702E+00  3.134E-20  4.740E-12  4.737E-12  2.833E-15
5.649E+00  2.714E-20  4.068E-12  4.065E-12  2.492E-15
5.598E+00  2.219E-20  3.295E-12  3.293E-12  2.189E-15
5.546E+00  1.901E-20  2.797E-12  2.795E-12  1.921E-15
5.495E+00  1.712E-20  2.496E-12  2.494E-12  1.685E-15
5.445E+00  1.603E-20  2.315E-12  2.314E-12  1.476E-15
5.395E+00  1.559E-20  2.232E-12  2.230E-12  1.291E-15
5.346E+00  1.593E-20  2.258E-12  2.257E-12  1.129E-15
5.297E+00  1.676E-20  2.355E-12  2.354E-12  9.856E-16
5.248E+00  1.598E-20  2.225E-12  2.224E-12  8.597E-16
5.200E+00  1.355E-20  1.870E-12  1.869E-12  7.490E-16
5.152E+00  1.165E-20  1.592E-12  1.591E-12  6.518E-16
5.105E+00  1.041E-20  1.410E-12  1.410E-12  5.666E-16
5.058E+00  9.544E-21  1.281E-12  1.280E-12  4.920E-16
5.012E+00  8.865E-21  1.179E-12  1.178E-12  4.268E-16
4.966E+00  8.294E-21  1.093E-12  1.092E-12  3.698E-16
4.920E+00  7.792E-21  1.017E-12  1.017E-12  3.200E-16
4.875E+00  7.339E-21  9.491E-13  9.488E-13  2.765E-16
4.831E+00  6.923E-21  8.871E-13  8.869E-13  2.386E-16
4.786E+00  6.537E-21  8.299E-13  8.297E-13  2.056E-16
4.742E+00  6.176E-21  7.769E-13  7.767E-13  1.770E-16
4.699E+00  5.836E-21  7.275E-13  7.273E-13  1.521E-16
4.656E+00  5.516E-21  6.812E-13  6.811E-13  1.305E-16
4.613E+00  5.212E-21  6.378E-13  6.377E-13  1.119E-16
4.571E+00  4.925E-21  5.971E-13  5.970E-13  9.574E-17
4.529E+00  4.652E-21  5.589E-13  5.588E-13  8.181E-17
4.487E+00  4.393E-21  5.229E-13  5.228E-13  6.980E-17
4.446E+00  4.146E-21  4.890E-13  4.890E-13  5.947E-17
4.406E+00  3.912E-21  4.572E-13  4.571E-13  5.060E-17
4.365E+00  3.690E-21  4.272E-13  4.272E-13  4.299E-17
4.325E+00  3.478E-21  3.990E-13  3.990E-13  3.647E-17
4.285E+00  3.277E-21  3.725E-13  3.725E-13  3.089E-17
4.246E+00  3.086E-21  3.476E-13  3.475E-13  2.612E-17
4.207E+00  2.904E-21  3.241E-13  3.241E-13  2.205E-17
4.169E+00  2.732E-21  3.021E-13  3.021E-13  1.858E-17
4.130E+00  2.569E-21  2.814E-13  2.814E-13  1.563E-17
4.093E+00  2.414E-21  2.620E-13  2.620E-13  1.312E-17
4.055E+00  2.267E-21  2.439E-13  2.438E-13  1.100E-17
4.018E+00  2.128E-21  2.268E-13  2.268E-13  9.202E-18
3.981E+00  1.997E-21  2.109E-13  2.109E-13  7.686E-18
3.945E+00  1.873E-21  1.960E-13  1.960E-13  6.408E-18
3.908E+00  1.756E-21  1.821E-13  1.821E-13  5.334E-18
3.873E+00  1.646E-21  1.691E-13  1.691E-13  4.432E-18
3.837E+00  1.543E-21  1.570E-13  1.570E-13  3.678E-18
3.802E+00  1.446E-21  1.458E-13  1.458E-13  3.046E-18
3.767E+00  1.355E-21  1.354E-13  1.354E-13  2.519E-18
3.733E+00  1.270E-21  1.258E-13  1.258E-13  2.080E-18
3.698E+00  1.192E-21  1.169E-13  1.169E-13  1.714E-18
3.664E+00  1.119E-21  1.088E-13  1.088E-13  1.411E-18
3.631E+00  1.053E-21  1.014E-13  1.014E-13  1.159E-18
3.597E+00  9.939E-22  9.485E-14  9.484E-14  9.504E-19
3.565E+00  9.420E-22  8.907E-14  8.907E-14  7.782E-19
3.532E+00  8.993E-22  8.425E-14  8.425E-14  6.361E-19
3.499E+00  8.686E-22  8.062E-14  8.062E-14  5.191E-19
3.467E+00  8.560E-22  7.873E-14  7.873E-14  4.229E-19
3.436E+00  8.750E-22  7.974E-14  7.974E-14  3.440E-19
3.404E+00  9.605E-22  8.673E-14  8.673E-14  2.794E-19
3.373E+00  1.224E-21  1.095E-13  1.095E-13  2.265E-19
3.342E+00  2.172E-21  1.925E-13  1.925E-13  1.833E-19
3.311E+00  6.877E-21  6.041E-13  6.041E-13  1.482E-19
3.281E+00  4.565E-21  3.973E-13  3.973E-13  1.195E-19
3.251E+00  1.435E-21  1.238E-13  1.238E-13  9.627E-20
3.221E+00  7.787E-22  6.654E-14  6.654E-14  7.738E-20
3.192E+00  5.495E-22  4.652E-14  4.652E-14  6.212E-20
3.162E+00  4.373E-22  3.668E-14  3.668E-14  4.979E-20
3.133E+00  3.693E-22  3.069E-14  3.069E-14  3.986E-20
3.105E+00  3.218E-22  2.650E-14  2.650E-14  3.187E-20
3.076E+00  2.855E-22  2.330E-14  2.330E-14  2.546E-20
3.048E+00  2.561E-22  2.071E-14  2.071E-14  2.032E-20
3.020E+00  2.313E-22  1.853E-14  1.853E-14  1.619E-20
2.992E+00  2.097E-22  1.665E-14  1.665E-14  1.289E-20
2.965E+00  1.908E-22  1.500E-14  1.500E-14  1.024E-20
2.938E+00  1.738E-22  1.354E-14  1.354E-14  8.135E-21
2.911E+00  1.586E-22  1.224E-14  1.224E-14  6.451E-21
2.884E+00  1.448E-22  1.108E-14  1.108E-14  5.111E-21
2.858E+00  1.323E-22  1.003E-14  1.003E-14  4.044E-21
2.831E+00  1.209E-22  9.080E-15  9.080E-15  3.197E-21
2.805E+00  1.105E-22  8.222E-15  8.222E-15  2.524E-21
2.780E+00  1.010E-22  7.445E-15  7.445E-15  1.991E-21
2.754E+00  9.227E-23  6.741E-15  6.741E-15  1.569E-21
2.729E+00  8.430E-23  6.102E-15  6.102E-15  1.235E-21
2.704E+00  7.699E-23  5.522E-15  5.522E-15  9.714E-22
2.679E+00  7.030E-23  4.996E-15  4.996E-15  7.632E-22
2.655E+00  6.416E-23  4.518E-15  4.518E-15  5.991E-22
2.630E+00  5.853E-23  4.084E-15  4.084E-15  4.698E-22
2.606E+00  5.338E-23  3.690E-15  3.690E-15  3.681E-22
2.582E+00  4.865E-23  3.332E-15  3.332E-15  2.881E-22
2.559E+00  4.432E-23  3.008E-15  3.008E-15  2.253E-22
2.535E+00  4.035E-23  2.714E-15  2.714E-15  1.761E-22
2.512E+00  3.672E-23  2.447E-15  2.447E-15  1.374E-22
2.489E+00  3.339E-23  2.205E-15  2.205E-15  1.072E-22
2.466E+00  3.035E-23  1.985E-15  1.985E-15  8.353E-23
2.443E+00  2.756E-23  1.786E-15  1.786E-15  6.503E-23
2.421E+00  2.501E-23  1.606E-15  1.606E-15  5.058E-23
2.399E+00  2.268E-23  1.443E-15  1.443E-15  3.930E-23
2.377E+00  2.056E-23  1.296E-15  1.296E-15  3.050E-23
2.355E+00  1.863E-23  1.164E-15  1.164E-15  2.365E-23
2.333E+00  1.686E-23  1.044E-15  1.044E-15  1.831E-23
2.312E+00  1.525E-23  9.353E-16  9.353E-16  1.416E-23
2.291E+00  1.378E-23  8.377E-16  8.377E-16  1.094E-23
2.270E+00  1.245E-23  7.496E-16  7.496E-16  8.445E-24
2.249E+00  1.123E-23  6.703E-16  6.703E-16  6.509E-24
2.228E+00  1.013E-23  5.988E-16  5.988E-16  5.010E-24
2.208E+00  9.125E-24  5.344E-16  5.344E-16  3.852E-24
2.188E+00  8.212E-24  4.765E-16  4.765E-16  2.957E-24
2.168E+00  7.383E-24  4.245E-16  4.245E-16  2.268E-24
2.148E+00  6.631E-24  3.778E-16  3.778E-16  1.736E-24
2.128E+00  5.948E-24  3.358E-16  3.358E-16  1.328E-24
2.109E+00  5.330E-24  2.981E-16  2.981E-16  1.014E-24
2.089E+00  4.770E-24  2.643E-16  2.643E-16  7.729E-25
2.070E+00  4.263E-24  2.341E-16  2.341E-16  5.883E-25
2.051E+00  3.805E-24  2.070E-16  2.070E-16  4.471E-25
2.032E+00  3.391E-24  1.828E-16  1.828E-16  3.392E-25
2.014E+00  3.017E-24  1.612E-16  1.612E-16  2.570E-25
1.995E+00  2.680E-24  1.419E-16  1.419E-16  1.943E-25
1.977E+00  2.377E-24  1.247E-16  1.247E-16  1.467E-25
1.959E+00  2.105E-24  1.094E-16  1.094E-16  1.106E-25
1.941E+00  1.863E-24  9.593E-17  9.593E-17  8.318E-26
1.923E+00  1.649E-24  8.413E-17  8.413E-17  6.246E-26
1.905E+00  1.462E-24  7.388E-17  7.388E-17  4.682E-26
1.888E+00  1.297E-24  6.496E-17  6.496E-17  3.503E-26
1.871E+00  1.152E-24  5.715E-17  5.715E-17  2.616E-26
1.854E+00  1.021E-24  5.022E-17  5.022E-17  1.950E-26
1.837E+00  9.042E-25  4.405E-17  4.405E-17  1.450E-26
1.820E+00  7.987E-25  3.855E-17  3.855E-17  1.077E-26
1.803E+00  7.038E-25  3.366E-17  3.366E-17  7.979E-27
1.786E+00  6.190E-25  2.933E-17  2.933E-17  5.901E-27
1.770E+00  5.433E-25  2.551E-17  2.551E-17  4.355E-27
1.754E+00  4.760E-25  2.215E-17  2.215E-17  3.209E-27
1.738E+00  4.163E-25  1.919E-17  1.919E-17  2.359E-27
1.722E+00  3.635E-25  1.660E-17  1.660E-17  1.731E-27
1.706E+00  3.168E-25  1.434E-17  1.434E-17  1.267E-27
1.690E+00  2.757E-25  1.236E-17  1.236E-17  9.255E-28
1.675E+00  2.395E-25  1.064E-17  1.064E-17  6.747E-28
1.660E+00  2.078E-25  9.146E-18  9.146E-18  4.908E-28
1.644E+00  1.799E-25  7.847E-18  7.847E-18  3.562E-28
1.629E+00  1.555E-25  6.720E-18  6.720E-18  2.580E-28
1.614E+00  1.342E-25  5.746E-18  5.746E-18  1.864E-28
1.600E+00  1.156E-25  4.905E-18  4.905E-18  1.344E-28
1.585E+00  9.941E-26  4.179E-18  4.179E-18  9.665E-29
1.570E+00  8.536E-26  3.556E-18  3.556E-18  6.935E-29
1.556E+00  7.316E-26  3.020E-18  3.020E-18  4.965E-29
1.542E+00  6.260E-26  2.560E-18  2.560E-18  3.546E-29
1.528E+00  5.348E-26  2.167E-18  2.167E-18  2.527E-29
1.514E+00  4.561E-26  1.831E-18  1.831E-18  1.796E-29
1.500E+00  3.884E-26  1.545E-18  1.545E-18  1.273E-29
1.486E+00  3.301E-26  1.301E-18  1.301E-18  9.009E-30
1.472E+00  2.801E-26  1.094E-18  1.094E-18  6.357E-30
1.459E+00  2.373E-26  9.183E-19  9.183E-19  4.475E-30
1.445E+00  2.007E-26  7.695E-19  7.695E-19  3.143E-30
1.432E+00  1.695E-26  6.438E-19  6.438E-19  2.201E-30
1.419E+00  1.428E-26  5.377E-19  5.377E-19  1.538E-30
1.406E+00  1.202E-26  4.483E-19  4.483E-19  1.072E-30
1.393E+00  1.010E-26  3.732E-19  3.732E-19  7.454E-31
1.380E+00  8.469E-27  3.101E-19  3.101E-19  5.169E-31
1.368E+00  7.091E-27  2.572E-19  2.572E-19  3.575E-31
1.355E+00  5.927E-27  2.131E-19  2.131E-19  2.466E-31
1.343E+00  4.946E-27  1.762E-19  1.762E-19  1.696E-31
1.330E+00  4.120E-27  1.454E-19  1.454E-19  1.164E-31
1.318E+00  3.427E-27  1.198E-19  1.198E-19  7.965E-32
1.306E+00  2.844E-27  9.854E-20  9.854E-20  5.437E-32
1.294E+00  2.355E-27  8.085E-20  8.085E-20  3.701E-32
1.282E+00  1.945E-27  6.615E-20  6.615E-20  2.513E-32
1.271E+00  1.600E-27  5.393E-20  5.393E-20  1.701E-32
1.259E+00  1.312E-27  4.381E-20  4.381E-20  1.149E-32
1.247E+00  1.072E-27  3.546E-20  3.546E-20  7.738E-33
1.236E+00  8.731E-28  2.862E-20  2.862E-20  5.198E-33
1.225E+00  7.099E-28  2.306E-20  2.306E-20  3.482E-33
1.213E+00  5.766E-28  1.856E-20  1.856E-20  2.326E-33
1.202E+00  4.679E-28  1.492E-20  1.492E-20  1.550E-33
1.191E+00  3.795E-28  1.199E-20  1.199E-20  1.029E-33
1.180E+00  3.076E-28  9.631E-21  9.631E-21  6.817E-34
1.169E+00  2.492E-28  7.731E-21  7.731E-21  4.502E-34
1.159E+00  2.018E-28  6.203E-21  6.203E-21  2.965E-34
1.148E+00  1.634E-28  4.975E-21  4.975E-21  1.946E-34
1.138E+00  1.323E-28  3.991E-21  3.991E-21  1.274E-34
1.127E+00  1.071E-28  3.204E-21  3.204E-21  8.315E-35
1.117E+00  8.689E-29  2.574E-21  2.574E-21  5.410E-35
1.107E+00  7.059E-29  2.072E-21  2.072E-21  3.510E-35
1.096E+00  5.751E-29  1.673E-21  1.673E-21  2.270E-35
1.086E+00  4.702E-29  1.355E-21  1.355E-21  1.463E-35
1.076E+00  3.865E-29  1.103E-21  1.103E-21  9.406E-36
1.067E+00  3.195E-29  9.040E-22  9.040E-22  6.027E-36
1.057E+00  2.658E-29  7.450E-22  7.450E-22  3.850E-36
1.047E+00  2.222E-29  6.173E-22  6.173E-22  2.451E-36
1.038E+00  1.872E-29  5.152E-22  5.152E-22  1.556E-36
1.028E+00  1.594E-29  4.348E-22  4.348E-22  9.844E-37
1.019E+00  1.374E-29  3.712E-22  3.712E-22  6.209E-37
1.009E+00  1.195E-29  3.199E-22  3.199E-22  3.903E-37
1.000E+00  1.045E-29  2.771E-22  2.771E-22  2.445E-37
