Dust emission spectrum from Draine,B.T., & Li, A. (2007), ApJ, in press [astro-ph/0608003]
==========================================================
         7 = grain model
 4.000E-08 4.000E-01 4.500E-05 = a_01 (cm) , sigma_1 , b_C1
 2.000E-07 5.500E-01 1.500E-05 = a_02 (cm) , sigma_2 , b_C2
 3.000E+01 3.000E+01 1.000E+00 = Umin , Umax, beta (dN/dU propto U^{-beta})
 3.000E+01 = <U>       mmp83 = radfield
 2.000E-07 2.000E-06 = a_{min} (cm), a_{max} (cm)
 2.083E-23 1.316E-23 7.662E-24 = P(tot)  P(carb)  P(sil) (erg s-1 H-1)
 band     <nu*P_nu> <j_nu(tot)><j_nu(carb)><j_nu(sil)>
 (um)   (erg s-1 H-1)(Jy/(sr*H))(Jy/(sr*H))(Jy/(sr*H))
1.270E+00  4.413E-44  1.487E-36  1.487E-36  3.446E-47 COBE-DIRBE
2.220E+00  8.368E-37  4.928E-29  4.928E-29  5.624E-36 COBE-DIRBE
3.530E+00  7.048E-32  6.600E-24  6.600E-24  1.523E-28 COBE-DIRBE
4.880E+00  1.894E-29  2.452E-21  2.451E-21  2.298E-25 COBE-DIRBE
1.229E+01  7.338E-25  2.392E-16  2.355E-16  3.703E-18 COBE-DIRBE
2.079E+01  3.629E-24  2.001E-15  1.873E-15  1.279E-16 COBE-DIRBE
5.599E+01  1.398E-23  2.077E-14  1.296E-14  7.808E-15 COBE-DIRBE
9.770E+01  8.316E-24  2.155E-14  7.967E-15  1.358E-14 COBE-DIRBE
1.479E+02  3.268E-24  1.282E-14  3.611E-15  9.207E-15 COBE-DIRBE
2.479E+02  6.259E-25  4.115E-15  9.802E-16  3.135E-15 COBE-DIRBE
1.200E+01  4.533E-25  1.443E-16  1.427E-16  1.565E-18 IRAS
2.500E+01  4.606E-24  3.054E-15  2.810E-15  2.448E-16 IRAS
6.000E+01  1.357E-23  2.160E-14  1.286E-14  8.741E-15 IRAS
1.000E+02  7.940E-24  2.106E-14  7.585E-15  1.348E-14 IRAS
3.550E+00  6.002E-32  5.652E-24  5.652E-24  9.574E-29 SST-IRAC
4.493E+00  4.210E-30  5.018E-22  5.017E-22  5.430E-26 SST-IRAC
5.731E+00  1.792E-27  2.724E-19  2.724E-19  1.000E-23 SST-IRAC
7.872E+00  6.910E-26  1.443E-17  1.440E-17  3.297E-20 SST-IRAC
2.368E+01  4.358E-24  2.737E-15  2.518E-15  2.197E-16 SST-MIPS
7.142E+01  1.146E-23  2.172E-14  1.056E-14  1.116E-14 SST-MIPS
1.559E+02  2.535E-24  1.048E-14  2.805E-15  7.677E-15 SST-MIPS
1.600E+01  1.890E-24  8.022E-16  7.771E-16  2.507E-17 SST-IRSPU
2.200E+01  4.187E-24  2.443E-15  2.257E-15  1.858E-16 SST-IRSPU
7.500E+01  9.949E-24  1.979E-14  9.633E-15  1.016E-14 Herschel-PACS
1.100E+02  5.657E-24  1.650E-14  5.828E-15  1.068E-14 Herschel-PACS
1.700E+02  1.935E-24  8.724E-15  2.347E-15  6.376E-15 Herschel-PACS
2.500E+02  5.088E-25  3.374E-15  7.919E-16  2.582E-15 Herschel-SPIRE
3.600E+02  1.118E-25  1.067E-15  2.521E-16  8.153E-16 Herschel-SPIRE
5.200E+02  2.348E-26  3.238E-16  7.509E-17  2.487E-16 Herschel-SPIRE
2.400E+00  3.277E-31  2.086E-23  2.086E-23  1.705E-27 Akari IRC NIR N2
3.200E+00  2.166E-31  1.838E-23  1.838E-23  1.433E-27 Akari IRC NIR N3
4.100E+00  1.383E-29  1.504E-21  1.504E-21  1.330E-25 Akari IRC NIR N4
7.000E+00  6.289E-26  1.168E-17  1.160E-17  7.845E-20 Akari IRC MIR-S S7
9.000E+00  1.286E-25  3.069E-17  3.041E-17  2.816E-19 Akari IRC MIR-S S9W
1.100E+01  3.405E-25  9.936E-17  9.829E-17  1.069E-18 Akari IRC MIR-S S11
1.500E+01  1.850E-24  7.359E-16  7.137E-16  2.219E-17 Akari IRC MIR-L L15
1.800E+01  2.987E-24  1.426E-15  1.344E-15  8.213E-17 Akari IRC MIR-L L18W
2.400E+01  4.326E-24  2.754E-15  2.540E-15  2.143E-16 Akari IRC MIR-L L24
6.500E+01  1.323E-23  2.281E-14  1.196E-14  1.085E-14 Akari FIS N60
8.000E+01  1.001E-23  2.124E-14  9.027E-15  1.221E-14 Akari FIS WIDE-S
1.400E+02  3.225E-24  1.198E-14  3.346E-15  8.632E-15 Akari FIS WIDE-L
1.600E+02  2.331E-24  9.893E-15  2.595E-15  7.298E-15 Akari FIS N160
 
 
 
 


lambda    nu*dP/dnu     j_nu    j_nu(carb.) j_nu(sil)
 (um)    (erg/(s*H)) (Jy/(sr*H) (Jy/(sr*H)) (Jy/(sr*H)
1.000E+04  8.740E-32  2.318E-20  2.000E-21  2.118E-20
9.908E+03  9.058E-32  2.381E-20  2.060E-21  2.175E-20
9.817E+03  9.388E-32  2.445E-20  2.122E-21  2.233E-20
9.727E+03  9.730E-32  2.511E-20  2.185E-21  2.292E-20
9.638E+03  1.008E-31  2.578E-20  2.251E-21  2.353E-20
9.550E+03  1.045E-31  2.648E-20  2.319E-21  2.416E-20
9.462E+03  1.083E-31  2.719E-20  2.388E-21  2.480E-20
9.376E+03  1.123E-31  2.792E-20  2.460E-21  2.546E-20
9.290E+03  1.164E-31  2.867E-20  2.534E-21  2.614E-20
9.204E+03  1.206E-31  2.944E-20  2.611E-21  2.683E-20
9.120E+03  1.250E-31  3.024E-20  2.689E-21  2.755E-20
9.036E+03  1.295E-31  3.105E-20  2.771E-21  2.828E-20
8.954E+03  1.342E-31  3.188E-20  2.854E-21  2.903E-20
8.872E+03  1.391E-31  3.273E-20  2.940E-21  2.979E-20
8.790E+03  1.441E-31  3.361E-20  3.029E-21  3.058E-20
8.710E+03  1.494E-31  3.451E-20  3.121E-21  3.138E-20
8.630E+03  1.548E-31  3.543E-20  3.215E-21  3.221E-20
8.551E+03  1.604E-31  3.638E-20  3.312E-21  3.307E-20
8.472E+03  1.662E-31  3.735E-20  3.413E-21  3.394E-20
8.395E+03  1.723E-31  3.836E-20  3.516E-21  3.484E-20
8.318E+03  1.785E-31  3.939E-20  3.623E-21  3.576E-20
8.241E+03  1.850E-31  4.045E-20  3.733E-21  3.671E-20
8.166E+03  1.918E-31  4.153E-20  3.846E-21  3.769E-20
8.091E+03  1.987E-31  4.265E-20  3.963E-21  3.869E-20
8.017E+03  2.060E-31  4.380E-20  4.084E-21  3.972E-20
7.943E+03  2.135E-31  4.499E-20  4.208E-21  4.078E-20
7.870E+03  2.213E-31  4.620E-20  4.336E-21  4.186E-20
7.798E+03  2.294E-31  4.745E-20  4.468E-21  4.298E-20
7.727E+03  2.378E-31  4.873E-20  4.604E-21  4.413E-20
7.656E+03  2.465E-31  5.005E-20  4.745E-21  4.531E-20
7.586E+03  2.555E-31  5.141E-20  4.889E-21  4.652E-20
7.516E+03  2.649E-31  5.280E-20  5.039E-21  4.777E-20
7.447E+03  2.746E-31  5.424E-20  5.193E-21  4.905E-20
7.379E+03  2.846E-31  5.571E-20  5.351E-21  5.036E-20
7.311E+03  2.951E-31  5.723E-20  5.515E-21  5.171E-20
7.244E+03  3.059E-31  5.879E-20  5.684E-21  5.310E-20
7.178E+03  3.172E-31  6.039E-20  5.858E-21  5.453E-20
7.112E+03  3.288E-31  6.204E-20  6.038E-21  5.600E-20
7.047E+03  3.409E-31  6.373E-20  6.223E-21  5.751E-20
6.982E+03  3.535E-31  6.547E-20  6.414E-21  5.905E-20
6.918E+03  3.665E-31  6.725E-20  6.611E-21  6.064E-20
6.855E+03  3.800E-31  6.909E-20  6.814E-21  6.227E-20
6.792E+03  3.939E-31  7.098E-20  7.024E-21  6.395E-20
6.730E+03  4.085E-31  7.292E-20  7.240E-21  6.568E-20
6.668E+03  4.235E-31  7.491E-20  7.463E-21  6.745E-20
6.607E+03  4.392E-31  7.696E-20  7.694E-21  6.927E-20
6.546E+03  4.554E-31  7.907E-20  7.931E-21  7.114E-20
6.486E+03  4.722E-31  8.125E-20  8.176E-21  7.307E-20
6.427E+03  4.897E-31  8.348E-20  8.428E-21  7.505E-20
6.368E+03  5.078E-31  8.577E-20  8.689E-21  7.709E-20
6.310E+03  5.266E-31  8.814E-20  8.958E-21  7.918E-20
6.252E+03  5.461E-31  9.056E-20  9.235E-21  8.133E-20
6.194E+03  5.664E-31  9.306E-20  9.521E-21  8.354E-20
6.138E+03  5.874E-31  9.563E-20  9.817E-21  8.582E-20
6.081E+03  6.092E-31  9.828E-20  1.012E-20  8.815E-20
6.026E+03  6.319E-31  1.010E-19  1.044E-20  9.056E-20
5.970E+03  6.554E-31  1.038E-19  1.076E-20  9.303E-20
5.916E+03  6.798E-31  1.067E-19  1.109E-20  9.557E-20
5.861E+03  7.051E-31  1.096E-19  1.144E-20  9.819E-20
5.808E+03  7.314E-31  1.127E-19  1.180E-20  1.009E-19
5.754E+03  7.587E-31  1.158E-19  1.216E-20  1.036E-19
5.702E+03  7.870E-31  1.190E-19  1.254E-20  1.065E-19
5.649E+03  8.164E-31  1.223E-19  1.294E-20  1.094E-19
5.598E+03  8.469E-31  1.258E-19  1.334E-20  1.124E-19
5.546E+03  8.786E-31  1.293E-19  1.376E-20  1.155E-19
5.495E+03  9.115E-31  1.329E-19  1.419E-20  1.187E-19
5.445E+03  9.456E-31  1.366E-19  1.463E-20  1.220E-19
5.395E+03  9.811E-31  1.404E-19  1.509E-20  1.253E-19
5.346E+03  1.018E-30  1.443E-19  1.556E-20  1.288E-19
5.297E+03  1.056E-30  1.484E-19  1.605E-20  1.323E-19
5.248E+03  1.096E-30  1.525E-19  1.656E-20  1.360E-19
5.200E+03  1.137E-30  1.568E-19  1.708E-20  1.397E-19
5.152E+03  1.180E-30  1.612E-19  1.761E-20  1.436E-19
5.105E+03  1.224E-30  1.658E-19  1.817E-20  1.476E-19
5.058E+03  1.270E-30  1.704E-19  1.874E-20  1.517E-19
5.012E+03  1.318E-30  1.752E-19  1.933E-20  1.559E-19
4.966E+03  1.368E-30  1.802E-19  1.994E-20  1.602E-19
4.920E+03  1.419E-30  1.852E-19  2.057E-20  1.647E-19
4.875E+03  1.473E-30  1.905E-19  2.122E-20  1.693E-19
4.831E+03  1.529E-30  1.959E-19  2.189E-20  1.740E-19
4.786E+03  1.586E-30  2.014E-19  2.259E-20  1.788E-19
4.742E+03  1.646E-30  2.071E-19  2.330E-20  1.838E-19
4.699E+03  1.709E-30  2.130E-19  2.404E-20  1.889E-19
4.656E+03  1.773E-30  2.190E-19  2.481E-20  1.942E-19
4.613E+03  1.841E-30  2.252E-19  2.560E-20  1.996E-19
4.571E+03  1.910E-30  2.316E-19  2.641E-20  2.052E-19
4.529E+03  1.983E-30  2.382E-19  2.725E-20  2.110E-19
4.487E+03  2.058E-30  2.450E-19  2.812E-20  2.169E-19
4.446E+03  2.137E-30  2.520E-19  2.901E-20  2.230E-19
4.406E+03  2.218E-30  2.592E-19  2.994E-20  2.292E-19
4.365E+03  2.302E-30  2.666E-19  3.090E-20  2.357E-19
4.325E+03  2.390E-30  2.742E-19  3.188E-20  2.423E-19
4.285E+03  2.481E-30  2.821E-19  3.290E-20  2.492E-19
4.246E+03  2.576E-30  2.902E-19  3.396E-20  2.562E-19
4.207E+03  2.675E-30  2.985E-19  3.505E-20  2.634E-19
4.169E+03  2.777E-30  3.071E-19  3.617E-20  2.709E-19
4.130E+03  2.883E-30  3.159E-19  3.733E-20  2.786E-19
4.093E+03  2.994E-30  3.250E-19  3.853E-20  2.864E-19
4.055E+03  3.108E-30  3.343E-19  3.977E-20  2.946E-19
4.018E+03  3.227E-30  3.440E-19  4.105E-20  3.029E-19
3.981E+03  3.351E-30  3.539E-19  4.237E-20  3.115E-19
3.945E+03  3.480E-30  3.641E-19  4.374E-20  3.203E-19
3.908E+03  3.613E-30  3.746E-19  4.515E-20  3.294E-19
3.873E+03  3.752E-30  3.854E-19  4.661E-20  3.388E-19
3.837E+03  3.896E-30  3.966E-19  4.811E-20  3.484E-19
3.802E+03  4.046E-30  4.080E-19  4.967E-20  3.584E-19
3.767E+03  4.202E-30  4.199E-19  5.128E-20  3.686E-19
3.733E+03  4.364E-30  4.320E-19  5.294E-20  3.791E-19
3.698E+03  4.532E-30  4.446E-19  5.466E-20  3.900E-19
3.664E+03  4.707E-30  4.575E-19  5.643E-20  4.011E-19
3.631E+03  4.889E-30  4.709E-19  5.826E-20  4.126E-19
3.597E+03  5.078E-30  4.846E-19  6.016E-20  4.244E-19
3.565E+03  5.275E-30  4.988E-19  6.212E-20  4.366E-19
3.532E+03  5.479E-30  5.133E-19  6.414E-20  4.492E-19
3.499E+03  5.692E-30  5.284E-19  6.623E-20  4.621E-19
3.467E+03  5.913E-30  5.438E-19  6.839E-20  4.755E-19
3.436E+03  6.143E-30  5.598E-19  7.062E-20  4.892E-19
3.404E+03  6.382E-30  5.762E-19  7.293E-20  5.033E-19
3.373E+03  6.630E-30  5.932E-19  7.532E-20  5.179E-19
3.342E+03  6.888E-30  6.106E-19  7.779E-20  5.329E-19
3.311E+03  7.157E-30  6.286E-19  8.034E-20  5.483E-19
3.281E+03  7.436E-30  6.472E-19  8.297E-20  5.642E-19
3.251E+03  7.727E-30  6.663E-19  8.570E-20  5.806E-19
3.221E+03  8.029E-30  6.860E-19  8.851E-20  5.975E-19
3.192E+03  8.343E-30  7.063E-19  9.142E-20  6.149E-19
3.162E+03  8.670E-30  7.273E-19  9.443E-20  6.328E-19
3.133E+03  9.010E-30  7.488E-19  9.754E-20  6.513E-19
3.105E+03  9.363E-30  7.711E-19  1.008E-19  6.703E-19
3.076E+03  9.731E-30  7.940E-19  1.041E-19  6.899E-19
3.048E+03  1.011E-29  8.176E-19  1.075E-19  7.101E-19
3.020E+03  1.051E-29  8.420E-19  1.111E-19  7.309E-19
2.992E+03  1.092E-29  8.671E-19  1.148E-19  7.523E-19
2.965E+03  1.135E-29  8.928E-19  1.186E-19  7.743E-19
2.938E+03  1.180E-29  9.194E-19  1.225E-19  7.969E-19
2.911E+03  1.226E-29  9.468E-19  1.265E-19  8.202E-19
2.884E+03  1.275E-29  9.750E-19  1.308E-19  8.443E-19
2.858E+03  1.325E-29  1.004E-18  1.351E-19  8.690E-19
2.831E+03  1.377E-29  1.034E-18  1.396E-19  8.946E-19
2.805E+03  1.431E-29  1.065E-18  1.442E-19  9.209E-19
2.780E+03  1.488E-29  1.097E-18  1.490E-19  9.480E-19
2.754E+03  1.547E-29  1.130E-18  1.540E-19  9.759E-19
2.729E+03  1.608E-29  1.164E-18  1.592E-19  1.005E-18
2.704E+03  1.671E-29  1.199E-18  1.645E-19  1.034E-18
2.679E+03  1.738E-29  1.235E-18  1.700E-19  1.065E-18
2.655E+03  1.807E-29  1.272E-18  1.757E-19  1.097E-18
2.630E+03  1.878E-29  1.311E-18  1.815E-19  1.129E-18
2.606E+03  1.953E-29  1.350E-18  1.876E-19  1.163E-18
2.582E+03  2.031E-29  1.391E-18  1.939E-19  1.197E-18
2.559E+03  2.112E-29  1.433E-18  2.004E-19  1.233E-18
2.535E+03  2.196E-29  1.477E-18  2.072E-19  1.269E-18
2.512E+03  2.283E-29  1.521E-18  2.141E-19  1.307E-18
2.489E+03  2.374E-29  1.568E-18  2.213E-19  1.346E-18
2.466E+03  2.469E-29  1.615E-18  2.288E-19  1.386E-18
2.443E+03  2.568E-29  1.664E-18  2.365E-19  1.428E-18
2.421E+03  2.671E-29  1.715E-18  2.445E-19  1.471E-18
2.399E+03  2.778E-29  1.767E-18  2.527E-19  1.515E-18
2.377E+03  2.889E-29  1.821E-18  2.613E-19  1.560E-18
2.355E+03  3.005E-29  1.877E-18  2.701E-19  1.607E-18
2.333E+03  3.125E-29  1.934E-18  2.792E-19  1.655E-18
2.312E+03  3.251E-29  1.994E-18  2.887E-19  1.705E-18
2.291E+03  3.382E-29  2.055E-18  2.985E-19  1.756E-18
2.270E+03  3.517E-29  2.118E-18  3.086E-19  1.809E-18
2.249E+03  3.659E-29  2.183E-18  3.191E-19  1.864E-18
2.228E+03  3.806E-29  2.250E-18  3.299E-19  1.920E-18
2.208E+03  3.960E-29  2.319E-18  3.411E-19  1.978E-18
2.188E+03  4.120E-29  2.391E-18  3.527E-19  2.038E-18
2.168E+03  4.286E-29  2.464E-18  3.647E-19  2.100E-18
2.148E+03  4.459E-29  2.540E-18  3.771E-19  2.163E-18
2.128E+03  4.639E-29  2.619E-18  3.900E-19  2.229E-18
2.109E+03  4.827E-29  2.700E-18  4.033E-19  2.296E-18
2.089E+03  5.022E-29  2.783E-18  4.171E-19  2.366E-18
2.070E+03  5.225E-29  2.869E-18  4.313E-19  2.438E-18
2.051E+03  5.437E-29  2.958E-18  4.461E-19  2.512E-18
2.032E+03  5.657E-29  3.050E-18  4.613E-19  2.589E-18
2.014E+03  5.887E-29  3.144E-18  4.771E-19  2.667E-18
1.995E+03  6.126E-29  3.242E-18  4.934E-19  2.749E-18
1.977E+03  6.374E-29  3.343E-18  5.103E-19  2.832E-18
1.959E+03  6.633E-29  3.446E-18  5.278E-19  2.919E-18
1.941E+03  6.902E-29  3.554E-18  5.460E-19  3.008E-18
1.923E+03  7.183E-29  3.664E-18  5.647E-19  3.099E-18
1.905E+03  7.475E-29  3.778E-18  5.841E-19  3.194E-18
1.888E+03  7.779E-29  3.896E-18  6.042E-19  3.292E-18
1.871E+03  8.096E-29  4.017E-18  6.250E-19  3.393E-18
1.854E+03  8.426E-29  4.143E-18  6.465E-19  3.496E-18
1.837E+03  8.770E-29  4.272E-18  6.687E-19  3.604E-18
1.820E+03  9.128E-29  4.406E-18  6.918E-19  3.714E-18
1.803E+03  9.500E-29  4.544E-18  7.156E-19  3.828E-18
1.786E+03  9.888E-29  4.686E-18  7.403E-19  3.945E-18
1.770E+03  1.029E-28  4.832E-18  7.659E-19  4.067E-18
1.754E+03  1.071E-28  4.984E-18  7.923E-19  4.192E-18
1.738E+03  1.115E-28  5.140E-18  8.197E-19  4.321E-18
1.722E+03  1.161E-28  5.301E-18  8.480E-19  4.453E-18
1.706E+03  1.208E-28  5.468E-18  8.773E-19  4.591E-18
1.690E+03  1.258E-28  5.640E-18  9.077E-19  4.732E-18
1.675E+03  1.309E-28  5.817E-18  9.391E-19  4.878E-18
1.660E+03  1.363E-28  6.000E-18  9.716E-19  5.028E-18
1.644E+03  1.419E-28  6.189E-18  1.005E-18  5.183E-18
1.629E+03  1.477E-28  6.383E-18  1.040E-18  5.343E-18
1.614E+03  1.538E-28  6.584E-18  1.076E-18  5.508E-18
1.600E+03  1.601E-28  6.792E-18  1.114E-18  5.678E-18
1.585E+03  1.666E-28  7.006E-18  1.152E-18  5.854E-18
1.570E+03  1.735E-28  7.227E-18  1.192E-18  6.034E-18
1.556E+03  1.806E-28  7.455E-18  1.234E-18  6.221E-18
1.542E+03  1.880E-28  7.690E-18  1.276E-18  6.413E-18
1.528E+03  1.958E-28  7.933E-18  1.321E-18  6.612E-18
1.514E+03  2.038E-28  8.183E-18  1.367E-18  6.816E-18
1.500E+03  2.122E-28  8.441E-18  1.414E-18  7.027E-18
1.486E+03  2.209E-28  8.708E-18  1.463E-18  7.245E-18
1.472E+03  2.300E-28  8.984E-18  1.514E-18  7.470E-18
1.459E+03  2.395E-28  9.268E-18  1.567E-18  7.701E-18
1.445E+03  2.494E-28  9.562E-18  1.622E-18  7.940E-18
1.432E+03  2.597E-28  9.865E-18  1.678E-18  8.187E-18
1.419E+03  2.704E-28  1.018E-17  1.737E-18  8.441E-18
1.406E+03  2.815E-28  1.050E-17  1.797E-18  8.703E-18
1.393E+03  2.932E-28  1.083E-17  1.860E-18  8.974E-18
1.380E+03  3.053E-28  1.118E-17  1.924E-18  9.253E-18
1.368E+03  3.179E-28  1.153E-17  1.992E-18  9.540E-18
1.355E+03  3.310E-28  1.190E-17  2.061E-18  9.837E-18
1.343E+03  3.446E-28  1.228E-17  2.133E-18  1.014E-17
1.330E+03  3.589E-28  1.267E-17  2.207E-18  1.046E-17
1.318E+03  3.737E-28  1.307E-17  2.284E-18  1.078E-17
1.306E+03  3.891E-28  1.348E-17  2.364E-18  1.112E-17
1.294E+03  4.052E-28  1.391E-17  2.446E-18  1.146E-17
1.282E+03  4.220E-28  1.435E-17  2.532E-18  1.182E-17
1.271E+03  4.394E-28  1.481E-17  2.620E-18  1.219E-17
1.259E+03  4.576E-28  1.528E-17  2.711E-18  1.257E-17
1.247E+03  4.765E-28  1.577E-17  2.806E-18  1.296E-17
1.236E+03  4.961E-28  1.627E-17  2.904E-18  1.336E-17
1.225E+03  5.166E-28  1.678E-17  3.005E-18  1.378E-17
1.213E+03  5.380E-28  1.732E-17  3.110E-18  1.421E-17
1.202E+03  5.602E-28  1.787E-17  3.219E-18  1.465E-17
1.191E+03  5.834E-28  1.843E-17  3.331E-18  1.510E-17
1.180E+03  6.075E-28  1.902E-17  3.447E-18  1.557E-17
1.169E+03  6.326E-28  1.962E-17  3.567E-18  1.606E-17
1.159E+03  6.587E-28  2.025E-17  3.692E-18  1.656E-17
1.148E+03  6.859E-28  2.089E-17  3.821E-18  1.707E-17
1.138E+03  7.143E-28  2.155E-17  3.954E-18  1.760E-17
1.127E+03  7.438E-28  2.224E-17  4.092E-18  1.815E-17
1.117E+03  7.745E-28  2.294E-17  4.234E-18  1.871E-17
1.107E+03  8.065E-28  2.367E-17  4.382E-18  1.929E-17
1.096E+03  8.398E-28  2.442E-17  4.535E-18  1.989E-17
1.086E+03  8.744E-28  2.520E-17  4.693E-18  2.051E-17
1.076E+03  9.105E-28  2.600E-17  4.856E-18  2.114E-17
1.067E+03  9.481E-28  2.682E-17  5.025E-18  2.180E-17
1.057E+03  9.872E-28  2.767E-17  5.200E-18  2.247E-17
1.047E+03  1.028E-27  2.855E-17  5.382E-18  2.317E-17
1.038E+03  1.070E-27  2.946E-17  5.569E-18  2.389E-17
1.028E+03  1.114E-27  3.039E-17  5.763E-18  2.463E-17
1.019E+03  1.160E-27  3.135E-17  5.963E-18  2.539E-17
1.009E+03  1.208E-27  3.234E-17  6.170E-18  2.617E-17
1.000E+03  1.258E-27  3.337E-17  6.385E-18  2.698E-17
9.908E+02  1.310E-27  3.442E-17  6.607E-18  2.782E-17
9.817E+02  1.364E-27  3.551E-17  6.836E-18  2.868E-17
9.727E+02  1.420E-27  3.664E-17  7.074E-18  2.957E-17
9.638E+02  1.479E-27  3.780E-17  7.319E-18  3.048E-17
9.550E+02  1.539E-27  3.900E-17  7.573E-18  3.142E-17
9.462E+02  1.603E-27  4.023E-17  7.836E-18  3.239E-17
9.376E+02  1.669E-27  4.150E-17  8.107E-18  3.340E-17
9.290E+02  1.737E-27  4.281E-17  8.388E-18  3.443E-17
9.204E+02  1.809E-27  4.417E-17  8.679E-18  3.549E-17
9.120E+02  1.883E-27  4.556E-17  8.979E-18  3.658E-17
9.036E+02  1.961E-27  4.700E-17  9.290E-18  3.771E-17
8.954E+02  2.041E-27  4.848E-17  9.611E-18  3.887E-17
8.872E+02  2.125E-27  5.001E-17  9.943E-18  4.006E-17
8.790E+02  2.212E-27  5.158E-17  1.029E-17  4.129E-17
8.710E+02  2.303E-27  5.320E-17  1.064E-17  4.256E-17
8.630E+02  2.397E-27  5.487E-17  1.101E-17  4.386E-17
8.551E+02  2.495E-27  5.659E-17  1.139E-17  4.521E-17
8.472E+02  2.597E-27  5.837E-17  1.178E-17  4.659E-17
8.395E+02  2.703E-27  6.020E-17  1.219E-17  4.801E-17
8.318E+02  2.814E-27  6.208E-17  1.261E-17  4.948E-17
8.241E+02  2.929E-27  6.402E-17  1.304E-17  5.098E-17
8.166E+02  3.048E-27  6.602E-17  1.349E-17  5.254E-17
8.091E+02  3.172E-27  6.808E-17  1.395E-17  5.413E-17
8.017E+02  3.302E-27  7.021E-17  1.443E-17  5.578E-17
7.943E+02  3.436E-27  7.239E-17  1.492E-17  5.747E-17
7.870E+02  3.576E-27  7.465E-17  1.544E-17  5.921E-17
7.798E+02  3.721E-27  7.697E-17  1.596E-17  6.101E-17
7.727E+02  3.872E-27  7.936E-17  1.651E-17  6.285E-17
7.656E+02  4.029E-27  8.183E-17  1.708E-17  6.475E-17
7.586E+02  4.193E-27  8.437E-17  1.766E-17  6.671E-17
7.516E+02  4.363E-27  8.699E-17  1.826E-17  6.873E-17
7.447E+02  4.540E-27  8.969E-17  1.889E-17  7.081E-17
7.379E+02  4.725E-27  9.248E-17  1.953E-17  7.295E-17
7.311E+02  4.917E-27  9.536E-17  2.020E-17  7.516E-17
7.244E+02  5.117E-27  9.832E-17  2.088E-17  7.744E-17
7.178E+02  5.324E-27  1.014E-16  2.159E-17  7.979E-17
7.112E+02  5.541E-27  1.045E-16  2.233E-17  8.220E-17
7.047E+02  5.766E-27  1.078E-16  2.308E-17  8.470E-17
6.982E+02  6.000E-27  1.111E-16  2.387E-17  8.726E-17
6.918E+02  6.244E-27  1.146E-16  2.468E-17  8.991E-17
6.855E+02  6.498E-27  1.181E-16  2.551E-17  9.263E-17
6.792E+02  6.761E-27  1.218E-16  2.638E-17  9.544E-17
6.730E+02  7.035E-27  1.256E-16  2.727E-17  9.832E-17
6.668E+02  7.320E-27  1.295E-16  2.819E-17  1.013E-16
6.607E+02  7.616E-27  1.335E-16  2.914E-17  1.043E-16
6.546E+02  7.925E-27  1.376E-16  3.012E-17  1.075E-16
6.486E+02  8.248E-27  1.419E-16  3.113E-17  1.108E-16
6.427E+02  8.583E-27  1.463E-16  3.218E-17  1.141E-16
6.368E+02  8.933E-27  1.509E-16  3.326E-17  1.176E-16
6.310E+02  9.296E-27  1.556E-16  3.438E-17  1.212E-16
6.252E+02  9.675E-27  1.604E-16  3.553E-17  1.249E-16
6.194E+02  1.007E-26  1.654E-16  3.672E-17  1.287E-16
6.138E+02  1.048E-26  1.706E-16  3.795E-17  1.326E-16
6.081E+02  1.090E-26  1.759E-16  3.922E-17  1.367E-16
6.026E+02  1.135E-26  1.814E-16  4.053E-17  1.409E-16
5.970E+02  1.181E-26  1.870E-16  4.188E-17  1.452E-16
5.916E+02  1.229E-26  1.929E-16  4.328E-17  1.496E-16
5.861E+02  1.279E-26  1.989E-16  4.472E-17  1.542E-16
5.808E+02  1.331E-26  2.051E-16  4.621E-17  1.589E-16
5.754E+02  1.386E-26  2.115E-16  4.774E-17  1.638E-16
5.702E+02  1.442E-26  2.181E-16  4.933E-17  1.688E-16
5.649E+02  1.501E-26  2.249E-16  5.096E-17  1.739E-16
5.598E+02  1.562E-26  2.319E-16  5.265E-17  1.793E-16
5.546E+02  1.626E-26  2.392E-16  5.439E-17  1.848E-16
5.495E+02  1.692E-26  2.466E-16  5.618E-17  1.904E-16
5.445E+02  1.761E-26  2.543E-16  5.804E-17  1.963E-16
5.395E+02  1.833E-26  2.623E-16  5.995E-17  2.023E-16
5.346E+02  1.907E-26  2.705E-16  6.192E-17  2.085E-16
5.297E+02  1.985E-26  2.789E-16  6.395E-17  2.150E-16
5.248E+02  2.066E-26  2.876E-16  6.605E-17  2.216E-16
5.200E+02  2.150E-26  2.966E-16  6.822E-17  2.284E-16
5.152E+02  2.238E-26  3.059E-16  7.045E-17  2.354E-16
5.105E+02  2.329E-26  3.154E-16  7.276E-17  2.427E-16
5.058E+02  2.424E-26  3.253E-16  7.513E-17  2.501E-16
5.012E+02  2.523E-26  3.354E-16  7.758E-17  2.579E-16
4.966E+02  2.626E-26  3.459E-16  8.011E-17  2.658E-16
4.920E+02  2.733E-26  3.567E-16  8.272E-17  2.740E-16
4.875E+02  2.844E-26  3.678E-16  8.540E-17  2.824E-16
4.831E+02  2.960E-26  3.793E-16  8.817E-17  2.912E-16
4.786E+02  3.081E-26  3.912E-16  9.103E-17  3.001E-16
4.742E+02  3.207E-26  4.034E-16  9.397E-17  3.094E-16
4.699E+02  3.337E-26  4.160E-16  9.701E-17  3.190E-16
4.656E+02  3.473E-26  4.289E-16  1.001E-16  3.288E-16
4.613E+02  3.615E-26  4.423E-16  1.034E-16  3.390E-16
4.571E+02  3.762E-26  4.561E-16  1.067E-16  3.494E-16
4.529E+02  3.915E-26  4.703E-16  1.101E-16  3.602E-16
4.487E+02  4.074E-26  4.850E-16  1.136E-16  3.713E-16
4.446E+02  4.240E-26  5.001E-16  1.173E-16  3.828E-16
4.406E+02  4.412E-26  5.156E-16  1.210E-16  3.946E-16
4.365E+02  4.592E-26  5.317E-16  1.249E-16  4.068E-16
4.325E+02  4.779E-26  5.482E-16  1.289E-16  4.193E-16
4.285E+02  4.973E-26  5.653E-16  1.330E-16  4.323E-16
4.246E+02  5.175E-26  5.829E-16  1.372E-16  4.456E-16
4.207E+02  5.385E-26  6.010E-16  1.416E-16  4.594E-16
4.169E+02  5.604E-26  6.197E-16  1.461E-16  4.736E-16
4.130E+02  5.831E-26  6.389E-16  1.507E-16  4.882E-16
4.093E+02  6.068E-26  6.588E-16  1.554E-16  5.033E-16
4.055E+02  6.315E-26  6.792E-16  1.603E-16  5.189E-16
4.018E+02  6.571E-26  7.003E-16  1.654E-16  5.349E-16
3.981E+02  6.838E-26  7.221E-16  1.706E-16  5.515E-16
3.945E+02  7.115E-26  7.445E-16  1.760E-16  5.685E-16
3.908E+02  7.404E-26  7.676E-16  1.815E-16  5.861E-16
3.873E+02  7.704E-26  7.914E-16  1.871E-16  6.043E-16
3.837E+02  8.017E-26  8.159E-16  1.930E-16  6.230E-16
3.802E+02  8.342E-26  8.412E-16  1.990E-16  6.422E-16
3.767E+02  8.679E-26  8.673E-16  2.052E-16  6.621E-16
3.733E+02  9.031E-26  8.941E-16  2.116E-16  6.826E-16
3.698E+02  9.397E-26  9.218E-16  2.181E-16  7.037E-16
3.664E+02  9.777E-26  9.503E-16  2.249E-16  7.254E-16
3.631E+02  1.017E-25  9.797E-16  2.318E-16  7.478E-16
3.597E+02  1.058E-25  1.010E-15  2.390E-16  7.709E-16
3.565E+02  1.101E-25  1.041E-15  2.464E-16  7.947E-16
3.532E+02  1.146E-25  1.073E-15  2.539E-16  8.193E-16
3.499E+02  1.192E-25  1.106E-15  2.617E-16  8.445E-16
3.467E+02  1.240E-25  1.140E-15  2.697E-16  8.706E-16
3.436E+02  1.290E-25  1.175E-15  2.780E-16  8.974E-16
3.404E+02  1.342E-25  1.211E-15  2.865E-16  9.250E-16
3.373E+02  1.396E-25  1.249E-15  2.952E-16  9.535E-16
3.342E+02  1.452E-25  1.287E-15  3.042E-16  9.828E-16
3.311E+02  1.510E-25  1.326E-15  3.134E-16  1.013E-15
3.281E+02  1.571E-25  1.367E-15  3.229E-16  1.044E-15
3.251E+02  1.634E-25  1.409E-15  3.326E-16  1.076E-15
3.221E+02  1.699E-25  1.452E-15  3.426E-16  1.109E-15
3.192E+02  1.767E-25  1.496E-15  3.529E-16  1.143E-15
3.162E+02  1.838E-25  1.542E-15  3.635E-16  1.178E-15
3.133E+02  1.911E-25  1.589E-15  3.744E-16  1.214E-15
3.105E+02  1.988E-25  1.637E-15  3.856E-16  1.251E-15
3.076E+02  2.067E-25  1.687E-15  3.971E-16  1.290E-15
3.048E+02  2.149E-25  1.738E-15  4.089E-16  1.329E-15
3.020E+02  2.235E-25  1.790E-15  4.211E-16  1.369E-15
2.992E+02  2.324E-25  1.845E-15  4.335E-16  1.411E-15
2.965E+02  2.416E-25  1.900E-15  4.463E-16  1.454E-15
2.938E+02  2.512E-25  1.957E-15  4.595E-16  1.498E-15
2.911E+02  2.612E-25  2.016E-15  4.730E-16  1.543E-15
2.884E+02  2.715E-25  2.077E-15  4.869E-16  1.590E-15
2.858E+02  2.822E-25  2.139E-15  5.012E-16  1.638E-15
2.831E+02  2.934E-25  2.203E-15  5.158E-16  1.687E-15
2.805E+02  3.049E-25  2.269E-15  5.308E-16  1.738E-15
2.780E+02  3.169E-25  2.337E-15  5.463E-16  1.791E-15
2.754E+02  3.294E-25  2.407E-15  5.621E-16  1.844E-15
2.729E+02  3.424E-25  2.478E-15  5.784E-16  1.900E-15
2.704E+02  3.559E-25  2.552E-15  5.951E-16  1.957E-15
2.679E+02  3.699E-25  2.628E-15  6.122E-16  2.016E-15
2.655E+02  3.844E-25  2.707E-15  6.297E-16  2.077E-15
2.630E+02  3.995E-25  2.787E-15  6.478E-16  2.139E-15
2.606E+02  4.151E-25  2.870E-15  6.663E-16  2.203E-15
2.582E+02  4.314E-25  2.955E-15  6.852E-16  2.269E-15
2.559E+02  4.481E-25  3.041E-15  7.047E-16  2.337E-15
2.535E+02  4.655E-25  3.130E-15  7.246E-16  2.405E-15
2.512E+02  4.833E-25  3.220E-15  7.451E-16  2.475E-15
2.489E+02  5.016E-25  3.311E-15  7.661E-16  2.545E-15
2.466E+02  5.201E-25  3.402E-15  7.876E-16  2.615E-15
2.443E+02  5.392E-25  3.495E-15  8.097E-16  2.685E-15
2.421E+02  5.588E-25  3.589E-15  8.323E-16  2.756E-15
2.399E+02  5.790E-25  3.684E-15  8.554E-16  2.829E-15
2.377E+02  5.995E-25  3.779E-15  8.792E-16  2.900E-15
2.355E+02  6.206E-25  3.877E-15  9.035E-16  2.973E-15
2.333E+02  6.424E-25  3.976E-15  9.284E-16  3.048E-15
2.312E+02  6.649E-25  4.078E-15  9.539E-16  3.124E-15
2.291E+02  6.881E-25  4.181E-15  9.801E-16  3.201E-15
2.270E+02  7.121E-25  4.287E-15  1.007E-15  3.280E-15
2.249E+02  7.367E-25  4.395E-15  1.034E-15  3.361E-15
2.228E+02  7.622E-25  4.506E-15  1.062E-15  3.443E-15
2.208E+02  7.885E-25  4.618E-15  1.091E-15  3.527E-15
2.188E+02  8.155E-25  4.733E-15  1.121E-15  3.612E-15
2.168E+02  8.434E-25  4.850E-15  1.151E-15  3.699E-15
2.148E+02  8.722E-25  4.969E-15  1.181E-15  3.788E-15
2.128E+02  9.018E-25  5.090E-15  1.213E-15  3.878E-15
2.109E+02  9.322E-25  5.214E-15  1.245E-15  3.969E-15
2.089E+02  9.636E-25  5.340E-15  1.278E-15  4.062E-15
2.070E+02  9.959E-25  5.469E-15  1.312E-15  4.157E-15
2.051E+02  1.029E-24  5.599E-15  1.347E-15  4.253E-15
2.032E+02  1.063E-24  5.732E-15  1.382E-15  4.351E-15
2.014E+02  1.099E-24  5.868E-15  1.418E-15  4.450E-15
1.995E+02  1.135E-24  6.005E-15  1.455E-15  4.551E-15
1.977E+02  1.172E-24  6.145E-15  1.492E-15  4.653E-15
1.959E+02  1.210E-24  6.288E-15  1.531E-15  4.757E-15
1.941E+02  1.249E-24  6.432E-15  1.570E-15  4.862E-15
1.923E+02  1.290E-24  6.579E-15  1.611E-15  4.969E-15
1.905E+02  1.331E-24  6.729E-15  1.652E-15  5.077E-15
1.888E+02  1.374E-24  6.881E-15  1.694E-15  5.187E-15
1.871E+02  1.418E-24  7.035E-15  1.736E-15  5.298E-15
1.854E+02  1.463E-24  7.191E-15  1.780E-15  5.411E-15
1.837E+02  1.509E-24  7.350E-15  1.825E-15  5.525E-15
1.820E+02  1.556E-24  7.512E-15  1.871E-15  5.641E-15
1.803E+02  1.605E-24  7.675E-15  1.917E-15  5.758E-15
1.786E+02  1.655E-24  7.841E-15  1.965E-15  5.877E-15
1.770E+02  1.706E-24  8.010E-15  2.013E-15  5.997E-15
1.754E+02  1.758E-24  8.180E-15  2.062E-15  6.118E-15
1.738E+02  1.812E-24  8.353E-15  2.113E-15  6.240E-15
1.722E+02  1.867E-24  8.528E-15  2.164E-15  6.364E-15
1.706E+02  1.924E-24  8.706E-15  2.217E-15  6.489E-15
1.690E+02  1.982E-24  8.885E-15  2.270E-15  6.615E-15
1.675E+02  2.041E-24  9.067E-15  2.325E-15  6.743E-15
1.660E+02  2.102E-24  9.251E-15  2.380E-15  6.871E-15
1.644E+02  2.164E-24  9.438E-15  2.437E-15  7.001E-15
1.629E+02  2.227E-24  9.626E-15  2.495E-15  7.131E-15
1.614E+02  2.292E-24  9.817E-15  2.553E-15  7.263E-15
1.600E+02  2.359E-24  1.001E-14  2.613E-15  7.396E-15
1.585E+02  2.427E-24  1.020E-14  2.674E-15  7.530E-15
1.570E+02  2.497E-24  1.040E-14  2.736E-15  7.664E-15
1.556E+02  2.568E-24  1.060E-14  2.800E-15  7.799E-15
1.542E+02  2.641E-24  1.080E-14  2.864E-15  7.935E-15
1.528E+02  2.715E-24  1.100E-14  2.929E-15  8.072E-15
1.514E+02  2.791E-24  1.121E-14  2.996E-15  8.210E-15
1.500E+02  2.869E-24  1.141E-14  3.064E-15  8.348E-15
1.486E+02  2.948E-24  1.162E-14  3.133E-15  8.486E-15
1.472E+02  3.029E-24  1.183E-14  3.203E-15  8.626E-15
1.459E+02  3.111E-24  1.204E-14  3.274E-15  8.765E-15
1.445E+02  3.195E-24  1.225E-14  3.346E-15  8.905E-15
1.432E+02  3.281E-24  1.247E-14  3.420E-15  9.045E-15
1.419E+02  3.369E-24  1.268E-14  3.495E-15  9.186E-15
1.406E+02  3.458E-24  1.290E-14  3.571E-15  9.326E-15
1.393E+02  3.549E-24  1.311E-14  3.648E-15  9.466E-15
1.380E+02  3.641E-24  1.333E-14  3.726E-15  9.607E-15
1.368E+02  3.735E-24  1.355E-14  3.806E-15  9.747E-15
1.355E+02  3.831E-24  1.377E-14  3.886E-15  9.886E-15
1.343E+02  3.929E-24  1.399E-14  3.968E-15  1.003E-14
1.330E+02  4.028E-24  1.422E-14  4.052E-15  1.016E-14
1.318E+02  4.129E-24  1.444E-14  4.136E-15  1.030E-14
1.306E+02  4.231E-24  1.466E-14  4.222E-15  1.044E-14
1.294E+02  4.335E-24  1.488E-14  4.309E-15  1.057E-14
1.282E+02  4.441E-24  1.511E-14  4.397E-15  1.071E-14
1.271E+02  4.548E-24  1.533E-14  4.486E-15  1.084E-14
1.259E+02  4.657E-24  1.555E-14  4.576E-15  1.098E-14
1.247E+02  4.768E-24  1.578E-14  4.668E-15  1.111E-14
1.236E+02  4.880E-24  1.600E-14  4.761E-15  1.124E-14
1.225E+02  4.994E-24  1.622E-14  4.855E-15  1.137E-14
1.213E+02  5.109E-24  1.644E-14  4.950E-15  1.149E-14
1.202E+02  5.226E-24  1.667E-14  5.047E-15  1.162E-14
1.191E+02  5.344E-24  1.689E-14  5.145E-15  1.174E-14
1.180E+02  5.464E-24  1.711E-14  5.243E-15  1.186E-14
1.169E+02  5.585E-24  1.733E-14  5.343E-15  1.198E-14
1.159E+02  5.707E-24  1.754E-14  5.444E-15  1.210E-14
1.148E+02  5.831E-24  1.776E-14  5.546E-15  1.221E-14
1.138E+02  5.956E-24  1.797E-14  5.649E-15  1.232E-14
1.127E+02  6.082E-24  1.819E-14  5.753E-15  1.243E-14
1.117E+02  6.210E-24  1.840E-14  5.858E-15  1.254E-14
1.107E+02  6.340E-24  1.861E-14  5.964E-15  1.265E-14
1.096E+02  6.470E-24  1.882E-14  6.071E-15  1.275E-14
1.086E+02  6.602E-24  1.903E-14  6.179E-15  1.285E-14
1.076E+02  6.735E-24  1.923E-14  6.288E-15  1.294E-14
1.067E+02  6.869E-24  1.943E-14  6.398E-15  1.304E-14
1.057E+02  7.004E-24  1.963E-14  6.509E-15  1.312E-14
1.047E+02  7.140E-24  1.983E-14  6.620E-15  1.321E-14
1.038E+02  7.277E-24  2.003E-14  6.732E-15  1.329E-14
1.028E+02  7.414E-24  2.022E-14  6.845E-15  1.337E-14
1.019E+02  7.552E-24  2.040E-14  6.959E-15  1.345E-14
1.009E+02  7.691E-24  2.059E-14  7.073E-15  1.352E-14
1.000E+02  7.830E-24  2.077E-14  7.187E-15  1.358E-14
9.908E+01  7.970E-24  2.095E-14  7.303E-15  1.364E-14
9.817E+01  8.110E-24  2.112E-14  7.418E-15  1.370E-14
9.727E+01  8.250E-24  2.129E-14  7.534E-15  1.375E-14
9.638E+01  8.391E-24  2.145E-14  7.651E-15  1.380E-14
9.550E+01  8.532E-24  2.161E-14  7.767E-15  1.385E-14
9.462E+01  8.674E-24  2.177E-14  7.884E-15  1.389E-14
9.376E+01  8.815E-24  2.192E-14  8.001E-15  1.392E-14
9.290E+01  8.956E-24  2.207E-14  8.117E-15  1.395E-14
9.204E+01  9.097E-24  2.221E-14  8.234E-15  1.398E-14
9.120E+01  9.238E-24  2.235E-14  8.351E-15  1.400E-14
9.036E+01  9.378E-24  2.248E-14  8.467E-15  1.401E-14
8.954E+01  9.518E-24  2.261E-14  8.584E-15  1.402E-14
8.872E+01  9.658E-24  2.273E-14  8.700E-15  1.403E-14
8.790E+01  9.797E-24  2.284E-14  8.816E-15  1.403E-14
8.710E+01  9.936E-24  2.295E-14  8.932E-15  1.402E-14
8.630E+01  1.007E-23  2.306E-14  9.047E-15  1.401E-14
8.551E+01  1.021E-23  2.316E-14  9.162E-15  1.400E-14
8.472E+01  1.035E-23  2.325E-14  9.277E-15  1.398E-14
8.395E+01  1.048E-23  2.334E-14  9.392E-15  1.395E-14
8.318E+01  1.062E-23  2.342E-14  9.505E-15  1.392E-14
8.241E+01  1.075E-23  2.350E-14  9.619E-15  1.388E-14
8.166E+01  1.088E-23  2.357E-14  9.731E-15  1.384E-14
8.091E+01  1.101E-23  2.363E-14  9.843E-15  1.379E-14
8.017E+01  1.114E-23  2.369E-14  9.954E-15  1.374E-14
7.943E+01  1.127E-23  2.374E-14  1.006E-14  1.368E-14
7.870E+01  1.139E-23  2.378E-14  1.017E-14  1.361E-14
7.798E+01  1.152E-23  2.382E-14  1.028E-14  1.354E-14
7.727E+01  1.164E-23  2.386E-14  1.039E-14  1.347E-14
7.656E+01  1.176E-23  2.388E-14  1.049E-14  1.339E-14
7.586E+01  1.188E-23  2.390E-14  1.060E-14  1.330E-14
7.516E+01  1.200E-23  2.392E-14  1.070E-14  1.322E-14
7.447E+01  1.211E-23  2.393E-14  1.081E-14  1.312E-14
7.379E+01  1.222E-23  2.393E-14  1.091E-14  1.302E-14
7.311E+01  1.233E-23  2.392E-14  1.101E-14  1.291E-14
7.244E+01  1.244E-23  2.391E-14  1.110E-14  1.280E-14
7.178E+01  1.255E-23  2.389E-14  1.120E-14  1.269E-14
7.112E+01  1.265E-23  2.386E-14  1.129E-14  1.257E-14
7.047E+01  1.275E-23  2.383E-14  1.139E-14  1.245E-14
6.982E+01  1.285E-23  2.380E-14  1.148E-14  1.232E-14
6.918E+01  1.295E-23  2.376E-14  1.157E-14  1.219E-14
6.855E+01  1.304E-23  2.371E-14  1.166E-14  1.205E-14
6.792E+01  1.313E-23  2.365E-14  1.174E-14  1.191E-14
6.730E+01  1.322E-23  2.359E-14  1.182E-14  1.177E-14
6.668E+01  1.330E-23  2.353E-14  1.191E-14  1.162E-14
6.607E+01  1.338E-23  2.346E-14  1.199E-14  1.147E-14
6.546E+01  1.346E-23  2.338E-14  1.206E-14  1.132E-14
6.486E+01  1.354E-23  2.330E-14  1.214E-14  1.116E-14
6.427E+01  1.361E-23  2.321E-14  1.221E-14  1.100E-14
6.368E+01  1.368E-23  2.311E-14  1.228E-14  1.083E-14
6.310E+01  1.375E-23  2.302E-14  1.235E-14  1.067E-14
6.252E+01  1.382E-23  2.291E-14  1.242E-14  1.050E-14
6.194E+01  1.388E-23  2.281E-14  1.248E-14  1.033E-14
6.138E+01  1.394E-23  2.270E-14  1.254E-14  1.016E-14
6.081E+01  1.400E-23  2.258E-14  1.260E-14  9.981E-15
6.026E+01  1.405E-23  2.246E-14  1.266E-14  9.804E-15
5.970E+01  1.410E-23  2.234E-14  1.271E-14  9.625E-15
5.916E+01  1.415E-23  2.221E-14  1.276E-14  9.444E-15
5.861E+01  1.420E-23  2.207E-14  1.281E-14  9.261E-15
5.808E+01  1.424E-23  2.194E-14  1.286E-14  9.077E-15
5.754E+01  1.428E-23  2.179E-14  1.290E-14  8.892E-15
5.702E+01  1.431E-23  2.165E-14  1.294E-14  8.706E-15
5.649E+01  1.435E-23  2.150E-14  1.298E-14  8.520E-15
5.598E+01  1.438E-23  2.135E-14  1.302E-14  8.334E-15
5.546E+01  1.441E-23  2.120E-14  1.305E-14  8.149E-15
5.495E+01  1.443E-23  2.104E-14  1.308E-14  7.963E-15
5.445E+01  1.446E-23  2.088E-14  1.310E-14  7.778E-15
5.395E+01  1.448E-23  2.072E-14  1.313E-14  7.594E-15
5.346E+01  1.450E-23  2.056E-14  1.315E-14  7.410E-15
5.297E+01  1.451E-23  2.039E-14  1.317E-14  7.226E-15
5.248E+01  1.453E-23  2.022E-14  1.318E-14  7.043E-15
5.200E+01  1.454E-23  2.005E-14  1.319E-14  6.862E-15
5.152E+01  1.455E-23  1.988E-14  1.320E-14  6.681E-15
5.105E+01  1.455E-23  1.971E-14  1.321E-14  6.501E-15
5.058E+01  1.456E-23  1.953E-14  1.321E-14  6.323E-15
5.012E+01  1.456E-23  1.935E-14  1.321E-14  6.146E-15
4.966E+01  1.455E-23  1.917E-14  1.320E-14  5.971E-15
4.920E+01  1.455E-23  1.899E-14  1.319E-14  5.798E-15
4.875E+01  1.454E-23  1.881E-14  1.318E-14  5.627E-15
4.831E+01  1.453E-23  1.862E-14  1.317E-14  5.458E-15
4.786E+01  1.452E-23  1.844E-14  1.315E-14  5.292E-15
4.742E+01  1.451E-23  1.825E-14  1.312E-14  5.128E-15
4.699E+01  1.449E-23  1.806E-14  1.310E-14  4.966E-15
4.656E+01  1.447E-23  1.787E-14  1.307E-14  4.808E-15
4.613E+01  1.445E-23  1.768E-14  1.303E-14  4.652E-15
4.571E+01  1.443E-23  1.749E-14  1.299E-14  4.499E-15
4.529E+01  1.440E-23  1.730E-14  1.295E-14  4.349E-15
4.487E+01  1.437E-23  1.710E-14  1.290E-14  4.203E-15
4.446E+01  1.433E-23  1.691E-14  1.285E-14  4.059E-15
4.406E+01  1.430E-23  1.671E-14  1.279E-14  3.919E-15
4.365E+01  1.426E-23  1.651E-14  1.273E-14  3.782E-15
4.325E+01  1.421E-23  1.631E-14  1.266E-14  3.647E-15
4.285E+01  1.417E-23  1.610E-14  1.259E-14  3.516E-15
4.246E+01  1.411E-23  1.590E-14  1.251E-14  3.388E-15
4.207E+01  1.406E-23  1.569E-14  1.242E-14  3.263E-15
4.169E+01  1.400E-23  1.548E-14  1.233E-14  3.142E-15
4.130E+01  1.393E-23  1.526E-14  1.224E-14  3.024E-15
4.093E+01  1.386E-23  1.505E-14  1.214E-14  2.908E-15
4.055E+01  1.378E-23  1.483E-14  1.203E-14  2.796E-15
4.018E+01  1.370E-23  1.460E-14  1.192E-14  2.686E-15
3.981E+01  1.361E-23  1.438E-14  1.180E-14  2.581E-15
3.945E+01  1.352E-23  1.415E-14  1.167E-14  2.478E-15
3.908E+01  1.342E-23  1.391E-14  1.154E-14  2.378E-15
3.873E+01  1.332E-23  1.368E-14  1.140E-14  2.282E-15
3.837E+01  1.320E-23  1.344E-14  1.125E-14  2.189E-15
3.802E+01  1.308E-23  1.319E-14  1.110E-14  2.098E-15
3.767E+01  1.296E-23  1.295E-14  1.094E-14  2.011E-15
3.733E+01  1.282E-23  1.270E-14  1.077E-14  1.926E-15
3.698E+01  1.268E-23  1.244E-14  1.060E-14  1.843E-15
3.664E+01  1.253E-23  1.218E-14  1.042E-14  1.764E-15
3.631E+01  1.238E-23  1.192E-14  1.023E-14  1.688E-15
3.597E+01  1.221E-23  1.166E-14  1.004E-14  1.614E-15
3.565E+01  1.204E-23  1.139E-14  9.844E-15  1.544E-15
3.532E+01  1.187E-23  1.112E-14  9.642E-15  1.477E-15
3.499E+01  1.168E-23  1.085E-14  9.435E-15  1.412E-15
3.467E+01  1.150E-23  1.057E-14  9.223E-15  1.350E-15
3.436E+01  1.130E-23  1.030E-14  9.008E-15  1.290E-15
3.404E+01  1.110E-23  1.002E-14  8.790E-15  1.234E-15
3.373E+01  1.090E-23  9.748E-15  8.569E-15  1.179E-15
3.342E+01  1.069E-23  9.473E-15  8.346E-15  1.127E-15
3.311E+01  1.047E-23  9.200E-15  8.122E-15  1.078E-15
3.281E+01  1.026E-23  8.928E-15  7.897E-15  1.031E-15
3.251E+01  1.004E-23  8.658E-15  7.672E-15  9.857E-16
3.221E+01  9.820E-24  8.390E-15  7.448E-15  9.427E-16
3.192E+01  9.599E-24  8.126E-15  7.225E-15  9.015E-16
3.162E+01  9.378E-24  7.866E-15  7.004E-15  8.622E-16
3.133E+01  9.157E-24  7.611E-15  6.786E-15  8.247E-16
3.105E+01  8.937E-24  7.360E-15  6.571E-15  7.888E-16
3.076E+01  8.719E-24  7.114E-15  6.360E-15  7.546E-16
3.048E+01  8.503E-24  6.875E-15  6.153E-15  7.220E-16
3.020E+01  8.291E-24  6.642E-15  5.951E-15  6.908E-16
2.992E+01  8.082E-24  6.415E-15  5.754E-15  6.610E-16
2.965E+01  7.876E-24  6.194E-15  5.562E-15  6.324E-16
2.938E+01  7.675E-24  5.981E-15  5.376E-15  6.050E-16
2.911E+01  7.479E-24  5.775E-15  5.196E-15  5.789E-16
2.884E+01  7.288E-24  5.575E-15  5.022E-15  5.540E-16
2.858E+01  7.102E-24  5.384E-15  4.853E-15  5.302E-16
2.831E+01  6.922E-24  5.199E-15  4.691E-15  5.075E-16
2.805E+01  6.748E-24  5.022E-15  4.536E-15  4.858E-16
2.780E+01  6.579E-24  4.851E-15  4.386E-15  4.651E-16
2.754E+01  6.416E-24  4.688E-15  4.242E-15  4.454E-16
2.729E+01  6.259E-24  4.531E-15  4.104E-15  4.266E-16
2.704E+01  6.108E-24  4.381E-15  3.972E-15  4.086E-16
2.679E+01  5.962E-24  4.237E-15  3.846E-15  3.914E-16
2.655E+01  5.822E-24  4.099E-15  3.724E-15  3.750E-16
2.630E+01  5.687E-24  3.968E-15  3.608E-15  3.594E-16
2.606E+01  5.557E-24  3.842E-15  3.497E-15  3.444E-16
2.582E+01  5.432E-24  3.721E-15  3.391E-15  3.301E-16
2.559E+01  5.312E-24  3.605E-15  3.289E-15  3.164E-16
2.535E+01  5.197E-24  3.495E-15  3.191E-15  3.033E-16
2.512E+01  5.086E-24  3.389E-15  3.098E-15  2.908E-16
2.489E+01  4.978E-24  3.287E-15  3.008E-15  2.787E-16
2.466E+01  4.875E-24  3.189E-15  2.922E-15  2.672E-16
2.443E+01  4.775E-24  3.095E-15  2.839E-15  2.561E-16
2.421E+01  4.679E-24  3.005E-15  2.759E-15  2.454E-16
2.399E+01  4.585E-24  2.918E-15  2.683E-15  2.349E-16
2.377E+01  4.495E-24  2.834E-15  2.609E-15  2.251E-16
2.355E+01  4.407E-24  2.753E-15  2.537E-15  2.159E-16
2.333E+01  4.322E-24  2.675E-15  2.469E-15  2.069E-16
2.312E+01  4.239E-24  2.600E-15  2.402E-15  1.980E-16
2.291E+01  4.159E-24  2.527E-15  2.338E-15  1.895E-16
2.270E+01  4.081E-24  2.457E-15  2.275E-15  1.818E-16
2.249E+01  4.005E-24  2.389E-15  2.215E-15  1.745E-16
2.228E+01  3.931E-24  2.324E-15  2.156E-15  1.676E-16
2.208E+01  3.859E-24  2.260E-15  2.099E-15  1.609E-16
2.188E+01  3.788E-24  2.198E-15  2.044E-15  1.541E-16
2.168E+01  3.717E-24  2.138E-15  1.990E-15  1.475E-16
2.148E+01  3.648E-24  2.079E-15  1.937E-15  1.411E-16
2.128E+01  3.581E-24  2.021E-15  1.886E-15  1.351E-16
2.109E+01  3.515E-24  1.966E-15  1.836E-15  1.296E-16
2.089E+01  3.450E-24  1.912E-15  1.788E-15  1.241E-16
2.070E+01  3.386E-24  1.859E-15  1.740E-15  1.187E-16
2.051E+01  3.322E-24  1.808E-15  1.694E-15  1.135E-16
2.032E+01  3.261E-24  1.758E-15  1.649E-15  1.086E-16
2.014E+01  3.201E-24  1.710E-15  1.606E-15  1.043E-16
1.995E+01  3.144E-24  1.664E-15  1.564E-15  1.000E-16
1.977E+01  3.089E-24  1.620E-15  1.524E-15  9.580E-17
1.959E+01  3.038E-24  1.579E-15  1.487E-15  9.157E-17
1.941E+01  2.997E-24  1.543E-15  1.455E-15  8.733E-17
1.923E+01  2.980E-24  1.520E-15  1.437E-15  8.305E-17
1.905E+01  3.038E-24  1.536E-15  1.457E-15  7.877E-17
1.888E+01  3.068E-24  1.536E-15  1.462E-15  7.449E-17
1.871E+01  2.866E-24  1.422E-15  1.352E-15  7.022E-17
1.854E+01  2.761E-24  1.357E-15  1.291E-15  6.598E-17
1.837E+01  2.710E-24  1.320E-15  1.258E-15  6.181E-17
1.820E+01  2.692E-24  1.299E-15  1.241E-15  5.770E-17
1.803E+01  2.726E-24  1.304E-15  1.250E-15  5.373E-17
1.786E+01  2.826E-24  1.339E-15  1.289E-15  4.988E-17
1.770E+01  2.779E-24  1.305E-15  1.259E-15  4.615E-17
1.754E+01  2.868E-24  1.334E-15  1.292E-15  4.254E-17
1.738E+01  3.163E-24  1.458E-15  1.419E-15  3.910E-17
1.722E+01  3.028E-24  1.383E-15  1.347E-15  3.584E-17
1.706E+01  2.956E-24  1.338E-15  1.305E-15  3.280E-17
1.690E+01  2.796E-24  1.254E-15  1.224E-15  2.996E-17
1.675E+01  2.593E-24  1.152E-15  1.125E-15  2.730E-17
1.660E+01  2.547E-24  1.121E-15  1.097E-15  2.480E-17
1.644E+01  2.837E-24  1.237E-15  1.215E-15  2.248E-17
1.629E+01  2.122E-24  9.170E-16  8.966E-16  2.034E-17
1.614E+01  1.805E-24  7.728E-16  7.544E-16  1.839E-17
1.600E+01  1.659E-24  7.039E-16  6.873E-16  1.661E-17
1.585E+01  1.550E-24  6.515E-16  6.365E-16  1.499E-17
1.570E+01  1.438E-24  5.990E-16  5.855E-16  1.351E-17
1.556E+01  1.350E-24  5.574E-16  5.452E-16  1.217E-17
1.542E+01  1.277E-24  5.220E-16  5.111E-16  1.096E-17
1.528E+01  1.211E-24  4.906E-16  4.807E-16  9.872E-18
1.514E+01  1.151E-24  4.621E-16  4.532E-16  8.888E-18
1.500E+01  1.097E-24  4.362E-16  4.282E-16  8.011E-18
1.486E+01  1.047E-24  4.129E-16  4.057E-16  7.214E-18
1.472E+01  1.005E-24  3.923E-16  3.858E-16  6.494E-18
1.459E+01  9.707E-25  3.756E-16  3.698E-16  5.848E-18
1.445E+01  9.533E-25  3.655E-16  3.602E-16  5.288E-18
1.432E+01  9.681E-25  3.678E-16  3.630E-16  4.803E-18
1.419E+01  9.868E-25  3.714E-16  3.671E-16  4.393E-18
1.406E+01  9.084E-25  3.388E-16  3.347E-16  4.050E-18
1.393E+01  8.514E-25  3.146E-16  3.109E-16  3.771E-18
1.380E+01  8.442E-25  3.091E-16  3.056E-16  3.540E-18
1.368E+01  8.771E-25  3.182E-16  3.148E-16  3.353E-18
1.355E+01  9.232E-25  3.319E-16  3.287E-16  3.192E-18
1.343E+01  9.000E-25  3.206E-16  3.175E-16  3.048E-18
1.330E+01  8.113E-25  2.863E-16  2.834E-16  2.910E-18
1.318E+01  7.494E-25  2.621E-16  2.593E-16  2.781E-18
1.306E+01  7.414E-25  2.569E-16  2.542E-16  2.652E-18
1.294E+01  7.900E-25  2.712E-16  2.687E-16  2.531E-18
1.282E+01  9.010E-25  3.065E-16  3.040E-16  2.421E-18
1.271E+01  1.036E-24  3.492E-16  3.469E-16  2.317E-18
1.259E+01  1.037E-24  3.464E-16  3.442E-16  2.215E-18
1.247E+01  8.658E-25  2.865E-16  2.844E-16  2.115E-18
1.236E+01  7.059E-25  2.314E-16  2.294E-16  2.015E-18
1.225E+01  6.301E-25  2.047E-16  2.028E-16  1.914E-18
1.213E+01  6.192E-25  1.993E-16  1.975E-16  1.821E-18
1.202E+01  6.184E-25  1.972E-16  1.955E-16  1.736E-18
1.191E+01  5.648E-25  1.785E-16  1.768E-16  1.653E-18
1.180E+01  4.891E-25  1.531E-16  1.516E-16  1.571E-18
1.169E+01  4.522E-25  1.403E-16  1.388E-16  1.490E-18
1.159E+01  4.790E-25  1.472E-16  1.458E-16  1.405E-18
1.148E+01  5.951E-25  1.812E-16  1.799E-16  1.323E-18
1.138E+01  7.859E-25  2.372E-16  2.359E-16  1.248E-18
1.127E+01  9.697E-25  2.899E-16  2.888E-16  1.176E-18
1.117E+01  6.532E-25  1.935E-16  1.924E-16  1.110E-18
1.107E+01  3.331E-25  9.778E-17  9.673E-17  1.046E-18
1.096E+01  2.260E-25  6.573E-17  6.474E-17  9.828E-19
1.086E+01  1.751E-25  5.047E-17  4.955E-17  9.236E-19
1.076E+01  1.465E-25  4.183E-17  4.096E-17  8.700E-19
1.067E+01  1.279E-25  3.619E-17  3.537E-17  8.210E-19
1.057E+01  1.124E-25  3.151E-17  3.073E-17  7.756E-19
1.047E+01  1.010E-25  2.806E-17  2.733E-17  7.301E-19
1.038E+01  9.234E-26  2.541E-17  2.473E-17  6.818E-19
1.028E+01  8.533E-26  2.327E-17  2.264E-17  6.307E-19
1.019E+01  7.950E-26  2.148E-17  2.090E-17  5.788E-19
1.009E+01  7.458E-26  1.997E-17  1.944E-17  5.289E-19
1.000E+01  7.039E-26  1.867E-17  1.819E-17  4.826E-19
9.908E+00  6.684E-26  1.757E-17  1.713E-17  4.408E-19
9.817E+00  6.382E-26  1.662E-17  1.622E-17  4.027E-19
9.727E+00  6.130E-26  1.582E-17  1.545E-17  3.677E-19
9.638E+00  5.924E-26  1.515E-17  1.481E-17  3.350E-19
9.550E+00  5.764E-26  1.460E-17  1.430E-17  3.029E-19
9.462E+00  5.650E-26  1.418E-17  1.391E-17  2.708E-19
9.376E+00  5.587E-26  1.389E-17  1.365E-17  2.388E-19
9.290E+00  5.583E-26  1.376E-17  1.355E-17  2.073E-19
9.204E+00  5.655E-26  1.381E-17  1.363E-17  1.770E-19
9.120E+00  5.828E-26  1.410E-17  1.395E-17  1.487E-19
9.036E+00  6.147E-26  1.474E-17  1.461E-17  1.233E-19
8.954E+00  6.695E-26  1.590E-17  1.580E-17  1.013E-19
8.872E+00  7.619E-26  1.793E-17  1.785E-17  8.286E-20
8.790E+00  9.154E-26  2.134E-17  2.128E-17  6.771E-20
8.710E+00  1.140E-25  2.634E-17  2.628E-17  5.544E-20
8.630E+00  1.309E-25  2.997E-17  2.993E-17  4.556E-20
8.551E+00  1.194E-25  2.708E-17  2.704E-17  3.756E-20
8.472E+00  9.709E-26  2.182E-17  2.179E-17  3.091E-20
8.395E+00  8.428E-26  1.877E-17  1.874E-17  2.520E-20
8.318E+00  7.910E-26  1.745E-17  1.743E-17  2.021E-20
8.241E+00  7.805E-26  1.706E-17  1.705E-17  1.588E-20
8.166E+00  8.157E-26  1.767E-17  1.766E-17  1.219E-20
8.091E+00  9.082E-26  1.949E-17  1.948E-17  9.285E-21
8.017E+00  1.060E-25  2.254E-17  2.253E-17  7.014E-21
7.943E+00  1.242E-25  2.616E-17  2.616E-17  5.280E-21
7.870E+00  1.356E-25  2.832E-17  2.832E-17  3.962E-21
7.798E+00  1.319E-25  2.729E-17  2.728E-17  2.970E-21
7.727E+00  1.221E-25  2.503E-17  2.503E-17  2.237E-21
7.656E+00  1.159E-25  2.353E-17  2.353E-17  1.698E-21
7.586E+00  1.036E-25  2.084E-17  2.084E-17  1.301E-21
7.516E+00  7.966E-26  1.588E-17  1.588E-17  1.015E-21
7.447E+00  5.721E-26  1.130E-17  1.130E-17  8.075E-22
7.379E+00  4.177E-26  8.177E-18  8.176E-18  6.525E-22
7.311E+00  3.150E-26  6.109E-18  6.108E-18  5.374E-22
7.244E+00  2.431E-26  4.671E-18  4.671E-18  4.474E-22
7.178E+00  1.908E-26  3.632E-18  3.632E-18  3.749E-22
7.112E+00  1.522E-26  2.871E-18  2.871E-18  3.173E-22
7.047E+00  1.239E-26  2.317E-18  2.317E-18  2.700E-22
6.982E+00  1.037E-26  1.921E-18  1.921E-18  2.298E-22
6.918E+00  8.976E-27  1.647E-18  1.647E-18  1.959E-22
6.855E+00  8.050E-27  1.464E-18  1.464E-18  1.670E-22
6.792E+00  7.411E-27  1.335E-18  1.335E-18  1.422E-22
6.730E+00  6.824E-27  1.218E-18  1.218E-18  1.210E-22
6.668E+00  6.098E-27  1.079E-18  1.078E-18  1.028E-22
6.607E+00  5.280E-27  9.254E-19  9.253E-19  8.716E-23
6.546E+00  4.601E-27  7.989E-19  7.988E-19  7.380E-23
6.486E+00  4.254E-27  7.319E-19  7.318E-19  6.237E-23
6.427E+00  4.383E-27  7.471E-19  7.471E-19  5.262E-23
6.368E+00  5.231E-27  8.836E-19  8.835E-19  4.431E-23
6.310E+00  7.296E-27  1.221E-18  1.221E-18  3.723E-23
6.252E+00  1.034E-26  1.714E-18  1.714E-18  3.122E-23
6.194E+00  9.442E-27  1.552E-18  1.551E-18  2.613E-23
6.138E+00  5.251E-27  8.548E-19  8.548E-19  2.181E-23
6.081E+00  2.768E-27  4.465E-19  4.464E-19  1.818E-23
6.026E+00  1.623E-27  2.594E-19  2.594E-19  1.513E-23
5.970E+00  1.064E-27  1.685E-19  1.684E-19  1.257E-23
5.916E+00  7.704E-28  1.209E-19  1.209E-19  1.044E-23
5.861E+00  6.180E-28  9.608E-20  9.607E-20  8.652E-24
5.808E+00  5.596E-28  8.620E-20  8.620E-20  7.163E-24
5.754E+00  5.701E-28  8.702E-20  8.701E-20  5.923E-24
5.702E+00  5.537E-28  8.374E-20  8.374E-20  4.892E-24
5.649E+00  4.100E-28  6.144E-20  6.143E-20  4.035E-24
5.598E+00  2.688E-28  3.992E-20  3.992E-20  3.324E-24
5.546E+00  1.865E-28  2.744E-20  2.743E-20  2.734E-24
5.495E+00  1.411E-28  2.056E-20  2.056E-20  2.247E-24
5.445E+00  1.160E-28  1.676E-20  1.676E-20  1.844E-24
5.395E+00  1.048E-28  1.500E-20  1.499E-20  1.511E-24
5.346E+00  1.058E-28  1.501E-20  1.500E-20  1.236E-24
5.297E+00  1.125E-28  1.581E-20  1.581E-20  1.010E-24
5.248E+00  9.720E-29  1.353E-20  1.353E-20  8.244E-25
5.200E+00  6.517E-29  8.989E-21  8.988E-21  6.718E-25
5.152E+00  4.325E-29  5.911E-21  5.910E-21  5.466E-25
5.105E+00  3.087E-29  4.180E-21  4.180E-21  4.441E-25
5.058E+00  2.337E-29  3.136E-21  3.136E-21  3.603E-25
5.012E+00  1.837E-29  2.442E-21  2.442E-21  2.919E-25
4.966E+00  1.478E-29  1.947E-21  1.947E-21  2.361E-25
4.920E+00  1.207E-29  1.576E-21  1.576E-21  1.907E-25
4.875E+00  9.962E-30  1.288E-21  1.288E-21  1.537E-25
4.831E+00  8.277E-30  1.061E-21  1.060E-21  1.237E-25
4.786E+00  6.912E-30  8.775E-22  8.774E-22  9.940E-26
4.742E+00  5.794E-30  7.288E-22  7.288E-22  7.973E-26
4.699E+00  4.870E-30  6.071E-22  6.070E-22  6.384E-26
4.656E+00  4.103E-30  5.067E-22  5.067E-22  5.102E-26
4.613E+00  3.462E-30  4.237E-22  4.236E-22  4.071E-26
4.571E+00  2.925E-30  3.547E-22  3.546E-22  3.241E-26
4.529E+00  2.474E-30  2.972E-22  2.972E-22  2.576E-26
4.487E+00  2.094E-30  2.493E-22  2.492E-22  2.044E-26
4.446E+00  1.773E-30  2.091E-22  2.091E-22  1.618E-26
4.406E+00  1.502E-30  1.756E-22  1.755E-22  1.279E-26
4.365E+00  1.273E-30  1.474E-22  1.474E-22  1.009E-26
4.325E+00  1.079E-30  1.238E-22  1.238E-22  7.945E-27
4.285E+00  9.143E-31  1.039E-22  1.039E-22  6.243E-27
4.246E+00  7.748E-31  8.727E-23  8.727E-23  4.895E-27
4.207E+00  6.565E-31  7.327E-23  7.327E-23  3.831E-27
4.169E+00  5.562E-31  6.150E-23  6.150E-23  2.992E-27
4.130E+00  4.710E-31  5.161E-23  5.160E-23  2.331E-27
4.093E+00  3.988E-31  4.329E-23  4.329E-23  1.812E-27
4.055E+00  3.375E-31  3.630E-23  3.630E-23  1.405E-27
4.018E+00  2.855E-31  3.042E-23  3.042E-23  1.087E-27
3.981E+00  2.414E-31  2.549E-23  2.549E-23  8.397E-28
3.945E+00  2.040E-31  2.135E-23  2.135E-23  6.470E-28
3.908E+00  1.724E-31  1.787E-23  1.787E-23  4.975E-28
3.873E+00  1.456E-31  1.496E-23  1.496E-23  3.816E-28
3.837E+00  1.230E-31  1.251E-23  1.251E-23  2.922E-28
3.802E+00  1.038E-31  1.047E-23  1.047E-23  2.233E-28
3.767E+00  8.764E-32  8.757E-24  8.757E-24  1.703E-28
3.733E+00  7.400E-32  7.327E-24  7.327E-24  1.296E-28
3.698E+00  6.252E-32  6.133E-24  6.133E-24  9.837E-29
3.664E+00  5.287E-32  5.139E-24  5.139E-24  7.453E-29
3.631E+00  4.478E-32  4.313E-24  4.313E-24  5.635E-29
3.597E+00  3.804E-32  3.630E-24  3.630E-24  4.252E-29
3.565E+00  3.246E-32  3.069E-24  3.069E-24  3.201E-29
3.532E+00  2.790E-32  2.614E-24  2.614E-24  2.405E-29
3.499E+00  2.428E-32  2.254E-24  2.253E-24  1.803E-29
3.467E+00  2.157E-32  1.984E-24  1.984E-24  1.349E-29
3.436E+00  1.990E-32  1.813E-24  1.813E-24  1.007E-29
3.404E+00  1.974E-32  1.782E-24  1.782E-24  7.506E-30
3.373E+00  2.273E-32  2.034E-24  2.034E-24  5.581E-30
3.342E+00  3.630E-32  3.218E-24  3.218E-24  4.142E-30
3.311E+00  1.019E-31  8.954E-24  8.954E-24  3.067E-30
3.281E+00  5.896E-32  5.131E-24  5.131E-24  2.267E-30
3.251E+00  1.609E-32  1.388E-24  1.388E-24  1.671E-30
3.221E+00  7.641E-33  6.529E-25  6.529E-25  1.230E-30
3.192E+00  4.756E-33  4.026E-25  4.026E-25  9.031E-31
3.162E+00  3.352E-33  2.811E-25  2.811E-25  6.621E-31
3.133E+00  2.511E-33  2.087E-25  2.087E-25  4.846E-31
3.105E+00  1.941E-33  1.599E-25  1.599E-25  3.541E-31
3.076E+00  1.528E-33  1.247E-25  1.247E-25  2.584E-31
3.048E+00  1.215E-33  9.821E-26  9.821E-26  1.883E-31
3.020E+00  9.715E-34  7.782E-26  7.782E-26  1.370E-31
2.992E+00  7.795E-34  6.187E-26  6.187E-26  9.951E-32
2.965E+00  6.266E-34  4.928E-26  4.928E-26  7.216E-32
2.938E+00  5.042E-34  3.929E-26  3.929E-26  5.224E-32
2.911E+00  4.057E-34  3.132E-26  3.132E-26  3.776E-32
2.884E+00  3.264E-34  2.497E-26  2.497E-26  2.726E-32
2.858E+00  2.624E-34  1.989E-26  1.989E-26  1.964E-32
2.831E+00  2.108E-34  1.583E-26  1.583E-26  1.414E-32
2.805E+00  1.691E-34  1.259E-26  1.259E-26  1.016E-32
2.780E+00  1.356E-34  9.995E-27  9.995E-27  7.287E-33
2.754E+00  1.085E-34  7.928E-27  7.928E-27  5.220E-33
2.729E+00  8.675E-35  6.280E-27  6.280E-27  3.734E-33
2.704E+00  6.925E-35  4.967E-27  4.967E-27  2.667E-33
2.679E+00  5.520E-35  3.923E-27  3.923E-27  1.901E-33
2.655E+00  4.393E-35  3.094E-27  3.094E-27  1.354E-33
2.630E+00  3.491E-35  2.436E-27  2.436E-27  9.623E-34
2.606E+00  2.770E-35  1.915E-27  1.915E-27  6.829E-34
2.582E+00  2.194E-35  1.503E-27  1.503E-27  4.839E-34
2.559E+00  1.735E-35  1.177E-27  1.177E-27  3.422E-34
2.535E+00  1.369E-35  9.209E-28  9.209E-28  2.417E-34
2.512E+00  1.079E-35  7.191E-28  7.191E-28  1.703E-34
2.489E+00  8.490E-36  5.605E-28  5.605E-28  1.198E-34
2.466E+00  6.666E-36  4.361E-28  4.361E-28  8.416E-35
2.443E+00  5.225E-36  3.386E-28  3.386E-28  5.899E-35
2.421E+00  4.088E-36  2.625E-28  2.625E-28  4.127E-35
2.399E+00  3.192E-36  2.031E-28  2.031E-28  2.880E-35
2.377E+00  2.489E-36  1.569E-28  1.569E-28  2.006E-35
2.355E+00  1.936E-36  1.210E-28  1.210E-28  1.394E-35
2.333E+00  1.504E-36  9.307E-29  9.307E-29  9.665E-36
2.312E+00  1.165E-36  7.147E-29  7.147E-29  6.685E-36
2.291E+00  9.013E-37  5.477E-29  5.477E-29  4.612E-36
2.270E+00  6.955E-37  4.188E-29  4.188E-29  3.174E-36
2.249E+00  5.355E-37  3.195E-29  3.195E-29  2.179E-36
2.228E+00  4.113E-37  2.432E-29  2.432E-29  1.492E-36
2.208E+00  3.151E-37  1.846E-29  1.846E-29  1.018E-36
2.188E+00  2.408E-37  1.397E-29  1.397E-29  6.933E-37
2.168E+00  1.834E-37  1.054E-29  1.054E-29  4.707E-37
2.148E+00  1.392E-37  7.929E-30  7.929E-30  3.187E-37
2.128E+00  1.052E-37  5.939E-30  5.939E-30  2.151E-37
2.109E+00  7.917E-38  4.428E-30  4.428E-30  1.447E-37
2.089E+00  5.925E-38  3.284E-30  3.284E-30  9.710E-38
2.070E+00  4.404E-38  2.418E-30  2.418E-30  6.494E-38
2.051E+00  3.246E-38  1.766E-30  1.766E-30  4.328E-38
2.032E+00  2.367E-38  1.276E-30  1.276E-30  2.876E-38
2.014E+00  1.702E-38  9.091E-31  9.091E-31  1.904E-38
1.995E+00  1.202E-38  6.362E-31  6.362E-31  1.257E-38
1.977E+00  8.311E-39  4.358E-31  4.358E-31  8.265E-39
1.959E+00  5.624E-39  2.922E-31  2.922E-31  5.417E-39
1.941E+00  3.770E-39  1.941E-31  1.941E-31  3.537E-39
1.923E+00  2.595E-39  1.324E-31  1.324E-31  2.302E-39
1.905E+00  1.927E-39  9.738E-32  9.738E-32  1.492E-39
1.888E+00  1.566E-39  7.843E-32  7.843E-32  9.640E-40
1.871E+00  1.336E-39  6.630E-32  6.630E-32  6.204E-40
1.854E+00  1.138E-39  5.594E-32  5.594E-32  3.978E-40
1.837E+00  9.449E-40  4.603E-32  4.603E-32  2.541E-40
1.820E+00  7.630E-40  3.683E-32  3.683E-32  1.617E-40
1.803E+00  6.019E-40  2.879E-32  2.879E-32  1.025E-40
1.786E+00  4.664E-40  2.210E-32  2.210E-32  6.468E-41
1.770E+00  3.567E-40  1.675E-32  1.675E-32  4.067E-41
1.754E+00  2.701E-40  1.257E-32  1.257E-32  2.548E-41
1.738E+00  2.030E-40  9.358E-33  9.358E-33  1.590E-41
1.722E+00  1.517E-40  6.928E-33  6.928E-33  9.876E-42
1.706E+00  1.128E-40  5.105E-33  5.105E-33  6.111E-42
1.690E+00  8.357E-41  3.748E-33  3.748E-33  3.766E-42
1.675E+00  6.171E-41  2.742E-33  2.742E-33  2.311E-42
1.660E+00  4.544E-41  2.000E-33  2.000E-33  1.412E-42
1.644E+00  3.338E-41  1.456E-33  1.456E-33  8.589E-43
1.629E+00  2.446E-41  1.057E-33  1.057E-33  5.202E-43
1.614E+00  1.789E-41  7.662E-34  7.662E-34  3.137E-43
1.600E+00  1.306E-41  5.543E-34  5.543E-34  1.883E-43
1.585E+00  9.524E-42  4.004E-34  4.004E-34  1.126E-43
1.570E+00  6.933E-42  2.888E-34  2.888E-34  6.698E-44
1.556E+00  5.042E-42  2.081E-34  2.081E-34  3.967E-44
1.542E+00  3.662E-42  1.498E-34  1.498E-34  2.339E-44
1.528E+00  2.659E-42  1.077E-34  1.077E-34  1.373E-44
1.514E+00  1.929E-42  7.744E-35  7.744E-35  8.017E-45
1.500E+00  1.399E-42  5.565E-35  5.565E-35  4.661E-45
1.486E+00  1.015E-42  4.000E-35  4.000E-35  2.697E-45
1.472E+00  7.363E-43  2.876E-35  2.876E-35  1.553E-45
1.459E+00  5.347E-43  2.069E-35  2.069E-35  8.900E-46
1.445E+00  3.887E-43  1.490E-35  1.490E-35  5.076E-46
1.432E+00  2.830E-43  1.075E-35  1.075E-35  2.881E-46
1.419E+00  2.065E-43  7.774E-36  7.774E-36  1.627E-46
1.406E+00  1.511E-43  5.635E-36  5.635E-36  9.147E-47
1.393E+00  1.109E-43  4.098E-36  4.098E-36  5.115E-47
1.380E+00  8.171E-44  2.992E-36  2.992E-36  2.846E-47
1.368E+00  6.045E-44  2.193E-36  2.193E-36  1.576E-47
1.355E+00  4.491E-44  1.614E-36  1.614E-36  8.678E-48
1.343E+00  3.349E-44  1.193E-36  1.193E-36  4.755E-48
1.330E+00  2.504E-44  8.835E-37  8.835E-37  2.592E-48
1.318E+00  1.871E-44  6.541E-37  6.541E-37  1.406E-48
1.306E+00  1.390E-44  4.816E-37  4.816E-37  7.583E-49
1.294E+00  1.019E-44  3.498E-37  3.498E-37  4.069E-49
1.282E+00  7.293E-45  2.481E-37  2.481E-37  2.173E-49
1.271E+00  5.038E-45  1.698E-37  1.698E-37  1.154E-49
1.259E+00  3.329E-45  1.112E-37  1.112E-37  6.094E-50
1.247E+00  2.101E-45  6.951E-38  6.951E-38  3.202E-50
1.236E+00  1.274E-45  4.178E-38  4.178E-38  1.674E-50
1.225E+00  7.531E-46  2.446E-38  2.446E-38  8.702E-51
1.213E+00  4.396E-46  1.415E-38  1.415E-38  4.499E-51
1.202E+00  2.568E-46  8.191E-39  8.191E-39  2.313E-51
1.191E+00  1.516E-46  4.789E-39  4.789E-39  1.183E-51
1.180E+00  9.092E-47  2.846E-39  2.846E-39  6.013E-52
1.169E+00  5.565E-47  1.726E-39  1.726E-39  3.040E-52
1.159E+00  3.484E-47  1.071E-39  1.071E-39  1.528E-52
1.148E+00  2.234E-47  6.805E-40  6.805E-40  7.637E-53
1.138E+00  1.469E-47  4.433E-40  4.433E-40  3.795E-53
1.127E+00  9.918E-48  2.966E-40  2.966E-40  1.875E-53
1.117E+00  6.891E-48  2.042E-40  2.042E-40  9.207E-54
1.107E+00  4.942E-48  1.451E-40  1.451E-40  4.495E-54
1.096E+00  3.670E-48  1.067E-40  1.067E-40  2.182E-54
1.086E+00  2.824E-48  8.137E-41  8.137E-41  1.053E-54
1.076E+00  2.233E-48  6.376E-41  6.376E-41  5.048E-55
1.067E+00  1.761E-48  4.981E-41  4.981E-41  2.406E-55
1.057E+00  1.289E-48  3.614E-41  3.614E-41  1.140E-55
1.047E+00  7.993E-49  2.220E-41  2.220E-41  5.367E-56
1.038E+00  4.106E-49  1.130E-41  1.130E-41  2.511E-56
1.028E+00  1.891E-49  5.156E-42  5.156E-42  1.168E-56
1.019E+00  8.533E-50  2.305E-42  2.305E-42  5.396E-57
1.009E+00  3.956E-50  1.059E-42  1.059E-42  2.477E-57
1.000E+00  1.915E-50  5.081E-43  5.081E-43  1.130E-57
