Dust emission spectrum from Draine,B.T., & Li, A. (2007), ApJ, in press [astro-ph/0608003]
==========================================================
         7 = grain model
 4.000E-08 4.000E-01 4.500E-05 = a_01 (cm) , sigma_1 , b_C1
 2.000E-07 5.500E-01 1.500E-05 = a_02 (cm) , sigma_2 , b_C2
 1.000E+07 1.000E+07 1.000E+00 = Umin , Umax, beta (dN/dU propto U^{-beta})
 1.000E+07 = <U>       mmp83 = radfield
 2.000E-07 2.000E-06 = a_{min} (cm), a_{max} (cm)
 6.946E-18 4.394E-18 2.552E-18 = P(tot)  P(carb)  P(sil) (erg s-1 H-1)
 band     <nu*P_nu> <j_nu(tot)><j_nu(carb)><j_nu(sil)>
 (um)   (erg s-1 H-1)(Jy/(sr*H))(Jy/(sr*H))(Jy/(sr*H))
1.270E+00  3.190E-20  1.075E-12  1.075E-12  6.750E-21 COBE-DIRBE
2.220E+00  3.586E-19  2.112E-11  2.111E-11  1.255E-15 COBE-DIRBE
3.530E+00  1.853E-18  1.735E-10  1.729E-10  5.691E-13 COBE-DIRBE
4.880E+00  2.199E-18  2.846E-10  2.784E-10  6.254E-12 COBE-DIRBE
1.229E+01  3.343E-18  1.090E-09  2.894E-10  8.003E-10 COBE-DIRBE
2.079E+01  1.272E-18  7.017E-10  1.151E-10  5.866E-10 COBE-DIRBE
5.599E+01  3.556E-20  5.281E-11  1.915E-11  3.366E-11 COBE-DIRBE
9.770E+01  1.971E-21  5.108E-12  1.287E-12  3.821E-12 COBE-DIRBE
1.479E+02  2.589E-22  1.016E-12  2.320E-13  7.835E-13 COBE-DIRBE
2.479E+02  2.204E-23  1.449E-13  3.283E-14  1.121E-13 COBE-DIRBE
1.200E+01  4.001E-18  1.273E-09  4.190E-10  8.545E-10 IRAS
2.500E+01  9.621E-19  6.380E-10  1.259E-10  5.121E-10 IRAS
6.000E+01  3.322E-20  5.288E-11  1.961E-11  3.326E-11 IRAS
1.000E+02  1.664E-21  4.413E-12  1.093E-12  3.320E-12 IRAS
3.550E+00  1.955E-18  1.841E-10  1.836E-10  5.701E-13 SST-IRAC
4.493E+00  2.025E-18  2.413E-10  2.375E-10  3.792E-12 SST-IRAC
5.731E+00  3.998E-18  6.077E-10  5.920E-10  1.577E-11 SST-IRAC
7.872E+00  5.848E-18  1.221E-09  8.900E-10  3.311E-10 SST-IRAC
2.368E+01  8.096E-19  5.085E-10  1.090E-10  3.995E-10 SST-MIPS
7.142E+01  7.878E-21  1.492E-11  4.251E-12  1.067E-11 SST-MIPS
1.559E+02  1.598E-22  6.608E-13  1.491E-13  5.117E-13 SST-MIPS
1.600E+01  1.655E-18  7.025E-10  1.352E-10  5.673E-10 SST-IRSPU
2.200E+01  1.015E-18  5.922E-10  1.089E-10  4.833E-10 SST-IRSPU
7.500E+01  6.708E-21  1.335E-11  3.771E-12  9.575E-12 Herschel-PACS
1.100E+02  1.071E-21  3.126E-12  7.630E-13  2.363E-12 Herschel-PACS
1.700E+02  1.256E-22  5.663E-13  1.281E-13  4.383E-13 Herschel-PACS
2.500E+02  1.643E-23  1.090E-13  2.476E-14  8.420E-14 Herschel-SPIRE
3.600E+02  2.543E-24  2.428E-14  5.986E-15  1.830E-14 Herschel-SPIRE
5.200E+02  4.308E-25  5.942E-15  1.508E-15  4.435E-15 Herschel-SPIRE
2.400E+00  5.166E-19  3.289E-11  3.285E-11  3.591E-14 Akari IRC NIR N2
3.200E+00  1.505E-18  1.277E-10  1.274E-10  3.021E-13 Akari IRC NIR N3
4.100E+00  2.005E-18  2.181E-10  2.147E-10  3.328E-12 Akari IRC NIR N4
7.000E+00  6.031E-18  1.120E-09  1.017E-09  1.028E-10 Akari IRC MIR-S S7
9.000E+00  5.625E-18  1.343E-09  6.936E-10  6.493E-10 Akari IRC MIR-S S9W
1.100E+01  4.469E-18  1.304E-09  3.119E-10  9.921E-10 Akari IRC MIR-S S11
1.500E+01  1.706E-18  6.786E-10  1.323E-10  5.463E-10 Akari IRC MIR-L L15
1.800E+01  1.372E-18  6.549E-10  1.145E-10  5.403E-10 Akari IRC MIR-L L18W
2.400E+01  9.013E-19  5.738E-10  1.165E-10  4.573E-10 Akari IRC MIR-L L24
6.500E+01  1.299E-20  2.241E-11  6.808E-12  1.560E-11 Akari FIS N60
8.000E+01  4.893E-21  1.038E-11  2.978E-12  7.405E-12 Akari FIS WIDE-S
1.400E+02  2.452E-22  9.107E-13  2.073E-13  7.034E-13 Akari FIS WIDE-L
1.600E+02  1.342E-22  5.697E-13  1.281E-13  4.416E-13 Akari FIS N160
 
 
 
 


lambda    nu*dP/dnu     j_nu    j_nu(carb.) j_nu(sil)
 (um)    (erg/(s*H)) (Jy/(sr*H) (Jy/(sr*H)) (Jy/(sr*H)
1.000E+04  9.800E-31  2.600E-19  2.803E-20  2.319E-19
9.908E+03  1.016E-30  2.670E-19  2.887E-20  2.382E-19
9.817E+03  1.053E-30  2.743E-19  2.974E-20  2.445E-19
9.727E+03  1.092E-30  2.817E-19  3.064E-20  2.511E-19
9.638E+03  1.132E-30  2.894E-19  3.157E-20  2.578E-19
9.550E+03  1.174E-30  2.973E-19  3.252E-20  2.648E-19
9.462E+03  1.217E-30  3.054E-19  3.350E-20  2.719E-19
9.376E+03  1.261E-30  3.137E-19  3.452E-20  2.792E-19
9.290E+03  1.308E-30  3.222E-19  3.556E-20  2.866E-19
9.204E+03  1.356E-30  3.310E-19  3.664E-20  2.943E-19
9.120E+03  1.405E-30  3.400E-19  3.775E-20  3.022E-19
9.036E+03  1.457E-30  3.492E-19  3.890E-20  3.103E-19
8.954E+03  1.510E-30  3.587E-19  4.008E-20  3.186E-19
8.872E+03  1.565E-30  3.684E-19  4.129E-20  3.271E-19
8.790E+03  1.623E-30  3.784E-19  4.255E-20  3.358E-19
8.710E+03  1.682E-30  3.886E-19  4.384E-20  3.447E-19
8.630E+03  1.744E-30  3.991E-19  4.518E-20  3.539E-19
8.551E+03  1.807E-30  4.099E-19  4.655E-20  3.634E-19
8.472E+03  1.874E-30  4.211E-19  4.797E-20  3.731E-19
8.395E+03  1.942E-30  4.325E-19  4.943E-20  3.831E-19
8.318E+03  2.014E-30  4.443E-19  5.094E-20  3.933E-19
8.241E+03  2.088E-30  4.564E-19  5.250E-20  4.039E-19
8.166E+03  2.164E-30  4.688E-19  5.410E-20  4.147E-19
8.091E+03  2.244E-30  4.816E-19  5.575E-20  4.258E-19
8.017E+03  2.326E-30  4.947E-19  5.746E-20  4.373E-19
7.943E+03  2.412E-30  5.082E-19  5.922E-20  4.490E-19
7.870E+03  2.501E-30  5.222E-19  6.103E-20  4.611E-19
7.798E+03  2.593E-30  5.364E-19  6.290E-20  4.735E-19
7.727E+03  2.689E-30  5.512E-19  6.483E-20  4.863E-19
7.656E+03  2.788E-30  5.663E-19  6.683E-20  4.995E-19
7.586E+03  2.892E-30  5.818E-19  6.888E-20  5.129E-19
7.516E+03  2.998E-30  5.978E-19  7.100E-20  5.268E-19
7.447E+03  3.110E-30  6.143E-19  7.318E-20  5.411E-19
7.379E+03  3.225E-30  6.312E-19  7.543E-20  5.558E-19
7.311E+03  3.344E-30  6.486E-19  7.776E-20  5.708E-19
7.244E+03  3.468E-30  6.665E-19  8.015E-20  5.863E-19
7.178E+03  3.597E-30  6.849E-19  8.263E-20  6.023E-19
7.112E+03  3.731E-30  7.038E-19  8.518E-20  6.187E-19
7.047E+03  3.870E-30  7.233E-19  8.781E-20  6.355E-19
6.982E+03  4.013E-30  7.433E-19  9.053E-20  6.528E-19
6.918E+03  4.163E-30  7.639E-19  9.333E-20  6.706E-19
6.855E+03  4.317E-30  7.850E-19  9.622E-20  6.888E-19
6.792E+03  4.478E-30  8.068E-19  9.920E-20  7.076E-19
6.730E+03  4.645E-30  8.292E-19  1.023E-19  7.269E-19
6.668E+03  4.818E-30  8.522E-19  1.055E-19  7.467E-19
6.607E+03  4.998E-30  8.759E-19  1.087E-19  7.671E-19
6.546E+03  5.184E-30  9.002E-19  1.121E-19  7.881E-19
6.486E+03  5.378E-30  9.253E-19  1.156E-19  8.097E-19
6.427E+03  5.579E-30  9.511E-19  1.192E-19  8.319E-19
6.368E+03  5.788E-30  9.777E-19  1.229E-19  8.548E-19
6.310E+03  6.005E-30  1.005E-18  1.267E-19  8.783E-19
6.252E+03  6.230E-30  1.033E-18  1.307E-19  9.024E-19
6.194E+03  6.464E-30  1.062E-18  1.348E-19  9.273E-19
6.138E+03  6.706E-30  1.092E-18  1.390E-19  9.528E-19
6.081E+03  6.958E-30  1.122E-18  1.433E-19  9.791E-19
6.026E+03  7.220E-30  1.154E-18  1.478E-19  1.006E-18
5.970E+03  7.492E-30  1.186E-18  1.525E-19  1.034E-18
5.916E+03  7.774E-30  1.220E-18  1.573E-19  1.063E-18
5.861E+03  8.067E-30  1.254E-18  1.622E-19  1.092E-18
5.808E+03  8.372E-30  1.290E-18  1.673E-19  1.122E-18
5.754E+03  8.688E-30  1.326E-18  1.725E-19  1.154E-18
5.702E+03  9.016E-30  1.364E-18  1.780E-19  1.186E-18
5.649E+03  9.357E-30  1.402E-18  1.836E-19  1.219E-18
5.598E+03  9.711E-30  1.442E-18  1.894E-19  1.253E-18
5.546E+03  1.008E-29  1.483E-18  1.953E-19  1.287E-18
5.495E+03  1.046E-29  1.525E-18  2.015E-19  1.323E-18
5.445E+03  1.086E-29  1.568E-18  2.079E-19  1.360E-18
5.395E+03  1.127E-29  1.613E-18  2.145E-19  1.398E-18
5.346E+03  1.170E-29  1.659E-18  2.212E-19  1.438E-18
5.297E+03  1.214E-29  1.706E-18  2.283E-19  1.478E-18
5.248E+03  1.261E-29  1.755E-18  2.355E-19  1.519E-18
5.200E+03  1.309E-29  1.805E-18  2.430E-19  1.562E-18
5.152E+03  1.358E-29  1.857E-18  2.507E-19  1.606E-18
5.105E+03  1.410E-29  1.910E-18  2.587E-19  1.651E-18
5.058E+03  1.464E-29  1.964E-18  2.669E-19  1.698E-18
5.012E+03  1.520E-29  2.021E-18  2.754E-19  1.745E-18
4.966E+03  1.578E-29  2.079E-18  2.842E-19  1.795E-18
4.920E+03  1.638E-29  2.138E-18  2.932E-19  1.845E-18
4.875E+03  1.701E-29  2.200E-18  3.026E-19  1.897E-18
4.831E+03  1.766E-29  2.263E-18  3.123E-19  1.951E-18
4.786E+03  1.834E-29  2.328E-18  3.223E-19  2.006E-18
4.742E+03  1.904E-29  2.395E-18  3.326E-19  2.063E-18
4.699E+03  1.977E-29  2.465E-18  3.433E-19  2.121E-18
4.656E+03  2.053E-29  2.536E-18  3.543E-19  2.182E-18
4.613E+03  2.132E-29  2.609E-18  3.656E-19  2.244E-18
4.571E+03  2.214E-29  2.685E-18  3.774E-19  2.307E-18
4.529E+03  2.300E-29  2.763E-18  3.895E-19  2.373E-18
4.487E+03  2.388E-29  2.843E-18  4.021E-19  2.441E-18
4.446E+03  2.481E-29  2.926E-18  4.151E-19  2.511E-18
4.406E+03  2.576E-29  3.011E-18  4.284E-19  2.582E-18
4.365E+03  2.676E-29  3.099E-18  4.423E-19  2.656E-18
4.325E+03  2.780E-29  3.189E-18  4.566E-19  2.733E-18
4.285E+03  2.887E-29  3.282E-18  4.714E-19  2.811E-18
4.246E+03  2.999E-29  3.378E-18  4.866E-19  2.892E-18
4.207E+03  3.116E-29  3.477E-18  5.024E-19  2.975E-18
4.169E+03  3.237E-29  3.579E-18  5.187E-19  3.060E-18
4.130E+03  3.363E-29  3.684E-18  5.356E-19  3.149E-18
4.093E+03  3.493E-29  3.793E-18  5.530E-19  3.240E-18
4.055E+03  3.630E-29  3.904E-18  5.710E-19  3.333E-18
4.018E+03  3.771E-29  4.019E-18  5.896E-19  3.429E-18
3.981E+03  3.918E-29  4.137E-18  6.088E-19  3.529E-18
3.945E+03  4.071E-29  4.259E-18  6.287E-19  3.631E-18
3.908E+03  4.229E-29  4.385E-18  6.492E-19  3.736E-18
3.873E+03  4.395E-29  4.514E-18  6.704E-19  3.844E-18
3.837E+03  4.566E-29  4.648E-18  6.924E-19  3.955E-18
3.802E+03  4.745E-29  4.785E-18  7.151E-19  4.070E-18
3.767E+03  4.931E-29  4.927E-18  7.385E-19  4.189E-18
3.733E+03  5.124E-29  5.073E-18  7.628E-19  4.311E-18
3.698E+03  5.325E-29  5.224E-18  7.878E-19  4.436E-18
3.664E+03  5.535E-29  5.380E-18  8.137E-19  4.566E-18
3.631E+03  5.752E-29  5.540E-18  8.405E-19  4.700E-18
3.597E+03  5.979E-29  5.705E-18  8.682E-19  4.837E-18
3.565E+03  6.215E-29  5.876E-18  8.969E-19  4.979E-18
3.532E+03  6.460E-29  6.052E-18  9.265E-19  5.125E-18
3.499E+03  6.715E-29  6.233E-18  9.571E-19  5.276E-18
3.467E+03  6.981E-29  6.420E-18  9.888E-19  5.432E-18
3.436E+03  7.257E-29  6.613E-18  1.022E-18  5.592E-18
3.404E+03  7.544E-29  6.812E-18  1.055E-18  5.757E-18
3.373E+03  7.844E-29  7.017E-18  1.090E-18  5.927E-18
3.342E+03  8.155E-29  7.229E-18  1.127E-18  6.102E-18
3.311E+03  8.479E-29  7.448E-18  1.164E-18  6.283E-18
3.281E+03  8.816E-29  7.673E-18  1.203E-18  6.470E-18
3.251E+03  9.167E-29  7.905E-18  1.243E-18  6.662E-18
3.221E+03  9.533E-29  8.145E-18  1.284E-18  6.860E-18
3.192E+03  9.913E-29  8.392E-18  1.327E-18  7.065E-18
3.162E+03  1.031E-28  8.647E-18  1.372E-18  7.276E-18
3.133E+03  1.072E-28  8.911E-18  1.418E-18  7.493E-18
3.105E+03  1.115E-28  9.182E-18  1.465E-18  7.717E-18
3.076E+03  1.160E-28  9.462E-18  1.514E-18  7.948E-18
3.048E+03  1.206E-28  9.752E-18  1.565E-18  8.187E-18
3.020E+03  1.255E-28  1.005E-17  1.618E-18  8.432E-18
2.992E+03  1.305E-28  1.036E-17  1.672E-18  8.685E-18
2.965E+03  1.357E-28  1.067E-17  1.728E-18  8.945E-18
2.938E+03  1.412E-28  1.100E-17  1.787E-18  9.213E-18
2.911E+03  1.468E-28  1.134E-17  1.847E-18  9.490E-18
2.884E+03  1.527E-28  1.168E-17  1.909E-18  9.775E-18
2.858E+03  1.589E-28  1.204E-17  1.974E-18  1.007E-17
2.831E+03  1.653E-28  1.241E-17  2.040E-18  1.037E-17
2.805E+03  1.719E-28  1.280E-17  2.110E-18  1.069E-17
2.780E+03  1.789E-28  1.319E-17  2.181E-18  1.101E-17
2.754E+03  1.861E-28  1.360E-17  2.255E-18  1.134E-17
2.729E+03  1.936E-28  1.402E-17  2.332E-18  1.169E-17
2.704E+03  2.015E-28  1.445E-17  2.411E-18  1.204E-17
2.679E+03  2.097E-28  1.490E-17  2.493E-18  1.241E-17
2.655E+03  2.182E-28  1.536E-17  2.578E-18  1.278E-17
2.630E+03  2.270E-28  1.584E-17  2.666E-18  1.317E-17
2.606E+03  2.363E-28  1.633E-17  2.757E-18  1.358E-17
2.582E+03  2.459E-28  1.684E-17  2.851E-18  1.399E-17
2.559E+03  2.559E-28  1.737E-17  2.949E-18  1.442E-17
2.535E+03  2.663E-28  1.791E-17  3.049E-18  1.486E-17
2.512E+03  2.772E-28  1.847E-17  3.154E-18  1.532E-17
2.489E+03  2.886E-28  1.905E-17  3.262E-18  1.579E-17
2.466E+03  3.004E-28  1.965E-17  3.374E-18  1.627E-17
2.443E+03  3.127E-28  2.026E-17  3.490E-18  1.677E-17
2.421E+03  3.255E-28  2.090E-17  3.610E-18  1.729E-17
2.399E+03  3.388E-28  2.156E-17  3.735E-18  1.783E-17
2.377E+03  3.528E-28  2.224E-17  3.863E-18  1.838E-17
2.355E+03  3.673E-28  2.294E-17  3.997E-18  1.895E-17
2.333E+03  3.824E-28  2.367E-17  4.135E-18  1.953E-17
2.312E+03  3.981E-28  2.442E-17  4.278E-18  2.014E-17
2.291E+03  4.145E-28  2.519E-17  4.426E-18  2.076E-17
2.270E+03  4.316E-28  2.599E-17  4.579E-18  2.141E-17
2.249E+03  4.495E-28  2.681E-17  4.737E-18  2.208E-17
2.228E+03  4.681E-28  2.767E-17  4.902E-18  2.277E-17
2.208E+03  4.874E-28  2.855E-17  5.072E-18  2.348E-17
2.188E+03  5.076E-28  2.946E-17  5.248E-18  2.421E-17
2.168E+03  5.287E-28  3.040E-17  5.431E-18  2.497E-17
2.148E+03  5.506E-28  3.137E-17  5.620E-18  2.575E-17
2.128E+03  5.735E-28  3.237E-17  5.816E-18  2.656E-17
2.109E+03  5.973E-28  3.341E-17  6.019E-18  2.739E-17
2.089E+03  6.221E-28  3.448E-17  6.229E-18  2.825E-17
2.070E+03  6.481E-28  3.559E-17  6.447E-18  2.914E-17
2.051E+03  6.751E-28  3.673E-17  6.672E-18  3.006E-17
2.032E+03  7.032E-28  3.791E-17  6.906E-18  3.100E-17
2.014E+03  7.326E-28  3.913E-17  7.148E-18  3.198E-17
1.995E+03  7.632E-28  4.039E-17  7.399E-18  3.299E-17
1.977E+03  7.950E-28  4.169E-17  7.658E-18  3.403E-17
1.959E+03  8.283E-28  4.304E-17  7.927E-18  3.511E-17
1.941E+03  8.629E-28  4.443E-17  8.206E-18  3.622E-17
1.923E+03  8.991E-28  4.586E-17  8.495E-18  3.737E-17
1.905E+03  9.368E-28  4.735E-17  8.794E-18  3.855E-17
1.888E+03  9.761E-28  4.888E-17  9.104E-18  3.978E-17
1.871E+03  1.017E-27  5.047E-17  9.425E-18  4.104E-17
1.854E+03  1.060E-27  5.211E-17  9.758E-18  4.235E-17
1.837E+03  1.104E-27  5.380E-17  1.010E-17  4.370E-17
1.820E+03  1.151E-27  5.555E-17  1.046E-17  4.509E-17
1.803E+03  1.199E-27  5.736E-17  1.083E-17  4.653E-17
1.786E+03  1.250E-27  5.923E-17  1.121E-17  4.802E-17
1.770E+03  1.303E-27  6.116E-17  1.161E-17  4.955E-17
1.754E+03  1.358E-27  6.316E-17  1.202E-17  5.114E-17
1.738E+03  1.415E-27  6.523E-17  1.245E-17  5.278E-17
1.722E+03  1.475E-27  6.736E-17  1.289E-17  5.447E-17
1.706E+03  1.537E-27  6.957E-17  1.335E-17  5.622E-17
1.690E+03  1.602E-27  7.185E-17  1.383E-17  5.803E-17
1.675E+03  1.670E-27  7.421E-17  1.432E-17  5.989E-17
1.660E+03  1.741E-27  7.665E-17  1.483E-17  6.182E-17
1.644E+03  1.815E-27  7.917E-17  1.536E-17  6.381E-17
1.629E+03  1.892E-27  8.177E-17  1.591E-17  6.587E-17
1.614E+03  1.972E-27  8.447E-17  1.647E-17  6.799E-17
1.600E+03  2.056E-27  8.725E-17  1.706E-17  7.019E-17
1.585E+03  2.144E-27  9.013E-17  1.767E-17  7.246E-17
1.570E+03  2.235E-27  9.310E-17  1.830E-17  7.480E-17
1.556E+03  2.330E-27  9.618E-17  1.896E-17  7.722E-17
1.542E+03  2.430E-27  9.936E-17  1.964E-17  7.972E-17
1.528E+03  2.533E-27  1.026E-16  2.034E-17  8.230E-17
1.514E+03  2.641E-27  1.060E-16  2.107E-17  8.497E-17
1.500E+03  2.754E-27  1.096E-16  2.183E-17  8.773E-17
1.486E+03  2.872E-27  1.132E-16  2.261E-17  9.058E-17
1.472E+03  2.995E-27  1.170E-16  2.343E-17  9.353E-17
1.459E+03  3.123E-27  1.208E-16  2.427E-17  9.658E-17
1.445E+03  3.257E-27  1.249E-16  2.514E-17  9.973E-17
1.432E+03  3.396E-27  1.290E-16  2.605E-17  1.030E-16
1.419E+03  3.542E-27  1.333E-16  2.698E-17  1.063E-16
1.406E+03  3.694E-27  1.378E-16  2.796E-17  1.098E-16
1.393E+03  3.853E-27  1.424E-16  2.896E-17  1.134E-16
1.380E+03  4.018E-27  1.471E-16  3.001E-17  1.171E-16
1.368E+03  4.191E-27  1.520E-16  3.109E-17  1.210E-16
1.355E+03  4.371E-27  1.571E-16  3.221E-17  1.249E-16
1.343E+03  4.559E-27  1.624E-16  3.338E-17  1.290E-16
1.330E+03  4.756E-27  1.678E-16  3.458E-17  1.332E-16
1.318E+03  4.960E-27  1.735E-16  3.584E-17  1.376E-16
1.306E+03  5.174E-27  1.793E-16  3.713E-17  1.421E-16
1.294E+03  5.397E-27  1.853E-16  3.848E-17  1.468E-16
1.282E+03  5.630E-27  1.915E-16  3.987E-17  1.516E-16
1.271E+03  5.873E-27  1.979E-16  4.131E-17  1.566E-16
1.259E+03  6.127E-27  2.046E-16  4.281E-17  1.618E-16
1.247E+03  6.391E-27  2.115E-16  4.436E-17  1.671E-16
1.236E+03  6.668E-27  2.186E-16  4.597E-17  1.726E-16
1.225E+03  6.956E-27  2.260E-16  4.764E-17  1.783E-16
1.213E+03  7.257E-27  2.336E-16  4.937E-17  1.842E-16
1.202E+03  7.571E-27  2.414E-16  5.116E-17  1.903E-16
1.191E+03  7.898E-27  2.496E-16  5.302E-17  1.966E-16
1.180E+03  8.240E-27  2.580E-16  5.494E-17  2.031E-16
1.169E+03  8.597E-27  2.667E-16  5.694E-17  2.098E-16
1.159E+03  8.970E-27  2.757E-16  5.901E-17  2.167E-16
1.148E+03  9.358E-27  2.850E-16  6.115E-17  2.239E-16
1.138E+03  9.764E-27  2.947E-16  6.338E-17  2.313E-16
1.127E+03  1.019E-26  3.046E-16  6.569E-17  2.389E-16
1.117E+03  1.063E-26  3.149E-16  6.808E-17  2.468E-16
1.107E+03  1.109E-26  3.256E-16  7.055E-17  2.550E-16
1.096E+03  1.157E-26  3.366E-16  7.312E-17  2.635E-16
1.086E+03  1.208E-26  3.480E-16  7.579E-17  2.722E-16
1.076E+03  1.260E-26  3.598E-16  7.855E-17  2.812E-16
1.067E+03  1.315E-26  3.720E-16  8.141E-17  2.906E-16
1.057E+03  1.372E-26  3.846E-16  8.437E-17  3.002E-16
1.047E+03  1.431E-26  3.976E-16  8.745E-17  3.102E-16
1.038E+03  1.494E-26  4.111E-16  9.064E-17  3.205E-16
1.028E+03  1.559E-26  4.250E-16  9.394E-17  3.311E-16
1.019E+03  1.626E-26  4.395E-16  9.737E-17  3.421E-16
1.009E+03  1.697E-26  4.544E-16  1.009E-16  3.534E-16
1.000E+03  1.771E-26  4.698E-16  1.046E-16  3.652E-16
9.908E+02  1.848E-26  4.858E-16  1.084E-16  3.774E-16
9.817E+02  1.929E-26  5.023E-16  1.124E-16  3.899E-16
9.727E+02  2.013E-26  5.194E-16  1.165E-16  4.029E-16
9.638E+02  2.101E-26  5.371E-16  1.207E-16  4.164E-16
9.550E+02  2.192E-26  5.554E-16  1.251E-16  4.303E-16
9.462E+02  2.288E-26  5.743E-16  1.297E-16  4.446E-16
9.376E+02  2.388E-26  5.939E-16  1.344E-16  4.595E-16
9.290E+02  2.492E-26  6.141E-16  1.393E-16  4.748E-16
9.204E+02  2.601E-26  6.351E-16  1.444E-16  4.907E-16
9.120E+02  2.715E-26  6.567E-16  1.497E-16  5.070E-16
9.036E+02  2.833E-26  6.791E-16  1.552E-16  5.240E-16
8.954E+02  2.957E-26  7.023E-16  1.608E-16  5.415E-16
8.872E+02  3.086E-26  7.262E-16  1.667E-16  5.595E-16
8.790E+02  3.221E-26  7.510E-16  1.728E-16  5.782E-16
8.710E+02  3.361E-26  7.766E-16  1.791E-16  5.975E-16
8.630E+02  3.508E-26  8.031E-16  1.856E-16  6.174E-16
8.551E+02  3.661E-26  8.304E-16  1.924E-16  6.380E-16
8.472E+02  3.821E-26  8.587E-16  1.994E-16  6.593E-16
8.395E+02  3.988E-26  8.880E-16  2.067E-16  6.813E-16
8.318E+02  4.162E-26  9.183E-16  2.143E-16  7.040E-16
8.241E+02  4.344E-26  9.496E-16  2.221E-16  7.275E-16
8.166E+02  4.533E-26  9.819E-16  2.302E-16  7.517E-16
8.091E+02  4.731E-26  1.015E-15  2.386E-16  7.768E-16
8.017E+02  4.937E-26  1.050E-15  2.473E-16  8.026E-16
7.943E+02  5.153E-26  1.086E-15  2.563E-16  8.294E-16
7.870E+02  5.378E-26  1.123E-15  2.657E-16  8.570E-16
7.798E+02  5.612E-26  1.161E-15  2.754E-16  8.856E-16
7.727E+02  5.857E-26  1.201E-15  2.854E-16  9.151E-16
7.656E+02  6.113E-26  1.241E-15  2.959E-16  9.456E-16
7.586E+02  6.380E-26  1.284E-15  3.067E-16  9.771E-16
7.516E+02  6.659E-26  1.328E-15  3.178E-16  1.010E-15
7.447E+02  6.950E-26  1.373E-15  3.294E-16  1.044E-15
7.379E+02  7.254E-26  1.420E-15  3.415E-16  1.078E-15
7.311E+02  7.572E-26  1.469E-15  3.539E-16  1.115E-15
7.244E+02  7.904E-26  1.519E-15  3.668E-16  1.152E-15
7.178E+02  8.251E-26  1.571E-15  3.802E-16  1.191E-15
7.112E+02  8.614E-26  1.625E-15  3.940E-16  1.231E-15
7.047E+02  8.992E-26  1.681E-15  4.084E-16  1.272E-15
6.982E+02  9.387E-26  1.739E-15  4.233E-16  1.315E-15
6.918E+02  9.800E-26  1.799E-15  4.387E-16  1.360E-15
6.855E+02  1.023E-25  1.860E-15  4.547E-16  1.406E-15
6.792E+02  1.068E-25  1.925E-15  4.713E-16  1.453E-15
6.730E+02  1.115E-25  1.991E-15  4.884E-16  1.502E-15
6.668E+02  1.164E-25  2.059E-15  5.062E-16  1.553E-15
6.607E+02  1.215E-25  2.130E-15  5.247E-16  1.605E-15
6.546E+02  1.269E-25  2.204E-15  5.438E-16  1.660E-15
6.486E+02  1.325E-25  2.280E-15  5.636E-16  1.717E-15
6.427E+02  1.384E-25  2.360E-15  5.841E-16  1.775E-15
6.368E+02  1.445E-25  2.442E-15  6.053E-16  1.836E-15
6.310E+02  1.510E-25  2.527E-15  6.274E-16  1.899E-15
6.252E+02  1.577E-25  2.615E-15  6.502E-16  1.964E-15
6.194E+02  1.647E-25  2.706E-15  6.739E-16  2.032E-15
6.138E+02  1.720E-25  2.800E-15  6.984E-16  2.102E-15
6.081E+02  1.797E-25  2.898E-15  7.238E-16  2.175E-15
6.026E+02  1.877E-25  3.000E-15  7.501E-16  2.250E-15
5.970E+02  1.961E-25  3.105E-15  7.773E-16  2.328E-15
5.916E+02  2.048E-25  3.214E-15  8.056E-16  2.408E-15
5.861E+02  2.140E-25  3.327E-15  8.349E-16  2.492E-15
5.808E+02  2.235E-25  3.444E-15  8.652E-16  2.579E-15
5.754E+02  2.336E-25  3.565E-15  8.967E-16  2.668E-15
5.702E+02  2.440E-25  3.691E-15  9.292E-16  2.762E-15
5.649E+02  2.550E-25  3.821E-15  9.630E-16  2.858E-15
5.598E+02  2.664E-25  3.956E-15  9.979E-16  2.958E-15
5.546E+02  2.784E-25  4.096E-15  1.034E-15  3.062E-15
5.495E+02  2.910E-25  4.241E-15  1.072E-15  3.169E-15
5.445E+02  3.041E-25  4.392E-15  1.111E-15  3.281E-15
5.395E+02  3.178E-25  4.548E-15  1.151E-15  3.397E-15
5.346E+02  3.321E-25  4.709E-15  1.193E-15  3.517E-15
5.297E+02  3.471E-25  4.877E-15  1.236E-15  3.641E-15
5.248E+02  3.628E-25  5.051E-15  1.281E-15  3.770E-15
5.200E+02  3.793E-25  5.231E-15  1.327E-15  3.904E-15
5.152E+02  3.965E-25  5.418E-15  1.375E-15  4.043E-15
5.105E+02  4.145E-25  5.612E-15  1.425E-15  4.187E-15
5.058E+02  4.333E-25  5.813E-15  1.477E-15  4.337E-15
5.012E+02  4.530E-25  6.022E-15  1.530E-15  4.492E-15
4.966E+02  4.736E-25  6.238E-15  1.586E-15  4.652E-15
4.920E+02  4.951E-25  6.463E-15  1.643E-15  4.819E-15
4.875E+02  5.177E-25  6.695E-15  1.703E-15  4.992E-15
4.831E+02  5.413E-25  6.936E-15  1.764E-15  5.172E-15
4.786E+02  5.661E-25  7.187E-15  1.828E-15  5.358E-15
4.742E+02  5.919E-25  7.446E-15  1.895E-15  5.552E-15
4.699E+02  6.190E-25  7.716E-15  1.963E-15  5.753E-15
4.656E+02  6.474E-25  7.995E-15  2.034E-15  5.961E-15
4.613E+02  6.771E-25  8.285E-15  2.108E-15  6.177E-15
4.571E+02  7.081E-25  8.586E-15  2.184E-15  6.402E-15
4.529E+02  7.407E-25  8.898E-15  2.263E-15  6.635E-15
4.487E+02  7.747E-25  9.222E-15  2.345E-15  6.877E-15
4.446E+02  8.103E-25  9.557E-15  2.430E-15  7.128E-15
4.406E+02  8.477E-25  9.906E-15  2.518E-15  7.388E-15
4.365E+02  8.867E-25  1.027E-14  2.609E-15  7.659E-15
4.325E+02  9.276E-25  1.064E-14  2.703E-15  7.940E-15
4.285E+02  9.705E-25  1.103E-14  2.801E-15  8.231E-15
4.246E+02  1.015E-24  1.144E-14  2.902E-15  8.534E-15
4.207E+02  1.062E-24  1.186E-14  3.007E-15  8.849E-15
4.169E+02  1.112E-24  1.229E-14  3.116E-15  9.176E-15
4.130E+02  1.163E-24  1.274E-14  3.228E-15  9.516E-15
4.093E+02  1.217E-24  1.321E-14  3.345E-15  9.869E-15
4.055E+02  1.274E-24  1.370E-14  3.466E-15  1.024E-14
4.018E+02  1.333E-24  1.421E-14  3.591E-15  1.062E-14
3.981E+02  1.395E-24  1.473E-14  3.721E-15  1.101E-14
3.945E+02  1.460E-24  1.528E-14  3.855E-15  1.142E-14
3.908E+02  1.529E-24  1.585E-14  3.994E-15  1.185E-14
3.873E+02  1.600E-24  1.644E-14  4.139E-15  1.230E-14
3.837E+02  1.675E-24  1.705E-14  4.288E-15  1.276E-14
3.802E+02  1.753E-24  1.768E-14  4.443E-15  1.324E-14
3.767E+02  1.836E-24  1.834E-14  4.603E-15  1.374E-14
3.733E+02  1.922E-24  1.903E-14  4.770E-15  1.426E-14
3.698E+02  2.012E-24  1.974E-14  4.942E-15  1.480E-14
3.664E+02  2.107E-24  2.048E-14  5.120E-15  1.536E-14
3.631E+02  2.206E-24  2.125E-14  5.305E-15  1.594E-14
3.597E+02  2.310E-24  2.205E-14  5.497E-15  1.655E-14
3.565E+02  2.419E-24  2.287E-14  5.695E-15  1.718E-14
3.532E+02  2.534E-24  2.374E-14  5.901E-15  1.783E-14
3.499E+02  2.653E-24  2.463E-14  6.114E-15  1.852E-14
3.467E+02  2.779E-24  2.556E-14  6.335E-15  1.923E-14
3.436E+02  2.911E-24  2.653E-14  6.563E-15  1.996E-14
3.404E+02  3.049E-24  2.753E-14  6.800E-15  2.073E-14
3.373E+02  3.194E-24  2.857E-14  7.046E-15  2.153E-14
3.342E+02  3.345E-24  2.966E-14  7.300E-15  2.236E-14
3.311E+02  3.505E-24  3.078E-14  7.563E-15  2.322E-14
3.281E+02  3.672E-24  3.195E-14  7.836E-15  2.412E-14
3.251E+02  3.847E-24  3.317E-14  8.119E-15  2.505E-14
3.221E+02  4.030E-24  3.444E-14  8.412E-15  2.602E-14
3.192E+02  4.223E-24  3.575E-14  8.716E-15  2.703E-14
3.162E+02  4.425E-24  3.712E-14  9.030E-15  2.809E-14
3.133E+02  4.637E-24  3.854E-14  9.356E-15  2.918E-14
3.105E+02  4.859E-24  4.001E-14  9.694E-15  3.032E-14
3.076E+02  5.092E-24  4.155E-14  1.004E-14  3.150E-14
3.048E+02  5.336E-24  4.314E-14  1.041E-14  3.274E-14
3.020E+02  5.593E-24  4.480E-14  1.078E-14  3.402E-14
2.992E+02  5.862E-24  4.652E-14  1.117E-14  3.535E-14
2.965E+02  6.144E-24  4.832E-14  1.157E-14  3.674E-14
2.938E+02  6.440E-24  5.018E-14  1.199E-14  3.819E-14
2.911E+02  6.750E-24  5.212E-14  1.243E-14  3.969E-14
2.884E+02  7.076E-24  5.413E-14  1.287E-14  4.126E-14
2.858E+02  7.418E-24  5.623E-14  1.334E-14  4.289E-14
2.831E+02  7.777E-24  5.841E-14  1.382E-14  4.459E-14
2.805E+02  8.153E-24  6.067E-14  1.432E-14  4.635E-14
2.780E+02  8.548E-24  6.303E-14  1.484E-14  4.819E-14
2.754E+02  8.963E-24  6.548E-14  1.537E-14  5.011E-14
2.729E+02  9.399E-24  6.804E-14  1.593E-14  5.211E-14
2.704E+02  9.858E-24  7.070E-14  1.650E-14  5.420E-14
2.679E+02  1.034E-23  7.348E-14  1.710E-14  5.638E-14
2.655E+02  1.084E-23  7.636E-14  1.772E-14  5.864E-14
2.630E+02  1.137E-23  7.936E-14  1.836E-14  6.101E-14
2.606E+02  1.193E-23  8.249E-14  1.902E-14  6.347E-14
2.582E+02  1.252E-23  8.574E-14  1.971E-14  6.603E-14
2.559E+02  1.313E-23  8.911E-14  2.042E-14  6.869E-14
2.535E+02  1.377E-23  9.260E-14  2.116E-14  7.144E-14
2.512E+02  1.444E-23  9.621E-14  2.192E-14  7.429E-14
2.489E+02  1.513E-23  9.991E-14  2.272E-14  7.719E-14
2.466E+02  1.585E-23  1.037E-13  2.354E-14  8.015E-14
2.443E+02  1.660E-23  1.076E-13  2.439E-14  8.320E-14
2.421E+02  1.738E-23  1.116E-13  2.527E-14  8.635E-14
2.399E+02  1.819E-23  1.158E-13  2.619E-14  8.959E-14
2.377E+02  1.904E-23  1.200E-13  2.713E-14  9.288E-14
2.355E+02  1.992E-23  1.244E-13  2.812E-14  9.630E-14
2.333E+02  2.084E-23  1.290E-13  2.913E-14  9.984E-14
2.312E+02  2.180E-23  1.337E-13  3.019E-14  1.035E-13
2.291E+02  2.281E-23  1.386E-13  3.128E-14  1.073E-13
2.270E+02  2.386E-23  1.437E-13  3.241E-14  1.113E-13
2.249E+02  2.497E-23  1.489E-13  3.359E-14  1.154E-13
2.228E+02  2.612E-23  1.544E-13  3.481E-14  1.196E-13
2.208E+02  2.733E-23  1.601E-13  3.607E-14  1.240E-13
2.188E+02  2.860E-23  1.660E-13  3.738E-14  1.286E-13
2.168E+02  2.992E-23  1.720E-13  3.873E-14  1.333E-13
2.148E+02  3.130E-23  1.784E-13  4.014E-14  1.382E-13
2.128E+02  3.275E-23  1.849E-13  4.159E-14  1.433E-13
2.109E+02  3.427E-23  1.917E-13  4.310E-14  1.486E-13
2.089E+02  3.585E-23  1.987E-13  4.467E-14  1.540E-13
2.070E+02  3.751E-23  2.060E-13  4.629E-14  1.597E-13
2.051E+02  3.925E-23  2.135E-13  4.797E-14  1.656E-13
2.032E+02  4.106E-23  2.214E-13  4.971E-14  1.716E-13
2.014E+02  4.296E-23  2.295E-13  5.152E-14  1.779E-13
1.995E+02  4.494E-23  2.379E-13  5.339E-14  1.845E-13
1.977E+02  4.702E-23  2.466E-13  5.534E-14  1.912E-13
1.959E+02  4.919E-23  2.556E-13  5.735E-14  1.982E-13
1.941E+02  5.146E-23  2.649E-13  5.944E-14  2.055E-13
1.923E+02  5.384E-23  2.746E-13  6.160E-14  2.130E-13
1.905E+02  5.632E-23  2.847E-13  6.384E-14  2.208E-13
1.888E+02  5.892E-23  2.951E-13  6.617E-14  2.289E-13
1.871E+02  6.164E-23  3.059E-13  6.858E-14  2.373E-13
1.854E+02  6.449E-23  3.171E-13  7.108E-14  2.460E-13
1.837E+02  6.746E-23  3.287E-13  7.368E-14  2.550E-13
1.820E+02  7.058E-23  3.407E-13  7.637E-14  2.643E-13
1.803E+02  7.383E-23  3.531E-13  7.916E-14  2.740E-13
1.786E+02  7.724E-23  3.660E-13  8.205E-14  2.840E-13
1.770E+02  8.080E-23  3.794E-13  8.505E-14  2.944E-13
1.754E+02  8.453E-23  3.933E-13  8.816E-14  3.051E-13
1.738E+02  8.843E-23  4.076E-13  9.139E-14  3.162E-13
1.722E+02  9.251E-23  4.225E-13  9.474E-14  3.278E-13
1.706E+02  9.677E-23  4.379E-13  9.821E-14  3.397E-13
1.690E+02  1.012E-22  4.539E-13  1.018E-13  3.521E-13
1.675E+02  1.059E-22  4.705E-13  1.055E-13  3.650E-13
1.660E+02  1.108E-22  4.877E-13  1.094E-13  3.783E-13
1.644E+02  1.159E-22  5.055E-13  1.134E-13  3.921E-13
1.629E+02  1.212E-22  5.240E-13  1.176E-13  4.064E-13
1.614E+02  1.268E-22  5.431E-13  1.220E-13  4.212E-13
1.600E+02  1.327E-22  5.629E-13  1.264E-13  4.365E-13
1.585E+02  1.388E-22  5.835E-13  1.311E-13  4.524E-13
1.570E+02  1.452E-22  6.048E-13  1.359E-13  4.689E-13
1.556E+02  1.519E-22  6.269E-13  1.410E-13  4.859E-13
1.542E+02  1.589E-22  6.498E-13  1.462E-13  5.036E-13
1.528E+02  1.662E-22  6.735E-13  1.516E-13  5.219E-13
1.514E+02  1.739E-22  6.981E-13  1.572E-13  5.409E-13
1.500E+02  1.819E-22  7.236E-13  1.630E-13  5.606E-13
1.486E+02  1.903E-22  7.501E-13  1.691E-13  5.810E-13
1.472E+02  1.991E-22  7.775E-13  1.753E-13  6.022E-13
1.459E+02  2.083E-22  8.059E-13  1.819E-13  6.241E-13
1.445E+02  2.179E-22  8.354E-13  1.886E-13  6.468E-13
1.432E+02  2.279E-22  8.660E-13  1.957E-13  6.703E-13
1.419E+02  2.385E-22  8.976E-13  2.029E-13  6.947E-13
1.406E+02  2.495E-22  9.305E-13  2.105E-13  7.199E-13
1.393E+02  2.610E-22  9.645E-13  2.184E-13  7.461E-13
1.380E+02  2.730E-22  9.998E-13  2.266E-13  7.732E-13
1.368E+02  2.857E-22  1.036E-12  2.350E-13  8.013E-13
1.355E+02  2.989E-22  1.074E-12  2.438E-13  8.305E-13
1.343E+02  3.127E-22  1.114E-12  2.530E-13  8.606E-13
1.330E+02  3.271E-22  1.154E-12  2.625E-13  8.918E-13
1.318E+02  3.422E-22  1.197E-12  2.724E-13  9.241E-13
1.306E+02  3.580E-22  1.240E-12  2.827E-13  9.576E-13
1.294E+02  3.745E-22  1.286E-12  2.933E-13  9.923E-13
1.282E+02  3.918E-22  1.333E-12  3.044E-13  1.028E-12
1.271E+02  4.099E-22  1.381E-12  3.160E-13  1.065E-12
1.259E+02  4.288E-22  1.432E-12  3.279E-13  1.104E-12
1.247E+02  4.486E-22  1.484E-12  3.404E-13  1.144E-12
1.236E+02  4.693E-22  1.539E-12  3.533E-13  1.185E-12
1.225E+02  4.910E-22  1.595E-12  3.668E-13  1.228E-12
1.213E+02  5.137E-22  1.653E-12  3.808E-13  1.273E-12
1.202E+02  5.374E-22  1.714E-12  3.953E-13  1.319E-12
1.191E+02  5.623E-22  1.777E-12  4.104E-13  1.366E-12
1.180E+02  5.883E-22  1.842E-12  4.262E-13  1.416E-12
1.169E+02  6.154E-22  1.909E-12  4.425E-13  1.467E-12
1.159E+02  6.438E-22  1.979E-12  4.595E-13  1.519E-12
1.148E+02  6.735E-22  2.051E-12  4.771E-13  1.574E-12
1.138E+02  7.046E-22  2.126E-12  4.955E-13  1.631E-12
1.127E+02  7.372E-22  2.204E-12  5.146E-13  1.689E-12
1.117E+02  7.713E-22  2.285E-12  5.345E-13  1.750E-12
1.107E+02  8.070E-22  2.369E-12  5.552E-13  1.814E-12
1.096E+02  8.443E-22  2.456E-12  5.768E-13  1.879E-12
1.086E+02  8.834E-22  2.546E-12  5.992E-13  1.947E-12
1.076E+02  9.243E-22  2.639E-12  6.225E-13  2.017E-12
1.067E+02  9.672E-22  2.736E-12  6.467E-13  2.090E-12
1.057E+02  1.012E-21  2.837E-12  6.719E-13  2.165E-12
1.047E+02  1.059E-21  2.941E-12  6.982E-13  2.243E-12
1.038E+02  1.108E-21  3.050E-12  7.255E-13  2.324E-12
1.028E+02  1.159E-21  3.162E-12  7.539E-13  2.408E-12
1.019E+02  1.213E-21  3.278E-12  7.835E-13  2.494E-12
1.009E+02  1.269E-21  3.398E-12  8.142E-13  2.584E-12
1.000E+02  1.328E-21  3.523E-12  8.463E-13  2.677E-12
9.908E+01  1.390E-21  3.653E-12  8.796E-13  2.773E-12
9.817E+01  1.454E-21  3.787E-12  9.143E-13  2.873E-12
9.727E+01  1.522E-21  3.926E-12  9.504E-13  2.976E-12
9.638E+01  1.592E-21  4.070E-12  9.880E-13  3.082E-12
9.550E+01  1.666E-21  4.220E-12  1.027E-12  3.193E-12
9.462E+01  1.743E-21  4.375E-12  1.068E-12  3.308E-12
9.376E+01  1.824E-21  4.536E-12  1.110E-12  3.426E-12
9.290E+01  1.909E-21  4.703E-12  1.154E-12  3.549E-12
9.204E+01  1.997E-21  4.876E-12  1.200E-12  3.676E-12
9.120E+01  2.090E-21  5.056E-12  1.248E-12  3.808E-12
9.036E+01  2.187E-21  5.242E-12  1.297E-12  3.944E-12
8.954E+01  2.288E-21  5.434E-12  1.349E-12  4.085E-12
8.872E+01  2.394E-21  5.634E-12  1.403E-12  4.231E-12
8.790E+01  2.506E-21  5.842E-12  1.459E-12  4.383E-12
8.710E+01  2.622E-21  6.057E-12  1.517E-12  4.540E-12
8.630E+01  2.744E-21  6.281E-12  1.578E-12  4.702E-12
8.551E+01  2.871E-21  6.512E-12  1.642E-12  4.871E-12
8.472E+01  3.004E-21  6.752E-12  1.708E-12  5.044E-12
8.395E+01  3.144E-21  7.001E-12  1.777E-12  5.224E-12
8.318E+01  3.290E-21  7.258E-12  1.849E-12  5.410E-12
8.241E+01  3.443E-21  7.526E-12  1.924E-12  5.603E-12
8.166E+01  3.603E-21  7.804E-12  2.002E-12  5.802E-12
8.091E+01  3.770E-21  8.092E-12  2.083E-12  6.009E-12
8.017E+01  3.946E-21  8.391E-12  2.168E-12  6.223E-12
7.943E+01  4.129E-21  8.701E-12  2.256E-12  6.445E-12
7.870E+01  4.321E-21  9.022E-12  2.348E-12  6.673E-12
7.798E+01  4.522E-21  9.355E-12  2.445E-12  6.910E-12
7.727E+01  4.733E-21  9.701E-12  2.545E-12  7.156E-12
7.656E+01  4.954E-21  1.006E-11  2.650E-12  7.410E-12
7.586E+01  5.185E-21  1.043E-11  2.759E-12  7.674E-12
7.516E+01  5.426E-21  1.082E-11  2.873E-12  7.946E-12
7.447E+01  5.679E-21  1.122E-11  2.991E-12  8.228E-12
7.379E+01  5.944E-21  1.163E-11  3.115E-12  8.519E-12
7.311E+01  6.221E-21  1.206E-11  3.245E-12  8.820E-12
7.244E+01  6.510E-21  1.251E-11  3.380E-12  9.131E-12
7.178E+01  6.813E-21  1.297E-11  3.521E-12  9.452E-12
7.112E+01  7.131E-21  1.345E-11  3.668E-12  9.784E-12
7.047E+01  7.464E-21  1.395E-11  3.821E-12  1.013E-11
6.982E+01  7.814E-21  1.447E-11  3.982E-12  1.049E-11
6.918E+01  8.180E-21  1.501E-11  4.149E-12  1.086E-11
6.855E+01  8.561E-21  1.557E-11  4.324E-12  1.124E-11
6.792E+01  8.960E-21  1.614E-11  4.507E-12  1.164E-11
6.730E+01  9.379E-21  1.674E-11  4.698E-12  1.204E-11
6.668E+01  9.817E-21  1.736E-11  4.898E-12  1.247E-11
6.607E+01  1.028E-20  1.801E-11  5.106E-12  1.290E-11
6.546E+01  1.076E-20  1.868E-11  5.324E-12  1.336E-11
6.486E+01  1.126E-20  1.938E-11  5.552E-12  1.382E-11
6.427E+01  1.179E-20  2.010E-11  5.791E-12  1.430E-11
6.368E+01  1.234E-20  2.084E-11  6.040E-12  1.480E-11
6.310E+01  1.292E-20  2.162E-11  6.300E-12  1.532E-11
6.252E+01  1.352E-20  2.243E-11  6.573E-12  1.585E-11
6.194E+01  1.416E-20  2.327E-11  6.858E-12  1.641E-11
6.138E+01  1.483E-20  2.414E-11  7.157E-12  1.698E-11
6.081E+01  1.552E-20  2.504E-11  7.469E-12  1.757E-11
6.026E+01  1.625E-20  2.598E-11  7.796E-12  1.818E-11
5.970E+01  1.702E-20  2.695E-11  8.138E-12  1.881E-11
5.916E+01  1.782E-20  2.796E-11  8.496E-12  1.946E-11
5.861E+01  1.865E-20  2.900E-11  8.871E-12  2.013E-11
5.808E+01  1.953E-20  3.008E-11  9.263E-12  2.082E-11
5.754E+01  2.045E-20  3.121E-11  9.674E-12  2.154E-11
5.702E+01  2.141E-20  3.238E-11  1.010E-11  2.227E-11
5.649E+01  2.241E-20  3.359E-11  1.056E-11  2.303E-11
5.598E+01  2.347E-20  3.485E-11  1.103E-11  2.382E-11
5.546E+01  2.458E-20  3.616E-11  1.152E-11  2.464E-11
5.495E+01  2.574E-20  3.752E-11  1.204E-11  2.548E-11
5.445E+01  2.696E-20  3.893E-11  1.259E-11  2.635E-11
5.395E+01  2.823E-20  4.040E-11  1.316E-11  2.725E-11
5.346E+01  2.957E-20  4.193E-11  1.375E-11  2.817E-11
5.297E+01  3.097E-20  4.351E-11  1.438E-11  2.913E-11
5.248E+01  3.243E-20  4.515E-11  1.504E-11  3.011E-11
5.200E+01  3.397E-20  4.686E-11  1.572E-11  3.113E-11
5.152E+01  3.558E-20  4.863E-11  1.645E-11  3.218E-11
5.105E+01  3.727E-20  5.046E-11  1.720E-11  3.326E-11
5.058E+01  3.903E-20  5.237E-11  1.800E-11  3.437E-11
5.012E+01  4.088E-20  5.435E-11  1.883E-11  3.552E-11
4.966E+01  4.282E-20  5.641E-11  1.970E-11  3.671E-11
4.920E+01  4.485E-20  5.854E-11  2.062E-11  3.792E-11
4.875E+01  4.698E-20  6.076E-11  2.158E-11  3.918E-11
4.831E+01  4.921E-20  6.306E-11  2.258E-11  4.048E-11
4.786E+01  5.155E-20  6.545E-11  2.364E-11  4.181E-11
4.742E+01  5.400E-20  6.793E-11  2.474E-11  4.319E-11
4.699E+01  5.657E-20  7.051E-11  2.590E-11  4.461E-11
4.656E+01  5.926E-20  7.318E-11  2.711E-11  4.607E-11
4.613E+01  6.208E-20  7.596E-11  2.838E-11  4.758E-11
4.571E+01  6.503E-20  7.884E-11  2.971E-11  4.913E-11
4.529E+01  6.812E-20  8.184E-11  3.110E-11  5.074E-11
4.487E+01  7.137E-20  8.495E-11  3.256E-11  5.239E-11
4.446E+01  7.476E-20  8.818E-11  3.408E-11  5.410E-11
4.406E+01  7.832E-20  9.153E-11  3.567E-11  5.585E-11
4.365E+01  8.204E-20  9.500E-11  3.734E-11  5.766E-11
4.325E+01  8.594E-20  9.860E-11  3.907E-11  5.952E-11
4.285E+01  9.001E-20  1.023E-10  4.089E-11  6.144E-11
4.246E+01  9.427E-20  1.062E-10  4.278E-11  6.341E-11
4.207E+01  9.873E-20  1.102E-10  4.474E-11  6.544E-11
4.169E+01  1.034E-19  1.143E-10  4.679E-11  6.752E-11
4.130E+01  1.082E-19  1.186E-10  4.892E-11  6.967E-11
4.093E+01  1.133E-19  1.230E-10  5.113E-11  7.187E-11
4.055E+01  1.186E-19  1.275E-10  5.341E-11  7.412E-11
4.018E+01  1.241E-19  1.322E-10  5.578E-11  7.644E-11
3.981E+01  1.298E-19  1.371E-10  5.824E-11  7.883E-11
3.945E+01  1.357E-19  1.420E-10  6.076E-11  8.127E-11
3.908E+01  1.419E-19  1.472E-10  6.337E-11  8.379E-11
3.873E+01  1.484E-19  1.524E-10  6.604E-11  8.637E-11
3.837E+01  1.550E-19  1.578E-10  6.879E-11  8.902E-11
3.802E+01  1.620E-19  1.633E-10  7.160E-11  9.173E-11
3.767E+01  1.691E-19  1.690E-10  7.447E-11  9.452E-11
3.733E+01  1.765E-19  1.747E-10  7.739E-11  9.733E-11
3.698E+01  1.840E-19  1.805E-10  8.035E-11  1.002E-10
3.664E+01  1.918E-19  1.865E-10  8.334E-11  1.031E-10
3.631E+01  1.999E-19  1.925E-10  8.636E-11  1.062E-10
3.597E+01  2.082E-19  1.987E-10  8.939E-11  1.093E-10
3.565E+01  2.167E-19  2.049E-10  9.241E-11  1.125E-10
3.532E+01  2.254E-19  2.112E-10  9.543E-11  1.158E-10
3.499E+01  2.344E-19  2.176E-10  9.842E-11  1.192E-10
3.467E+01  2.435E-19  2.240E-10  1.014E-10  1.226E-10
3.436E+01  2.529E-19  2.304E-10  1.042E-10  1.262E-10
3.404E+01  2.624E-19  2.369E-10  1.071E-10  1.299E-10
3.373E+01  2.721E-19  2.434E-10  1.098E-10  1.336E-10
3.342E+01  2.820E-19  2.500E-10  1.124E-10  1.375E-10
3.311E+01  2.921E-19  2.565E-10  1.149E-10  1.416E-10
3.281E+01  3.023E-19  2.631E-10  1.173E-10  1.458E-10
3.251E+01  3.127E-19  2.696E-10  1.195E-10  1.501E-10
3.221E+01  3.231E-19  2.761E-10  1.216E-10  1.545E-10
3.192E+01  3.338E-19  2.826E-10  1.235E-10  1.591E-10
3.162E+01  3.445E-19  2.890E-10  1.252E-10  1.638E-10
3.133E+01  3.553E-19  2.953E-10  1.268E-10  1.686E-10
3.105E+01  3.663E-19  3.016E-10  1.281E-10  1.735E-10
3.076E+01  3.774E-19  3.079E-10  1.293E-10  1.786E-10
3.048E+01  3.885E-19  3.141E-10  1.303E-10  1.839E-10
3.020E+01  3.999E-19  3.203E-10  1.310E-10  1.893E-10
2.992E+01  4.113E-19  3.264E-10  1.316E-10  1.948E-10
2.965E+01  4.228E-19  3.325E-10  1.321E-10  2.004E-10
2.938E+01  4.344E-19  3.385E-10  1.323E-10  2.062E-10
2.911E+01  4.462E-19  3.445E-10  1.324E-10  2.121E-10
2.884E+01  4.581E-19  3.505E-10  1.323E-10  2.182E-10
2.858E+01  4.703E-19  3.565E-10  1.321E-10  2.244E-10
2.831E+01  4.827E-19  3.625E-10  1.317E-10  2.308E-10
2.805E+01  4.953E-19  3.686E-10  1.312E-10  2.373E-10
2.780E+01  5.082E-19  3.747E-10  1.306E-10  2.441E-10
2.754E+01  5.213E-19  3.809E-10  1.299E-10  2.510E-10
2.729E+01  5.349E-19  3.872E-10  1.291E-10  2.581E-10
2.704E+01  5.488E-19  3.936E-10  1.282E-10  2.654E-10
2.679E+01  5.630E-19  4.001E-10  1.273E-10  2.728E-10
2.655E+01  5.777E-19  4.068E-10  1.263E-10  2.805E-10
2.630E+01  5.928E-19  4.136E-10  1.253E-10  2.884E-10
2.606E+01  6.084E-19  4.206E-10  1.242E-10  2.964E-10
2.582E+01  6.245E-19  4.278E-10  1.231E-10  3.047E-10
2.559E+01  6.411E-19  4.351E-10  1.220E-10  3.132E-10
2.535E+01  6.583E-19  4.427E-10  1.208E-10  3.219E-10
2.512E+01  6.761E-19  4.505E-10  1.197E-10  3.308E-10
2.489E+01  6.944E-19  4.584E-10  1.186E-10  3.399E-10
2.466E+01  7.132E-19  4.665E-10  1.174E-10  3.491E-10
2.443E+01  7.327E-19  4.749E-10  1.163E-10  3.585E-10
2.421E+01  7.526E-19  4.833E-10  1.153E-10  3.680E-10
2.399E+01  7.728E-19  4.917E-10  1.142E-10  3.775E-10
2.377E+01  7.940E-19  5.006E-10  1.132E-10  3.874E-10
2.355E+01  8.166E-19  5.101E-10  1.122E-10  3.979E-10
2.333E+01  8.396E-19  5.197E-10  1.112E-10  4.085E-10
2.312E+01  8.624E-19  5.289E-10  1.103E-10  4.186E-10
2.291E+01  8.864E-19  5.386E-10  1.094E-10  4.292E-10
2.270E+01  9.124E-19  5.493E-10  1.086E-10  4.407E-10
2.249E+01  9.402E-19  5.609E-10  1.078E-10  4.531E-10
2.228E+01  9.696E-19  5.731E-10  1.071E-10  4.660E-10
2.208E+01  9.995E-19  5.854E-10  1.064E-10  4.790E-10
2.188E+01  1.029E-18  5.971E-10  1.058E-10  4.913E-10
2.168E+01  1.059E-18  6.087E-10  1.053E-10  5.034E-10
2.148E+01  1.089E-18  6.206E-10  1.048E-10  5.157E-10
2.128E+01  1.122E-18  6.334E-10  1.044E-10  5.289E-10
2.109E+01  1.157E-18  6.471E-10  1.041E-10  5.430E-10
2.089E+01  1.192E-18  6.608E-10  1.038E-10  5.571E-10
2.070E+01  1.228E-18  6.744E-10  1.036E-10  5.709E-10
2.051E+01  1.265E-18  6.880E-10  1.034E-10  5.846E-10
2.032E+01  1.303E-18  7.025E-10  1.033E-10  5.992E-10
2.014E+01  1.347E-18  7.196E-10  1.033E-10  6.163E-10
1.995E+01  1.392E-18  7.368E-10  1.034E-10  6.334E-10
1.977E+01  1.438E-18  7.538E-10  1.036E-10  6.503E-10
1.959E+01  1.482E-18  7.700E-10  1.038E-10  6.662E-10
1.941E+01  1.525E-18  7.852E-10  1.042E-10  6.810E-10
1.923E+01  1.567E-18  7.992E-10  1.048E-10  6.944E-10
1.905E+01  1.607E-18  8.122E-10  1.061E-10  7.061E-10
1.888E+01  1.644E-18  8.235E-10  1.073E-10  7.162E-10
1.871E+01  1.675E-18  8.310E-10  1.067E-10  7.242E-10
1.854E+01  1.703E-18  8.371E-10  1.070E-10  7.301E-10
1.837E+01  1.728E-18  8.416E-10  1.077E-10  7.339E-10
1.820E+01  1.749E-18  8.443E-10  1.089E-10  7.354E-10
1.803E+01  1.769E-18  8.459E-10  1.107E-10  7.351E-10
1.786E+01  1.786E-18  8.462E-10  1.135E-10  7.328E-10
1.770E+01  1.795E-18  8.430E-10  1.148E-10  7.282E-10
1.754E+01  1.803E-18  8.390E-10  1.179E-10  7.211E-10
1.738E+01  1.814E-18  8.363E-10  1.240E-10  7.122E-10
1.722E+01  1.809E-18  8.265E-10  1.249E-10  7.016E-10
1.706E+01  1.805E-18  8.170E-10  1.266E-10  6.904E-10
1.690E+01  1.795E-18  8.051E-10  1.271E-10  6.780E-10
1.675E+01  1.781E-18  7.913E-10  1.267E-10  6.646E-10
1.660E+01  1.768E-18  7.785E-10  1.290E-10  6.495E-10
1.644E+01  1.769E-18  7.714E-10  1.377E-10  6.338E-10
1.629E+01  1.723E-18  7.445E-10  1.271E-10  6.174E-10
1.614E+01  1.692E-18  7.246E-10  1.235E-10  6.011E-10
1.600E+01  1.669E-18  7.080E-10  1.232E-10  5.848E-10
1.585E+01  1.646E-18  6.921E-10  1.235E-10  5.686E-10
1.570E+01  1.623E-18  6.761E-10  1.237E-10  5.524E-10
1.556E+01  1.601E-18  6.609E-10  1.243E-10  5.366E-10
1.542E+01  1.581E-18  6.464E-10  1.253E-10  5.212E-10
1.528E+01  1.561E-18  6.327E-10  1.264E-10  5.063E-10
1.514E+01  1.543E-18  6.197E-10  1.277E-10  4.920E-10
1.500E+01  1.528E-18  6.078E-10  1.291E-10  4.787E-10
1.486E+01  1.513E-18  5.963E-10  1.307E-10  4.655E-10
1.472E+01  1.499E-18  5.853E-10  1.326E-10  4.527E-10
1.459E+01  1.487E-18  5.755E-10  1.349E-10  4.406E-10
1.445E+01  1.483E-18  5.687E-10  1.380E-10  4.307E-10
1.432E+01  1.490E-18  5.660E-10  1.429E-10  4.230E-10
1.419E+01  1.506E-18  5.670E-10  1.484E-10  4.186E-10
1.406E+01  1.519E-18  5.664E-10  1.487E-10  4.176E-10
1.393E+01  1.545E-18  5.711E-10  1.501E-10  4.210E-10
1.380E+01  1.591E-18  5.826E-10  1.545E-10  4.281E-10
1.368E+01  1.658E-18  6.015E-10  1.622E-10  4.393E-10
1.355E+01  1.738E-18  6.249E-10  1.716E-10  4.533E-10
1.343E+01  1.812E-18  6.454E-10  1.761E-10  4.693E-10
1.330E+01  1.874E-18  6.612E-10  1.751E-10  4.861E-10
1.318E+01  1.944E-18  6.798E-10  1.759E-10  5.040E-10
1.306E+01  2.031E-18  7.037E-10  1.818E-10  5.219E-10
1.294E+01  2.142E-18  7.353E-10  1.945E-10  5.408E-10
1.282E+01  2.287E-18  7.780E-10  2.159E-10  5.621E-10
1.271E+01  2.456E-18  8.278E-10  2.432E-10  5.847E-10
1.259E+01  2.585E-18  8.632E-10  2.552E-10  6.079E-10
1.247E+01  2.640E-18  8.736E-10  2.422E-10  6.314E-10
1.236E+01  2.693E-18  8.829E-10  2.280E-10  6.548E-10
1.225E+01  2.778E-18  9.025E-10  2.252E-10  6.773E-10
1.213E+01  2.906E-18  9.353E-10  2.334E-10  7.019E-10
1.202E+01  3.052E-18  9.734E-10  2.441E-10  7.293E-10
1.191E+01  3.168E-18  1.001E-09  2.439E-10  7.570E-10
1.180E+01  3.265E-18  1.022E-09  2.374E-10  7.849E-10
1.169E+01  3.388E-18  1.051E-09  2.389E-10  8.121E-10
1.159E+01  3.562E-18  1.095E-09  2.586E-10  8.364E-10
1.148E+01  3.881E-18  1.182E-09  3.217E-10  8.603E-10
1.138E+01  4.220E-18  1.274E-09  3.873E-10  8.863E-10
1.127E+01  4.643E-18  1.388E-09  4.746E-10  9.136E-10
1.117E+01  4.476E-18  1.326E-09  3.832E-10  9.427E-10
1.107E+01  4.241E-18  1.245E-09  2.725E-10  9.723E-10
1.096E+01  4.257E-18  1.238E-09  2.376E-10  1.000E-09
1.086E+01  4.348E-18  1.253E-09  2.231E-10  1.030E-09
1.076E+01  4.484E-18  1.280E-09  2.170E-10  1.063E-09
1.067E+01  4.648E-18  1.315E-09  2.148E-10  1.100E-09
1.057E+01  4.829E-18  1.354E-09  2.133E-10  1.141E-09
1.047E+01  5.012E-18  1.392E-09  2.136E-10  1.179E-09
1.038E+01  5.173E-18  1.424E-09  2.151E-10  1.209E-09
1.028E+01  5.303E-18  1.446E-09  2.175E-10  1.229E-09
1.019E+01  5.404E-18  1.460E-09  2.204E-10  1.240E-09
1.009E+01  5.491E-18  1.470E-09  2.239E-10  1.246E-09
1.000E+01  5.577E-18  1.479E-09  2.280E-10  1.251E-09
9.908E+00  5.674E-18  1.491E-09  2.325E-10  1.259E-09
9.817E+00  5.778E-18  1.505E-09  2.377E-10  1.267E-09
9.727E+00  5.887E-18  1.519E-09  2.435E-10  1.275E-09
9.638E+00  5.992E-18  1.532E-09  2.501E-10  1.282E-09
9.550E+00  6.066E-18  1.537E-09  2.576E-10  1.279E-09
9.462E+00  6.092E-18  1.529E-09  2.663E-10  1.263E-09
9.376E+00  6.060E-18  1.507E-09  2.764E-10  1.231E-09
9.290E+00  5.963E-18  1.469E-09  2.884E-10  1.181E-09
9.204E+00  5.809E-18  1.418E-09  3.031E-10  1.115E-09
9.120E+00  5.618E-18  1.359E-09  3.216E-10  1.037E-09
9.036E+00  5.419E-18  1.299E-09  3.462E-10  9.527E-10
8.954E+00  5.254E-18  1.248E-09  3.805E-10  8.674E-10
8.872E+00  5.177E-18  1.218E-09  4.316E-10  7.868E-10
8.790E+00  5.255E-18  1.225E-09  5.120E-10  7.133E-10
8.710E+00  5.547E-18  1.281E-09  6.330E-10  6.485E-10
8.630E+00  5.865E-18  1.343E-09  7.506E-10  5.921E-10
8.551E+00  5.715E-18  1.296E-09  7.536E-10  5.426E-10
8.472E+00  5.309E-18  1.193E-09  6.963E-10  4.967E-10
8.395E+00  5.058E-18  1.126E-09  6.756E-10  4.508E-10
8.318E+00  4.966E-18  1.096E-09  6.929E-10  4.027E-10
8.241E+00  4.984E-18  1.090E-09  7.370E-10  3.526E-10
8.166E+00  5.176E-18  1.121E-09  8.191E-10  3.020E-10
8.091E+00  5.667E-18  1.216E-09  9.595E-10  2.567E-10
8.017E+00  6.547E-18  1.392E-09  1.176E-09  2.166E-10
7.943E+00  7.787E-18  1.641E-09  1.459E-09  1.822E-10
7.870E+00  8.948E-18  1.868E-09  1.715E-09  1.529E-10
7.798E+00  9.448E-18  1.954E-09  1.826E-09  1.283E-10
7.727E+00  9.618E-18  1.971E-09  1.863E-09  1.082E-10
7.656E+00  1.002E-17  2.035E-09  1.943E-09  9.202E-11
7.586E+00  9.949E-18  2.002E-09  1.923E-09  7.910E-11
7.516E+00  8.722E-18  1.739E-09  1.670E-09  6.922E-11
7.447E+00  7.269E-18  1.436E-09  1.374E-09  6.187E-11
7.379E+00  6.189E-18  1.211E-09  1.155E-09  5.618E-11
7.311E+00  5.443E-18  1.056E-09  1.004E-09  5.205E-11
7.244E+00  4.900E-18  9.416E-10  8.929E-10  4.878E-11
7.178E+00  4.487E-18  8.542E-10  8.082E-10  4.604E-11
7.112E+00  4.173E-18  7.872E-10  7.433E-10  4.393E-11
7.047E+00  3.947E-18  7.378E-10  6.957E-10  4.218E-11
6.982E+00  3.806E-18  7.049E-10  6.643E-10  4.052E-11
6.918E+00  3.750E-18  6.881E-10  6.491E-10  3.904E-11
6.855E+00  3.776E-18  6.866E-10  6.489E-10  3.763E-11
6.792E+00  3.863E-18  6.961E-10  6.598E-10  3.626E-11
6.730E+00  3.955E-18  7.060E-10  6.710E-10  3.494E-11
6.668E+00  3.977E-18  7.034E-10  6.698E-10  3.365E-11
6.607E+00  3.926E-18  6.880E-10  6.556E-10  3.238E-11
6.546E+00  3.891E-18  6.757E-10  6.445E-10  3.112E-11
6.486E+00  3.996E-18  6.875E-10  6.576E-10  2.989E-11
6.427E+00  4.389E-18  7.482E-10  7.195E-10  2.868E-11
6.368E+00  5.353E-18  9.042E-10  8.767E-10  2.749E-11
6.310E+00  7.474E-18  1.251E-09  1.225E-09  2.632E-11
6.252E+00  1.101E-17  1.825E-09  1.800E-09  2.517E-11
6.194E+00  1.130E-17  1.857E-09  1.833E-09  2.404E-11
6.138E+00  7.730E-18  1.258E-09  1.236E-09  2.292E-11
6.081E+00  5.295E-18  8.541E-10  8.323E-10  2.184E-11
6.026E+00  4.091E-18  6.539E-10  6.331E-10  2.080E-11
5.970E+00  3.485E-18  5.519E-10  5.321E-10  1.980E-11
5.916E+00  3.176E-18  4.984E-10  4.795E-10  1.883E-11
5.861E+00  3.053E-18  4.747E-10  4.568E-10  1.791E-11
5.808E+00  3.098E-18  4.772E-10  4.602E-10  1.703E-11
5.754E+00  3.318E-18  5.064E-10  4.902E-10  1.619E-11
5.702E+00  3.487E-18  5.274E-10  5.120E-10  1.539E-11
5.649E+00  3.222E-18  4.828E-10  4.682E-10  1.462E-11
5.598E+00  2.861E-18  4.248E-10  4.109E-10  1.388E-11
5.546E+00  2.641E-18  3.885E-10  3.753E-10  1.318E-11
5.495E+00  2.530E-18  3.688E-10  3.563E-10  1.251E-11
5.445E+00  2.491E-18  3.597E-10  3.479E-10  1.187E-11
5.395E+00  2.517E-18  3.603E-10  3.490E-10  1.125E-11
5.346E+00  2.631E-18  3.731E-10  3.624E-10  1.067E-11
5.297E+00  2.811E-18  3.949E-10  3.848E-10  1.011E-11
5.248E+00  2.803E-18  3.902E-10  3.806E-10  9.578E-12
5.200E+00  2.579E-18  3.558E-10  3.467E-10  9.070E-12
5.152E+00  2.403E-18  3.284E-10  3.198E-10  8.585E-12
5.105E+00  2.302E-18  3.117E-10  3.035E-10  8.122E-12
5.058E+00  2.242E-18  3.008E-10  2.932E-10  7.681E-12
5.012E+00  2.204E-18  2.930E-10  2.857E-10  7.261E-12
4.966E+00  2.176E-18  2.866E-10  2.798E-10  6.861E-12
4.920E+00  2.154E-18  2.812E-10  2.747E-10  6.480E-12
4.875E+00  2.137E-18  2.763E-10  2.702E-10  6.116E-12
4.831E+00  2.121E-18  2.718E-10  2.660E-10  5.768E-12
4.786E+00  2.107E-18  2.676E-10  2.621E-10  5.437E-12
4.742E+00  2.095E-18  2.635E-10  2.584E-10  5.122E-12
4.699E+00  2.083E-18  2.596E-10  2.548E-10  4.822E-12
4.656E+00  2.071E-18  2.558E-10  2.512E-10  4.536E-12
4.613E+00  2.059E-18  2.520E-10  2.477E-10  4.264E-12
4.571E+00  2.048E-18  2.483E-10  2.443E-10  4.006E-12
4.529E+00  2.036E-18  2.446E-10  2.408E-10  3.760E-12
4.487E+00  2.024E-18  2.409E-10  2.374E-10  3.527E-12
4.446E+00  2.012E-18  2.372E-10  2.339E-10  3.306E-12
4.406E+00  1.999E-18  2.336E-10  2.305E-10  3.096E-12
4.365E+00  1.986E-18  2.299E-10  2.270E-10  2.898E-12
4.325E+00  1.972E-18  2.262E-10  2.235E-10  2.711E-12
4.285E+00  1.958E-18  2.225E-10  2.200E-10  2.533E-12
4.246E+00  1.943E-18  2.188E-10  2.165E-10  2.364E-12
4.207E+00  1.928E-18  2.151E-10  2.129E-10  2.205E-12
4.169E+00  1.912E-18  2.114E-10  2.094E-10  2.055E-12
4.130E+00  1.896E-18  2.077E-10  2.058E-10  1.913E-12
4.093E+00  1.878E-18  2.039E-10  2.021E-10  1.778E-12
4.055E+00  1.861E-18  2.002E-10  1.985E-10  1.651E-12
4.018E+00  1.843E-18  1.964E-10  1.949E-10  1.532E-12
3.981E+00  1.824E-18  1.926E-10  1.912E-10  1.419E-12
3.945E+00  1.805E-18  1.888E-10  1.875E-10  1.314E-12
3.908E+00  1.785E-18  1.851E-10  1.839E-10  1.215E-12
3.873E+00  1.765E-18  1.813E-10  1.802E-10  1.123E-12
3.837E+00  1.745E-18  1.776E-10  1.765E-10  1.036E-12
3.802E+00  1.724E-18  1.739E-10  1.729E-10  9.555E-13
3.767E+00  1.703E-18  1.702E-10  1.693E-10  8.802E-13
3.733E+00  1.682E-18  1.666E-10  1.658E-10  8.100E-13
3.698E+00  1.662E-18  1.630E-10  1.623E-10  7.446E-13
3.664E+00  1.641E-18  1.595E-10  1.588E-10  6.837E-13
3.631E+00  1.621E-18  1.561E-10  1.555E-10  6.271E-13
3.597E+00  1.602E-18  1.529E-10  1.523E-10  5.746E-13
3.565E+00  1.584E-18  1.498E-10  1.493E-10  5.259E-13
3.532E+00  1.570E-18  1.471E-10  1.466E-10  4.808E-13
3.499E+00  1.560E-18  1.448E-10  1.443E-10  4.391E-13
3.467E+00  1.559E-18  1.434E-10  1.430E-10  4.005E-13
3.436E+00  1.575E-18  1.436E-10  1.432E-10  3.648E-13
3.404E+00  1.633E-18  1.475E-10  1.471E-10  3.320E-13
3.373E+00  1.807E-18  1.616E-10  1.613E-10  3.017E-13
3.342E+00  2.444E-18  2.167E-10  2.164E-10  2.738E-13
3.311E+00  5.731E-18  5.034E-10  5.031E-10  2.482E-13
3.281E+00  4.309E-18  3.750E-10  3.748E-10  2.247E-13
3.251E+00  2.079E-18  1.793E-10  1.791E-10  2.031E-13
3.221E+00  1.589E-18  1.358E-10  1.356E-10  1.833E-13
3.192E+00  1.408E-18  1.192E-10  1.191E-10  1.652E-13
3.162E+00  1.313E-18  1.102E-10  1.100E-10  1.488E-13
3.133E+00  1.251E-18  1.039E-10  1.038E-10  1.338E-13
3.105E+00  1.202E-18  9.902E-11  9.890E-11  1.202E-13
3.076E+00  1.162E-18  9.481E-11  9.470E-11  1.079E-13
3.048E+00  1.126E-18  9.103E-11  9.094E-11  9.672E-14
3.020E+00  1.093E-18  8.754E-11  8.745E-11  8.660E-14
2.992E+00  1.061E-18  8.424E-11  8.417E-11  7.745E-14
2.965E+00  1.031E-18  8.110E-11  8.103E-11  6.917E-14
2.938E+00  1.002E-18  7.809E-11  7.803E-11  6.169E-14
2.911E+00  9.738E-19  7.519E-11  7.513E-11  5.495E-14
2.884E+00  9.461E-19  7.238E-11  7.233E-11  4.888E-14
2.858E+00  9.190E-19  6.966E-11  6.961E-11  4.342E-14
2.831E+00  8.923E-19  6.702E-11  6.698E-11  3.852E-14
2.805E+00  8.662E-19  6.446E-11  6.442E-11  3.412E-14
2.780E+00  8.405E-19  6.197E-11  6.194E-11  3.019E-14
2.754E+00  8.152E-19  5.956E-11  5.953E-11  2.667E-14
2.729E+00  7.904E-19  5.722E-11  5.719E-11  2.353E-14
2.704E+00  7.660E-19  5.494E-11  5.492E-11  2.073E-14
2.679E+00  7.421E-19  5.274E-11  5.272E-11  1.823E-14
2.655E+00  7.186E-19  5.060E-11  5.058E-11  1.601E-14
2.630E+00  6.955E-19  4.853E-11  4.851E-11  1.405E-14
2.606E+00  6.729E-19  4.652E-11  4.650E-11  1.230E-14
2.582E+00  6.507E-19  4.457E-11  4.456E-11  1.076E-14
2.559E+00  6.290E-19  4.269E-11  4.268E-11  9.394E-15
2.535E+00  6.077E-19  4.087E-11  4.086E-11  8.191E-15
2.512E+00  5.870E-19  3.911E-11  3.910E-11  7.131E-15
2.489E+00  5.666E-19  3.741E-11  3.740E-11  6.198E-15
2.466E+00  5.467E-19  3.576E-11  3.576E-11  5.380E-15
2.443E+00  5.272E-19  3.417E-11  3.417E-11  4.663E-15
2.421E+00  5.083E-19  3.264E-11  3.264E-11  4.035E-15
2.399E+00  4.899E-19  3.117E-11  3.117E-11  3.485E-15
2.377E+00  4.720E-19  2.976E-11  2.975E-11  3.006E-15
2.355E+00  4.546E-19  2.840E-11  2.840E-11  2.588E-15
2.333E+00  4.377E-19  2.709E-11  2.709E-11  2.224E-15
2.312E+00  4.213E-19  2.584E-11  2.584E-11  1.909E-15
2.291E+00  4.054E-19  2.464E-11  2.463E-11  1.635E-15
2.270E+00  3.900E-19  2.348E-11  2.348E-11  1.398E-15
2.249E+00  3.750E-19  2.237E-11  2.237E-11  1.194E-15
2.228E+00  3.604E-19  2.131E-11  2.130E-11  1.017E-15
2.208E+00  3.463E-19  2.028E-11  2.028E-11  8.654E-16
2.188E+00  3.326E-19  1.930E-11  1.930E-11  7.349E-16
2.168E+00  3.192E-19  1.836E-11  1.835E-11  6.230E-16
2.148E+00  3.062E-19  1.745E-11  1.745E-11  5.272E-16
2.128E+00  2.936E-19  1.657E-11  1.657E-11  4.453E-16
2.109E+00  2.812E-19  1.573E-11  1.573E-11  3.755E-16
2.089E+00  2.690E-19  1.491E-11  1.491E-11  3.161E-16
2.070E+00  2.571E-19  1.412E-11  1.412E-11  2.655E-16
2.051E+00  2.454E-19  1.335E-11  1.335E-11  2.226E-16
2.032E+00  2.337E-19  1.260E-11  1.260E-11  1.863E-16
2.014E+00  2.221E-19  1.186E-11  1.186E-11  1.556E-16
1.995E+00  2.105E-19  1.114E-11  1.114E-11  1.297E-16
1.977E+00  1.988E-19  1.043E-11  1.043E-11  1.080E-16
1.959E+00  1.874E-19  9.738E-12  9.737E-12  8.965E-17
1.941E+00  1.766E-19  9.094E-12  9.094E-12  7.430E-17
1.923E+00  1.673E-19  8.535E-12  8.535E-12  6.145E-17
1.905E+00  1.602E-19  8.096E-12  8.096E-12  5.073E-17
1.888E+00  1.553E-19  7.779E-12  7.779E-12  4.179E-17
1.871E+00  1.520E-19  7.544E-12  7.544E-12  3.436E-17
1.854E+00  1.492E-19  7.336E-12  7.336E-12  2.819E-17
1.837E+00  1.462E-19  7.121E-12  7.121E-12  2.308E-17
1.820E+00  1.427E-19  6.887E-12  6.887E-12  1.885E-17
1.803E+00  1.388E-19  6.638E-12  6.638E-12  1.537E-17
1.786E+00  1.346E-19  6.377E-12  6.377E-12  1.251E-17
1.770E+00  1.302E-19  6.112E-12  6.112E-12  1.016E-17
1.754E+00  1.257E-19  5.848E-12  5.848E-12  8.229E-18
1.738E+00  1.212E-19  5.588E-12  5.588E-12  6.653E-18
1.722E+00  1.168E-19  5.333E-12  5.333E-12  5.368E-18
1.706E+00  1.124E-19  5.086E-12  5.086E-12  4.321E-18
1.690E+00  1.081E-19  4.848E-12  4.848E-12  3.471E-18
1.675E+00  1.039E-19  4.618E-12  4.618E-12  2.781E-18
1.660E+00  9.990E-20  4.398E-12  4.398E-12  2.224E-18
1.644E+00  9.598E-20  4.186E-12  4.186E-12  1.774E-18
1.629E+00  9.218E-20  3.984E-12  3.984E-12  1.412E-18
1.614E+00  8.851E-20  3.790E-12  3.790E-12  1.121E-18
1.600E+00  8.498E-20  3.606E-12  3.606E-12  8.883E-19
1.585E+00  8.159E-20  3.430E-12  3.430E-12  7.020E-19
1.570E+00  7.832E-20  3.263E-12  3.263E-12  5.535E-19
1.556E+00  7.519E-20  3.103E-12  3.103E-12  4.353E-19
1.542E+00  7.219E-20  2.952E-12  2.952E-12  3.415E-19
1.528E+00  6.932E-20  2.809E-12  2.809E-12  2.673E-19
1.514E+00  6.658E-20  2.673E-12  2.673E-12  2.087E-19
1.500E+00  6.396E-20  2.544E-12  2.544E-12  1.625E-19
1.486E+00  6.148E-20  2.423E-12  2.423E-12  1.262E-19
1.472E+00  5.912E-20  2.309E-12  2.309E-12  9.781E-20
1.459E+00  5.688E-20  2.201E-12  2.201E-12  7.560E-20
1.445E+00  5.479E-20  2.101E-12  2.101E-12  5.829E-20
1.432E+00  5.282E-20  2.007E-12  2.007E-12  4.483E-20
1.419E+00  5.099E-20  1.919E-12  1.919E-12  3.439E-20
1.406E+00  4.930E-20  1.839E-12  1.839E-12  2.631E-20
1.393E+00  4.775E-20  1.765E-12  1.765E-12  2.008E-20
1.380E+00  4.635E-20  1.697E-12  1.697E-12  1.529E-20
1.368E+00  4.511E-20  1.637E-12  1.637E-12  1.160E-20
1.355E+00  4.403E-20  1.583E-12  1.583E-12  8.785E-21
1.343E+00  4.311E-20  1.535E-12  1.535E-12  6.634E-21
1.330E+00  4.232E-20  1.493E-12  1.493E-12  4.996E-21
1.318E+00  4.161E-20  1.455E-12  1.455E-12  3.753E-21
1.306E+00  4.090E-20  1.417E-12  1.417E-12  2.811E-21
1.294E+00  4.002E-20  1.374E-12  1.374E-12  2.101E-21
1.282E+00  3.877E-20  1.319E-12  1.319E-12  1.566E-21
1.271E+00  3.693E-20  1.245E-12  1.245E-12  1.164E-21
1.259E+00  3.445E-20  1.151E-12  1.151E-12  8.628E-22
1.247E+00  3.148E-20  1.042E-12  1.042E-12  6.380E-22
1.236E+00  2.833E-20  9.287E-13  9.287E-13  4.707E-22
1.225E+00  2.531E-20  8.223E-13  8.223E-13  3.463E-22
1.213E+00  2.264E-20  7.287E-13  7.287E-13  2.541E-22
1.202E+00  2.037E-20  6.495E-13  6.495E-13  1.860E-22
1.191E+00  1.848E-20  5.838E-13  5.838E-13  1.358E-22
1.180E+00  1.691E-20  5.295E-13  5.295E-13  9.884E-23
1.169E+00  1.562E-20  4.844E-13  4.844E-13  7.177E-23
1.159E+00  1.454E-20  4.468E-13  4.468E-13  5.198E-23
1.148E+00  1.364E-20  4.153E-13  4.153E-13  3.755E-23
1.138E+00  1.289E-20  3.890E-13  3.890E-13  2.705E-23
1.127E+00  1.229E-20  3.675E-13  3.675E-13  1.944E-23
1.117E+00  1.184E-20  3.506E-13  3.506E-13  1.394E-23
1.107E+00  1.153E-20  3.385E-13  3.385E-13  9.967E-24
1.096E+00  1.140E-20  3.316E-13  3.316E-13  7.110E-24
1.086E+00  1.148E-20  3.307E-13  3.307E-13  5.060E-24
1.076E+00  1.177E-20  3.362E-13  3.362E-13  3.592E-24
1.067E+00  1.221E-20  3.455E-13  3.455E-13  2.544E-24
1.057E+00  1.243E-20  3.486E-13  3.486E-13  1.797E-24
1.047E+00  1.196E-20  3.322E-13  3.322E-13  1.267E-24
1.038E+00  1.094E-20  3.011E-13  3.011E-13  8.913E-25
1.028E+00  1.005E-20  2.742E-13  2.742E-13  6.256E-25
1.019E+00  9.600E-21  2.594E-13  2.594E-13  4.382E-25
1.009E+00  9.514E-21  2.547E-13  2.547E-13  3.062E-25
1.000E+00  9.653E-21  2.560E-13  2.560E-13  2.136E-25
