Dust emission spectrum from Draine,B.T., & Li, A. (2007), ApJ, in press [astro-ph/0608003]
==========================================================
         7 = grain model
 4.000E-08 4.000E-01 4.500E-05 = a_01 (cm) , sigma_1 , b_C1
 2.000E-07 5.500E-01 1.500E-05 = a_02 (cm) , sigma_2 , b_C2
 2.000E+00 2.000E+00 1.000E+00 = Umin , Umax, beta (dN/dU propto U^{-beta})
 2.000E+00 = <U>       mmp83 = radfield
 2.000E-06 1.000E+00 = a_{min} (cm), a_{max} (cm)
 5.624E-24 3.376E-24 2.248E-24 = P(tot)  P(carb)  P(sil) (erg s-1 H-1)
 band     <nu*P_nu> <j_nu(tot)><j_nu(carb)><j_nu(sil)>
 (um)   (erg s-1 H-1)(Jy/(sr*H))(Jy/(sr*H))(Jy/(sr*H))
1.270E+00  7.536E-74  2.539E-66  2.539E-66  7.643-162 COBE-DIRBE
2.220E+00  5.857E-74  3.449E-66  3.449E-66  5.889-107 COBE-DIRBE
3.530E+00  4.936E-69  4.622E-61  4.622E-61  3.818E-73 COBE-DIRBE
4.880E+00  6.461E-59  8.364E-51  8.364E-51  1.998E-60 COBE-DIRBE
1.229E+01  5.902E-34  1.924E-25  1.920E-25  4.546E-28 COBE-DIRBE
2.079E+01  7.420E-29  4.092E-20  4.064E-20  2.794E-22 COBE-DIRBE
5.599E+01  1.368E-24  2.032E-15  1.780E-15  2.522E-16 COBE-DIRBE
9.770E+01  4.300E-24  1.114E-14  7.309E-15  3.834E-15 COBE-DIRBE
1.479E+02  4.148E-24  1.627E-14  8.543E-15  7.731E-15 COBE-DIRBE
2.479E+02  1.511E-24  9.934E-15  3.816E-15  6.118E-15 COBE-DIRBE
1.200E+01  1.782E-35  5.671E-27  5.666E-27  4.956E-30 IRAS
2.500E+01  7.700E-28  5.107E-19  5.071E-19  3.518E-21 IRAS
6.000E+01  1.691E-24  2.691E-15  2.279E-15  4.118E-16 IRAS
1.000E+02  4.391E-24  1.165E-14  7.528E-15  4.118E-15 IRAS
3.550E+00  3.200E-70  3.013E-62  3.013E-62  1.949E-74 SST-IRAC
4.493E+00  1.107E-60  1.320E-52  1.320E-52  1.120E-62 SST-IRAC
5.731E+00  1.029E-52  1.564E-44  1.564E-44  2.606E-52 SST-IRAC
7.872E+00  2.183E-43  4.558E-35  4.557E-35  2.879E-39 SST-IRAC
2.368E+01  2.991E-28  1.879E-19  1.866E-19  1.293E-21 SST-MIPS
7.142E+01  2.511E-24  4.757E-15  3.795E-15  9.618E-16 SST-MIPS
1.559E+02  3.773E-24  1.560E-14  7.832E-15  7.770E-15 SST-MIPS
1.600E+01  5.515E-29  2.341E-20  2.324E-20  1.656E-22 SST-IRSPU
2.200E+01  2.934E-28  1.712E-19  1.700E-19  1.183E-21 SST-IRSPU
7.500E+01  2.123E-24  4.224E-15  3.404E-15  8.196E-16 Herschel-PACS
1.100E+02  3.238E-24  9.447E-15  6.073E-15  3.374E-15 Herschel-PACS
1.700E+02  2.868E-24  1.293E-14  6.427E-15  6.506E-15 Herschel-PACS
2.500E+02  1.305E-24  8.653E-15  3.233E-15  5.420E-15 Herschel-SPIRE
3.600E+02  3.952E-25  3.774E-15  1.305E-15  2.468E-15 Herschel-SPIRE
5.200E+02  1.009E-25  1.391E-15  4.577E-16  9.337E-16 Herschel-SPIRE
2.400E+00  1.364E-60  8.681E-53  8.681E-53  3.278E-62 Akari IRC NIR N2
3.200E+00  1.074E-60  9.116E-53  9.116E-53  3.414E-62 Akari IRC NIR N3
4.100E+00  7.241E-59  7.875E-51  7.875E-51  3.009E-60 Akari IRC NIR N4
7.000E+00  3.160E-34  5.868E-26  5.838E-26  3.011E-28 Akari IRC MIR-S S7
9.000E+00  1.081E-34  2.581E-26  2.567E-26  1.436E-28 Akari IRC MIR-S S9W
1.100E+01  2.094E-34  6.110E-26  6.080E-26  3.029E-28 Akari IRC MIR-S S11
1.500E+01  2.169E-30  8.630E-22  8.571E-22  5.839E-24 Akari IRC MIR-L L15
1.800E+01  3.617E-29  1.727E-20  1.715E-20  1.180E-22 Akari IRC MIR-L L18W
2.400E+01  1.086E-28  6.913E-20  6.866E-20  4.722E-22 Akari IRC MIR-L L24
6.500E+01  2.264E-24  3.904E-15  3.247E-15  6.570E-16 Akari FIS N60
8.000E+01  3.725E-24  7.905E-15  5.539E-15  2.366E-15 Akari FIS WIDE-S
1.400E+02  4.178E-24  1.552E-14  8.132E-15  7.383E-15 Akari FIS WIDE-L
1.600E+02  3.691E-24  1.567E-14  7.595E-15  8.072E-15 Akari FIS N160






lambda    nu*dP/dnu     j_nu    j_nu(carb.) j_nu(sil)
 (um)    (erg/(s*H)) (Jy/(sr*H) (Jy/(sr*H)) (Jy/(sr*H)
1.000E+04  5.442E-31  1.443E-19  2.568E-20  1.187E-19
9.908E+03  5.641E-31  1.483E-19  2.645E-20  1.218E-19
9.817E+03  5.847E-31  1.523E-19  2.723E-20  1.250E-19
9.727E+03  6.060E-31  1.564E-19  2.804E-20  1.283E-19
9.638E+03  6.282E-31  1.606E-19  2.887E-20  1.317E-19
9.550E+03  6.511E-31  1.649E-19  2.973E-20  1.352E-19
9.462E+03  6.749E-31  1.694E-19  3.061E-20  1.388E-19
9.376E+03  6.996E-31  1.740E-19  3.152E-20  1.425E-19
9.290E+03  7.251E-31  1.787E-19  3.246E-20  1.462E-19
9.204E+03  7.517E-31  1.835E-19  3.343E-20  1.501E-19
9.120E+03  7.791E-31  1.885E-19  3.442E-20  1.541E-19
9.036E+03  8.076E-31  1.936E-19  3.545E-20  1.581E-19
8.954E+03  8.370E-31  1.988E-19  3.651E-20  1.623E-19
8.872E+03  8.674E-31  2.041E-19  3.759E-20  1.665E-19
8.790E+03  8.990E-31  2.096E-19  3.871E-20  1.709E-19
8.710E+03  9.317E-31  2.152E-19  3.987E-20  1.754E-19
8.630E+03  9.656E-31  2.210E-19  4.106E-20  1.800E-19
8.551E+03  1.001E-30  2.270E-19  4.229E-20  1.847E-19
8.472E+03  1.037E-30  2.331E-19  4.355E-20  1.896E-19
8.395E+03  1.075E-30  2.394E-19  4.485E-20  1.945E-19
8.318E+03  1.114E-30  2.459E-19  4.619E-20  1.997E-19
8.241E+03  1.155E-30  2.525E-19  4.757E-20  2.049E-19
8.166E+03  1.197E-30  2.593E-19  4.900E-20  2.103E-19
8.091E+03  1.241E-30  2.664E-19  5.047E-20  2.159E-19
8.017E+03  1.286E-30  2.736E-19  5.198E-20  2.216E-19
7.943E+03  1.334E-30  2.810E-19  5.353E-20  2.274E-19
7.870E+03  1.382E-30  2.886E-19  5.514E-20  2.335E-19
7.798E+03  1.433E-30  2.964E-19  5.679E-20  2.396E-19
7.727E+03  1.486E-30  3.045E-19  5.850E-20  2.460E-19
7.656E+03  1.540E-30  3.128E-19  6.025E-20  2.525E-19
7.586E+03  1.597E-30  3.213E-19  6.206E-20  2.592E-19
7.516E+03  1.655E-30  3.300E-19  6.393E-20  2.661E-19
7.447E+03  1.716E-30  3.390E-19  6.585E-20  2.732E-19
7.379E+03  1.779E-30  3.483E-19  6.783E-20  2.805E-19
7.311E+03  1.845E-30  3.578E-19  6.987E-20  2.879E-19
7.244E+03  1.913E-30  3.676E-19  7.197E-20  2.956E-19
7.178E+03  1.983E-30  3.776E-19  7.414E-20  3.035E-19
7.112E+03  2.056E-30  3.880E-19  7.638E-20  3.116E-19
7.047E+03  2.132E-30  3.986E-19  7.868E-20  3.199E-19
6.982E+03  2.211E-30  4.095E-19  8.105E-20  3.284E-19
6.918E+03  2.292E-30  4.207E-19  8.349E-20  3.372E-19
6.855E+03  2.377E-30  4.322E-19  8.601E-20  3.462E-19
6.792E+03  2.465E-30  4.441E-19  8.861E-20  3.554E-19
6.730E+03  2.556E-30  4.562E-19  9.129E-20  3.649E-19
6.668E+03  2.650E-30  4.688E-19  9.405E-20  3.747E-19
6.607E+03  2.748E-30  4.816E-19  9.689E-20  3.847E-19
6.546E+03  2.850E-30  4.949E-19  9.982E-20  3.951E-19
6.486E+03  2.955E-30  5.085E-19  1.028E-19  4.057E-19
6.427E+03  3.065E-30  5.225E-19  1.060E-19  4.166E-19
6.368E+03  3.179E-30  5.369E-19  1.092E-19  4.277E-19
6.310E+03  3.297E-30  5.517E-19  1.125E-19  4.393E-19
6.252E+03  3.419E-30  5.670E-19  1.159E-19  4.511E-19
6.194E+03  3.546E-30  5.826E-19  1.194E-19  4.632E-19
6.138E+03  3.678E-30  5.987E-19  1.230E-19  4.757E-19
6.081E+03  3.814E-30  6.153E-19  1.268E-19  4.886E-19
6.026E+03  3.956E-30  6.324E-19  1.306E-19  5.018E-19
5.970E+03  4.104E-30  6.499E-19  1.346E-19  5.153E-19
5.916E+03  4.257E-30  6.679E-19  1.387E-19  5.293E-19
5.861E+03  4.415E-30  6.865E-19  1.429E-19  5.436E-19
5.808E+03  4.580E-30  7.056E-19  1.472E-19  5.584E-19
5.754E+03  4.751E-30  7.252E-19  1.517E-19  5.735E-19
5.702E+03  4.929E-30  7.454E-19  1.563E-19  5.891E-19
5.649E+03  5.113E-30  7.662E-19  1.611E-19  6.051E-19
5.598E+03  5.304E-30  7.875E-19  1.660E-19  6.215E-19
5.546E+03  5.502E-30  8.095E-19  1.711E-19  6.384E-19
5.495E+03  5.708E-30  8.321E-19  1.763E-19  6.558E-19
5.445E+03  5.922E-30  8.554E-19  1.817E-19  6.737E-19
5.395E+03  6.144E-30  8.793E-19  1.872E-19  6.921E-19
5.346E+03  6.375E-30  9.039E-19  1.929E-19  7.110E-19
5.297E+03  6.614E-30  9.292E-19  1.988E-19  7.304E-19
5.248E+03  6.862E-30  9.553E-19  2.049E-19  7.504E-19
5.200E+03  7.120E-30  9.821E-19  2.112E-19  7.709E-19
5.152E+03  7.388E-30  1.010E-18  2.176E-19  7.920E-19
5.105E+03  7.665E-30  1.038E-18  2.243E-19  8.137E-19
5.058E+03  7.954E-30  1.067E-18  2.312E-19  8.360E-19
5.012E+03  8.253E-30  1.097E-18  2.382E-19  8.590E-19
4.966E+03  8.564E-30  1.128E-18  2.456E-19  8.825E-19
4.920E+03  8.886E-30  1.160E-18  2.531E-19  9.067E-19
4.875E+03  9.221E-30  1.192E-18  2.608E-19  9.316E-19
4.831E+03  9.569E-30  1.226E-18  2.689E-19  9.573E-19
4.786E+03  9.930E-30  1.261E-18  2.771E-19  9.836E-19
4.742E+03  1.030E-29  1.296E-18  2.856E-19  1.011E-18
4.699E+03  1.069E-29  1.333E-18  2.944E-19  1.039E-18
4.656E+03  1.110E-29  1.371E-18  3.035E-19  1.067E-18
4.613E+03  1.152E-29  1.409E-18  3.128E-19  1.097E-18
4.571E+03  1.195E-29  1.449E-18  3.224E-19  1.127E-18
4.529E+03  1.241E-29  1.491E-18  3.323E-19  1.158E-18
4.487E+03  1.288E-29  1.533E-18  3.426E-19  1.190E-18
4.446E+03  1.337E-29  1.576E-18  3.531E-19  1.223E-18
4.406E+03  1.387E-29  1.621E-18  3.640E-19  1.257E-18
4.365E+03  1.440E-29  1.667E-18  3.753E-19  1.292E-18
4.325E+03  1.495E-29  1.715E-18  3.868E-19  1.328E-18
4.285E+03  1.552E-29  1.764E-18  3.988E-19  1.365E-18
4.246E+03  1.611E-29  1.814E-18  4.111E-19  1.403E-18
4.207E+03  1.672E-29  1.866E-18  4.238E-19  1.442E-18
4.169E+03  1.736E-29  1.919E-18  4.369E-19  1.482E-18
4.130E+03  1.802E-29  1.974E-18  4.504E-19  1.524E-18
4.093E+03  1.870E-29  2.031E-18  4.643E-19  1.566E-18
4.055E+03  1.942E-29  2.089E-18  4.787E-19  1.610E-18
4.018E+03  2.016E-29  2.149E-18  4.935E-19  1.655E-18
3.981E+03  2.093E-29  2.210E-18  5.088E-19  1.701E-18
3.945E+03  2.173E-29  2.273E-18  5.245E-19  1.749E-18
3.908E+03  2.256E-29  2.339E-18  5.408E-19  1.798E-18
3.873E+03  2.342E-29  2.406E-18  5.576E-19  1.848E-18
3.837E+03  2.432E-29  2.475E-18  5.748E-19  1.900E-18
3.802E+03  2.525E-29  2.546E-18  5.927E-19  1.953E-18
3.767E+03  2.621E-29  2.619E-18  6.111E-19  2.008E-18
3.733E+03  2.722E-29  2.695E-18  6.300E-19  2.065E-18
3.698E+03  2.826E-29  2.772E-18  6.496E-19  2.123E-18
3.664E+03  2.935E-29  2.852E-18  6.698E-19  2.183E-18
3.631E+03  3.047E-29  2.935E-18  6.906E-19  2.244E-18
3.597E+03  3.164E-29  3.020E-18  7.121E-19  2.308E-18
3.565E+03  3.286E-29  3.107E-18  7.342E-19  2.373E-18
3.532E+03  3.413E-29  3.197E-18  7.571E-19  2.440E-18
3.499E+03  3.544E-29  3.290E-18  7.806E-19  2.509E-18
3.467E+03  3.681E-29  3.385E-18  8.049E-19  2.580E-18
3.436E+03  3.823E-29  3.484E-18  8.300E-19  2.654E-18
3.404E+03  3.970E-29  3.585E-18  8.559E-19  2.729E-18
3.373E+03  4.123E-29  3.689E-18  8.825E-19  2.807E-18
3.342E+03  4.283E-29  3.797E-18  9.101E-19  2.886E-18
3.311E+03  4.448E-29  3.907E-18  9.384E-19  2.969E-18
3.281E+03  4.620E-29  4.021E-18  9.677E-19  3.053E-18
3.251E+03  4.799E-29  4.139E-18  9.979E-19  3.141E-18
3.221E+03  4.985E-29  4.259E-18  1.029E-18  3.230E-18
3.192E+03  5.178E-29  4.384E-18  1.061E-18  3.323E-18
3.162E+03  5.379E-29  4.512E-18  1.094E-18  3.418E-18
3.133E+03  5.588E-29  4.644E-18  1.129E-18  3.516E-18
3.105E+03  5.805E-29  4.781E-18  1.164E-18  3.617E-18
3.076E+03  6.031E-29  4.921E-18  1.200E-18  3.721E-18
3.048E+03  6.265E-29  5.065E-18  1.238E-18  3.827E-18
3.020E+03  6.509E-29  5.214E-18  1.276E-18  3.938E-18
2.992E+03  6.762E-29  5.367E-18  1.316E-18  4.051E-18
2.965E+03  7.024E-29  5.524E-18  1.358E-18  4.167E-18
2.938E+03  7.297E-29  5.686E-18  1.400E-18  4.286E-18
2.911E+03  7.581E-29  5.853E-18  1.444E-18  4.409E-18
2.884E+03  7.876E-29  6.025E-18  1.489E-18  4.536E-18
2.858E+03  8.182E-29  6.202E-18  1.536E-18  4.666E-18
2.831E+03  8.501E-29  6.385E-18  1.584E-18  4.801E-18
2.805E+03  8.832E-29  6.573E-18  1.634E-18  4.939E-18
2.780E+03  9.177E-29  6.766E-18  1.685E-18  5.081E-18
2.754E+03  9.535E-29  6.966E-18  1.738E-18  5.228E-18
2.729E+03  9.907E-29  7.172E-18  1.792E-18  5.379E-18
2.704E+03  1.029E-28  7.383E-18  1.848E-18  5.535E-18
2.679E+03  1.070E-28  7.602E-18  1.906E-18  5.695E-18
2.655E+03  1.112E-28  7.827E-18  1.966E-18  5.860E-18
2.630E+03  1.155E-28  8.059E-18  2.028E-18  6.030E-18
2.606E+03  1.200E-28  8.297E-18  2.092E-18  6.206E-18
2.582E+03  1.247E-28  8.543E-18  2.157E-18  6.386E-18
2.559E+03  1.296E-28  8.797E-18  2.225E-18  6.572E-18
2.535E+03  1.347E-28  9.058E-18  2.295E-18  6.763E-18
2.512E+03  1.400E-28  9.328E-18  2.367E-18  6.960E-18
2.489E+03  1.455E-28  9.605E-18  2.442E-18  7.163E-18
2.466E+03  1.512E-28  9.891E-18  2.519E-18  7.372E-18
2.443E+03  1.572E-28  1.019E-17  2.598E-18  7.588E-18
2.421E+03  1.633E-28  1.049E-17  2.679E-18  7.810E-18
2.399E+03  1.698E-28  1.080E-17  2.764E-18  8.038E-18
2.377E+03  1.764E-28  1.112E-17  2.851E-18  8.274E-18
2.355E+03  1.834E-28  1.146E-17  2.940E-18  8.516E-18
2.333E+03  1.906E-28  1.180E-17  3.033E-18  8.766E-18
2.312E+03  1.981E-28  1.215E-17  3.128E-18  9.023E-18
2.291E+03  2.060E-28  1.252E-17  3.227E-18  9.288E-18
2.270E+03  2.141E-28  1.289E-17  3.329E-18  9.561E-18
2.249E+03  2.225E-28  1.328E-17  3.433E-18  9.843E-18
2.228E+03  2.313E-28  1.367E-17  3.541E-18  1.013E-17
2.208E+03  2.405E-28  1.408E-17  3.653E-18  1.043E-17
2.188E+03  2.500E-28  1.451E-17  3.768E-18  1.074E-17
2.168E+03  2.598E-28  1.494E-17  3.887E-18  1.105E-17
2.148E+03  2.701E-28  1.539E-17  4.009E-18  1.138E-17
2.128E+03  2.808E-28  1.585E-17  4.136E-18  1.172E-17
2.109E+03  2.919E-28  1.633E-17  4.266E-18  1.206E-17
2.089E+03  3.035E-28  1.682E-17  4.400E-18  1.242E-17
2.070E+03  3.155E-28  1.733E-17  4.539E-18  1.279E-17
2.051E+03  3.280E-28  1.785E-17  4.682E-18  1.316E-17
2.032E+03  3.410E-28  1.838E-17  4.830E-18  1.355E-17
2.014E+03  3.545E-28  1.894E-17  4.982E-18  1.396E-17
1.995E+03  3.686E-28  1.951E-17  5.139E-18  1.437E-17
1.977E+03  3.832E-28  2.009E-17  5.301E-18  1.479E-17
1.959E+03  3.984E-28  2.070E-17  5.468E-18  1.523E-17
1.941E+03  4.142E-28  2.132E-17  5.641E-18  1.568E-17
1.923E+03  4.306E-28  2.197E-17  5.818E-18  1.615E-17
1.905E+03  4.477E-28  2.263E-17  6.002E-18  1.663E-17
1.888E+03  4.655E-28  2.331E-17  6.191E-18  1.712E-17
1.871E+03  4.839E-28  2.401E-17  6.386E-18  1.763E-17
1.854E+03  5.032E-28  2.474E-17  6.588E-18  1.815E-17
1.837E+03  5.232E-28  2.549E-17  6.795E-18  1.869E-17
1.820E+03  5.439E-28  2.626E-17  7.010E-18  1.925E-17
1.803E+03  5.656E-28  2.705E-17  7.231E-18  1.982E-17
1.786E+03  5.880E-28  2.787E-17  7.459E-18  2.041E-17
1.770E+03  6.114E-28  2.871E-17  7.694E-18  2.101E-17
1.754E+03  6.357E-28  2.958E-17  7.937E-18  2.164E-17
1.738E+03  6.610E-28  3.047E-17  8.187E-18  2.228E-17
1.722E+03  6.873E-28  3.139E-17  8.445E-18  2.295E-17
1.706E+03  7.146E-28  3.234E-17  8.711E-18  2.363E-17
1.690E+03  7.430E-28  3.332E-17  8.986E-18  2.433E-17
1.675E+03  7.726E-28  3.433E-17  9.269E-18  2.506E-17
1.660E+03  8.033E-28  3.536E-17  9.561E-18  2.580E-17
1.644E+03  8.353E-28  3.643E-17  9.862E-18  2.657E-17
1.629E+03  8.685E-28  3.754E-17  1.017E-17  2.736E-17
1.614E+03  9.031E-28  3.867E-17  1.049E-17  2.818E-17
1.600E+03  9.390E-28  3.984E-17  1.082E-17  2.902E-17
1.585E+03  9.764E-28  4.105E-17  1.117E-17  2.988E-17
1.570E+03  1.015E-27  4.229E-17  1.152E-17  3.077E-17
1.556E+03  1.056E-27  4.357E-17  1.188E-17  3.169E-17
1.542E+03  1.098E-27  4.489E-17  1.225E-17  3.263E-17
1.528E+03  1.141E-27  4.624E-17  1.264E-17  3.360E-17
1.514E+03  1.187E-27  4.764E-17  1.304E-17  3.461E-17
1.500E+03  1.234E-27  4.908E-17  1.345E-17  3.564E-17
1.486E+03  1.283E-27  5.057E-17  1.387E-17  3.670E-17
1.472E+03  1.334E-27  5.210E-17  1.431E-17  3.779E-17
1.459E+03  1.387E-27  5.368E-17  1.476E-17  3.892E-17
1.445E+03  1.442E-27  5.530E-17  1.522E-17  4.008E-17
1.432E+03  1.500E-27  5.697E-17  1.570E-17  4.127E-17
1.419E+03  1.559E-27  5.870E-17  1.620E-17  4.250E-17
1.406E+03  1.621E-27  6.047E-17  1.670E-17  4.377E-17
1.393E+03  1.686E-27  6.230E-17  1.723E-17  4.507E-17
1.380E+03  1.753E-27  6.419E-17  1.777E-17  4.642E-17
1.368E+03  1.823E-27  6.613E-17  1.833E-17  4.780E-17
1.355E+03  1.895E-27  6.813E-17  1.891E-17  4.922E-17
1.343E+03  1.970E-27  7.018E-17  1.950E-17  5.069E-17
1.330E+03  2.049E-27  7.230E-17  2.011E-17  5.219E-17
1.318E+03  2.130E-27  7.449E-17  2.074E-17  5.375E-17
1.306E+03  2.215E-27  7.674E-17  2.139E-17  5.534E-17
1.294E+03  2.303E-27  7.905E-17  2.206E-17  5.699E-17
1.282E+03  2.394E-27  8.144E-17  2.276E-17  5.868E-17
1.271E+03  2.489E-27  8.389E-17  2.347E-17  6.042E-17
1.259E+03  2.588E-27  8.642E-17  2.421E-17  6.221E-17
1.247E+03  2.691E-27  8.902E-17  2.496E-17  6.406E-17
1.236E+03  2.797E-27  9.170E-17  2.575E-17  6.596E-17
1.225E+03  2.908E-27  9.446E-17  2.655E-17  6.791E-17
1.213E+03  3.023E-27  9.731E-17  2.738E-17  6.992E-17
1.202E+03  3.143E-27  1.002E-16  2.824E-17  7.199E-17
1.191E+03  3.267E-27  1.032E-16  2.913E-17  7.412E-17
1.180E+03  3.397E-27  1.063E-16  3.004E-17  7.631E-17
1.169E+03  3.531E-27  1.095E-16  3.098E-17  7.856E-17
1.159E+03  3.670E-27  1.128E-16  3.194E-17  8.087E-17
1.148E+03  3.815E-27  1.162E-16  3.294E-17  8.326E-17
1.138E+03  3.966E-27  1.197E-16  3.397E-17  8.571E-17
1.127E+03  4.123E-27  1.233E-16  3.503E-17  8.823E-17
1.117E+03  4.285E-27  1.270E-16  3.612E-17  9.083E-17
1.107E+03  4.454E-27  1.307E-16  3.725E-17  9.349E-17
1.096E+03  4.630E-27  1.347E-16  3.841E-17  9.624E-17
1.086E+03  4.812E-27  1.387E-16  3.961E-17  9.906E-17
1.076E+03  5.001E-27  1.428E-16  4.084E-17  1.020E-16
1.067E+03  5.198E-27  1.471E-16  4.211E-17  1.049E-16
1.057E+03  5.402E-27  1.514E-16  4.343E-17  1.080E-16
1.047E+03  5.614E-27  1.559E-16  4.478E-17  1.112E-16
1.038E+03  5.835E-27  1.606E-16  4.617E-17  1.144E-16
1.028E+03  6.063E-27  1.653E-16  4.760E-17  1.177E-16
1.019E+03  6.301E-27  1.702E-16  4.908E-17  1.212E-16
1.009E+03  6.548E-27  1.753E-16  5.061E-17  1.247E-16
1.000E+03  6.804E-27  1.805E-16  5.218E-17  1.283E-16
9.908E+02  7.070E-27  1.858E-16  5.380E-17  1.320E-16
9.817E+02  7.347E-27  1.913E-16  5.546E-17  1.359E-16
9.727E+02  7.634E-27  1.970E-16  5.718E-17  1.398E-16
9.638E+02  7.932E-27  2.028E-16  5.895E-17  1.439E-16
9.550E+02  8.242E-27  2.088E-16  6.078E-17  1.480E-16
9.462E+02  8.564E-27  2.149E-16  6.266E-17  1.523E-16
9.376E+02  8.898E-27  2.213E-16  6.459E-17  1.567E-16
9.290E+02  9.244E-27  2.278E-16  6.659E-17  1.612E-16
9.204E+02  9.604E-27  2.345E-16  6.865E-17  1.658E-16
9.120E+02  9.977E-27  2.414E-16  7.076E-17  1.706E-16
9.036E+02  1.036E-26  2.484E-16  7.295E-17  1.755E-16
8.954E+02  1.077E-26  2.557E-16  7.519E-17  1.805E-16
8.872E+02  1.118E-26  2.632E-16  7.751E-17  1.857E-16
8.790E+02  1.162E-26  2.709E-16  7.989E-17  1.910E-16
8.710E+02  1.207E-26  2.787E-16  8.235E-17  1.964E-16
8.630E+02  1.253E-26  2.868E-16  8.488E-17  2.020E-16
8.551E+02  1.301E-26  2.952E-16  8.749E-17  2.077E-16
8.472E+02  1.352E-26  3.037E-16  9.017E-17  2.136E-16
8.395E+02  1.404E-26  3.125E-16  9.294E-17  2.196E-16
8.318E+02  1.457E-26  3.216E-16  9.579E-17  2.258E-16
8.241E+02  1.513E-26  3.308E-16  9.872E-17  2.321E-16
8.166E+02  1.571E-26  3.404E-16  1.017E-16  2.386E-16
8.091E+02  1.632E-26  3.502E-16  1.049E-16  2.453E-16
8.017E+02  1.694E-26  3.602E-16  1.081E-16  2.521E-16
7.943E+02  1.759E-26  3.705E-16  1.114E-16  2.592E-16
7.870E+02  1.826E-26  3.811E-16  1.147E-16  2.664E-16
7.798E+02  1.895E-26  3.920E-16  1.182E-16  2.738E-16
7.727E+02  1.967E-26  4.032E-16  1.218E-16  2.814E-16
7.656E+02  2.042E-26  4.147E-16  1.256E-16  2.891E-16
7.586E+02  2.119E-26  4.265E-16  1.294E-16  2.971E-16
7.516E+02  2.200E-26  4.386E-16  1.333E-16  3.053E-16
7.447E+02  2.283E-26  4.510E-16  1.373E-16  3.137E-16
7.379E+02  2.370E-26  4.639E-16  1.415E-16  3.224E-16
7.311E+02  2.460E-26  4.770E-16  1.458E-16  3.312E-16
7.244E+02  2.553E-26  4.905E-16  1.502E-16  3.404E-16
7.178E+02  2.649E-26  5.044E-16  1.547E-16  3.497E-16
7.112E+02  2.750E-26  5.187E-16  1.594E-16  3.593E-16
7.047E+02  2.853E-26  5.334E-16  1.642E-16  3.692E-16
6.982E+02  2.961E-26  5.484E-16  1.692E-16  3.793E-16
6.918E+02  3.073E-26  5.639E-16  1.743E-16  3.897E-16
6.855E+02  3.189E-26  5.798E-16  1.795E-16  4.003E-16
6.792E+02  3.309E-26  5.961E-16  1.849E-16  4.112E-16
6.730E+02  3.433E-26  6.128E-16  1.904E-16  4.224E-16
6.668E+02  3.562E-26  6.299E-16  1.961E-16  4.338E-16
6.607E+02  3.695E-26  6.475E-16  2.020E-16  4.455E-16
6.546E+02  3.834E-26  6.657E-16  2.080E-16  4.576E-16
6.486E+02  3.978E-26  6.844E-16  2.143E-16  4.701E-16
6.427E+02  4.127E-26  7.036E-16  2.206E-16  4.829E-16
6.368E+02  4.282E-26  7.233E-16  2.272E-16  4.960E-16
6.310E+02  4.442E-26  7.435E-16  2.340E-16  5.095E-16
6.252E+02  4.609E-26  7.643E-16  2.409E-16  5.233E-16
6.194E+02  4.781E-26  7.856E-16  2.481E-16  5.375E-16
6.138E+02  4.960E-26  8.075E-16  2.554E-16  5.521E-16
6.081E+02  5.145E-26  8.300E-16  2.630E-16  5.670E-16
6.026E+02  5.338E-26  8.531E-16  2.708E-16  5.824E-16
5.970E+02  5.537E-26  8.768E-16  2.788E-16  5.981E-16
5.916E+02  5.743E-26  9.012E-16  2.870E-16  6.142E-16
5.861E+02  5.957E-26  9.262E-16  2.954E-16  6.308E-16
5.808E+02  6.179E-26  9.518E-16  3.041E-16  6.477E-16
5.754E+02  6.408E-26  9.782E-16  3.130E-16  6.651E-16
5.702E+02  6.647E-26  1.005E-15  3.222E-16  6.830E-16
5.649E+02  6.893E-26  1.033E-15  3.316E-16  7.013E-16
5.598E+02  7.149E-26  1.061E-15  3.413E-16  7.201E-16
5.546E+02  7.414E-26  1.091E-15  3.513E-16  7.394E-16
5.495E+02  7.688E-26  1.121E-15  3.615E-16  7.592E-16
5.445E+02  7.973E-26  1.152E-15  3.720E-16  7.795E-16
5.395E+02  8.267E-26  1.183E-15  3.828E-16  8.003E-16
5.346E+02  8.572E-26  1.216E-15  3.939E-16  8.216E-16
5.297E+02  8.888E-26  1.249E-15  4.053E-16  8.435E-16
5.248E+02  9.216E-26  1.283E-15  4.170E-16  8.659E-16
5.200E+02  9.555E-26  1.318E-15  4.290E-16  8.889E-16
5.152E+02  9.906E-26  1.354E-15  4.414E-16  9.125E-16
5.105E+02  1.027E-25  1.391E-15  4.541E-16  9.366E-16
5.058E+02  1.065E-25  1.428E-15  4.671E-16  9.614E-16
5.012E+02  1.104E-25  1.467E-15  4.804E-16  9.867E-16
4.966E+02  1.144E-25  1.507E-15  4.942E-16  1.013E-15
4.920E+02  1.186E-25  1.548E-15  5.083E-16  1.039E-15
4.875E+02  1.229E-25  1.589E-15  5.227E-16  1.067E-15
4.831E+02  1.274E-25  1.632E-15  5.376E-16  1.095E-15
4.786E+02  1.320E-25  1.676E-15  5.528E-16  1.123E-15
4.742E+02  1.368E-25  1.721E-15  5.684E-16  1.152E-15
4.699E+02  1.418E-25  1.767E-15  5.844E-16  1.182E-15
4.656E+02  1.469E-25  1.814E-15  6.009E-16  1.213E-15
4.613E+02  1.522E-25  1.862E-15  6.178E-16  1.245E-15
4.571E+02  1.577E-25  1.912E-15  6.351E-16  1.277E-15
4.529E+02  1.634E-25  1.963E-15  6.528E-16  1.310E-15
4.487E+02  1.693E-25  2.015E-15  6.711E-16  1.344E-15
4.446E+02  1.753E-25  2.068E-15  6.897E-16  1.378E-15
4.406E+02  1.816E-25  2.122E-15  7.089E-16  1.413E-15
4.365E+02  1.881E-25  2.178E-15  7.285E-16  1.450E-15
4.325E+02  1.948E-25  2.235E-15  7.486E-16  1.486E-15
4.285E+02  2.018E-25  2.294E-15  7.693E-16  1.524E-15
4.246E+02  2.089E-25  2.353E-15  7.904E-16  1.563E-15
4.207E+02  2.164E-25  2.415E-15  8.121E-16  1.603E-15
4.169E+02  2.240E-25  2.477E-15  8.343E-16  1.643E-15
4.130E+02  2.320E-25  2.541E-15  8.570E-16  1.684E-15
4.093E+02  2.402E-25  2.607E-15  8.803E-16  1.727E-15
4.055E+02  2.486E-25  2.674E-15  9.042E-16  1.770E-15
4.018E+02  2.574E-25  2.743E-15  9.286E-16  1.814E-15
3.981E+02  2.664E-25  2.813E-15  9.537E-16  1.860E-15
3.945E+02  2.757E-25  2.885E-15  9.793E-16  1.906E-15
3.908E+02  2.854E-25  2.959E-15  1.006E-15  1.953E-15
3.873E+02  2.953E-25  3.034E-15  1.032E-15  2.001E-15
3.837E+02  3.056E-25  3.111E-15  1.060E-15  2.051E-15
3.802E+02  3.162E-25  3.189E-15  1.088E-15  2.101E-15
3.767E+02  3.272E-25  3.270E-15  1.117E-15  2.153E-15
3.733E+02  3.385E-25  3.352E-15  1.146E-15  2.205E-15
3.698E+02  3.502E-25  3.435E-15  1.176E-15  2.259E-15
3.664E+02  3.622E-25  3.521E-15  1.207E-15  2.314E-15
3.631E+02  3.747E-25  3.608E-15  1.239E-15  2.370E-15
3.597E+02  3.875E-25  3.698E-15  1.271E-15  2.427E-15
3.565E+02  4.007E-25  3.789E-15  1.304E-15  2.485E-15
3.532E+02  4.143E-25  3.882E-15  1.338E-15  2.544E-15
3.499E+02  4.284E-25  3.977E-15  1.372E-15  2.604E-15
3.467E+02  4.429E-25  4.073E-15  1.407E-15  2.666E-15
3.436E+02  4.578E-25  4.172E-15  1.443E-15  2.729E-15
3.404E+02  4.732E-25  4.273E-15  1.480E-15  2.793E-15
3.373E+02  4.891E-25  4.376E-15  1.517E-15  2.858E-15
3.342E+02  5.054E-25  4.480E-15  1.556E-15  2.925E-15
3.311E+02  5.222E-25  4.587E-15  1.595E-15  2.992E-15
3.281E+02  5.396E-25  4.696E-15  1.635E-15  3.061E-15
3.251E+02  5.574E-25  4.807E-15  1.675E-15  3.131E-15
3.221E+02  5.758E-25  4.920E-15  1.717E-15  3.202E-15
3.192E+02  5.947E-25  5.035E-15  1.760E-15  3.275E-15
3.162E+02  6.142E-25  5.152E-15  1.803E-15  3.349E-15
3.133E+02  6.342E-25  5.271E-15  1.847E-15  3.424E-15
3.105E+02  6.548E-25  5.392E-15  1.892E-15  3.500E-15
3.076E+02  6.760E-25  5.516E-15  1.938E-15  3.578E-15
3.048E+02  6.977E-25  5.641E-15  1.985E-15  3.656E-15
3.020E+02  7.201E-25  5.769E-15  2.032E-15  3.736E-15
2.992E+02  7.432E-25  5.899E-15  2.081E-15  3.818E-15
2.965E+02  7.668E-25  6.030E-15  2.131E-15  3.900E-15
2.938E+02  7.911E-25  6.165E-15  2.181E-15  3.983E-15
2.911E+02  8.161E-25  6.301E-15  2.232E-15  4.068E-15
2.884E+02  8.417E-25  6.439E-15  2.285E-15  4.154E-15
2.858E+02  8.680E-25  6.580E-15  2.338E-15  4.242E-15
2.831E+02  8.950E-25  6.722E-15  2.392E-15  4.330E-15
2.805E+02  9.228E-25  6.867E-15  2.447E-15  4.420E-15
2.780E+02  9.512E-25  7.014E-15  2.504E-15  4.510E-15
2.754E+02  9.804E-25  7.163E-15  2.561E-15  4.602E-15
2.729E+02  1.010E-24  7.314E-15  2.619E-15  4.696E-15
2.704E+02  1.041E-24  7.469E-15  2.678E-15  4.791E-15
2.679E+02  1.073E-24  7.625E-15  2.738E-15  4.887E-15
2.655E+02  1.105E-24  7.783E-15  2.799E-15  4.985E-15
2.630E+02  1.139E-24  7.944E-15  2.861E-15  5.083E-15
2.606E+02  1.173E-24  8.106E-15  2.923E-15  5.183E-15
2.582E+02  1.207E-24  8.271E-15  2.987E-15  5.283E-15
2.559E+02  1.243E-24  8.436E-15  3.052E-15  5.384E-15
2.535E+02  1.279E-24  8.602E-15  3.118E-15  5.484E-15
2.512E+02  1.316E-24  8.769E-15  3.185E-15  5.584E-15
2.489E+02  1.353E-24  8.933E-15  3.253E-15  5.680E-15
2.466E+02  1.390E-24  9.094E-15  3.322E-15  5.772E-15
2.443E+02  1.428E-24  9.254E-15  3.391E-15  5.863E-15
2.421E+02  1.466E-24  9.414E-15  3.462E-15  5.952E-15
2.399E+02  1.504E-24  9.572E-15  3.534E-15  6.039E-15
2.377E+02  1.543E-24  9.728E-15  3.606E-15  6.121E-15
2.355E+02  1.582E-24  9.884E-15  3.680E-15  6.204E-15
2.333E+02  1.622E-24  1.004E-14  3.754E-15  6.285E-15
2.312E+02  1.663E-24  1.020E-14  3.830E-15  6.366E-15
2.291E+02  1.704E-24  1.035E-14  3.906E-15  6.447E-15
2.270E+02  1.746E-24  1.051E-14  3.984E-15  6.526E-15
2.249E+02  1.788E-24  1.067E-14  4.062E-15  6.605E-15
2.228E+02  1.831E-24  1.082E-14  4.141E-15  6.683E-15
2.208E+02  1.875E-24  1.098E-14  4.221E-15  6.761E-15
2.188E+02  1.919E-24  1.114E-14  4.302E-15  6.837E-15
2.168E+02  1.964E-24  1.130E-14  4.384E-15  6.912E-15
2.148E+02  2.010E-24  1.145E-14  4.467E-15  6.986E-15
2.128E+02  2.056E-24  1.161E-14  4.550E-15  7.058E-15
2.109E+02  2.103E-24  1.176E-14  4.635E-15  7.129E-15
2.089E+02  2.151E-24  1.192E-14  4.720E-15  7.199E-15
2.070E+02  2.199E-24  1.207E-14  4.806E-15  7.267E-15
2.051E+02  2.247E-24  1.223E-14  4.893E-15  7.333E-15
2.032E+02  2.296E-24  1.238E-14  4.981E-15  7.398E-15
2.014E+02  2.346E-24  1.253E-14  5.070E-15  7.461E-15
1.995E+02  2.396E-24  1.268E-14  5.159E-15  7.522E-15
1.977E+02  2.447E-24  1.283E-14  5.250E-15  7.581E-15
1.959E+02  2.498E-24  1.298E-14  5.341E-15  7.638E-15
1.941E+02  2.550E-24  1.313E-14  5.433E-15  7.693E-15
1.923E+02  2.602E-24  1.327E-14  5.526E-15  7.745E-15
1.905E+02  2.654E-24  1.342E-14  5.620E-15  7.796E-15
1.888E+02  2.707E-24  1.356E-14  5.714E-15  7.844E-15
1.871E+02  2.761E-24  1.370E-14  5.810E-15  7.889E-15
1.854E+02  2.815E-24  1.384E-14  5.907E-15  7.933E-15
1.837E+02  2.869E-24  1.398E-14  6.004E-15  7.973E-15
1.820E+02  2.924E-24  1.411E-14  6.103E-15  8.011E-15
1.803E+02  2.979E-24  1.425E-14  6.202E-15  8.047E-15
1.786E+02  3.035E-24  1.438E-14  6.303E-15  8.079E-15
1.770E+02  3.091E-24  1.451E-14  6.405E-15  8.109E-15
1.754E+02  3.148E-24  1.464E-14  6.508E-15  8.136E-15
1.738E+02  3.205E-24  1.477E-14  6.612E-15  8.160E-15
1.722E+02  3.262E-24  1.490E-14  6.718E-15  8.180E-15
1.706E+02  3.320E-24  1.502E-14  6.826E-15  8.198E-15
1.690E+02  3.378E-24  1.515E-14  6.935E-15  8.213E-15
1.675E+02  3.437E-24  1.527E-14  7.046E-15  8.225E-15
1.660E+02  3.497E-24  1.539E-14  7.159E-15  8.233E-15
1.644E+02  3.557E-24  1.551E-14  7.275E-15  8.238E-15
1.629E+02  3.617E-24  1.563E-14  7.393E-15  8.240E-15
1.614E+02  3.679E-24  1.575E-14  7.514E-15  8.239E-15
1.600E+02  3.741E-24  1.587E-14  7.638E-15  8.235E-15
1.585E+02  3.804E-24  1.599E-14  7.766E-15  8.227E-15
1.570E+02  3.868E-24  1.611E-14  7.897E-15  8.216E-15
1.556E+02  3.933E-24  1.623E-14  8.032E-15  8.201E-15
1.542E+02  3.999E-24  1.635E-14  8.171E-15  8.183E-15
1.528E+02  4.066E-24  1.648E-14  8.313E-15  8.162E-15
1.514E+02  4.134E-24  1.660E-14  8.460E-15  8.137E-15
1.500E+02  4.203E-24  1.672E-14  8.609E-15  8.109E-15
1.486E+02  4.272E-24  1.684E-14  8.761E-15  8.078E-15
1.472E+02  4.342E-24  1.696E-14  8.913E-15  8.043E-15
1.459E+02  4.410E-24  1.707E-14  9.060E-15  8.005E-15
1.445E+02  4.477E-24  1.716E-14  9.200E-15  7.964E-15
1.432E+02  4.540E-24  1.725E-14  9.326E-15  7.920E-15
1.419E+02  4.597E-24  1.730E-14  9.431E-15  7.872E-15
1.406E+02  4.646E-24  1.733E-14  9.509E-15  7.821E-15
1.393E+02  4.687E-24  1.732E-14  9.554E-15  7.766E-15
1.380E+02  4.717E-24  1.727E-14  9.565E-15  7.709E-15
1.368E+02  4.739E-24  1.719E-14  9.544E-15  7.648E-15
1.355E+02  4.752E-24  1.708E-14  9.497E-15  7.584E-15
1.343E+02  4.758E-24  1.695E-14  9.431E-15  7.517E-15
1.330E+02  4.760E-24  1.680E-14  9.354E-15  7.447E-15
1.318E+02  4.760E-24  1.665E-14  9.272E-15  7.374E-15
1.306E+02  4.759E-24  1.649E-14  9.190E-15  7.298E-15
1.294E+02  4.757E-24  1.633E-14  9.110E-15  7.219E-15
1.282E+02  4.754E-24  1.617E-14  9.035E-15  7.137E-15
1.271E+02  4.753E-24  1.602E-14  8.965E-15  7.053E-15
1.259E+02  4.751E-24  1.587E-14  8.899E-15  6.966E-15
1.247E+02  4.750E-24  1.572E-14  8.839E-15  6.877E-15
1.236E+02  4.749E-24  1.557E-14  8.783E-15  6.785E-15
1.225E+02  4.748E-24  1.542E-14  8.732E-15  6.691E-15
1.213E+02  4.747E-24  1.528E-14  8.685E-15  6.595E-15
1.202E+02  4.747E-24  1.514E-14  8.640E-15  6.497E-15
1.191E+02  4.745E-24  1.499E-14  8.598E-15  6.397E-15
1.180E+02  4.744E-24  1.485E-14  8.557E-15  6.295E-15
1.169E+02  4.741E-24  1.471E-14  8.517E-15  6.190E-15
1.159E+02  4.738E-24  1.456E-14  8.478E-15  6.084E-15
1.148E+02  4.734E-24  1.442E-14  8.440E-15  5.977E-15
1.138E+02  4.729E-24  1.427E-14  8.403E-15  5.868E-15
1.127E+02  4.723E-24  1.412E-14  8.365E-15  5.758E-15
1.117E+02  4.717E-24  1.397E-14  8.327E-15  5.647E-15
1.107E+02  4.709E-24  1.382E-14  8.288E-15  5.536E-15
1.096E+02  4.701E-24  1.367E-14  8.249E-15  5.423E-15
1.086E+02  4.691E-24  1.352E-14  8.209E-15  5.310E-15
1.076E+02  4.680E-24  1.336E-14  8.167E-15  5.196E-15
1.067E+02  4.668E-24  1.321E-14  8.124E-15  5.081E-15
1.057E+02  4.654E-24  1.305E-14  8.080E-15  4.967E-15
1.047E+02  4.639E-24  1.288E-14  8.034E-15  4.851E-15
1.038E+02  4.622E-24  1.272E-14  7.985E-15  4.736E-15
1.028E+02  4.604E-24  1.256E-14  7.935E-15  4.621E-15
1.019E+02  4.585E-24  1.239E-14  7.883E-15  4.505E-15
1.009E+02  4.563E-24  1.222E-14  7.828E-15  4.389E-15
1.000E+02  4.541E-24  1.204E-14  7.771E-15  4.274E-15
9.908E+01  4.516E-24  1.187E-14  7.711E-15  4.159E-15
9.817E+01  4.490E-24  1.169E-14  7.649E-15  4.044E-15
9.727E+01  4.462E-24  1.151E-14  7.584E-15  3.930E-15
9.638E+01  4.433E-24  1.133E-14  7.516E-15  3.817E-15
9.550E+01  4.402E-24  1.115E-14  7.445E-15  3.705E-15
9.462E+01  4.369E-24  1.097E-14  7.372E-15  3.594E-15
9.376E+01  4.334E-24  1.078E-14  7.296E-15  3.483E-15
9.290E+01  4.298E-24  1.059E-14  7.218E-15  3.374E-15
9.204E+01  4.261E-24  1.040E-14  7.137E-15  3.266E-15
9.120E+01  4.222E-24  1.021E-14  7.054E-15  3.159E-15
9.036E+01  4.181E-24  1.002E-14  6.969E-15  3.054E-15
8.954E+01  4.139E-24  9.831E-15  6.881E-15  2.950E-15
8.872E+01  4.096E-24  9.640E-15  6.792E-15  2.848E-15
8.790E+01  4.052E-24  9.448E-15  6.701E-15  2.747E-15
8.710E+01  4.006E-24  9.256E-15  6.608E-15  2.648E-15
8.630E+01  3.960E-24  9.064E-15  6.514E-15  2.551E-15
8.551E+01  3.912E-24  8.873E-15  6.417E-15  2.455E-15
8.472E+01  3.863E-24  8.681E-15  6.320E-15  2.362E-15
8.395E+01  3.813E-24  8.490E-15  6.220E-15  2.270E-15
8.318E+01  3.762E-24  8.299E-15  6.120E-15  2.180E-15
8.241E+01  3.709E-24  8.109E-15  6.017E-15  2.092E-15
8.166E+01  3.656E-24  7.920E-15  5.914E-15  2.006E-15
8.091E+01  3.602E-24  7.731E-15  5.809E-15  1.922E-15
8.017E+01  3.548E-24  7.544E-15  5.703E-15  1.841E-15
7.943E+01  3.492E-24  7.357E-15  5.596E-15  1.761E-15
7.870E+01  3.435E-24  7.171E-15  5.488E-15  1.684E-15
7.798E+01  3.378E-24  6.987E-15  5.379E-15  1.608E-15
7.727E+01  3.320E-24  6.804E-15  5.269E-15  1.535E-15
7.656E+01  3.261E-24  6.622E-15  5.158E-15  1.464E-15
7.586E+01  3.202E-24  6.442E-15  5.047E-15  1.395E-15
7.516E+01  3.142E-24  6.264E-15  4.935E-15  1.329E-15
7.447E+01  3.082E-24  6.088E-15  4.823E-15  1.264E-15
7.379E+01  3.021E-24  5.913E-15  4.711E-15  1.202E-15
7.311E+01  2.960E-24  5.740E-15  4.599E-15  1.141E-15
7.244E+01  2.899E-24  5.570E-15  4.487E-15  1.083E-15
7.178E+01  2.837E-24  5.402E-15  4.375E-15  1.027E-15
7.112E+01  2.775E-24  5.236E-15  4.263E-15  9.727E-16
7.047E+01  2.714E-24  5.072E-15  4.152E-15  9.208E-16
6.982E+01  2.652E-24  4.912E-15  4.041E-15  8.711E-16
6.918E+01  2.590E-24  4.754E-15  3.930E-15  8.233E-16
6.855E+01  2.529E-24  4.598E-15  3.821E-15  7.772E-16
6.792E+01  2.467E-24  4.445E-15  3.712E-15  7.330E-16
6.730E+01  2.406E-24  4.294E-15  3.604E-15  6.907E-16
6.668E+01  2.345E-24  4.147E-15  3.497E-15  6.504E-16
6.607E+01  2.284E-24  4.003E-15  3.391E-15  6.118E-16
6.546E+01  2.223E-24  3.861E-15  3.286E-15  5.750E-16
6.486E+01  2.163E-24  3.722E-15  3.182E-15  5.399E-16
6.427E+01  2.104E-24  3.587E-15  3.080E-15  5.065E-16
6.368E+01  2.045E-24  3.454E-15  2.979E-15  4.746E-16
6.310E+01  1.986E-24  3.324E-15  2.880E-15  4.444E-16
6.252E+01  1.928E-24  3.198E-15  2.782E-15  4.157E-16
6.194E+01  1.871E-24  3.074E-15  2.686E-15  3.885E-16
6.138E+01  1.814E-24  2.954E-15  2.591E-15  3.628E-16
6.081E+01  1.758E-24  2.837E-15  2.498E-15  3.384E-16
6.026E+01  1.703E-24  2.722E-15  2.407E-15  3.153E-16
5.970E+01  1.649E-24  2.611E-15  2.318E-15  2.935E-16
5.916E+01  1.595E-24  2.503E-15  2.230E-15  2.729E-16
5.861E+01  1.542E-24  2.398E-15  2.144E-15  2.535E-16
5.808E+01  1.490E-24  2.296E-15  2.061E-15  2.352E-16
5.754E+01  1.439E-24  2.197E-15  1.979E-15  2.180E-16
5.702E+01  1.389E-24  2.101E-15  1.899E-15  2.019E-16
5.649E+01  1.340E-24  2.008E-15  1.821E-15  1.867E-16
5.598E+01  1.292E-24  1.918E-15  1.745E-15  1.726E-16
5.546E+01  1.244E-24  1.831E-15  1.671E-15  1.593E-16
5.495E+01  1.198E-24  1.746E-15  1.600E-15  1.469E-16
5.445E+01  1.153E-24  1.665E-15  1.530E-15  1.353E-16
5.395E+01  1.109E-24  1.586E-15  1.462E-15  1.245E-16
5.346E+01  1.065E-24  1.511E-15  1.396E-15  1.145E-16
5.297E+01  1.023E-24  1.437E-15  1.332E-15  1.051E-16
5.248E+01  9.819E-25  1.367E-15  1.271E-15  9.639E-17
5.200E+01  9.418E-25  1.299E-15  1.211E-15  8.831E-17
5.152E+01  9.027E-25  1.234E-15  1.153E-15  8.080E-17
5.105E+01  8.646E-25  1.171E-15  1.097E-15  7.385E-17
5.058E+01  8.276E-25  1.110E-15  1.043E-15  6.741E-17
5.012E+01  7.917E-25  1.052E-15  9.910E-16  6.147E-17
4.966E+01  7.567E-25  9.968E-16  9.408E-16  5.598E-17
4.920E+01  7.228E-25  9.434E-16  8.924E-16  5.092E-17
4.875E+01  6.899E-25  8.922E-16  8.459E-16  4.626E-17
4.831E+01  6.580E-25  8.432E-16  8.012E-16  4.198E-17
4.786E+01  6.272E-25  7.962E-16  7.582E-16  3.805E-17
4.742E+01  5.973E-25  7.514E-16  7.169E-16  3.445E-17
4.699E+01  5.684E-25  7.085E-16  6.774E-16  3.115E-17
4.656E+01  5.405E-25  6.676E-16  6.394E-16  2.813E-17
4.613E+01  5.136E-25  6.285E-16  6.031E-16  2.537E-17
4.571E+01  4.876E-25  5.912E-16  5.683E-16  2.286E-17
4.529E+01  4.625E-25  5.556E-16  5.351E-16  2.057E-17
4.487E+01  4.383E-25  5.218E-16  5.033E-16  1.848E-17
4.446E+01  4.151E-25  4.895E-16  4.730E-16  1.659E-17
4.406E+01  3.927E-25  4.589E-16  4.440E-16  1.487E-17
4.365E+01  3.711E-25  4.297E-16  4.164E-16  1.332E-17
4.325E+01  3.504E-25  4.020E-16  3.901E-16  1.191E-17
4.285E+01  3.305E-25  3.757E-16  3.651E-16  1.063E-17
4.246E+01  3.114E-25  3.507E-16  3.413E-16  9.481E-18
4.207E+01  2.931E-25  3.271E-16  3.186E-16  8.443E-18
4.169E+01  2.755E-25  3.047E-16  2.971E-16  7.509E-18
4.130E+01  2.587E-25  2.834E-16  2.768E-16  6.669E-18
4.093E+01  2.426E-25  2.633E-16  2.574E-16  5.915E-18
4.055E+01  2.272E-25  2.444E-16  2.391E-16  5.238E-18
4.018E+01  2.125E-25  2.264E-16  2.218E-16  4.632E-18
3.981E+01  1.984E-25  2.095E-16  2.054E-16  4.091E-18
3.945E+01  1.850E-25  1.936E-16  1.900E-16  3.608E-18
3.908E+01  1.722E-25  1.786E-16  1.754E-16  3.177E-18
3.873E+01  1.601E-25  1.644E-16  1.616E-16  2.794E-18
3.837E+01  1.485E-25  1.512E-16  1.487E-16  2.453E-18
3.802E+01  1.376E-25  1.387E-16  1.366E-16  2.151E-18
3.767E+01  1.271E-25  1.270E-16  1.252E-16  1.883E-18
3.733E+01  1.173E-25  1.161E-16  1.145E-16  1.645E-18
3.698E+01  1.080E-25  1.059E-16  1.045E-16  1.435E-18
3.664E+01  9.918E-26  9.640E-17  9.515E-17  1.250E-18
3.631E+01  9.089E-26  8.754E-17  8.645E-17  1.087E-18
3.597E+01  8.310E-26  7.930E-17  7.836E-17  9.444E-19
3.565E+01  7.579E-26  7.166E-17  7.084E-17  8.192E-19
3.532E+01  6.894E-26  6.459E-17  6.388E-17  7.095E-19
3.499E+01  6.254E-26  5.805E-17  5.744E-17  6.136E-19
3.467E+01  5.658E-26  5.204E-17  5.151E-17  5.299E-19
3.436E+01  5.104E-26  4.651E-17  4.606E-17  4.570E-19
3.404E+01  4.591E-26  4.145E-17  4.106E-17  3.935E-19
3.373E+01  4.116E-26  3.683E-17  3.649E-17  3.383E-19
3.342E+01  3.680E-26  3.262E-17  3.233E-17  2.904E-19
3.311E+01  3.279E-26  2.880E-17  2.855E-17  2.491E-19
3.281E+01  2.913E-26  2.535E-17  2.513E-17  2.133E-19
3.251E+01  2.579E-26  2.224E-17  2.205E-17  1.824E-19
3.221E+01  2.275E-26  1.944E-17  1.929E-17  1.557E-19
3.192E+01  2.001E-26  1.694E-17  1.681E-17  1.327E-19
3.162E+01  1.754E-26  1.471E-17  1.460E-17  1.130E-19
3.133E+01  1.532E-26  1.274E-17  1.264E-17  9.601E-20
3.105E+01  1.334E-26  1.099E-17  1.091E-17  8.146E-20
3.076E+01  1.158E-26  9.449E-18  9.380E-18  6.901E-20
3.048E+01  1.002E-26  8.098E-18  8.040E-18  5.836E-20
3.020E+01  8.637E-27  6.919E-18  6.870E-18  4.928E-20
2.992E+01  7.424E-27  5.892E-18  5.851E-18  4.154E-20
2.965E+01  6.361E-27  5.003E-18  4.968E-18  3.495E-20
2.938E+01  5.434E-27  4.234E-18  4.205E-18  2.936E-20
2.911E+01  4.628E-27  3.573E-18  3.549E-18  2.461E-20
2.884E+01  3.930E-27  3.007E-18  2.986E-18  2.060E-20
2.858E+01  3.329E-27  2.523E-18  2.506E-18  1.722E-20
2.831E+01  2.811E-27  2.111E-18  2.097E-18  1.436E-20
2.805E+01  2.368E-27  1.762E-18  1.750E-18  1.196E-20
2.780E+01  1.989E-27  1.467E-18  1.457E-18  9.941E-21
2.754E+01  1.667E-27  1.218E-18  1.210E-18  8.249E-21
2.729E+01  1.394E-27  1.009E-18  1.002E-18  6.833E-21
2.704E+01  1.163E-27  8.341E-19  8.284E-19  5.651E-21
2.679E+01  9.678E-28  6.878E-19  6.832E-19  4.664E-21
2.655E+01  8.038E-28  5.660E-19  5.621E-19  3.843E-21
2.630E+01  6.661E-28  4.648E-19  4.616E-19  3.161E-21
2.606E+01  5.509E-28  3.809E-19  3.783E-19  2.595E-21
2.582E+01  4.548E-28  3.115E-19  3.094E-19  2.126E-21
2.559E+01  3.747E-28  2.543E-19  2.525E-19  1.739E-21
2.535E+01  3.081E-28  2.072E-19  2.058E-19  1.419E-21
2.512E+01  2.529E-28  1.685E-19  1.674E-19  1.156E-21
2.489E+01  2.073E-28  1.368E-19  1.359E-19  9.403E-22
2.466E+01  1.695E-28  1.109E-19  1.101E-19  7.629E-22
2.443E+01  1.385E-28  8.974E-20  8.912E-20  6.177E-22
2.421E+01  1.129E-28  7.249E-20  7.199E-20  4.990E-22
2.399E+01  9.188E-29  5.846E-20  5.806E-20  4.021E-22
2.377E+01  7.465E-29  4.707E-20  4.674E-20  3.234E-22
2.355E+01  6.056E-29  3.783E-20  3.757E-20  2.599E-22
2.333E+01  4.906E-29  3.036E-20  3.016E-20  2.084E-22
2.312E+01  3.967E-29  2.433E-20  2.417E-20  1.664E-22
2.291E+01  3.204E-29  1.947E-20  1.934E-20  1.327E-22
2.270E+01  2.583E-29  1.555E-20  1.545E-20  1.058E-22
2.249E+01  2.080E-29  1.241E-20  1.232E-20  8.426E-23
2.228E+01  1.672E-29  9.885E-21  9.818E-21  6.701E-23
2.208E+01  1.343E-29  7.863E-21  7.810E-21  5.314E-23
2.188E+01  1.076E-29  6.246E-21  6.204E-21  4.197E-23
2.168E+01  8.615E-30  4.954E-21  4.920E-21  3.305E-23
2.148E+01  6.886E-30  3.923E-21  3.897E-21  2.596E-23
2.128E+01  5.496E-30  3.103E-21  3.082E-21  2.038E-23
2.109E+01  4.381E-30  2.450E-21  2.434E-21  1.597E-23
2.089E+01  3.487E-30  1.932E-21  1.920E-21  1.249E-23
2.070E+01  2.771E-30  1.522E-21  1.512E-21  9.729E-24
2.051E+01  2.199E-30  1.197E-21  1.189E-21  7.559E-24
2.032E+01  1.743E-30  9.395E-22  9.336E-22  5.865E-24
2.014E+01  1.379E-30  7.366E-22  7.321E-22  4.557E-24
1.995E+01  1.090E-30  5.767E-22  5.732E-22  3.530E-24
1.977E+01  8.597E-31  4.508E-22  4.481E-22  2.725E-24
1.959E+01  6.771E-31  3.518E-22  3.497E-22  2.095E-24
1.941E+01  5.324E-31  2.741E-22  2.725E-22  1.603E-24
1.923E+01  4.179E-31  2.132E-22  2.120E-22  1.221E-24
1.905E+01  3.275E-31  1.655E-22  1.646E-22  9.250E-25
1.888E+01  2.562E-31  1.283E-22  1.276E-22  6.975E-25
1.871E+01  2.001E-31  9.931E-23  9.878E-23  5.231E-25
1.854E+01  1.561E-31  7.673E-23  7.634E-23  3.902E-25
1.837E+01  1.215E-31  5.918E-23  5.889E-23  2.895E-25
1.820E+01  9.439E-32  4.556E-23  4.535E-23  2.137E-25
1.803E+01  7.321E-32  3.501E-23  3.486E-23  1.569E-25
1.786E+01  5.668E-32  2.686E-23  2.674E-23  1.146E-25
1.770E+01  4.381E-32  2.057E-23  2.049E-23  8.326E-26
1.754E+01  3.381E-32  1.573E-23  1.567E-23  6.012E-26
1.738E+01  2.604E-32  1.201E-23  1.196E-23  4.319E-26
1.722E+01  2.003E-32  9.147E-24  9.116E-24  3.087E-26
1.706E+01  1.537E-32  6.957E-24  6.935E-24  2.198E-26
1.690E+01  1.178E-32  5.281E-24  5.265E-24  1.558E-26
1.675E+01  9.006E-33  4.001E-24  3.990E-24  1.100E-26
1.660E+01  6.873E-33  3.026E-24  3.018E-24  7.720E-27
1.644E+01  5.236E-33  2.284E-24  2.278E-24  5.395E-27
1.629E+01  3.979E-33  1.720E-24  1.716E-24  3.754E-27
1.614E+01  3.018E-33  1.292E-24  1.290E-24  2.604E-27
1.600E+01  2.285E-33  9.694E-25  9.676E-25  1.800E-27
1.585E+01  1.726E-33  7.256E-25  7.244E-25  1.240E-27
1.570E+01  1.301E-33  5.420E-25  5.411E-25  8.516E-28
1.556E+01  9.788E-34  4.040E-25  4.034E-25  5.829E-28
1.542E+01  7.347E-34  3.005E-25  3.001E-25  3.979E-28
1.528E+01  5.504E-34  2.230E-25  2.227E-25  2.709E-28
1.514E+01  4.113E-34  1.651E-25  1.650E-25  1.840E-28
1.500E+01  3.067E-34  1.220E-25  1.219E-25  1.247E-28
1.486E+01  2.282E-34  8.996E-26  8.988E-26  8.429E-29
1.472E+01  1.695E-34  6.618E-26  6.612E-26  5.680E-29
1.459E+01  1.255E-34  4.858E-26  4.854E-26  3.819E-29
1.445E+01  9.279E-35  3.558E-26  3.555E-26  2.571E-29
1.432E+01  6.842E-35  2.599E-26  2.597E-26  1.735E-29
1.419E+01  5.033E-35  1.894E-26  1.893E-26  1.175E-29
1.406E+01  3.692E-35  1.377E-26  1.376E-26  8.006E-30
1.393E+01  2.702E-35  9.985E-27  9.980E-27  5.494E-30
1.380E+01  1.973E-35  7.223E-27  7.219E-27  3.790E-30
1.368E+01  1.437E-35  5.213E-27  5.210E-27  2.632E-30
1.355E+01  1.044E-35  3.753E-27  3.751E-27  1.831E-30
1.343E+01  7.564E-36  2.694E-27  2.693E-27  1.275E-30
1.330E+01  5.465E-36  1.929E-27  1.928E-27  8.849E-31
1.318E+01  3.939E-36  1.377E-27  1.377E-27  6.129E-31
1.306E+01  2.832E-36  9.811E-28  9.807E-28  4.226E-31
1.294E+01  2.031E-36  6.971E-28  6.968E-28  2.908E-31
1.282E+01  1.452E-36  4.939E-28  4.937E-28  1.999E-31
1.271E+01  1.036E-36  3.491E-28  3.489E-28  1.372E-31
1.259E+01  7.364E-37  2.459E-28  2.458E-28  9.375E-32
1.247E+01  5.219E-37  1.727E-28  1.726E-28  6.379E-32
1.236E+01  3.687E-37  1.209E-28  1.208E-28  4.320E-32
1.225E+01  2.596E-37  8.431E-29  8.428E-29  2.908E-32
1.213E+01  1.822E-37  5.865E-29  5.863E-29  1.954E-32
1.202E+01  1.276E-37  4.069E-29  4.068E-29  1.313E-32
1.191E+01  8.906E-38  2.814E-29  2.813E-29  8.776E-33
1.180E+01  6.196E-38  1.940E-29  1.939E-29  5.841E-33
1.169E+01  4.298E-38  1.333E-29  1.333E-29  3.866E-33
1.159E+01  3.003E-38  9.232E-30  9.229E-30  2.538E-33
1.148E+01  2.304E-38  7.017E-30  7.015E-30  1.658E-33
1.138E+01  1.446E-38  4.364E-30  4.363E-30  1.081E-33
1.127E+01  9.860E-39  2.948E-30  2.947E-30  7.026E-34
1.117E+01  6.713E-39  1.989E-30  1.988E-30  4.555E-34
1.107E+01  4.559E-39  1.338E-30  1.338E-30  2.941E-34
1.096E+01  3.094E-39  9.000E-31  8.998E-31  1.888E-34
1.086E+01  2.095E-39  6.038E-31  6.037E-31  1.208E-34
1.076E+01  1.415E-39  4.039E-31  4.039E-31  7.717E-35
1.067E+01  9.523E-40  2.694E-31  2.694E-31  4.925E-35
1.057E+01  6.391E-40  1.792E-31  1.791E-31  3.137E-35
1.047E+01  4.276E-40  1.188E-31  1.187E-31  1.984E-35
1.038E+01  2.852E-40  7.848E-32  7.847E-32  1.240E-35
1.028E+01  1.896E-40  5.170E-32  5.169E-32  7.658E-36
1.019E+01  1.256E-40  3.394E-32  3.394E-32  4.674E-36
1.009E+01  8.298E-41  2.221E-32  2.221E-32  2.831E-36
1.000E+01  5.463E-41  1.449E-32  1.449E-32  1.706E-36
9.908E+00  3.585E-41  9.423E-33  9.422E-33  1.026E-36
9.817E+00  2.345E-41  6.108E-33  6.107E-33  6.148E-37
9.727E+00  1.529E-41  3.946E-33  3.946E-33  3.670E-37
9.638E+00  9.939E-42  2.541E-33  2.541E-33  2.178E-37
9.550E+00  6.439E-42  1.631E-33  1.631E-33  1.278E-37
9.462E+00  4.158E-42  1.044E-33  1.044E-33  7.390E-38
9.376E+00  2.676E-42  6.655E-34  6.655E-34  4.200E-38
9.290E+00  1.716E-42  4.229E-34  4.229E-34  2.340E-38
9.204E+00  1.097E-42  2.679E-34  2.679E-34  1.278E-38
9.120E+00  6.993E-43  1.692E-34  1.692E-34  6.845E-39
9.036E+00  4.442E-43  1.065E-34  1.065E-34  3.604E-39
8.954E+00  2.813E-43  6.680E-35  6.680E-35  1.873E-39
8.872E+00  1.776E-43  4.179E-35  4.179E-35  9.655E-40
8.790E+00  1.118E-43  2.607E-35  2.607E-35  4.953E-40
8.710E+00  7.024E-44  1.623E-35  1.623E-35  2.537E-40
8.630E+00  4.396E-44  1.006E-35  1.006E-35  1.299E-40
8.551E+00  2.733E-44  6.198E-36  6.198E-36  6.645E-41
8.472E+00  1.690E-44  3.797E-36  3.797E-36  3.380E-41
8.395E+00  1.042E-44  2.320E-36  2.320E-36  1.697E-41
8.318E+00  6.409E-45  1.414E-36  1.414E-36  8.347E-42
8.241E+00  3.931E-45  8.593E-37  8.593E-37  4.006E-42
8.166E+00  2.404E-45  5.208E-37  5.208E-37  1.872E-42
8.091E+00  1.467E-45  3.149E-37  3.149E-37  8.638E-43
8.017E+00  8.940E-46  1.901E-37  1.901E-37  3.938E-43
7.943E+00  5.434E-46  1.145E-37  1.145E-37  1.781E-43
7.870E+00  3.287E-46  6.863E-38  6.863E-38  8.001E-44
7.798E+00  1.973E-46  4.081E-38  4.081E-38  3.575E-44
7.727E+00  1.177E-46  2.412E-38  2.412E-38  1.598E-44
7.656E+00  6.998E-47  1.421E-38  1.421E-38  7.169E-45
7.586E+00  4.134E-47  8.319E-39  8.319E-39  3.234E-45
7.516E+00  2.418E-47  4.820E-39  4.820E-39  1.477E-45
7.447E+00  1.407E-47  2.779E-39  2.779E-39  6.860E-46
7.379E+00  8.167E-48  1.599E-39  1.599E-39  3.220E-46
7.311E+00  4.731E-48  9.176E-40  9.176E-40  1.534E-46
7.244E+00  2.733E-48  5.251E-40  5.251E-40  7.352E-47
7.178E+00  1.573E-48  2.995E-40  2.995E-40  3.532E-47
7.112E+00  9.018E-49  1.701E-40  1.701E-40  1.706E-47
7.047E+00  5.151E-49  9.628E-41  9.628E-41  8.246E-48
6.982E+00  2.930E-49  5.427E-41  5.427E-41  3.968E-48
6.918E+00  1.660E-49  3.047E-41  3.047E-41  1.904E-48
6.855E+00  9.370E-50  1.704E-41  1.704E-41  9.095E-49
6.792E+00  5.266E-50  9.488E-42  9.488E-42  4.319E-49
6.730E+00  2.946E-50  5.259E-42  5.259E-42  2.040E-49
6.668E+00  1.640E-50  2.901E-42  2.901E-42  9.573E-50
6.607E+00  9.084E-51  1.592E-42  1.592E-42  4.463E-50
6.546E+00  5.008E-51  8.696E-43  8.696E-43  2.068E-50
6.486E+00  2.748E-51  4.729E-43  4.729E-43  9.516E-51
6.427E+00  1.503E-51  2.562E-43  2.562E-43  4.350E-51
6.368E+00  8.193E-52  1.384E-43  1.384E-43  1.975E-51
6.310E+00  4.415E-52  7.389E-44  7.389E-44  8.905E-52
6.252E+00  2.447E-52  4.058E-44  4.058E-44  3.987E-52
6.194E+00  1.311E-52  2.153E-44  2.153E-44  1.773E-52
6.138E+00  6.883E-53  1.121E-44  1.121E-44  7.820E-53
6.081E+00  3.613E-53  5.829E-45  5.829E-45  3.427E-53
6.026E+00  1.897E-53  3.032E-45  3.032E-45  1.492E-53
5.970E+00  9.929E-54  1.572E-45  1.572E-45  6.454E-54
5.916E+00  5.177E-54  8.123E-46  8.123E-46  2.773E-54
5.861E+00  2.687E-54  4.178E-46  4.178E-46  1.184E-54
5.808E+00  1.388E-54  2.138E-46  2.138E-46  5.022E-55
5.754E+00  7.138E-55  1.089E-46  1.089E-46  2.116E-55
5.702E+00  3.650E-55  5.520E-47  5.520E-47  8.857E-56
5.649E+00  1.853E-55  2.777E-47  2.777E-47  3.683E-56
5.598E+00  9.354E-56  1.389E-47  1.389E-47  1.521E-56
5.546E+00  4.698E-56  6.912E-48  6.912E-48  6.239E-57
5.495E+00  2.347E-56  3.422E-48  3.422E-48  2.542E-57
5.445E+00  1.167E-56  1.685E-48  1.685E-48  1.029E-57
5.395E+00  5.767E-57  8.253E-49  8.253E-49  4.134E-58
5.346E+00  2.835E-57  4.020E-49  4.020E-49  1.649E-58
5.297E+00  1.386E-57  1.947E-49  1.947E-49  6.535E-59
5.248E+00  6.730E-58  9.369E-50  9.369E-50  2.571E-59
5.200E+00  3.247E-58  4.479E-50  4.479E-50  1.004E-59
5.152E+00  1.558E-58  2.129E-50  2.129E-50  3.893E-60
5.105E+00  7.428E-59  1.006E-50  1.006E-50  1.499E-60
5.058E+00  3.521E-59  4.724E-51  4.724E-51  5.727E-61
5.012E+00  1.659E-59  2.206E-51  2.206E-51  2.172E-61
4.966E+00  7.766E-60  1.023E-51  1.023E-51  8.179E-62
4.920E+00  3.613E-60  4.715E-52  4.715E-52  3.056E-62
4.875E+00  1.670E-60  2.160E-52  2.160E-52  1.133E-62
4.831E+00  7.673E-61  9.832E-53  9.832E-53  4.170E-63
4.786E+00  3.503E-61  4.447E-53  4.447E-53  1.522E-63
4.742E+00  1.589E-61  1.999E-53  1.999E-53  5.516E-64
4.699E+00  7.164E-62  8.929E-54  8.929E-54  1.983E-64
4.656E+00  3.208E-62  3.962E-54  3.962E-54  7.070E-65
4.613E+00  1.428E-62  1.747E-54  1.747E-54  2.501E-65
4.571E+00  6.310E-63  7.651E-55  7.651E-55  8.778E-66
4.529E+00  2.771E-63  3.329E-55  3.329E-55  3.056E-66
4.487E+00  1.208E-63  1.438E-55  1.438E-55  1.055E-66
4.446E+00  5.235E-64  6.174E-56  6.174E-56  3.615E-67
4.406E+00  2.252E-64  2.632E-56  2.632E-56  1.228E-67
4.365E+00  9.624E-65  1.114E-56  1.114E-56  4.141E-68
4.325E+00  4.083E-65  4.685E-57  4.685E-57  1.385E-68
4.285E+00  1.720E-65  1.956E-57  1.956E-57  4.591E-69
4.246E+00  7.198E-66  8.107E-58  8.107E-58  1.510E-69
4.207E+00  2.990E-66  3.337E-58  3.337E-58  4.925E-70
4.169E+00  1.233E-66  1.363E-58  1.363E-58  1.593E-70
4.130E+00  5.048E-67  5.531E-59  5.531E-59  5.112E-71
4.093E+00  2.051E-67  2.227E-59  2.227E-59  1.626E-71
4.055E+00  8.275E-68  8.901E-60  8.901E-60  5.127E-72
4.018E+00  3.313E-68  3.531E-60  3.531E-60  1.603E-72
3.981E+00  1.317E-68  1.390E-60  1.390E-60  4.974E-73
3.945E+00  5.192E-69  5.433E-61  5.433E-61  1.530E-73
3.908E+00  2.032E-69  2.107E-61  2.107E-61  4.668E-74
3.873E+00  7.892E-70  8.107E-62  8.107E-62  1.413E-74
3.837E+00  3.042E-70  3.096E-62  3.096E-62  4.241E-75
3.802E+00  1.163E-70  1.173E-62  1.173E-62  1.263E-75
3.767E+00  4.416E-71  4.413E-63  4.413E-63  3.728E-76
3.733E+00  1.665E-71  1.649E-63  1.649E-63  1.092E-76
3.698E+00  6.251E-72  6.133E-64  6.133E-64  3.172E-77
3.664E+00  2.351E-72  2.285E-64  2.285E-64  9.136E-78
3.631E+00  9.016E-73  8.684E-65  8.684E-65  2.610E-78
3.597E+00  3.698E-73  3.529E-65  3.529E-65  7.393E-79
3.565E+00  1.792E-73  1.694E-65  1.694E-65  2.076E-79
3.532E+00  1.158E-73  1.085E-65  1.085E-65  5.782E-80
3.499E+00  1.018E-73  9.452E-66  9.452E-66  1.596E-80
3.467E+00  1.111E-73  1.022E-65  1.022E-65  4.366E-81
3.436E+00  1.396E-73  1.272E-65  1.272E-65  1.184E-81
3.404E+00  2.008E-73  1.813E-65  1.813E-65  3.181E-82
3.373E+00  3.489E-73  3.121E-65  3.121E-65  8.468E-83
3.342E+00  8.423E-73  7.467E-65  7.467E-65  2.233E-83
3.311E+00  3.308E-72  2.906E-64  2.906E-64  5.830E-84
3.281E+00  2.280E-72  1.984E-64  1.984E-64  1.507E-84
3.251E+00  6.390E-73  5.510E-65  5.510E-65  3.857E-85
3.221E+00  2.940E-73  2.512E-65  2.512E-65  9.764E-86
3.192E+00  1.797E-73  1.521E-65  1.521E-65  2.446E-86
3.162E+00  1.293E-73  1.084E-65  1.084E-65  6.065E-87
3.133E+00  1.030E-73  8.560E-66  8.560E-66  1.487E-87
3.105E+00  8.769E-74  7.221E-66  7.221E-66  3.608E-88
3.076E+00  7.810E-74  6.372E-66  6.372E-66  8.658E-89
3.048E+00  7.174E-74  5.800E-66  5.800E-66  2.054E-89
3.020E+00  6.737E-74  5.397E-66  5.397E-66  4.816E-90
2.992E+00  6.427E-74  5.101E-66  5.101E-66  1.116E-90
2.965E+00  6.202E-74  4.878E-66  4.878E-66  2.553E-91
2.938E+00  6.037E-74  4.704E-66  4.704E-66  5.770E-92
2.911E+00  5.915E-74  4.567E-66  4.567E-66  1.288E-92
2.884E+00  5.824E-74  4.456E-66  4.456E-66  2.837E-93
2.858E+00  5.757E-74  4.364E-66  4.364E-66  6.171E-94
2.831E+00  5.708E-74  4.287E-66  4.287E-66  1.324E-94
2.805E+00  5.672E-74  4.221E-66  4.221E-66  2.804E-95
2.780E+00  5.648E-74  4.164E-66  4.164E-66  5.856E-96
2.754E+00  5.632E-74  4.115E-66  4.115E-66  1.206E-96
2.729E+00  5.623E-74  4.070E-66  4.070E-66  2.450E-97
2.704E+00  5.619E-74  4.030E-66  4.030E-66  4.906E-98
2.679E+00  5.620E-74  3.994E-66  3.994E-66  9.682E-99
2.655E+00  5.625E-74  3.961E-66  3.961E-66  1.883E-99
2.630E+00  5.632E-74  3.929E-66  3.929E-66  3.609-100
2.606E+00  5.642E-74  3.900E-66  3.900E-66  6.813-101
2.582E+00  5.653E-74  3.872E-66  3.872E-66  1.267-101
2.559E+00  5.666E-74  3.845E-66  3.845E-66  2.320-102
2.535E+00  5.680E-74  3.819E-66  3.819E-66  4.183-103
2.512E+00  5.694E-74  3.794E-66  3.794E-66  7.425-104
2.489E+00  5.709E-74  3.769E-66  3.769E-66  1.297-104
2.466E+00  5.724E-74  3.744E-66  3.744E-66  2.231-105
2.443E+00  5.738E-74  3.719E-66  3.719E-66  3.774-106
2.421E+00  5.753E-74  3.694E-66  3.694E-66  6.283-107
2.399E+00  5.768E-74  3.670E-66  3.670E-66  1.028-107
2.377E+00  5.783E-74  3.646E-66  3.646E-66  1.656-108
2.355E+00  5.798E-74  3.622E-66  3.622E-66  2.621-109
2.333E+00  5.813E-74  3.598E-66  3.598E-66  4.078-110
2.312E+00  5.828E-74  3.574E-66  3.574E-66  6.236-111
2.291E+00  5.842E-74  3.550E-66  3.550E-66  9.372-112
2.270E+00  5.856E-74  3.526E-66  3.526E-66  1.384-112
2.249E+00  5.868E-74  3.501E-66  3.501E-66  2.007-113
2.228E+00  5.880E-74  3.476E-66  3.476E-66  2.860-114
2.208E+00  5.890E-74  3.450E-66  3.450E-66  4.002-115
2.188E+00  5.898E-74  3.423E-66  3.423E-66  5.498-116
2.168E+00  5.905E-74  3.395E-66  3.395E-66  7.415-117
2.148E+00  5.909E-74  3.366E-66  3.366E-66  9.816-118
2.128E+00  5.910E-74  3.336E-66  3.336E-66  1.275-118
2.109E+00  5.907E-74  3.304E-66  3.304E-66  1.625-119
2.089E+00  5.899E-74  3.269E-66  3.269E-66  2.033-120
2.070E+00  5.887E-74  3.233E-66  3.233E-66  2.493-121
2.051E+00  5.867E-74  3.192E-66  3.192E-66  2.998-122
2.032E+00  5.839E-74  3.148E-66  3.148E-66  3.535-123
2.014E+00  5.800E-74  3.098E-66  3.098E-66  4.086-124
1.995E+00  5.750E-74  3.043E-66  3.043E-66  4.628-125
1.977E+00  5.687E-74  2.982E-66  2.982E-66  5.137-126
1.959E+00  5.614E-74  2.917E-66  2.917E-66  5.587-127
1.941E+00  5.542E-74  2.853E-66  2.853E-66  5.951-128
1.923E+00  5.491E-74  2.801E-66  2.801E-66  6.207-129
1.905E+00  5.482E-74  2.771E-66  2.771E-66  6.340-130
1.888E+00  5.526E-74  2.767E-66  2.767E-66  6.339-131
1.871E+00  5.608E-74  2.783E-66  2.783E-66  6.203-132
1.854E+00  5.703E-74  2.804E-66  2.804E-66  5.940-133
1.837E+00  5.793E-74  2.822E-66  2.822E-66  5.565-134
1.820E+00  5.868E-74  2.833E-66  2.833E-66  5.100-135
1.803E+00  5.929E-74  2.836E-66  2.836E-66  4.571-136
1.786E+00  5.976E-74  2.832E-66  2.832E-66  4.005-137
1.770E+00  6.012E-74  2.823E-66  2.823E-66  3.431-138
1.754E+00  6.040E-74  2.810E-66  2.810E-66  2.873-139
1.738E+00  6.062E-74  2.794E-66  2.794E-66  2.351-140
1.722E+00  6.079E-74  2.776E-66  2.776E-66  1.879-141
1.706E+00  6.092E-74  2.757E-66  2.757E-66  1.467-142
1.690E+00  6.103E-74  2.736E-66  2.736E-66  1.118-143
1.675E+00  6.111E-74  2.715E-66  2.715E-66  8.324-145
1.660E+00  6.118E-74  2.693E-66  2.693E-66  6.047-146
1.644E+00  6.124E-74  2.671E-66  2.671E-66  4.287-147
1.629E+00  6.128E-74  2.649E-66  2.649E-66  2.965-148
1.614E+00  6.133E-74  2.626E-66  2.626E-66  2.000-149
1.600E+00  6.138E-74  2.604E-66  2.604E-66  1.315-150
1.585E+00  6.144E-74  2.583E-66  2.583E-66  8.435-152
1.570E+00  6.152E-74  2.563E-66  2.563E-66  5.272-153
1.556E+00  6.161E-74  2.543E-66  2.543E-66  3.211-154
1.542E+00  6.173E-74  2.524E-66  2.524E-66  1.905-155
1.528E+00  6.189E-74  2.508E-66  2.508E-66  1.101-156
1.514E+00  6.208E-74  2.493E-66  2.493E-66  6.195-158
1.500E+00  6.233E-74  2.480E-66  2.480E-66  3.393-159
1.486E+00  6.265E-74  2.469E-66  2.469E-66  1.809-160
1.472E+00  6.304E-74  2.462E-66  2.462E-66  9.384-162
1.459E+00  6.353E-74  2.458E-66  2.458E-66  4.735-163
1.445E+00  6.413E-74  2.459E-66  2.459E-66  2.324-164
1.432E+00  6.488E-74  2.465E-66  2.465E-66  1.109-165
1.419E+00  6.580E-74  2.477E-66  2.477E-66  5.143-167
1.406E+00  6.693E-74  2.496E-66  2.496E-66  2.318-168
1.393E+00  6.831E-74  2.525E-66  2.525E-66  1.015-169
1.380E+00  7.002E-74  2.564E-66  2.564E-66  4.317-171
1.368E+00  7.210E-74  2.616E-66  2.616E-66  1.782-172
1.355E+00  7.464E-74  2.683E-66  2.683E-66  7.144-174
1.343E+00  7.771E-74  2.768E-66  2.768E-66  2.778-175
1.330E+00  8.134E-74  2.871E-66  2.871E-66  1.048-176
1.318E+00  8.552E-74  2.990E-66  2.990E-66  3.837-178
1.306E+00  9.003E-74  3.119E-66  3.119E-66  1.362-179
1.294E+00  9.444E-74  3.242E-66  3.242E-66  4.684-181
1.282E+00  9.796E-74  3.332E-66  3.332E-66  1.562-182
1.271E+00  9.962E-74  3.357E-66  3.357E-66  5.045-184
1.259E+00  9.864E-74  3.294E-66  3.294E-66  1.578-185
1.247E+00  9.497E-74  3.142E-66  3.142E-66  4.781-187
1.236E+00  8.937E-74  2.930E-66  2.930E-66  1.402-188
1.225E+00  8.300E-74  2.696E-66  2.696E-66  3.980-190
1.213E+00  7.681E-74  2.472E-66  2.472E-66  1.093-191
1.202E+00  7.140E-74  2.277E-66  2.277E-66  2.901-193
1.191E+00  6.696E-74  2.116E-66  2.116E-66  7.446-195
1.180E+00  6.352E-74  1.989E-66  1.989E-66  1.847-196
1.169E+00  6.100E-74  1.892E-66  1.892E-66  4.426-198
1.159E+00  5.935E-74  1.824E-66  1.824E-66  1.025-199
1.148E+00  5.852E-74  1.782E-66  1.782E-66  2.290-201
1.138E+00  5.856E-74  1.767E-66  1.767E-66  4.939-203
1.127E+00  5.959E-74  1.782E-66  1.782E-66  1.028-204
1.117E+00  6.185E-74  1.832E-66  1.832E-66  2.064-206
1.107E+00  6.579E-74  1.931E-66  1.931E-66  3.995-208
1.096E+00  7.211E-74  2.097E-66  2.097E-66  7.455-210
1.086E+00  8.185E-74  2.359E-66  2.359E-66  1.340-211
1.076E+00  9.613E-74  2.745E-66  2.745E-66  2.322-213
1.067E+00  1.143E-73  3.234E-66  3.234E-66  3.872-215
1.057E+00  1.296E-73  3.632E-66  3.632E-66  6.216-217
1.047E+00  1.286E-73  3.573E-66  3.573E-66  9.602-219
1.038E+00  1.097E-73  3.019E-66  3.019E-66  1.427-220
1.028E+00  8.647E-74  2.358E-66  2.358E-66  2.039-222
1.019E+00  6.808E-74  1.839E-66  1.839E-66  2.800-224
1.009E+00  5.543E-74  1.484E-66  1.484E-66  3.695-226
1.000E+00  4.693E-74  1.245E-66  1.245E-66  4.684-228
