Dust emission spectrum from Draine,B.T., & Li, A. (2007), ApJ, in press [astro-ph/0608003]
==========================================================
         7 = grain model
 4.000E-08 4.000E-01 4.500E-05 = a_01 (cm) , sigma_1 , b_C1
 2.000E-07 5.500E-01 1.500E-05 = a_02 (cm) , sigma_2 , b_C2
 5.000E+00 5.000E+00 1.000E+00 = Umin , Umax, beta (dN/dU propto U^{-beta})
 5.000E+00 = <U>       mmp83 = radfield
 0.000E+00 2.000E-07 = a_{min} (cm), a_{max} (cm)
 5.249E-24 5.089E-24 1.598E-25 = P(tot)  P(carb)  P(sil) (erg s-1 H-1)
 band     <nu*P_nu> <j_nu(tot)><j_nu(carb)><j_nu(sil)>
 (um)   (erg s-1 H-1)(Jy/(sr*H))(Jy/(sr*H))(Jy/(sr*H))
1.270E+00  9.199E-26  3.099E-18  2.999E-18  1.005E-19 COBE-DIRBE
2.220E+00  1.174E-25  6.915E-18  6.600E-18  3.145E-19 COBE-DIRBE
3.530E+00  7.632E-25  7.146E-17  7.088E-17  5.772E-19 COBE-DIRBE
4.880E+00  3.422E-25  4.429E-17  4.350E-17  7.903E-19 COBE-DIRBE
1.229E+01  2.879E-24  9.386E-16  9.157E-16  2.287E-17 COBE-DIRBE
2.079E+01  1.398E-24  7.707E-16  7.186E-16  5.208E-17 COBE-DIRBE
5.599E+01  1.925E-25  2.858E-16  2.423E-16  4.352E-17 COBE-DIRBE
9.770E+01  5.555E-26  1.440E-16  1.213E-16  2.271E-17 COBE-DIRBE
1.479E+02  2.450E-26  9.610E-17  8.284E-17  1.326E-17 COBE-DIRBE
2.479E+02  6.340E-27  4.169E-17  3.413E-17  7.558E-18 COBE-DIRBE
1.200E+01  3.209E-24  1.021E-15  9.990E-16  2.243E-17 IRAS
2.500E+01  1.073E-24  7.116E-16  6.519E-16  5.974E-17 IRAS
6.000E+01  1.765E-25  2.810E-16  2.381E-16  4.287E-17 IRAS
1.000E+02  5.244E-26  1.391E-16  1.174E-16  2.174E-17 IRAS
3.550E+00  8.873E-25  8.356E-17  8.297E-17  5.820E-19 SST-IRAC
4.493E+00  2.490E-25  2.967E-17  2.894E-17  7.299E-19 SST-IRAC
5.731E+00  1.981E-24  3.011E-16  3.002E-16  9.824E-19 SST-IRAC
7.872E+00  4.786E-24  9.994E-16  9.911E-16  8.330E-18 SST-IRAC
2.368E+01  9.140E-25  5.741E-16  5.197E-16  5.440E-17 SST-MIPS
7.142E+01  9.638E-26  1.826E-16  1.523E-16  3.029E-17 SST-MIPS
1.559E+02  2.030E-26  8.395E-17  7.267E-17  1.128E-17 SST-MIPS
1.600E+01  2.027E-24  8.604E-16  8.318E-16  2.860E-17 SST-IRSPU
2.200E+01  1.070E-24  6.243E-16  5.694E-16  5.489E-17 SST-IRSPU
7.500E+01  8.326E-26  1.656E-16  1.381E-16  2.756E-17 Herschel-PACS
1.100E+02  3.696E-26  1.078E-16  9.110E-17  1.674E-17 Herschel-PACS
1.700E+02  1.541E-26  6.950E-17  5.994E-17  9.558E-18 Herschel-PACS
2.500E+02  5.290E-27  3.508E-17  2.841E-17  6.674E-18 Herschel-SPIRE
3.600E+02  1.432E-27  1.368E-17  9.253E-18  4.425E-18 Herschel-SPIRE
5.200E+02  3.636E-28  5.015E-18  2.696E-18  2.319E-18 Herschel-SPIRE
2.400E+00  1.316E-25  8.378E-18  8.026E-18  3.515E-19 Akari IRC NIR N2
3.200E+00  5.870E-25  4.982E-17  4.931E-17  5.152E-19 Akari IRC NIR N3
4.100E+00  2.701E-25  2.937E-17  2.871E-17  6.682E-19 Akari IRC NIR N4
7.000E+00  5.437E-24  1.010E-15  1.007E-15  3.057E-18 Akari IRC MIR-S S7
9.000E+00  3.823E-24  9.127E-16  8.965E-16  1.621E-17 Akari IRC MIR-S S9W
1.100E+01  2.939E-24  8.576E-16  8.329E-16  2.464E-17 Akari IRC MIR-S S11
1.500E+01  2.094E-24  8.333E-16  8.037E-16  2.964E-17 Akari IRC MIR-L L15
1.800E+01  1.526E-24  7.285E-16  6.869E-16  4.162E-17 Akari IRC MIR-L L18W
2.400E+01  1.005E-24  6.400E-16  5.812E-16  5.874E-17 Akari IRC MIR-L L24
6.500E+01  1.254E-25  2.162E-16  1.808E-16  3.544E-17 Akari FIS N60
8.000E+01  7.590E-26  1.611E-16  1.351E-16  2.594E-17 Akari FIS WIDE-S
1.400E+02  2.429E-26  9.020E-17  7.781E-17  1.239E-17 Akari FIS WIDE-L
1.600E+02  1.937E-26  8.223E-17  7.124E-17  1.099E-17 Akari FIS N160






lambda    nu*dP/dnu     j_nu    j_nu(carb.) j_nu(sil)
 (um)    (erg/(s*H)) (Jy/(sr*H) (Jy/(sr*H)) (Jy/(sr*H)
1.000E+04  2.422E-33  6.426E-22  1.216E-22  5.209E-22
9.908E+03  2.510E-33  6.597E-22  1.251E-22  5.346E-22
9.817E+03  2.601E-33  6.773E-22  1.287E-22  5.486E-22
9.727E+03  2.695E-33  6.953E-22  1.323E-22  5.630E-22
9.638E+03  2.792E-33  7.138E-22  1.361E-22  5.777E-22
9.550E+03  2.893E-33  7.328E-22  1.400E-22  5.929E-22
9.462E+03  2.997E-33  7.523E-22  1.439E-22  6.084E-22
9.376E+03  3.106E-33  7.724E-22  1.480E-22  6.243E-22
9.290E+03  3.218E-33  7.929E-22  1.523E-22  6.406E-22
9.204E+03  3.334E-33  8.140E-22  1.566E-22  6.574E-22
9.120E+03  3.454E-33  8.357E-22  1.611E-22  6.746E-22
9.036E+03  3.579E-33  8.579E-22  1.656E-22  6.923E-22
8.954E+03  3.708E-33  8.806E-22  1.704E-22  7.103E-22
8.872E+03  3.841E-33  9.038E-22  1.752E-22  7.286E-22
8.790E+03  3.979E-33  9.277E-22  1.802E-22  7.475E-22
8.710E+03  4.122E-33  9.522E-22  1.853E-22  7.669E-22
8.630E+03  4.270E-33  9.774E-22  1.906E-22  7.868E-22
8.551E+03  4.423E-33  1.003E-21  1.960E-22  8.072E-22
8.472E+03  4.582E-33  1.030E-21  2.016E-22  8.282E-22
8.395E+03  4.747E-33  1.057E-21  2.073E-22  8.497E-22
8.318E+03  4.918E-33  1.085E-21  2.132E-22  8.718E-22
8.241E+03  5.095E-33  1.114E-21  2.193E-22  8.945E-22
8.166E+03  5.279E-33  1.143E-21  2.255E-22  9.179E-22
8.091E+03  5.469E-33  1.174E-21  2.319E-22  9.418E-22
8.017E+03  5.666E-33  1.205E-21  2.385E-22  9.664E-22
7.943E+03  5.871E-33  1.237E-21  2.453E-22  9.916E-22
7.870E+03  6.083E-33  1.270E-21  2.523E-22  1.018E-21
7.798E+03  6.302E-33  1.304E-21  2.595E-22  1.044E-21
7.727E+03  6.530E-33  1.338E-21  2.669E-22  1.071E-21
7.656E+03  6.766E-33  1.374E-21  2.745E-22  1.100E-21
7.586E+03  7.011E-33  1.411E-21  2.823E-22  1.128E-21
7.516E+03  7.264E-33  1.448E-21  2.903E-22  1.158E-21
7.447E+03  7.527E-33  1.487E-21  2.986E-22  1.188E-21
7.379E+03  7.799E-33  1.527E-21  3.071E-22  1.220E-21
7.311E+03  8.082E-33  1.567E-21  3.158E-22  1.252E-21
7.244E+03  8.375E-33  1.609E-21  3.248E-22  1.285E-21
7.178E+03  8.678E-33  1.652E-21  3.340E-22  1.318E-21
7.112E+03  8.993E-33  1.697E-21  3.435E-22  1.353E-21
7.047E+03  9.319E-33  1.742E-21  3.533E-22  1.389E-21
6.982E+03  9.657E-33  1.789E-21  3.634E-22  1.425E-21
6.918E+03  1.001E-32  1.836E-21  3.737E-22  1.463E-21
6.855E+03  1.037E-32  1.886E-21  3.843E-22  1.501E-21
6.792E+03  1.075E-32  1.936E-21  3.953E-22  1.541E-21
6.730E+03  1.114E-32  1.988E-21  4.065E-22  1.581E-21
6.668E+03  1.154E-32  2.041E-21  4.181E-22  1.623E-21
6.607E+03  1.196E-32  2.096E-21  4.300E-22  1.666E-21
6.546E+03  1.239E-32  2.152E-21  4.423E-22  1.710E-21
6.486E+03  1.284E-32  2.210E-21  4.549E-22  1.755E-21
6.427E+03  1.331E-32  2.269E-21  4.678E-22  1.802E-21
6.368E+03  1.380E-32  2.330E-21  4.811E-22  1.849E-21
6.310E+03  1.430E-32  2.393E-21  4.948E-22  1.898E-21
6.252E+03  1.482E-32  2.458E-21  5.089E-22  1.949E-21
6.194E+03  1.536E-32  2.524E-21  5.235E-22  2.000E-21
6.138E+03  1.592E-32  2.592E-21  5.384E-22  2.053E-21
6.081E+03  1.650E-32  2.662E-21  5.537E-22  2.108E-21
6.026E+03  1.710E-32  2.734E-21  5.695E-22  2.164E-21
5.970E+03  1.773E-32  2.807E-21  5.858E-22  2.222E-21
5.916E+03  1.837E-32  2.883E-21  6.025E-22  2.281E-21
5.861E+03  1.905E-32  2.961E-21  6.197E-22  2.342E-21
5.808E+03  1.974E-32  3.041E-21  6.373E-22  2.404E-21
5.754E+03  2.046E-32  3.124E-21  6.555E-22  2.468E-21
5.702E+03  2.121E-32  3.208E-21  6.743E-22  2.534E-21
5.649E+03  2.199E-32  3.295E-21  6.935E-22  2.602E-21
5.598E+03  2.280E-32  3.385E-21  7.133E-22  2.671E-21
5.546E+03  2.363E-32  3.476E-21  7.337E-22  2.743E-21
5.495E+03  2.450E-32  3.571E-21  7.547E-22  2.816E-21
5.445E+03  2.539E-32  3.668E-21  7.763E-22  2.892E-21
5.395E+03  2.633E-32  3.768E-21  7.985E-22  2.969E-21
5.346E+03  2.729E-32  3.870E-21  8.213E-22  3.049E-21
5.297E+03  2.830E-32  3.975E-21  8.448E-22  3.131E-21
5.248E+03  2.933E-32  4.084E-21  8.690E-22  3.215E-21
5.200E+03  3.041E-32  4.195E-21  8.939E-22  3.301E-21
5.152E+03  3.153E-32  4.309E-21  9.195E-22  3.390E-21
5.105E+03  3.269E-32  4.427E-21  9.459E-22  3.481E-21
5.058E+03  3.389E-32  4.548E-21  9.730E-22  3.575E-21
5.012E+03  3.514E-32  4.672E-21  1.001E-21  3.671E-21
4.966E+03  3.643E-32  4.799E-21  1.030E-21  3.770E-21
4.920E+03  3.778E-32  4.930E-21  1.059E-21  3.871E-21
4.875E+03  3.917E-32  5.065E-21  1.090E-21  3.975E-21
4.831E+03  4.061E-32  5.204E-21  1.121E-21  4.083E-21
4.786E+03  4.211E-32  5.346E-21  1.153E-21  4.193E-21
4.742E+03  4.366E-32  5.492E-21  1.186E-21  4.306E-21
4.699E+03  4.527E-32  5.643E-21  1.221E-21  4.422E-21
4.656E+03  4.694E-32  5.798E-21  1.256E-21  4.542E-21
4.613E+03  4.868E-32  5.957E-21  1.292E-21  4.665E-21
4.571E+03  5.048E-32  6.120E-21  1.329E-21  4.791E-21
4.529E+03  5.235E-32  6.289E-21  1.368E-21  4.921E-21
4.487E+03  5.428E-32  6.462E-21  1.407E-21  5.054E-21
4.446E+03  5.629E-32  6.639E-21  1.448E-21  5.192E-21
4.406E+03  5.838E-32  6.822E-21  1.490E-21  5.333E-21
4.365E+03  6.054E-32  7.010E-21  1.533E-21  5.478E-21
4.325E+03  6.279E-32  7.204E-21  1.577E-21  5.626E-21
4.285E+03  6.512E-32  7.402E-21  1.623E-21  5.780E-21
4.246E+03  6.754E-32  7.607E-21  1.670E-21  5.937E-21
4.207E+03  7.005E-32  7.817E-21  1.718E-21  6.099E-21
4.169E+03  7.265E-32  8.033E-21  1.768E-21  6.265E-21
4.130E+03  7.535E-32  8.256E-21  1.820E-21  6.436E-21
4.093E+03  7.815E-32  8.484E-21  1.873E-21  6.612E-21
4.055E+03  8.106E-32  8.719E-21  1.927E-21  6.792E-21
4.018E+03  8.408E-32  8.961E-21  1.983E-21  6.978E-21
3.981E+03  8.721E-32  9.210E-21  2.041E-21  7.169E-21
3.945E+03  9.046E-32  9.465E-21  2.101E-21  7.364E-21
3.908E+03  9.382E-32  9.727E-21  2.162E-21  7.565E-21
3.873E+03  9.732E-32  9.997E-21  2.225E-21  7.772E-21
3.837E+03  1.009E-31  1.027E-20  2.290E-21  7.985E-21
3.802E+03  1.047E-31  1.056E-20  2.357E-21  8.203E-21
3.767E+03  1.086E-31  1.085E-20  2.426E-21  8.428E-21
3.733E+03  1.127E-31  1.116E-20  2.497E-21  8.659E-21
3.698E+03  1.169E-31  1.147E-20  2.571E-21  8.897E-21
3.664E+03  1.213E-31  1.179E-20  2.646E-21  9.141E-21
3.631E+03  1.258E-31  1.212E-20  2.724E-21  9.393E-21
3.597E+03  1.305E-31  1.246E-20  2.804E-21  9.651E-21
3.565E+03  1.354E-31  1.280E-20  2.887E-21  9.917E-21
3.532E+03  1.405E-31  1.316E-20  2.972E-21  1.019E-20
3.499E+03  1.458E-31  1.353E-20  3.060E-21  1.047E-20
3.467E+03  1.512E-31  1.391E-20  3.150E-21  1.076E-20
3.436E+03  1.569E-31  1.430E-20  3.244E-21  1.106E-20
3.404E+03  1.628E-31  1.470E-20  3.340E-21  1.136E-20
3.373E+03  1.690E-31  1.512E-20  3.439E-21  1.168E-20
3.342E+03  1.753E-31  1.554E-20  3.541E-21  1.200E-20
3.311E+03  1.819E-31  1.598E-20  3.646E-21  1.233E-20
3.281E+03  1.888E-31  1.643E-20  3.755E-21  1.268E-20
3.251E+03  1.959E-31  1.689E-20  3.867E-21  1.303E-20
3.221E+03  2.033E-31  1.737E-20  3.982E-21  1.339E-20
3.192E+03  2.110E-31  1.786E-20  4.101E-21  1.376E-20
3.162E+03  2.190E-31  1.837E-20  4.223E-21  1.414E-20
3.133E+03  2.272E-31  1.889E-20  4.350E-21  1.454E-20
3.105E+03  2.358E-31  1.942E-20  4.480E-21  1.494E-20
3.076E+03  2.448E-31  1.997E-20  4.615E-21  1.536E-20
3.048E+03  2.540E-31  2.054E-20  4.753E-21  1.579E-20
3.020E+03  2.637E-31  2.112E-20  4.896E-21  1.623E-20
2.992E+03  2.737E-31  2.172E-20  5.044E-21  1.668E-20
2.965E+03  2.840E-31  2.234E-20  5.196E-21  1.714E-20
2.938E+03  2.948E-31  2.297E-20  5.353E-21  1.762E-20
2.911E+03  3.059E-31  2.362E-20  5.515E-21  1.811E-20
2.884E+03  3.175E-31  2.429E-20  5.681E-21  1.861E-20
2.858E+03  3.296E-31  2.498E-20  5.854E-21  1.913E-20
2.831E+03  3.421E-31  2.569E-20  6.031E-21  1.966E-20
2.805E+03  3.551E-31  2.642E-20  6.215E-21  2.021E-20
2.780E+03  3.686E-31  2.718E-20  6.404E-21  2.077E-20
2.754E+03  3.826E-31  2.795E-20  6.599E-21  2.135E-20
2.729E+03  3.972E-31  2.875E-20  6.800E-21  2.195E-20
2.704E+03  4.123E-31  2.957E-20  7.008E-21  2.256E-20
2.679E+03  4.280E-31  3.042E-20  7.222E-21  2.319E-20
2.655E+03  4.443E-31  3.129E-20  7.444E-21  2.384E-20
2.630E+03  4.613E-31  3.218E-20  7.672E-21  2.451E-20
2.606E+03  4.789E-31  3.311E-20  7.908E-21  2.520E-20
2.582E+03  4.972E-31  3.406E-20  8.151E-21  2.591E-20
2.559E+03  5.162E-31  3.503E-20  8.402E-21  2.663E-20
2.535E+03  5.360E-31  3.604E-20  8.661E-21  2.738E-20
2.512E+03  5.565E-31  3.708E-20  8.929E-21  2.815E-20
2.489E+03  5.778E-31  3.815E-20  9.205E-21  2.894E-20
2.466E+03  5.999E-31  3.924E-20  9.490E-21  2.975E-20
2.443E+03  6.229E-31  4.038E-20  9.785E-21  3.059E-20
2.421E+03  6.469E-31  4.154E-20  1.009E-20  3.145E-20
2.399E+03  6.717E-31  4.274E-20  1.040E-20  3.234E-20
2.377E+03  6.975E-31  4.397E-20  1.073E-20  3.325E-20
2.355E+03  7.243E-31  4.525E-20  1.106E-20  3.418E-20
2.333E+03  7.521E-31  4.656E-20  1.141E-20  3.515E-20
2.312E+03  7.811E-31  4.790E-20  1.176E-20  3.614E-20
2.291E+03  8.112E-31  4.929E-20  1.213E-20  3.716E-20
2.270E+03  8.424E-31  5.072E-20  1.251E-20  3.821E-20
2.249E+03  8.749E-31  5.219E-20  1.291E-20  3.929E-20
2.228E+03  9.086E-31  5.371E-20  1.331E-20  4.039E-20
2.208E+03  9.436E-31  5.527E-20  1.373E-20  4.154E-20
2.188E+03  9.800E-31  5.687E-20  1.417E-20  4.271E-20
2.168E+03  1.018E-30  5.853E-20  1.461E-20  4.392E-20
2.148E+03  1.057E-30  6.023E-20  1.508E-20  4.516E-20
2.128E+03  1.098E-30  6.199E-20  1.555E-20  4.643E-20
2.109E+03  1.140E-30  6.379E-20  1.605E-20  4.774E-20
2.089E+03  1.185E-30  6.565E-20  1.656E-20  4.909E-20
2.070E+03  1.230E-30  6.757E-20  1.708E-20  5.048E-20
2.051E+03  1.278E-30  6.954E-20  1.763E-20  5.191E-20
2.032E+03  1.328E-30  7.157E-20  1.819E-20  5.338E-20
2.014E+03  1.379E-30  7.366E-20  1.877E-20  5.489E-20
1.995E+03  1.432E-30  7.581E-20  1.937E-20  5.644E-20
1.977E+03  1.488E-30  7.802E-20  1.999E-20  5.803E-20
1.959E+03  1.545E-30  8.030E-20  2.064E-20  5.967E-20
1.941E+03  1.605E-30  8.265E-20  2.130E-20  6.135E-20
1.923E+03  1.668E-30  8.507E-20  2.198E-20  6.309E-20
1.905E+03  1.732E-30  8.756E-20  2.269E-20  6.487E-20
1.888E+03  1.800E-30  9.012E-20  2.343E-20  6.670E-20
1.871E+03  1.869E-30  9.276E-20  2.418E-20  6.858E-20
1.854E+03  1.942E-30  9.548E-20  2.496E-20  7.052E-20
1.837E+03  2.017E-30  9.828E-20  2.577E-20  7.251E-20
1.820E+03  2.096E-30  1.012E-19  2.661E-20  7.456E-20
1.803E+03  2.177E-30  1.041E-19  2.747E-20  7.666E-20
1.786E+03  2.262E-30  1.072E-19  2.837E-20  7.882E-20
1.770E+03  2.350E-30  1.103E-19  2.929E-20  8.105E-20
1.754E+03  2.441E-30  1.136E-19  3.025E-20  8.333E-20
1.738E+03  2.536E-30  1.169E-19  3.123E-20  8.569E-20
1.722E+03  2.635E-30  1.204E-19  3.225E-20  8.810E-20
1.706E+03  2.738E-30  1.239E-19  3.331E-20  9.058E-20
1.690E+03  2.844E-30  1.275E-19  3.440E-20  9.314E-20
1.675E+03  2.955E-30  1.313E-19  3.553E-20  9.576E-20
1.660E+03  3.070E-30  1.352E-19  3.670E-20  9.845E-20
1.644E+03  3.190E-30  1.391E-19  3.790E-20  1.012E-19
1.629E+03  3.314E-30  1.432E-19  3.915E-20  1.041E-19
1.614E+03  3.443E-30  1.474E-19  4.044E-20  1.070E-19
1.600E+03  3.577E-30  1.518E-19  4.178E-20  1.100E-19
1.585E+03  3.717E-30  1.562E-19  4.316E-20  1.131E-19
1.570E+03  3.861E-30  1.608E-19  4.459E-20  1.163E-19
1.556E+03  4.012E-30  1.656E-19  4.606E-20  1.195E-19
1.542E+03  4.168E-30  1.705E-19  4.759E-20  1.229E-19
1.528E+03  4.331E-30  1.755E-19  4.917E-20  1.263E-19
1.514E+03  4.499E-30  1.806E-19  5.080E-20  1.298E-19
1.500E+03  4.675E-30  1.860E-19  5.249E-20  1.335E-19
1.486E+03  4.857E-30  1.914E-19  5.424E-20  1.372E-19
1.472E+03  5.047E-30  1.971E-19  5.605E-20  1.410E-19
1.459E+03  5.243E-30  2.029E-19  5.791E-20  1.450E-19
1.445E+03  5.448E-30  2.089E-19  5.985E-20  1.490E-19
1.432E+03  5.661E-30  2.150E-19  6.185E-20  1.532E-19
1.419E+03  5.881E-30  2.214E-19  6.392E-20  1.575E-19
1.406E+03  6.111E-30  2.279E-19  6.606E-20  1.619E-19
1.393E+03  6.349E-30  2.346E-19  6.827E-20  1.664E-19
1.380E+03  6.597E-30  2.415E-19  7.056E-20  1.710E-19
1.368E+03  6.854E-30  2.487E-19  7.293E-20  1.757E-19
1.355E+03  7.121E-30  2.560E-19  7.538E-20  1.806E-19
1.343E+03  7.399E-30  2.635E-19  7.792E-20  1.856E-19
1.330E+03  7.688E-30  2.713E-19  8.054E-20  1.908E-19
1.318E+03  7.987E-30  2.793E-19  8.325E-20  1.960E-19
1.306E+03  8.299E-30  2.875E-19  8.606E-20  2.015E-19
1.294E+03  8.622E-30  2.960E-19  8.896E-20  2.070E-19
1.282E+03  8.958E-30  3.047E-19  9.197E-20  2.127E-19
1.271E+03  9.307E-30  3.137E-19  9.508E-20  2.186E-19
1.259E+03  9.669E-30  3.229E-19  9.829E-20  2.246E-19
1.247E+03  1.005E-29  3.324E-19  1.016E-19  2.308E-19
1.236E+03  1.044E-29  3.422E-19  1.051E-19  2.371E-19
1.225E+03  1.084E-29  3.522E-19  1.086E-19  2.436E-19
1.213E+03  1.126E-29  3.626E-19  1.123E-19  2.503E-19
1.202E+03  1.170E-29  3.732E-19  1.161E-19  2.571E-19
1.191E+03  1.216E-29  3.842E-19  1.201E-19  2.641E-19
1.180E+03  1.263E-29  3.954E-19  1.241E-19  2.713E-19
1.169E+03  1.312E-29  4.070E-19  1.284E-19  2.787E-19
1.159E+03  1.363E-29  4.190E-19  1.327E-19  2.862E-19
1.148E+03  1.416E-29  4.312E-19  1.372E-19  2.940E-19
1.138E+03  1.471E-29  4.439E-19  1.419E-19  3.019E-19
1.127E+03  1.528E-29  4.568E-19  1.468E-19  3.101E-19
1.117E+03  1.587E-29  4.702E-19  1.518E-19  3.185E-19
1.107E+03  1.649E-29  4.840E-19  1.569E-19  3.270E-19
1.096E+03  1.713E-29  4.981E-19  1.623E-19  3.358E-19
1.086E+03  1.779E-29  5.126E-19  1.678E-19  3.448E-19
1.076E+03  1.848E-29  5.276E-19  1.736E-19  3.540E-19
1.067E+03  1.919E-29  5.430E-19  1.795E-19  3.635E-19
1.057E+03  1.993E-29  5.588E-19  1.856E-19  3.732E-19
1.047E+03  2.070E-29  5.751E-19  1.920E-19  3.831E-19
1.038E+03  2.150E-29  5.918E-19  1.985E-19  3.933E-19
1.028E+03  2.233E-29  6.090E-19  2.053E-19  4.037E-19
1.019E+03  2.319E-29  6.267E-19  2.123E-19  4.144E-19
1.009E+03  2.409E-29  6.449E-19  2.196E-19  4.253E-19
1.000E+03  2.502E-29  6.636E-19  2.271E-19  4.365E-19
9.908E+02  2.598E-29  6.829E-19  2.349E-19  4.480E-19
9.817E+02  2.698E-29  7.027E-19  2.429E-19  4.597E-19
9.727E+02  2.802E-29  7.230E-19  2.513E-19  4.718E-19
9.638E+02  2.910E-29  7.440E-19  2.599E-19  4.841E-19
9.550E+02  3.022E-29  7.655E-19  2.688E-19  4.968E-19
9.462E+02  3.138E-29  7.877E-19  2.780E-19  5.097E-19
9.376E+02  3.259E-29  8.104E-19  2.875E-19  5.229E-19
9.290E+02  3.384E-29  8.338E-19  2.974E-19  5.365E-19
9.204E+02  3.514E-29  8.579E-19  3.075E-19  5.503E-19
9.120E+02  3.648E-29  8.826E-19  3.181E-19  5.645E-19
9.036E+02  3.788E-29  9.080E-19  3.290E-19  5.790E-19
8.954E+02  3.933E-29  9.341E-19  3.403E-19  5.939E-19
8.872E+02  4.084E-29  9.610E-19  3.519E-19  6.090E-19
8.790E+02  4.239E-29  9.885E-19  3.640E-19  6.245E-19
8.710E+02  4.401E-29  1.017E-18  3.765E-19  6.404E-19
8.630E+02  4.569E-29  1.046E-18  3.894E-19  6.565E-19
8.551E+02  4.743E-29  1.076E-18  4.027E-19  6.731E-19
8.472E+02  4.924E-29  1.107E-18  4.165E-19  6.900E-19
8.395E+02  5.111E-29  1.138E-18  4.308E-19  7.073E-19
8.318E+02  5.305E-29  1.170E-18  4.456E-19  7.249E-19
8.241E+02  5.507E-29  1.204E-18  4.608E-19  7.430E-19
8.166E+02  5.715E-29  1.238E-18  4.766E-19  7.614E-19
8.091E+02  5.932E-29  1.273E-18  4.929E-19  7.802E-19
8.017E+02  6.156E-29  1.309E-18  5.098E-19  7.994E-19
7.943E+02  6.389E-29  1.346E-18  5.273E-19  8.190E-19
7.870E+02  6.631E-29  1.384E-18  5.453E-19  8.390E-19
7.798E+02  6.881E-29  1.423E-18  5.640E-19  8.594E-19
7.727E+02  7.141E-29  1.464E-18  5.832E-19  8.803E-19
7.656E+02  7.410E-29  1.505E-18  6.032E-19  9.016E-19
7.586E+02  7.689E-29  1.547E-18  6.238E-19  9.233E-19
7.516E+02  7.978E-29  1.591E-18  6.451E-19  9.455E-19
7.447E+02  8.279E-29  1.635E-18  6.672E-19  9.683E-19
7.379E+02  8.591E-29  1.681E-18  6.900E-19  9.915E-19
7.311E+02  8.914E-29  1.729E-18  7.135E-19  1.015E-18
7.244E+02  9.250E-29  1.777E-18  7.379E-19  1.040E-18
7.178E+02  9.598E-29  1.827E-18  7.630E-19  1.064E-18
7.112E+02  9.957E-29  1.878E-18  7.890E-19  1.089E-18
7.047E+02  1.033E-28  1.931E-18  8.159E-19  1.115E-18
6.982E+02  1.072E-28  1.986E-18  8.437E-19  1.142E-18
6.918E+02  1.112E-28  2.041E-18  8.725E-19  1.169E-18
6.855E+02  1.154E-28  2.098E-18  9.021E-19  1.196E-18
6.792E+02  1.197E-28  2.157E-18  9.328E-19  1.224E-18
6.730E+02  1.242E-28  2.217E-18  9.646E-19  1.252E-18
6.668E+02  1.288E-28  2.279E-18  9.973E-19  1.282E-18
6.607E+02  1.337E-28  2.343E-18  1.031E-18  1.311E-18
6.546E+02  1.387E-28  2.408E-18  1.066E-18  1.342E-18
6.486E+02  1.439E-28  2.476E-18  1.102E-18  1.373E-18
6.427E+02  1.493E-28  2.545E-18  1.140E-18  1.405E-18
6.368E+02  1.548E-28  2.614E-18  1.178E-18  1.436E-18
6.310E+02  1.606E-28  2.687E-18  1.218E-18  1.469E-18
6.252E+02  1.666E-28  2.763E-18  1.260E-18  1.503E-18
6.194E+02  1.728E-28  2.840E-18  1.302E-18  1.538E-18
6.138E+02  1.792E-28  2.918E-18  1.346E-18  1.572E-18
6.081E+02  1.857E-28  2.996E-18  1.392E-18  1.605E-18
6.026E+02  1.927E-28  3.080E-18  1.439E-18  1.641E-18
5.970E+02  1.999E-28  3.166E-18  1.487E-18  1.679E-18
5.916E+02  2.074E-28  3.255E-18  1.537E-18  1.718E-18
5.861E+02  2.152E-28  3.346E-18  1.589E-18  1.757E-18
5.808E+02  2.233E-28  3.439E-18  1.642E-18  1.797E-18
5.754E+02  2.316E-28  3.535E-18  1.698E-18  1.838E-18
5.702E+02  2.402E-28  3.633E-18  1.755E-18  1.878E-18
5.649E+02  2.488E-28  3.728E-18  1.814E-18  1.915E-18
5.598E+02  2.581E-28  3.832E-18  1.874E-18  1.958E-18
5.546E+02  2.678E-28  3.939E-18  1.937E-18  2.002E-18
5.495E+02  2.778E-28  4.049E-18  2.002E-18  2.047E-18
5.445E+02  2.882E-28  4.163E-18  2.069E-18  2.094E-18
5.395E+02  2.975E-28  4.258E-18  2.138E-18  2.120E-18
5.346E+02  3.086E-28  4.375E-18  2.210E-18  2.166E-18
5.297E+02  3.201E-28  4.498E-18  2.283E-18  2.215E-18
5.248E+02  3.321E-28  4.624E-18  2.359E-18  2.264E-18
5.200E+02  3.446E-28  4.753E-18  2.438E-18  2.315E-18
5.152E+02  3.575E-28  4.886E-18  2.519E-18  2.367E-18
5.105E+02  3.709E-28  5.022E-18  2.603E-18  2.419E-18
5.058E+02  3.846E-28  5.161E-18  2.689E-18  2.471E-18
5.012E+02  3.979E-28  5.290E-18  2.778E-18  2.511E-18
4.966E+02  4.121E-28  5.428E-18  2.870E-18  2.558E-18
4.920E+02  4.275E-28  5.580E-18  2.965E-18  2.614E-18
4.875E+02  4.435E-28  5.735E-18  3.063E-18  2.672E-18
4.831E+02  4.601E-28  5.895E-18  3.165E-18  2.731E-18
4.786E+02  4.771E-28  6.058E-18  3.269E-18  2.789E-18
4.742E+02  4.931E-28  6.203E-18  3.377E-18  2.827E-18
4.699E+02  5.090E-28  6.344E-18  3.488E-18  2.856E-18
4.656E+02  5.280E-28  6.521E-18  3.602E-18  2.919E-18
4.613E+02  5.471E-28  6.694E-18  3.721E-18  2.974E-18
4.571E+02  5.674E-28  6.880E-18  3.843E-18  3.037E-18
4.529E+02  5.887E-28  7.072E-18  3.969E-18  3.104E-18
4.487E+02  6.080E-28  7.238E-18  4.098E-18  3.139E-18
4.446E+02  6.308E-28  7.440E-18  4.232E-18  3.207E-18
4.406E+02  6.544E-28  7.648E-18  4.371E-18  3.277E-18
4.365E+02  6.780E-28  7.850E-18  4.513E-18  3.337E-18
4.325E+02  7.012E-28  8.044E-18  4.660E-18  3.385E-18
4.285E+02  7.274E-28  8.269E-18  4.811E-18  3.458E-18
4.246E+02  7.546E-28  8.499E-18  4.966E-18  3.533E-18
4.207E+02  7.782E-28  8.685E-18  5.127E-18  3.558E-18
4.169E+02  8.074E-28  8.928E-18  5.293E-18  3.635E-18
4.130E+02  8.298E-28  9.091E-18  5.465E-18  3.627E-18
4.093E+02  8.609E-28  9.346E-18  5.641E-18  3.705E-18
4.055E+02  8.931E-28  9.607E-18  5.823E-18  3.784E-18
4.018E+02  9.244E-28  9.853E-18  6.011E-18  3.842E-18
3.981E+02  9.536E-28  1.007E-17  6.204E-18  3.866E-18
3.945E+02  9.886E-28  1.034E-17  6.403E-18  3.941E-18
3.908E+02  1.026E-27  1.063E-17  6.608E-18  4.025E-18
3.873E+02  1.064E-27  1.093E-17  6.820E-18  4.112E-18
3.837E+02  1.104E-27  1.124E-17  7.038E-18  4.200E-18
3.802E+02  1.145E-27  1.155E-17  7.260E-18  4.291E-18
3.767E+02  1.179E-27  1.178E-17  7.486E-18  4.295E-18
3.733E+02  1.215E-27  1.202E-17  7.724E-18  4.301E-18
3.698E+02  1.260E-27  1.236E-17  7.969E-18  4.394E-18
3.664E+02  1.307E-27  1.271E-17  8.222E-18  4.487E-18
3.631E+02  1.357E-27  1.307E-17  8.483E-18  4.583E-18
3.597E+02  1.390E-27  1.327E-17  8.751E-18  4.516E-18
3.565E+02  1.440E-27  1.362E-17  9.027E-18  4.593E-18
3.532E+02  1.485E-27  1.391E-17  9.311E-18  4.603E-18
3.499E+02  1.541E-27  1.431E-17  9.604E-18  4.703E-18
3.467E+02  1.593E-27  1.465E-17  9.906E-18  4.748E-18
3.436E+02  1.653E-27  1.507E-17  1.022E-17  4.851E-18
3.404E+02  1.715E-27  1.549E-17  1.054E-17  4.954E-18
3.373E+02  1.778E-27  1.590E-17  1.086E-17  5.042E-18
3.342E+02  1.841E-27  1.632E-17  1.117E-17  5.144E-18
3.311E+02  1.908E-27  1.676E-17  1.151E-17  5.253E-18
3.281E+02  1.965E-27  1.711E-17  1.187E-17  5.238E-18
3.251E+02  2.023E-27  1.744E-17  1.224E-17  5.207E-18
3.221E+02  2.096E-27  1.791E-17  1.261E-17  5.294E-18
3.192E+02  2.175E-27  1.841E-17  1.300E-17  5.409E-18
3.162E+02  2.257E-27  1.893E-17  1.340E-17  5.526E-18
3.133E+02  2.297E-27  1.909E-17  1.382E-17  5.276E-18
3.105E+02  2.381E-27  1.961E-17  1.424E-17  5.369E-18
3.076E+02  2.471E-27  2.016E-17  1.468E-17  5.487E-18
3.048E+02  2.560E-27  2.070E-17  1.513E-17  5.568E-18
3.020E+02  2.655E-27  2.127E-17  1.559E-17  5.683E-18
2.992E+02  2.745E-27  2.179E-17  1.606E-17  5.726E-18
2.965E+02  2.832E-27  2.227E-17  1.644E-17  5.836E-18
2.938E+02  2.939E-27  2.290E-17  1.694E-17  5.963E-18
2.911E+02  3.040E-27  2.347E-17  1.738E-17  6.087E-18
2.884E+02  3.130E-27  2.394E-17  1.791E-17  6.037E-18
2.858E+02  3.246E-27  2.460E-17  1.845E-17  6.155E-18
2.831E+02  3.367E-27  2.529E-17  1.900E-17  6.284E-18
2.805E+02  3.473E-27  2.585E-17  1.958E-17  6.272E-18
2.780E+02  3.580E-27  2.639E-17  2.016E-17  6.232E-18
2.754E+02  3.709E-27  2.710E-17  2.076E-17  6.331E-18
2.729E+02  3.799E-27  2.750E-17  2.138E-17  6.119E-18
2.704E+02  3.942E-27  2.828E-17  2.202E-17  6.257E-18
2.679E+02  4.091E-27  2.907E-17  2.267E-17  6.396E-18
2.655E+02  4.239E-27  2.985E-17  2.335E-17  6.501E-18
2.630E+02  4.336E-27  3.025E-17  2.365E-17  6.597E-18
2.606E+02  4.498E-27  3.110E-17  2.435E-17  6.744E-18
2.582E+02  4.651E-27  3.185E-17  2.507E-17  6.785E-18
2.559E+02  4.801E-27  3.258E-17  2.581E-17  6.777E-18
2.535E+02  4.944E-27  3.325E-17  2.634E-17  6.906E-18
2.512E+02  5.117E-27  3.409E-17  2.704E-17  7.053E-18
2.489E+02  5.300E-27  3.499E-17  2.783E-17  7.160E-18
2.466E+02  5.477E-27  3.583E-17  2.864E-17  7.190E-18
2.443E+02  5.675E-27  3.678E-17  2.947E-17  7.312E-18
2.421E+02  5.856E-27  3.761E-17  3.032E-17  7.285E-18
2.399E+02  6.057E-27  3.854E-17  3.120E-17  7.342E-18
2.377E+02  6.277E-27  3.957E-17  3.210E-17  7.474E-18
2.355E+02  6.439E-27  4.023E-17  3.302E-17  7.205E-18
2.333E+02  6.671E-27  4.129E-17  3.397E-17  7.325E-18
2.312E+02  6.740E-27  4.133E-17  3.388E-17  7.452E-18
2.291E+02  6.984E-27  4.244E-17  3.485E-17  7.591E-18
2.270E+02  7.237E-27  4.358E-17  3.584E-17  7.731E-18
2.249E+02  7.479E-27  4.462E-17  3.685E-17  7.772E-18
2.228E+02  7.587E-27  4.485E-17  3.718E-17  7.667E-18
2.208E+02  7.861E-27  4.604E-17  3.823E-17  7.807E-18
2.188E+02  8.127E-27  4.716E-17  3.931E-17  7.851E-18
2.168E+02  8.405E-27  4.833E-17  4.036E-17  7.964E-18
2.148E+02  8.656E-27  4.932E-17  4.121E-17  8.107E-18
2.128E+02  8.959E-27  5.058E-17  4.237E-17  8.210E-18
2.109E+02  9.279E-27  5.190E-17  4.355E-17  8.349E-18
2.089E+02  9.581E-27  5.310E-17  4.476E-17  8.338E-18
2.070E+02  9.920E-27  5.447E-17  4.600E-17  8.467E-18
2.051E+02  9.785E-27  5.324E-17  4.504E-17  8.195E-18
2.032E+02  1.013E-26  5.463E-17  4.629E-17  8.336E-18
2.014E+02  1.049E-26  5.602E-17  4.757E-17  8.454E-18
1.995E+02  1.086E-26  5.746E-17  4.887E-17  8.590E-18
1.977E+02  1.124E-26  5.895E-17  5.021E-17  8.738E-18
1.959E+02  1.161E-26  6.034E-17  5.158E-17  8.765E-18
1.941E+02  1.167E-26  6.007E-17  5.115E-17  8.923E-18
1.923E+02  1.203E-26  6.139E-17  5.248E-17  8.910E-18
1.905E+02  1.243E-26  6.285E-17  5.389E-17  8.961E-18
1.888E+02  1.287E-26  6.446E-17  5.534E-17  9.121E-18
1.871E+02  1.332E-26  6.612E-17  5.684E-17  9.281E-18
1.854E+02  1.353E-26  6.652E-17  5.710E-17  9.424E-18
1.837E+02  1.400E-26  6.821E-17  5.864E-17  9.570E-18
1.820E+02  1.448E-26  6.991E-17  6.021E-17  9.699E-18
1.803E+02  1.419E-26  6.787E-17  5.815E-17  9.721E-18
1.786E+02  1.468E-26  6.956E-17  5.968E-17  9.882E-18
1.770E+02  1.512E-26  7.099E-17  6.127E-17  9.720E-18
1.754E+02  1.562E-26  7.266E-17  6.283E-17  9.827E-18
1.738E+02  1.616E-26  7.448E-17  6.449E-17  9.992E-18
1.722E+02  1.668E-26  7.621E-17  6.618E-17  1.002E-17
1.706E+02  1.724E-26  7.803E-17  6.791E-17  1.012E-17
1.690E+02  1.703E-26  7.636E-17  6.608E-17  1.027E-17
1.675E+02  1.761E-26  7.825E-17  6.781E-17  1.044E-17
1.660E+02  1.822E-26  8.019E-17  6.957E-17  1.062E-17
1.644E+02  1.877E-26  8.188E-17  7.115E-17  1.073E-17
1.629E+02  1.938E-26  8.375E-17  7.293E-17  1.082E-17
1.614E+02  2.003E-26  8.578E-17  7.479E-17  1.099E-17
1.600E+02  1.963E-26  8.328E-17  7.211E-17  1.118E-17
1.585E+02  1.959E-26  8.234E-17  7.098E-17  1.136E-17
1.570E+02  2.007E-26  8.361E-17  7.209E-17  1.152E-17
1.556E+02  2.072E-26  8.552E-17  7.393E-17  1.159E-17
1.542E+02  2.141E-26  8.756E-17  7.581E-17  1.175E-17
1.528E+02  2.207E-26  8.941E-17  7.774E-17  1.167E-17
1.514E+02  2.277E-26  9.143E-17  7.965E-17  1.179E-17
1.500E+02  2.349E-26  9.346E-17  8.164E-17  1.182E-17
1.486E+02  2.309E-26  9.100E-17  7.899E-17  1.201E-17
1.472E+02  2.385E-26  9.316E-17  8.095E-17  1.220E-17
1.459E+02  2.325E-26  8.997E-17  7.760E-17  1.237E-17
1.445E+02  2.401E-26  9.204E-17  7.947E-17  1.257E-17
1.432E+02  2.479E-26  9.419E-17  8.143E-17  1.276E-17
1.419E+02  2.463E-26  9.271E-17  7.975E-17  1.296E-17
1.406E+02  2.542E-26  9.482E-17  8.169E-17  1.313E-17
1.393E+02  2.605E-26  9.627E-17  8.302E-17  1.325E-17
1.380E+02  2.685E-26  9.830E-17  8.485E-17  1.345E-17
1.368E+02  2.772E-26  1.006E-16  8.689E-17  1.366E-17
1.355E+02  2.688E-26  9.662E-17  8.275E-17  1.387E-17
1.343E+02  2.730E-26  9.724E-17  8.314E-17  1.409E-17
1.330E+02  2.814E-26  9.932E-17  8.513E-17  1.419E-17
1.318E+02  2.901E-26  1.014E-16  8.719E-17  1.425E-17
1.306E+02  2.984E-26  1.034E-16  8.916E-17  1.423E-17
1.294E+02  3.080E-26  1.058E-16  9.130E-17  1.445E-17
1.282E+02  3.177E-26  1.081E-16  9.344E-17  1.462E-17
1.271E+02  3.082E-26  1.039E-16  8.903E-17  1.483E-17
1.259E+02  3.180E-26  1.062E-16  9.114E-17  1.506E-17
1.247E+02  3.278E-26  1.085E-16  9.319E-17  1.526E-17
1.236E+02  3.381E-26  1.108E-16  9.535E-17  1.549E-17
1.225E+02  3.396E-26  1.103E-16  9.459E-17  1.571E-17
1.213E+02  3.502E-26  1.127E-16  9.678E-17  1.595E-17
1.202E+02  3.610E-26  1.151E-16  9.894E-17  1.619E-17
1.191E+02  3.681E-26  1.163E-16  9.998E-17  1.634E-17
1.180E+02  3.784E-26  1.185E-16  1.019E-16  1.656E-17
1.169E+02  3.899E-26  1.210E-16  1.042E-16  1.678E-17
1.159E+02  3.708E-26  1.140E-16  9.695E-17  1.702E-17
1.148E+02  3.735E-26  1.137E-16  9.648E-17  1.726E-17
1.138E+02  3.844E-26  1.160E-16  9.864E-17  1.736E-17
1.127E+02  3.765E-26  1.126E-16  9.516E-17  1.740E-17
1.117E+02  3.880E-26  1.149E-16  9.732E-17  1.762E-17
1.107E+02  3.998E-26  1.174E-16  9.947E-17  1.788E-17
1.096E+02  4.120E-26  1.198E-16  1.017E-16  1.810E-17
1.086E+02  4.246E-26  1.224E-16  1.040E-16  1.835E-17
1.076E+02  4.337E-26  1.239E-16  1.052E-16  1.861E-17
1.067E+02  4.468E-26  1.264E-16  1.075E-16  1.887E-17
1.057E+02  4.604E-26  1.291E-16  1.099E-16  1.913E-17
1.047E+02  4.743E-26  1.317E-16  1.124E-16  1.939E-17
1.038E+02  4.884E-26  1.344E-16  1.148E-16  1.965E-17
1.028E+02  4.935E-26  1.346E-16  1.146E-16  1.993E-17
1.019E+02  4.937E-26  1.334E-16  1.132E-16  2.014E-17
1.009E+02  5.017E-26  1.343E-16  1.139E-16  2.040E-17
1.000E+02  5.167E-26  1.371E-16  1.164E-16  2.068E-17
9.908E+01  4.883E-26  1.283E-16  1.074E-16  2.092E-17
9.817E+01  5.028E-26  1.309E-16  1.097E-16  2.121E-17
9.727E+01  5.007E-26  1.292E-16  1.079E-16  2.126E-17
9.638E+01  5.155E-26  1.318E-16  1.102E-16  2.155E-17
9.550E+01  5.306E-26  1.344E-16  1.126E-16  2.180E-17
9.462E+01  5.464E-26  1.371E-16  1.150E-16  2.210E-17
9.376E+01  5.589E-26  1.390E-16  1.166E-16  2.239E-17
9.290E+01  5.745E-26  1.416E-16  1.189E-16  2.266E-17
9.204E+01  5.896E-26  1.440E-16  1.210E-16  2.296E-17
9.120E+01  6.069E-26  1.468E-16  1.236E-16  2.325E-17
9.036E+01  6.246E-26  1.497E-16  1.262E-16  2.355E-17
8.954E+01  6.425E-26  1.526E-16  1.288E-16  2.384E-17
8.872E+01  6.604E-26  1.554E-16  1.313E-16  2.415E-17
8.790E+01  6.760E-26  1.576E-16  1.332E-16  2.445E-17
8.710E+01  6.748E-26  1.559E-16  1.312E-16  2.473E-17
8.630E+01  6.923E-26  1.585E-16  1.334E-16  2.505E-17
8.551E+01  7.118E-26  1.614E-16  1.361E-16  2.534E-17
8.472E+01  6.788E-26  1.526E-16  1.269E-16  2.566E-17
8.395E+01  6.958E-26  1.549E-16  1.290E-16  2.597E-17
8.318E+01  7.155E-26  1.579E-16  1.316E-16  2.624E-17
8.241E+01  7.182E-26  1.570E-16  1.306E-16  2.643E-17
8.166E+01  7.360E-26  1.594E-16  1.327E-16  2.675E-17
8.091E+01  7.521E-26  1.614E-16  1.343E-16  2.707E-17
8.017E+01  7.733E-26  1.644E-16  1.370E-16  2.739E-17
7.943E+01  7.950E-26  1.675E-16  1.398E-16  2.770E-17
7.870E+01  8.173E-26  1.706E-16  1.426E-16  2.803E-17
7.798E+01  8.360E-26  1.729E-16  1.446E-16  2.837E-17
7.727E+01  8.578E-26  1.758E-16  1.471E-16  2.870E-17
7.656E+01  8.776E-26  1.782E-16  1.492E-16  2.904E-17
7.586E+01  8.950E-26  1.801E-16  1.507E-16  2.938E-17
7.516E+01  9.191E-26  1.832E-16  1.535E-16  2.973E-17
7.447E+01  9.424E-26  1.862E-16  1.561E-16  3.007E-17
7.379E+01  9.251E-26  1.811E-16  1.507E-16  3.039E-17
7.311E+01  9.490E-26  1.841E-16  1.533E-16  3.072E-17
7.244E+01  9.441E-26  1.814E-16  1.503E-16  3.107E-17
7.178E+01  9.540E-26  1.816E-16  1.502E-16  3.141E-17
7.112E+01  9.731E-26  1.836E-16  1.518E-16  3.175E-17
7.047E+01  9.995E-26  1.868E-16  1.548E-16  3.206E-17
6.982E+01  1.017E-25  1.883E-16  1.560E-16  3.238E-17
6.918E+01  1.045E-25  1.917E-16  1.590E-16  3.274E-17
6.855E+01  1.073E-25  1.951E-16  1.620E-16  3.308E-17
6.792E+01  1.099E-25  1.981E-16  1.646E-16  3.343E-17
6.730E+01  1.129E-25  2.015E-16  1.677E-16  3.377E-17
6.668E+01  1.158E-25  2.048E-16  1.707E-16  3.414E-17
6.607E+01  1.184E-25  2.076E-16  1.731E-16  3.451E-17
6.546E+01  1.191E-25  2.068E-16  1.719E-16  3.487E-17
6.486E+01  1.222E-25  2.103E-16  1.751E-16  3.523E-17
6.427E+01  1.255E-25  2.139E-16  1.783E-16  3.559E-17
6.368E+01  1.284E-25  2.169E-16  1.809E-16  3.595E-17
6.310E+01  1.301E-25  2.178E-16  1.815E-16  3.632E-17
6.252E+01  1.336E-25  2.215E-16  1.848E-16  3.669E-17
6.194E+01  1.370E-25  2.252E-16  1.882E-16  3.703E-17
6.138E+01  1.404E-25  2.285E-16  1.911E-16  3.740E-17
6.081E+01  1.439E-25  2.321E-16  1.944E-16  3.777E-17
6.026E+01  1.468E-25  2.346E-16  1.965E-16  3.814E-17
5.970E+01  1.493E-25  2.364E-16  1.979E-16  3.849E-17
5.916E+01  1.531E-25  2.403E-16  2.014E-16  3.886E-17
5.861E+01  1.556E-25  2.419E-16  2.026E-16  3.923E-17
5.808E+01  1.586E-25  2.443E-16  2.047E-16  3.958E-17
5.754E+01  1.624E-25  2.479E-16  2.080E-16  3.995E-17
5.702E+01  1.662E-25  2.513E-16  2.110E-16  4.031E-17
5.649E+01  1.702E-25  2.550E-16  2.144E-16  4.067E-17
5.598E+01  1.742E-25  2.586E-16  2.176E-16  4.102E-17
5.546E+01  1.778E-25  2.616E-16  2.202E-16  4.139E-17
5.495E+01  1.822E-25  2.656E-16  2.239E-16  4.175E-17
5.445E+01  1.866E-25  2.695E-16  2.274E-16  4.211E-17
5.395E+01  1.906E-25  2.727E-16  2.302E-16  4.248E-17
5.346E+01  1.952E-25  2.768E-16  2.340E-16  4.285E-17
5.297E+01  1.989E-25  2.794E-16  2.362E-16  4.319E-17
5.248E+01  2.035E-25  2.832E-16  2.397E-16  4.355E-17
5.200E+01  2.075E-25  2.861E-16  2.422E-16  4.391E-17
5.152E+01  2.125E-25  2.904E-16  2.461E-16  4.425E-17
5.105E+01  2.155E-25  2.918E-16  2.472E-16  4.460E-17
5.058E+01  2.206E-25  2.960E-16  2.510E-16  4.494E-17
5.012E+01  2.247E-25  2.987E-16  2.534E-16  4.529E-17
4.966E+01  2.298E-25  3.027E-16  2.570E-16  4.563E-17
4.920E+01  2.352E-25  3.069E-16  2.610E-16  4.596E-17
4.875E+01  2.399E-25  3.103E-16  2.640E-16  4.630E-17
4.831E+01  2.454E-25  3.144E-16  2.678E-16  4.662E-17
4.786E+01  2.510E-25  3.186E-16  2.717E-16  4.694E-17
4.742E+01  2.568E-25  3.230E-16  2.758E-16  4.726E-17
4.699E+01  2.624E-25  3.271E-16  2.795E-16  4.759E-17
4.656E+01  2.675E-25  3.304E-16  2.825E-16  4.790E-17
4.613E+01  2.732E-25  3.343E-16  2.861E-16  4.822E-17
4.571E+01  2.792E-25  3.385E-16  2.900E-16  4.853E-17
4.529E+01  2.848E-25  3.421E-16  2.933E-16  4.884E-17
4.487E+01  2.911E-25  3.465E-16  2.974E-16  4.914E-17
4.446E+01  2.971E-25  3.504E-16  3.010E-16  4.945E-17
4.406E+01  3.023E-25  3.532E-16  3.035E-16  4.975E-17
4.365E+01  3.085E-25  3.572E-16  3.071E-16  5.005E-17
4.325E+01  3.150E-25  3.614E-16  3.111E-16  5.034E-17
4.285E+01  3.209E-25  3.647E-16  3.141E-16  5.062E-17
4.246E+01  3.268E-25  3.681E-16  3.172E-16  5.090E-17
4.207E+01  3.328E-25  3.714E-16  3.203E-16  5.118E-17
4.169E+01  3.397E-25  3.756E-16  3.242E-16  5.145E-17
4.130E+01  3.462E-25  3.793E-16  3.276E-16  5.171E-17
4.093E+01  3.527E-25  3.829E-16  3.309E-16  5.195E-17
4.055E+01  3.594E-25  3.866E-16  3.344E-16  5.220E-17
4.018E+01  3.662E-25  3.903E-16  3.379E-16  5.243E-17
3.981E+01  3.735E-25  3.944E-16  3.418E-16  5.267E-17
3.945E+01  3.808E-25  3.984E-16  3.455E-16  5.289E-17
3.908E+01  3.880E-25  4.023E-16  3.492E-16  5.310E-17
3.873E+01  3.954E-25  4.061E-16  3.528E-16  5.330E-17
3.837E+01  4.025E-25  4.096E-16  3.561E-16  5.350E-17
3.802E+01  4.096E-25  4.130E-16  3.593E-16  5.369E-17
3.767E+01  4.166E-25  4.162E-16  3.624E-16  5.387E-17
3.733E+01  4.236E-25  4.194E-16  3.654E-16  5.402E-17
3.698E+01  4.313E-25  4.231E-16  3.689E-16  5.414E-17
3.664E+01  4.392E-25  4.269E-16  3.726E-16  5.427E-17
3.631E+01  4.469E-25  4.305E-16  3.761E-16  5.438E-17
3.597E+01  4.533E-25  4.326E-16  3.781E-16  5.450E-17
3.565E+01  4.613E-25  4.362E-16  3.816E-16  5.462E-17
3.532E+01  4.694E-25  4.397E-16  3.850E-16  5.472E-17
3.499E+01  4.770E-25  4.428E-16  3.880E-16  5.483E-17
3.467E+01  4.844E-25  4.455E-16  3.906E-16  5.493E-17
3.436E+01  4.928E-25  4.491E-16  3.940E-16  5.503E-17
3.404E+01  5.007E-25  4.521E-16  3.970E-16  5.512E-17
3.373E+01  5.085E-25  4.549E-16  3.997E-16  5.521E-17
3.342E+01  5.170E-25  4.583E-16  4.030E-16  5.530E-17
3.311E+01  5.256E-25  4.617E-16  4.063E-16  5.542E-17
3.281E+01  5.343E-25  4.650E-16  4.095E-16  5.553E-17
3.251E+01  5.422E-25  4.676E-16  4.119E-16  5.563E-17
3.221E+01  5.511E-25  4.708E-16  4.151E-16  5.574E-17
3.192E+01  5.597E-25  4.738E-16  4.180E-16  5.584E-17
3.162E+01  5.680E-25  4.765E-16  4.205E-16  5.594E-17
3.133E+01  5.772E-25  4.797E-16  4.237E-16  5.604E-17
3.105E+01  5.856E-25  4.823E-16  4.261E-16  5.613E-17
3.076E+01  5.946E-25  4.852E-16  4.290E-16  5.622E-17
3.048E+01  6.040E-25  4.883E-16  4.320E-16  5.632E-17
3.020E+01  6.132E-25  4.912E-16  4.348E-16  5.640E-17
2.992E+01  6.230E-25  4.945E-16  4.380E-16  5.648E-17
2.965E+01  6.322E-25  4.972E-16  4.406E-16  5.654E-17
2.938E+01  6.420E-25  5.003E-16  4.437E-16  5.659E-17
2.911E+01  6.517E-25  5.032E-16  4.466E-16  5.664E-17
2.884E+01  6.616E-25  5.062E-16  4.495E-16  5.668E-17
2.858E+01  6.718E-25  5.092E-16  4.525E-16  5.672E-17
2.831E+01  6.822E-25  5.124E-16  4.556E-16  5.675E-17
2.805E+01  6.929E-25  5.156E-16  4.589E-16  5.678E-17
2.780E+01  7.040E-25  5.191E-16  4.623E-16  5.681E-17
2.754E+01  7.150E-25  5.224E-16  4.656E-16  5.683E-17
2.729E+01  7.254E-25  5.251E-16  4.683E-16  5.685E-17
2.704E+01  7.372E-25  5.288E-16  4.719E-16  5.686E-17
2.679E+01  7.492E-25  5.324E-16  4.755E-16  5.688E-17
2.655E+01  7.609E-25  5.358E-16  4.789E-16  5.689E-17
2.630E+01  7.731E-25  5.394E-16  4.825E-16  5.689E-17
2.606E+01  7.849E-25  5.426E-16  4.857E-16  5.689E-17
2.582E+01  7.978E-25  5.464E-16  4.896E-16  5.689E-17
2.559E+01  8.109E-25  5.504E-16  4.935E-16  5.688E-17
2.535E+01  8.242E-25  5.543E-16  4.974E-16  5.687E-17
2.512E+01  8.380E-25  5.584E-16  5.015E-16  5.686E-17
2.489E+01  8.516E-25  5.622E-16  5.054E-16  5.683E-17
2.466E+01  8.657E-25  5.663E-16  5.095E-16  5.679E-17
2.443E+01  8.799E-25  5.703E-16  5.135E-16  5.674E-17
2.421E+01  8.948E-25  5.746E-16  5.180E-16  5.667E-17
2.399E+01  9.100E-25  5.791E-16  5.225E-16  5.655E-17
2.377E+01  9.252E-25  5.833E-16  5.268E-16  5.646E-17
2.355E+01  9.408E-25  5.877E-16  5.313E-16  5.643E-17
2.333E+01  9.572E-25  5.925E-16  5.361E-16  5.635E-17
2.312E+01  9.739E-25  5.973E-16  5.411E-16  5.620E-17
2.291E+01  9.904E-25  6.018E-16  5.458E-16  5.606E-17
2.270E+01  1.008E-24  6.067E-16  5.506E-16  5.602E-17
2.249E+01  1.026E-24  6.120E-16  5.559E-16  5.604E-17
2.228E+01  1.044E-24  6.172E-16  5.611E-16  5.609E-17
2.208E+01  1.063E-24  6.225E-16  5.664E-16  5.610E-17
2.188E+01  1.082E-24  6.277E-16  5.717E-16  5.600E-17
2.168E+01  1.101E-24  6.329E-16  5.770E-16  5.585E-17
2.148E+01  1.121E-24  6.385E-16  5.828E-16  5.570E-17
2.128E+01  1.141E-24  6.440E-16  5.884E-16  5.560E-17
2.109E+01  1.162E-24  6.498E-16  5.943E-16  5.557E-17
2.089E+01  1.183E-24  6.557E-16  6.002E-16  5.549E-17
2.070E+01  1.205E-24  6.616E-16  6.063E-16  5.537E-17
2.051E+01  1.227E-24  6.678E-16  6.126E-16  5.521E-17
2.032E+01  1.251E-24  6.742E-16  6.191E-16  5.510E-17
2.014E+01  1.275E-24  6.812E-16  6.260E-16  5.519E-17
1.995E+01  1.301E-24  6.885E-16  6.332E-16  5.524E-17
1.977E+01  1.328E-24  6.966E-16  6.414E-16  5.524E-17
1.959E+01  1.357E-24  7.053E-16  6.502E-16  5.512E-17
1.941E+01  1.392E-24  7.168E-16  6.619E-16  5.490E-17
1.923E+01  1.440E-24  7.347E-16  6.802E-16  5.453E-17
1.905E+01  1.529E-24  7.727E-16  7.187E-16  5.404E-17
1.888E+01  1.607E-24  8.047E-16  7.513E-16  5.342E-17
1.871E+01  1.560E-24  7.742E-16  7.215E-16  5.265E-17
1.854E+01  1.564E-24  7.690E-16  7.173E-16  5.174E-17
1.837E+01  1.599E-24  7.788E-16  7.281E-16  5.070E-17
1.820E+01  1.654E-24  7.986E-16  7.490E-16  4.953E-17
1.803E+01  1.748E-24  8.358E-16  7.875E-16  4.829E-17
1.786E+01  1.890E-24  8.958E-16  8.489E-16  4.694E-17
1.770E+01  1.939E-24  9.103E-16  8.648E-16  4.551E-17
1.754E+01  2.089E-24  9.717E-16  9.278E-16  4.397E-17
1.738E+01  2.409E-24  1.111E-15  1.068E-15  4.237E-17
1.722E+01  2.408E-24  1.100E-15  1.059E-15  4.074E-17
1.706E+01  2.455E-24  1.111E-15  1.072E-15  3.913E-17
1.690E+01  2.425E-24  1.087E-15  1.050E-15  3.752E-17
1.675E+01  2.349E-24  1.043E-15  1.008E-15  3.591E-17
1.660E+01  2.413E-24  1.062E-15  1.028E-15  3.428E-17
1.644E+01  2.819E-24  1.230E-15  1.197E-15  3.268E-17
1.629E+01  2.195E-24  9.485E-16  9.174E-16  3.110E-17
1.614E+01  1.948E-24  8.342E-16  8.046E-16  2.960E-17
1.600E+01  1.874E-24  7.949E-16  7.668E-16  2.815E-17
1.585E+01  1.832E-24  7.700E-16  7.433E-16  2.676E-17
1.570E+01  1.780E-24  7.414E-16  7.160E-16  2.543E-17
1.556E+01  1.752E-24  7.231E-16  6.989E-16  2.416E-17
1.542E+01  1.737E-24  7.102E-16  6.873E-16  2.296E-17
1.528E+01  1.729E-24  7.004E-16  6.786E-16  2.183E-17
1.514E+01  1.725E-24  6.927E-16  6.720E-16  2.077E-17
1.500E+01  1.727E-24  6.872E-16  6.674E-16  1.979E-17
1.486E+01  1.735E-24  6.837E-16  6.649E-16  1.885E-17
1.472E+01  1.751E-24  6.838E-16  6.658E-16  1.796E-17
1.459E+01  1.782E-24  6.896E-16  6.725E-16  1.713E-17
1.445E+01  1.846E-24  7.079E-16  6.915E-16  1.642E-17
1.432E+01  1.982E-24  7.531E-16  7.373E-16  1.582E-17
1.419E+01  2.138E-24  8.048E-16  7.895E-16  1.536E-17
1.406E+01  2.078E-24  7.750E-16  7.600E-16  1.503E-17
1.393E+01  2.062E-24  7.620E-16  7.471E-16  1.488E-17
1.380E+01  2.174E-24  7.960E-16  7.812E-16  1.486E-17
1.368E+01  2.411E-24  8.746E-16  8.597E-16  1.498E-17
1.355E+01  2.711E-24  9.745E-16  9.593E-16  1.519E-17
1.343E+01  2.807E-24  9.998E-16  9.844E-16  1.545E-17
1.330E+01  2.675E-24  9.441E-16  9.283E-16  1.574E-17
1.318E+01  2.622E-24  9.167E-16  9.007E-16  1.606E-17
1.306E+01  2.773E-24  9.609E-16  9.445E-16  1.636E-17
1.294E+01  3.185E-24  1.093E-15  1.077E-15  1.669E-17
1.282E+01  3.931E-24  1.337E-15  1.320E-15  1.709E-17
1.271E+01  4.880E-24  1.645E-15  1.627E-15  1.751E-17
1.259E+01  5.215E-24  1.741E-15  1.723E-15  1.795E-17
1.247E+01  4.586E-24  1.517E-15  1.499E-15  1.838E-17
1.236E+01  3.928E-24  1.288E-15  1.269E-15  1.880E-17
1.225E+01  3.717E-24  1.207E-15  1.188E-15  1.919E-17
1.213E+01  3.911E-24  1.259E-15  1.239E-15  1.964E-17
1.202E+01  4.186E-24  1.335E-15  1.315E-15  2.016E-17
1.191E+01  4.052E-24  1.280E-15  1.260E-15  2.067E-17
1.180E+01  3.688E-24  1.155E-15  1.134E-15  2.119E-17
1.169E+01  3.604E-24  1.118E-15  1.096E-15  2.169E-17
1.159E+01  4.094E-24  1.259E-15  1.236E-15  2.210E-17
1.148E+01  5.535E-24  1.686E-15  1.663E-15  2.251E-17
1.138E+01  7.955E-24  2.400E-15  2.377E-15  2.296E-17
1.127E+01  1.061E-23  3.172E-15  3.149E-15  2.346E-17
1.117E+01  7.516E-24  2.227E-15  2.203E-15  2.400E-17
1.107E+01  3.890E-24  1.142E-15  1.117E-15  2.455E-17
1.096E+01  2.686E-24  7.813E-16  7.562E-16  2.507E-17
1.086E+01  2.133E-24  6.147E-16  5.891E-16  2.562E-17
1.076E+01  1.843E-24  5.262E-16  4.999E-16  2.627E-17
1.067E+01  1.673E-24  4.732E-16  4.462E-16  2.702E-17
1.057E+01  1.525E-24  4.275E-16  3.997E-16  2.785E-17
1.047E+01  1.428E-24  3.967E-16  3.680E-16  2.863E-17
1.038E+01  1.364E-24  3.755E-16  3.462E-16  2.923E-17
1.028E+01  1.320E-24  3.599E-16  3.303E-16  2.959E-17
1.019E+01  1.288E-24  3.481E-16  3.184E-16  2.975E-17
1.009E+01  1.267E-24  3.393E-16  3.095E-16  2.981E-17
1.000E+01  1.255E-24  3.329E-16  3.031E-16  2.986E-17
9.908E+00  1.251E-24  3.288E-16  2.988E-16  2.998E-17
9.817E+00  1.254E-24  3.266E-16  2.965E-16  3.013E-17
9.727E+00  1.265E-24  3.264E-16  2.961E-16  3.030E-17
9.638E+00  1.284E-24  3.283E-16  2.978E-16  3.045E-17
9.550E+00  1.311E-24  3.321E-16  3.017E-16  3.038E-17
9.462E+00  1.348E-24  3.382E-16  3.082E-16  3.002E-17
9.376E+00  1.396E-24  3.472E-16  3.179E-16  2.930E-17
9.290E+00  1.460E-24  3.599E-16  3.317E-16  2.816E-17
9.204E+00  1.547E-24  3.777E-16  3.511E-16  2.666E-17
9.120E+00  1.667E-24  4.034E-16  3.785E-16  2.488E-17
9.036E+00  1.840E-24  4.411E-16  4.182E-16  2.293E-17
8.954E+00  2.101E-24  4.990E-16  4.780E-16  2.096E-17
8.872E+00  2.513E-24  5.914E-16  5.723E-16  1.910E-17
8.790E+00  3.190E-24  7.438E-16  7.264E-16  1.741E-17
8.710E+00  4.225E-24  9.760E-16  9.601E-16  1.592E-17
8.630E+00  5.197E-24  1.190E-15  1.175E-15  1.463E-17
8.551E+00  5.088E-24  1.154E-15  1.141E-15  1.350E-17
8.472E+00  4.427E-24  9.950E-16  9.825E-16  1.246E-17
8.395E+00  4.091E-24  9.110E-16  8.996E-16  1.140E-17
8.318E+00  4.076E-24  8.992E-16  8.889E-16  1.027E-17
8.241E+00  4.257E-24  9.306E-16  9.215E-16  9.078E-18
8.166E+00  4.707E-24  1.020E-15  1.012E-15  7.853E-18
8.091E+00  5.563E-24  1.194E-15  1.187E-15  6.746E-18
8.017E+00  6.926E-24  1.473E-15  1.467E-15  5.756E-18
7.943E+00  8.712E-24  1.836E-15  1.831E-15  4.900E-18
7.870E+00  1.028E-23  2.146E-15  2.142E-15  4.163E-18
7.798E+00  1.085E-23  2.245E-15  2.242E-15  3.539E-18
7.727E+00  1.094E-23  2.241E-15  2.238E-15  3.026E-18
7.656E+00  1.129E-23  2.293E-15  2.291E-15  2.611E-18
7.586E+00  1.101E-23  2.215E-15  2.213E-15  2.278E-18
7.516E+00  9.275E-24  1.849E-15  1.847E-15  2.024E-18
7.447E+00  7.319E-24  1.446E-15  1.444E-15  1.839E-18
7.379E+00  5.882E-24  1.151E-15  1.150E-15  1.698E-18
7.311E+00  4.886E-24  9.475E-16  9.459E-16  1.601E-18
7.244E+00  4.157E-24  7.988E-16  7.973E-16  1.527E-18
7.178E+00  3.601E-24  6.856E-16  6.841E-16  1.469E-18
7.112E+00  3.174E-24  5.987E-16  5.973E-16  1.429E-18
7.047E+00  2.857E-24  5.341E-16  5.327E-16  1.399E-18
6.982E+00  2.643E-24  4.895E-16  4.881E-16  1.372E-18
6.918E+00  2.526E-24  4.635E-16  4.622E-16  1.350E-18
6.855E+00  2.498E-24  4.543E-16  4.529E-16  1.330E-18
6.792E+00  2.534E-24  4.565E-16  4.552E-16  1.311E-18
6.730E+00  2.571E-24  4.590E-16  4.577E-16  1.293E-18
6.668E+00  2.537E-24  4.487E-16  4.474E-16  1.275E-18
6.607E+00  2.431E-24  4.260E-16  4.247E-16  1.257E-18
6.546E+00  2.344E-24  4.070E-16  4.058E-16  1.239E-18
6.486E+00  2.392E-24  4.116E-16  4.104E-16  1.221E-18
6.427E+00  2.707E-24  4.615E-16  4.603E-16  1.203E-18
6.368E+00  3.533E-24  5.968E-16  5.956E-16  1.185E-18
6.310E+00  5.384E-24  9.012E-16  9.000E-16  1.166E-18
6.252E+00  8.382E-24  1.390E-15  1.389E-15  1.148E-18
6.194E+00  8.492E-24  1.395E-15  1.394E-15  1.129E-18
6.138E+00  5.293E-24  8.617E-16  8.606E-16  1.109E-18
6.081E+00  3.154E-24  5.088E-16  5.077E-16  1.089E-18
6.026E+00  2.102E-24  3.359E-16  3.348E-16  1.070E-18
5.970E+00  1.568E-24  2.483E-16  2.472E-16  1.052E-18
5.916E+00  1.289E-24  2.023E-16  2.013E-16  1.034E-18
5.861E+00  1.166E-24  1.813E-16  1.802E-16  1.017E-18
5.808E+00  1.176E-24  1.812E-16  1.802E-16  1.000E-18
5.754E+00  1.320E-24  2.016E-16  2.006E-16  9.843E-19
5.702E+00  1.422E-24  2.151E-16  2.142E-16  9.690E-19
5.649E+00  1.199E-24  1.797E-16  1.788E-16  9.544E-19
5.598E+00  9.132E-25  1.356E-16  1.346E-16  9.404E-19
5.546E+00  7.369E-25  1.084E-16  1.075E-16  9.269E-19
5.495E+00  6.434E-25  9.378E-17  9.287E-17  9.141E-19
5.445E+00  6.030E-25  8.709E-17  8.619E-17  9.019E-19
5.395E+00  6.098E-25  8.727E-17  8.638E-17  8.902E-19
5.346E+00  6.760E-25  9.586E-17  9.498E-17  8.788E-19
5.297E+00  7.853E-25  1.103E-16  1.095E-16  8.679E-19
5.248E+00  7.676E-25  1.069E-16  1.060E-16  8.575E-19
5.200E+00  6.091E-25  8.402E-17  8.317E-17  8.475E-19
5.152E+00  4.857E-25  6.637E-17  6.554E-17  8.379E-19
5.105E+00  4.141E-25  5.608E-17  5.525E-17  8.286E-19
5.058E+00  3.711E-25  4.979E-17  4.897E-17  8.198E-19
5.012E+00  3.427E-25  4.556E-17  4.475E-17  8.113E-19
4.966E+00  3.224E-25  4.246E-17  4.166E-17  8.033E-19
4.920E+00  3.068E-25  4.004E-17  3.925E-17  7.955E-19
4.875E+00  2.944E-25  3.807E-17  3.728E-17  7.879E-19
4.831E+00  2.840E-25  3.640E-17  3.562E-17  7.805E-19
4.786E+00  2.753E-25  3.495E-17  3.418E-17  7.733E-19
4.742E+00  2.677E-25  3.368E-17  3.291E-17  7.663E-19
4.699E+00  2.610E-25  3.254E-17  3.178E-17  7.596E-19
4.656E+00  2.551E-25  3.151E-17  3.076E-17  7.529E-19
4.613E+00  2.498E-25  3.057E-17  2.983E-17  7.464E-19
4.571E+00  2.451E-25  2.971E-17  2.897E-17  7.401E-19
4.529E+00  2.407E-25  2.892E-17  2.819E-17  7.338E-19
4.487E+00  2.368E-25  2.818E-17  2.746E-17  7.277E-19
4.446E+00  2.332E-25  2.750E-17  2.678E-17  7.217E-19
4.406E+00  2.299E-25  2.686E-17  2.615E-17  7.159E-19
4.365E+00  2.268E-25  2.626E-17  2.555E-17  7.103E-19
4.325E+00  2.241E-25  2.571E-17  2.500E-17  7.047E-19
4.285E+00  2.215E-25  2.518E-17  2.448E-17  6.991E-19
4.246E+00  2.192E-25  2.469E-17  2.399E-17  6.936E-19
4.207E+00  2.171E-25  2.422E-17  2.354E-17  6.881E-19
4.169E+00  2.151E-25  2.379E-17  2.311E-17  6.827E-19
4.130E+00  2.134E-25  2.338E-17  2.270E-17  6.772E-19
4.093E+00  2.118E-25  2.300E-17  2.233E-17  6.714E-19
4.055E+00  2.105E-25  2.264E-17  2.198E-17  6.656E-19
4.018E+00  2.093E-25  2.231E-17  2.165E-17  6.598E-19
3.981E+00  2.084E-25  2.201E-17  2.135E-17  6.539E-19
3.945E+00  2.077E-25  2.173E-17  2.108E-17  6.481E-19
3.908E+00  2.073E-25  2.149E-17  2.085E-17  6.422E-19
3.873E+00  2.072E-25  2.128E-17  2.064E-17  6.364E-19
3.837E+00  2.074E-25  2.111E-17  2.048E-17  6.307E-19
3.802E+00  2.081E-25  2.098E-17  2.036E-17  6.250E-19
3.767E+00  2.093E-25  2.091E-17  2.029E-17  6.194E-19
3.733E+00  2.112E-25  2.091E-17  2.029E-17  6.137E-19
3.698E+00  2.140E-25  2.099E-17  2.038E-17  6.081E-19
3.664E+00  2.179E-25  2.118E-17  2.058E-17  6.025E-19
3.631E+00  2.234E-25  2.152E-17  2.092E-17  5.969E-19
3.597E+00  2.313E-25  2.207E-17  2.148E-17  5.913E-19
3.565E+00  2.426E-25  2.293E-17  2.235E-17  5.857E-19
3.532E+00  2.591E-25  2.428E-17  2.370E-17  5.801E-19
3.499E+00  2.845E-25  2.641E-17  2.583E-17  5.745E-19
3.467E+00  3.255E-25  2.993E-17  2.937E-17  5.689E-19
3.436E+00  3.973E-25  3.620E-17  3.564E-17  5.633E-19
3.404E+00  5.390E-25  4.867E-17  4.812E-17  5.577E-19
3.373E+00  8.776E-25  7.852E-17  7.797E-17  5.521E-19
3.342E+00  1.999E-24  1.773E-16  1.767E-16  5.464E-19
3.311E+00  7.562E-24  6.643E-16  6.637E-16  5.407E-19
3.281E+00  5.165E-24  4.495E-16  4.489E-16  5.349E-19
3.251E+00  1.475E-24  1.272E-16  1.267E-16  5.290E-19
3.221E+00  7.045E-25  6.020E-17  5.967E-17  5.229E-19
3.192E+00  4.495E-25  3.806E-17  3.754E-17  5.168E-19
3.162E+00  3.369E-25  2.826E-17  2.775E-17  5.108E-19
3.133E+00  2.776E-25  2.307E-17  2.256E-17  5.049E-19
3.105E+00  2.425E-25  1.997E-17  1.947E-17  4.990E-19
3.076E+00  2.200E-25  1.795E-17  1.745E-17  4.935E-19
3.048E+00  2.045E-25  1.653E-17  1.605E-17  4.880E-19
3.020E+00  1.933E-25  1.549E-17  1.501E-17  4.825E-19
2.992E+00  1.849E-25  1.468E-17  1.420E-17  4.771E-19
2.965E+00  1.784E-25  1.403E-17  1.356E-17  4.716E-19
2.938E+00  1.731E-25  1.349E-17  1.302E-17  4.662E-19
2.911E+00  1.688E-25  1.303E-17  1.257E-17  4.609E-19
2.884E+00  1.651E-25  1.263E-17  1.217E-17  4.555E-19
2.858E+00  1.619E-25  1.227E-17  1.182E-17  4.502E-19
2.831E+00  1.591E-25  1.195E-17  1.150E-17  4.449E-19
2.805E+00  1.566E-25  1.165E-17  1.121E-17  4.396E-19
2.780E+00  1.543E-25  1.138E-17  1.094E-17  4.344E-19
2.754E+00  1.522E-25  1.112E-17  1.069E-17  4.292E-19
2.729E+00  1.503E-25  1.088E-17  1.045E-17  4.240E-19
2.704E+00  1.485E-25  1.065E-17  1.023E-17  4.188E-19
2.679E+00  1.467E-25  1.043E-17  1.001E-17  4.136E-19
2.655E+00  1.451E-25  1.022E-17  9.807E-18  4.085E-19
2.630E+00  1.435E-25  1.001E-17  9.608E-18  4.034E-19
2.606E+00  1.420E-25  9.813E-18  9.415E-18  3.984E-19
2.582E+00  1.405E-25  9.621E-18  9.228E-18  3.933E-19
2.559E+00  1.390E-25  9.434E-18  9.046E-18  3.883E-19
2.535E+00  1.376E-25  9.252E-18  8.868E-18  3.834E-19
2.512E+00  1.362E-25  9.073E-18  8.695E-18  3.785E-19
2.489E+00  1.348E-25  8.899E-18  8.525E-18  3.736E-19
2.466E+00  1.334E-25  8.726E-18  8.358E-18  3.687E-19
2.443E+00  1.320E-25  8.557E-18  8.193E-18  3.639E-19
2.421E+00  1.306E-25  8.390E-18  8.031E-18  3.592E-19
2.399E+00  1.293E-25  8.228E-18  7.873E-18  3.544E-19
2.377E+00  1.280E-25  8.068E-18  7.719E-18  3.497E-19
2.355E+00  1.267E-25  7.912E-18  7.567E-18  3.450E-19
2.333E+00  1.253E-25  7.758E-18  7.417E-18  3.403E-19
2.312E+00  1.240E-25  7.606E-18  7.270E-18  3.356E-19
2.291E+00  1.227E-25  7.456E-18  7.125E-18  3.309E-19
2.270E+00  1.214E-25  7.308E-18  6.982E-18  3.263E-19
2.249E+00  1.200E-25  7.162E-18  6.840E-18  3.217E-19
2.228E+00  1.187E-25  7.016E-18  6.699E-18  3.171E-19
2.208E+00  1.173E-25  6.872E-18  6.559E-18  3.125E-19
2.188E+00  1.159E-25  6.728E-18  6.420E-18  3.079E-19
2.168E+00  1.145E-25  6.584E-18  6.281E-18  3.035E-19
2.148E+00  1.130E-25  6.440E-18  6.141E-18  2.990E-19
2.128E+00  1.115E-25  6.294E-18  5.999E-18  2.946E-19
2.109E+00  1.099E-25  6.145E-18  5.855E-18  2.902E-19
2.089E+00  1.081E-25  5.993E-18  5.707E-18  2.858E-19
2.070E+00  1.063E-25  5.836E-18  5.555E-18  2.815E-19
2.051E+00  1.043E-25  5.673E-18  5.395E-18  2.772E-19
2.032E+00  1.020E-25  5.500E-18  5.227E-18  2.729E-19
2.014E+00  9.953E-26  5.317E-18  5.048E-18  2.686E-19
1.995E+00  9.674E-26  5.120E-18  4.856E-18  2.644E-19
1.977E+00  9.364E-26  4.910E-18  4.650E-18  2.602E-19
1.959E+00  9.033E-26  4.693E-18  4.437E-18  2.561E-19
1.941E+00  8.713E-26  4.486E-18  4.234E-18  2.519E-19
1.923E+00  8.460E-26  4.316E-18  4.068E-18  2.478E-19
1.905E+00  8.337E-26  4.214E-18  3.970E-18  2.438E-19
1.888E+00  8.365E-26  4.189E-18  3.950E-18  2.397E-19
1.871E+00  8.499E-26  4.217E-18  3.982E-18  2.357E-19
1.854E+00  8.667E-26  4.261E-18  4.029E-18  2.318E-19
1.837E+00  8.816E-26  4.295E-18  4.067E-18  2.279E-19
1.820E+00  8.923E-26  4.307E-18  4.083E-18  2.240E-19
1.803E+00  8.988E-26  4.299E-18  4.078E-18  2.201E-19
1.786E+00  9.016E-26  4.273E-18  4.056E-18  2.163E-19
1.770E+00  9.016E-26  4.233E-18  4.021E-18  2.126E-19
1.754E+00  8.995E-26  4.185E-18  3.976E-18  2.089E-19
1.738E+00  8.959E-26  4.130E-18  3.925E-18  2.052E-19
1.722E+00  8.913E-26  4.071E-18  3.869E-18  2.016E-19
1.706E+00  8.859E-26  4.009E-18  3.811E-18  1.980E-19
1.690E+00  8.799E-26  3.946E-18  3.751E-18  1.945E-19
1.675E+00  8.737E-26  3.882E-18  3.691E-18  1.910E-19
1.660E+00  8.673E-26  3.818E-18  3.631E-18  1.875E-19
1.644E+00  8.609E-26  3.755E-18  3.571E-18  1.841E-19
1.629E+00  8.544E-26  3.693E-18  3.512E-18  1.806E-19
1.614E+00  8.481E-26  3.632E-18  3.455E-18  1.773E-19
1.600E+00  8.421E-26  3.573E-18  3.399E-18  1.739E-19
1.585E+00  8.364E-26  3.516E-18  3.346E-18  1.706E-19
1.570E+00  8.312E-26  3.462E-18  3.295E-18  1.673E-19
1.556E+00  8.264E-26  3.411E-18  3.247E-18  1.641E-19
1.542E+00  8.224E-26  3.363E-18  3.202E-18  1.608E-19
1.528E+00  8.191E-26  3.319E-18  3.161E-18  1.576E-19
1.514E+00  8.167E-26  3.279E-18  3.124E-18  1.545E-19
1.500E+00  8.154E-26  3.244E-18  3.092E-18  1.514E-19
1.486E+00  8.153E-26  3.214E-18  3.065E-18  1.483E-19
1.472E+00  8.167E-26  3.189E-18  3.044E-18  1.452E-19
1.459E+00  8.198E-26  3.172E-18  3.030E-18  1.422E-19
1.445E+00  8.250E-26  3.163E-18  3.024E-18  1.392E-19
1.432E+00  8.326E-26  3.163E-18  3.027E-18  1.363E-19
1.419E+00  8.432E-26  3.174E-18  3.041E-18  1.334E-19
1.406E+00  8.573E-26  3.197E-18  3.067E-18  1.305E-19
1.393E+00  8.756E-26  3.236E-18  3.108E-18  1.277E-19
1.380E+00  8.990E-26  3.292E-18  3.167E-18  1.249E-19
1.368E+00  9.284E-26  3.368E-18  3.246E-18  1.221E-19
1.355E+00  9.648E-26  3.468E-18  3.349E-18  1.194E-19
1.343E+00  1.009E-25  3.594E-18  3.478E-18  1.167E-19
1.330E+00  1.062E-25  3.747E-18  3.633E-18  1.140E-19
1.318E+00  1.122E-25  3.923E-18  3.811E-18  1.114E-19
1.306E+00  1.186E-25  4.108E-18  3.999E-18  1.088E-19
1.294E+00  1.246E-25  4.277E-18  4.171E-18  1.063E-19
1.282E+00  1.290E-25  4.387E-18  4.283E-18  1.038E-19
1.271E+00  1.303E-25  4.390E-18  4.289E-18  1.013E-19
1.259E+00  1.274E-25  4.254E-18  4.155E-18  9.890E-20
1.247E+00  1.204E-25  3.984E-18  3.887E-18  9.653E-20
1.236E+00  1.107E-25  3.628E-18  3.534E-18  9.422E-20
1.225E+00  1.000E-25  3.249E-18  3.157E-18  9.195E-20
1.213E+00  8.993E-26  2.895E-18  2.805E-18  8.971E-20
1.202E+00  8.123E-26  2.590E-18  2.503E-18  8.751E-20
1.191E+00  7.416E-26  2.343E-18  2.258E-18  8.534E-20
1.180E+00  6.868E-26  2.150E-18  2.067E-18  8.321E-20
1.169E+00  6.463E-26  2.005E-18  1.924E-18  8.111E-20
1.159E+00  6.187E-26  1.902E-18  1.823E-18  7.904E-20
1.148E+00  6.029E-26  1.836E-18  1.759E-18  7.701E-20
1.138E+00  5.989E-26  1.807E-18  1.732E-18  7.501E-20
1.127E+00  6.078E-26  1.817E-18  1.744E-18  7.305E-20
1.117E+00  6.323E-26  1.873E-18  1.802E-18  7.112E-20
1.107E+00  6.772E-26  1.988E-18  1.919E-18  6.922E-20
1.096E+00  7.505E-26  2.183E-18  2.115E-18  6.736E-20
1.086E+00  8.638E-26  2.489E-18  2.424E-18  6.553E-20
1.076E+00  1.029E-25  2.937E-18  2.874E-18  6.374E-20
1.067E+00  1.235E-25  3.495E-18  3.433E-18  6.198E-20
1.057E+00  1.401E-25  3.927E-18  3.867E-18  6.025E-20
1.047E+00  1.373E-25  3.813E-18  3.754E-18  5.856E-20
1.038E+00  1.138E-25  3.133E-18  3.076E-18  5.689E-20
1.028E+00  8.622E-26  2.351E-18  2.296E-18  5.527E-20
1.019E+00  6.480E-26  1.751E-18  1.697E-18  5.367E-20
1.009E+00  5.030E-26  1.347E-18  1.294E-18  5.211E-20
1.000E+00  4.068E-26  1.079E-18  1.029E-18  5.057E-20
