Dust emission spectrum from Draine,B.T., & Li, A. (2007), ApJ, in press [astro-ph/0608003]
==========================================================
         7 = grain model
 4.000E-08 4.000E-01 4.500E-05 = a_01 (cm) , sigma_1 , b_C1
 2.000E-07 5.500E-01 1.500E-05 = a_02 (cm) , sigma_2 , b_C2
 1.000E+06 1.000E+06 1.000E+00 = Umin , Umax, beta (dN/dU propto U^{-beta})
 1.000E+06 = <U>       mmp83 = radfield
 2.000E-06 1.000E+00 = a_{min} (cm), a_{max} (cm)
 2.807E-18 1.684E-18 1.123E-18 = P(tot)  P(carb)  P(sil) (erg s-1 H-1)
 band     <nu*P_nu> <j_nu(tot)><j_nu(carb)><j_nu(sil)>
 (um)   (erg s-1 H-1)(Jy/(sr*H))(Jy/(sr*H))(Jy/(sr*H))
1.270E+00  4.783E-27  1.611E-19  1.611E-19  1.744E-30 COBE-DIRBE
2.220E+00  2.825E-22  1.664E-14  1.664E-14  1.947E-21 COBE-DIRBE
3.530E+00  4.836E-20  4.528E-12  4.528E-12  1.987E-16 COBE-DIRBE
4.880E+00  2.968E-19  3.842E-11  3.840E-11  1.992E-14 COBE-DIRBE
1.229E+01  1.484E-18  4.837E-10  2.815E-10  2.022E-10 COBE-DIRBE
2.079E+01  1.758E-18  9.698E-10  3.809E-10  5.888E-10 COBE-DIRBE
5.599E+01  1.450E-19  2.153E-10  1.191E-10  9.620E-11 COBE-DIRBE
9.770E+01  8.961E-21  2.322E-11  8.988E-12  1.423E-11 COBE-DIRBE
1.479E+02  1.283E-21  5.034E-12  1.805E-12  3.228E-12 COBE-DIRBE
2.479E+02  1.106E-22  7.271E-13  2.314E-13  4.957E-13 COBE-DIRBE
1.200E+01  1.446E-18  4.604E-10  2.886E-10  1.718E-10 IRAS
2.500E+01  1.649E-18  1.093E-09  4.919E-10  6.014E-10 IRAS
6.000E+01  1.344E-19  2.139E-10  1.207E-10  9.325E-11 IRAS
1.000E+02  7.614E-21  2.020E-11  7.656E-12  1.254E-11 IRAS
3.550E+00  4.866E-20  4.582E-12  4.582E-12  1.685E-16 SST-IRAC
4.493E+00  2.081E-19  2.481E-11  2.480E-11  7.703E-15 SST-IRAC
5.731E+00  5.131E-19  7.801E-11  7.785E-11  1.602E-13 SST-IRAC
7.872E+00  1.048E-18  2.187E-10  1.912E-10  2.757E-11 SST-IRAC
2.368E+01  1.551E-18  9.740E-10  4.444E-10  5.296E-10 SST-MIPS
7.142E+01  3.432E-20  6.501E-11  2.900E-11  3.601E-11 SST-MIPS
1.559E+02  8.114E-22  3.356E-12  1.201E-12  2.155E-12 SST-MIPS
1.600E+01  1.581E-18  6.710E-10  3.024E-10  3.685E-10 SST-IRSPU
2.200E+01  1.695E-18  9.893E-10  4.175E-10  5.718E-10 SST-IRSPU
7.500E+01  2.929E-20  5.827E-11  2.582E-11  3.245E-11 Herschel-PACS
1.100E+02  4.928E-21  1.438E-11  5.348E-12  9.032E-12 Herschel-PACS
1.700E+02  6.355E-22  2.866E-12  1.027E-12  1.839E-12 Herschel-PACS
2.500E+02  8.265E-23  5.481E-13  1.726E-13  3.754E-13 Herschel-SPIRE
3.600E+02  1.311E-23  1.251E-13  4.103E-14  8.412E-14 Herschel-SPIRE
5.200E+02  2.264E-24  3.123E-14  1.044E-14  2.079E-14 Herschel-SPIRE
2.400E+00  4.098E-21  2.609E-13  2.608E-13  9.786E-17 Akari IRC NIR N2
3.200E+00  2.905E-20  2.466E-12  2.466E-12  1.524E-16 Akari IRC NIR N3
4.100E+00  1.955E-19  2.126E-11  2.125E-11  9.282E-15 Akari IRC NIR N4
7.000E+00  8.598E-19  1.596E-10  1.534E-10  6.294E-12 Akari IRC MIR-S S7
9.000E+00  1.308E-18  3.123E-10  2.229E-10  8.937E-11 Akari IRC MIR-S S9W
1.100E+01  1.538E-18  4.488E-10  2.746E-10  1.742E-10 Akari IRC MIR-S S11
1.500E+01  1.601E-18  6.372E-10  2.841E-10  3.531E-10 Akari IRC MIR-L L15
1.800E+01  1.686E-18  8.051E-10  3.319E-10  4.732E-10 Akari IRC MIR-L L18W
2.400E+01  1.642E-18  1.045E-09  4.612E-10  5.842E-10 Akari IRC MIR-L L24
6.500E+01  5.557E-20  9.582E-11  4.535E-11  5.047E-11 Akari FIS N60
8.000E+01  2.136E-20  4.532E-11  2.009E-11  2.523E-11 Akari FIS WIDE-S
1.400E+02  1.225E-21  4.548E-12  1.636E-12  2.912E-12 Akari FIS WIDE-L
1.600E+02  6.797E-22  2.885E-12  1.010E-12  1.874E-12 Akari FIS N160
 
 
 
 


lambda    nu*dP/dnu     j_nu    j_nu(carb.) j_nu(sil)
 (um)    (erg/(s*H)) (Jy/(sr*H) (Jy/(sr*H)) (Jy/(sr*H)
1.000E+04  5.354E-30  1.420E-18  2.888E-19  1.131E-18
9.908E+03  5.552E-30  1.459E-18  2.975E-19  1.162E-18
9.817E+03  5.757E-30  1.499E-18  3.064E-19  1.193E-18
9.727E+03  5.970E-30  1.540E-18  3.156E-19  1.225E-18
9.638E+03  6.190E-30  1.583E-18  3.251E-19  1.258E-18
9.550E+03  6.419E-30  1.626E-18  3.348E-19  1.291E-18
9.462E+03  6.657E-30  1.671E-18  3.449E-19  1.326E-18
9.376E+03  6.903E-30  1.717E-18  3.553E-19  1.362E-18
9.290E+03  7.159E-30  1.764E-18  3.659E-19  1.398E-18
9.204E+03  7.424E-30  1.813E-18  3.770E-19  1.436E-18
9.120E+03  7.698E-30  1.862E-18  3.883E-19  1.474E-18
9.036E+03  7.983E-30  1.914E-18  4.000E-19  1.514E-18
8.954E+03  8.278E-30  1.966E-18  4.121E-19  1.554E-18
8.872E+03  8.583E-30  2.020E-18  4.245E-19  1.595E-18
8.790E+03  8.899E-30  2.075E-18  4.373E-19  1.638E-18
8.710E+03  9.228E-30  2.132E-18  4.505E-19  1.681E-18
8.630E+03  9.568E-30  2.190E-18  4.642E-19  1.726E-18
8.551E+03  9.922E-30  2.250E-18  4.782E-19  1.772E-18
8.472E+03  1.029E-29  2.312E-18  4.927E-19  1.819E-18
8.395E+03  1.067E-29  2.376E-18  5.076E-19  1.868E-18
8.318E+03  1.106E-29  2.441E-18  5.229E-19  1.918E-18
8.241E+03  1.147E-29  2.508E-18  5.388E-19  1.969E-18
8.166E+03  1.190E-29  2.577E-18  5.551E-19  2.022E-18
8.091E+03  1.234E-29  2.648E-18  5.720E-19  2.076E-18
8.017E+03  1.280E-29  2.722E-18  5.893E-19  2.132E-18
7.943E+03  1.327E-29  2.797E-18  6.072E-19  2.190E-18
7.870E+03  1.377E-29  2.874E-18  6.257E-19  2.248E-18
7.798E+03  1.428E-29  2.954E-18  6.447E-19  2.309E-18
7.727E+03  1.481E-29  3.036E-18  6.643E-19  2.371E-18
7.656E+03  1.536E-29  3.120E-18  6.845E-19  2.435E-18
7.586E+03  1.593E-29  3.206E-18  7.054E-19  2.501E-18
7.516E+03  1.653E-29  3.296E-18  7.269E-19  2.569E-18
7.447E+03  1.715E-29  3.387E-18  7.490E-19  2.638E-18
7.379E+03  1.779E-29  3.482E-18  7.719E-19  2.710E-18
7.311E+03  1.845E-29  3.579E-18  7.954E-19  2.783E-18
7.244E+03  1.914E-29  3.678E-18  8.197E-19  2.859E-18
7.178E+03  1.986E-29  3.781E-18  8.448E-19  2.936E-18
7.112E+03  2.060E-29  3.887E-18  8.706E-19  3.016E-18
7.047E+03  2.137E-29  3.995E-18  8.972E-19  3.098E-18
6.982E+03  2.218E-29  4.107E-18  9.247E-19  3.182E-18
6.918E+03  2.301E-29  4.222E-18  9.530E-19  3.269E-18
6.855E+03  2.387E-29  4.340E-18  9.822E-19  3.358E-18
6.792E+03  2.476E-29  4.462E-18  1.012E-18  3.449E-18
6.730E+03  2.569E-29  4.587E-18  1.043E-18  3.543E-18
6.668E+03  2.666E-29  4.715E-18  1.075E-18  3.640E-18
6.607E+03  2.766E-29  4.848E-18  1.109E-18  3.739E-18
6.546E+03  2.870E-29  4.984E-18  1.143E-18  3.842E-18
6.486E+03  2.978E-29  5.125E-18  1.178E-18  3.947E-18
6.427E+03  3.091E-29  5.269E-18  1.214E-18  4.055E-18
6.368E+03  3.207E-29  5.418E-18  1.251E-18  4.166E-18
6.310E+03  3.328E-29  5.571E-18  1.290E-18  4.281E-18
6.252E+03  3.454E-29  5.728E-18  1.330E-18  4.398E-18
6.194E+03  3.585E-29  5.890E-18  1.371E-18  4.519E-18
6.138E+03  3.720E-29  6.057E-18  1.413E-18  4.644E-18
6.081E+03  3.861E-29  6.229E-18  1.457E-18  4.772E-18
6.026E+03  4.008E-29  6.405E-18  1.502E-18  4.904E-18
5.970E+03  4.160E-29  6.587E-18  1.548E-18  5.039E-18
5.916E+03  4.317E-29  6.775E-18  1.596E-18  5.179E-18
5.861E+03  4.481E-29  6.968E-18  1.645E-18  5.322E-18
5.808E+03  4.652E-29  7.166E-18  1.696E-18  5.470E-18
5.754E+03  4.829E-29  7.370E-18  1.749E-18  5.621E-18
5.702E+03  5.012E-29  7.581E-18  1.803E-18  5.777E-18
5.649E+03  5.203E-29  7.797E-18  1.859E-18  5.938E-18
5.598E+03  5.402E-29  8.020E-18  1.917E-18  6.103E-18
5.546E+03  5.608E-29  8.250E-18  1.977E-18  6.273E-18
5.495E+03  5.822E-29  8.486E-18  2.038E-18  6.448E-18
5.445E+03  6.044E-29  8.730E-18  2.102E-18  6.628E-18
5.395E+03  6.275E-29  8.981E-18  2.167E-18  6.814E-18
5.346E+03  6.515E-29  9.239E-18  2.235E-18  7.004E-18
5.297E+03  6.765E-29  9.504E-18  2.304E-18  7.200E-18
5.248E+03  7.024E-29  9.778E-18  2.376E-18  7.402E-18
5.200E+03  7.293E-29  1.006E-17  2.450E-18  7.610E-18
5.152E+03  7.573E-29  1.035E-17  2.527E-18  7.823E-18
5.105E+03  7.864E-29  1.065E-17  2.606E-18  8.043E-18
5.058E+03  8.166E-29  1.096E-17  2.687E-18  8.269E-18
5.012E+03  8.480E-29  1.127E-17  2.771E-18  8.502E-18
4.966E+03  8.806E-29  1.160E-17  2.858E-18  8.741E-18
4.920E+03  9.145E-29  1.194E-17  2.948E-18  8.988E-18
4.875E+03  9.497E-29  1.228E-17  3.040E-18  9.241E-18
4.831E+03  9.863E-29  1.264E-17  3.136E-18  9.502E-18
4.786E+03  1.024E-28  1.300E-17  3.234E-18  9.771E-18
4.742E+03  1.064E-28  1.338E-17  3.336E-18  1.005E-17
4.699E+03  1.105E-28  1.377E-17  3.441E-18  1.033E-17
4.656E+03  1.148E-28  1.417E-17  3.549E-18  1.062E-17
4.613E+03  1.192E-28  1.459E-17  3.660E-18  1.093E-17
4.571E+03  1.238E-28  1.501E-17  3.776E-18  1.124E-17
4.529E+03  1.286E-28  1.545E-17  3.895E-18  1.156E-17
4.487E+03  1.336E-28  1.590E-17  4.018E-18  1.189E-17
4.446E+03  1.388E-28  1.637E-17  4.144E-18  1.223E-17
4.406E+03  1.442E-28  1.685E-17  4.275E-18  1.257E-17
4.365E+03  1.498E-28  1.734E-17  4.410E-18  1.293E-17
4.325E+03  1.556E-28  1.785E-17  4.550E-18  1.330E-17
4.285E+03  1.617E-28  1.838E-17  4.694E-18  1.369E-17
4.246E+03  1.680E-28  1.892E-17  4.842E-18  1.408E-17
4.207E+03  1.745E-28  1.948E-17  4.996E-18  1.448E-17
4.169E+03  1.814E-28  2.005E-17  5.154E-18  1.490E-17
4.130E+03  1.884E-28  2.065E-17  5.318E-18  1.533E-17
4.093E+03  1.958E-28  2.126E-17  5.487E-18  1.577E-17
4.055E+03  2.035E-28  2.189E-17  5.661E-18  1.622E-17
4.018E+03  2.114E-28  2.253E-17  5.841E-18  1.669E-17
3.981E+03  2.197E-28  2.320E-17  6.026E-18  1.718E-17
3.945E+03  2.283E-28  2.389E-17  6.218E-18  1.767E-17
3.908E+03  2.373E-28  2.460E-17  6.416E-18  1.818E-17
3.873E+03  2.466E-28  2.533E-17  6.621E-18  1.871E-17
3.837E+03  2.562E-28  2.608E-17  6.832E-18  1.925E-17
3.802E+03  2.663E-28  2.686E-17  7.050E-18  1.981E-17
3.767E+03  2.768E-28  2.766E-17  7.275E-18  2.038E-17
3.733E+03  2.877E-28  2.848E-17  7.507E-18  2.098E-17
3.698E+03  2.990E-28  2.933E-17  7.747E-18  2.159E-17
3.664E+03  3.108E-28  3.021E-17  7.995E-18  2.222E-17
3.631E+03  3.231E-28  3.112E-17  8.251E-18  2.287E-17
3.597E+03  3.359E-28  3.205E-17  8.515E-18  2.354E-17
3.565E+03  3.491E-28  3.301E-17  8.788E-18  2.422E-17
3.532E+03  3.630E-28  3.400E-17  9.070E-18  2.494E-17
3.499E+03  3.774E-28  3.503E-17  9.361E-18  2.567E-17
3.467E+03  3.923E-28  3.608E-17  9.661E-18  2.642E-17
3.436E+03  4.079E-28  3.717E-17  9.972E-18  2.720E-17
3.404E+03  4.241E-28  3.829E-17  1.029E-17  2.800E-17
3.373E+03  4.410E-28  3.945E-17  1.062E-17  2.883E-17
3.342E+03  4.585E-28  4.065E-17  1.097E-17  2.968E-17
3.311E+03  4.768E-28  4.188E-17  1.132E-17  3.056E-17
3.281E+03  4.958E-28  4.315E-17  1.168E-17  3.147E-17
3.251E+03  5.156E-28  4.446E-17  1.206E-17  3.240E-17
3.221E+03  5.362E-28  4.581E-17  1.245E-17  3.336E-17
3.192E+03  5.576E-28  4.720E-17  1.285E-17  3.435E-17
3.162E+03  5.799E-28  4.864E-17  1.327E-17  3.538E-17
3.133E+03  6.031E-28  5.013E-17  1.369E-17  3.643E-17
3.105E+03  6.273E-28  5.166E-17  1.414E-17  3.752E-17
3.076E+03  6.524E-28  5.324E-17  1.460E-17  3.864E-17
3.048E+03  6.786E-28  5.487E-17  1.507E-17  3.980E-17
3.020E+03  7.059E-28  5.655E-17  1.556E-17  4.099E-17
2.992E+03  7.343E-28  5.828E-17  1.606E-17  4.222E-17
2.965E+03  7.637E-28  6.006E-17  1.658E-17  4.348E-17
2.938E+03  7.944E-28  6.190E-17  1.712E-17  4.478E-17
2.911E+03  8.263E-28  6.380E-17  1.768E-17  4.612E-17
2.884E+03  8.596E-28  6.576E-17  1.825E-17  4.751E-17
2.858E+03  8.942E-28  6.778E-17  1.884E-17  4.893E-17
2.831E+03  9.302E-28  6.986E-17  1.946E-17  5.041E-17
2.805E+03  9.677E-28  7.202E-17  2.009E-17  5.192E-17
2.780E+03  1.007E-27  7.424E-17  2.075E-17  5.349E-17
2.754E+03  1.048E-27  7.653E-17  2.142E-17  5.511E-17
2.729E+03  1.090E-27  7.889E-17  2.212E-17  5.677E-17
2.704E+03  1.134E-27  8.134E-17  2.284E-17  5.849E-17
2.679E+03  1.180E-27  8.386E-17  2.359E-17  6.027E-17
2.655E+03  1.228E-27  8.646E-17  2.436E-17  6.210E-17
2.630E+03  1.278E-27  8.914E-17  2.516E-17  6.399E-17
2.606E+03  1.330E-27  9.192E-17  2.598E-17  6.594E-17
2.582E+03  1.384E-27  9.478E-17  2.683E-17  6.795E-17
2.559E+03  1.440E-27  9.773E-17  2.771E-17  7.002E-17
2.535E+03  1.499E-27  1.008E-16  2.862E-17  7.216E-17
2.512E+03  1.560E-27  1.039E-16  2.955E-17  7.437E-17
2.489E+03  1.623E-27  1.072E-16  3.052E-17  7.665E-17
2.466E+03  1.690E-27  1.105E-16  3.153E-17  7.901E-17
2.443E+03  1.759E-27  1.140E-16  3.256E-17  8.143E-17
2.421E+03  1.831E-27  1.176E-16  3.363E-17  8.394E-17
2.399E+03  1.906E-27  1.213E-16  3.474E-17  8.653E-17
2.377E+03  1.984E-27  1.251E-16  3.588E-17  8.919E-17
2.355E+03  2.065E-27  1.290E-16  3.706E-17  9.195E-17
2.333E+03  2.150E-27  1.331E-16  3.828E-17  9.479E-17
2.312E+03  2.238E-27  1.373E-16  3.954E-17  9.773E-17
2.291E+03  2.330E-27  1.416E-16  4.085E-17  1.008E-16
2.270E+03  2.426E-27  1.461E-16  4.219E-17  1.039E-16
2.249E+03  2.526E-27  1.507E-16  4.359E-17  1.071E-16
2.228E+03  2.630E-27  1.555E-16  4.503E-17  1.104E-16
2.208E+03  2.739E-27  1.604E-16  4.651E-17  1.139E-16
2.188E+03  2.852E-27  1.655E-16  4.805E-17  1.174E-16
2.168E+03  2.969E-27  1.707E-16  4.964E-17  1.211E-16
2.148E+03  3.092E-27  1.762E-16  5.129E-17  1.249E-16
2.128E+03  3.220E-27  1.818E-16  5.298E-17  1.288E-16
2.109E+03  3.353E-27  1.876E-16  5.474E-17  1.328E-16
2.089E+03  3.492E-27  1.935E-16  5.655E-17  1.370E-16
2.070E+03  3.637E-27  1.997E-16  5.843E-17  1.413E-16
2.051E+03  3.788E-27  2.061E-16  6.037E-17  1.457E-16
2.032E+03  3.945E-27  2.127E-16  6.237E-17  1.503E-16
2.014E+03  4.109E-27  2.195E-16  6.445E-17  1.550E-16
1.995E+03  4.279E-27  2.265E-16  6.659E-17  1.599E-16
1.977E+03  4.457E-27  2.337E-16  6.880E-17  1.649E-16
1.959E+03  4.642E-27  2.412E-16  7.109E-17  1.701E-16
1.941E+03  4.836E-27  2.490E-16  7.346E-17  1.755E-16
1.923E+03  5.037E-27  2.569E-16  7.591E-17  1.810E-16
1.905E+03  5.247E-27  2.652E-16  7.844E-17  1.868E-16
1.888E+03  5.466E-27  2.737E-16  8.105E-17  1.927E-16
1.871E+03  5.694E-27  2.825E-16  8.375E-17  1.988E-16
1.854E+03  5.932E-27  2.916E-16  8.655E-17  2.051E-16
1.837E+03  6.180E-27  3.010E-16  8.944E-17  2.116E-16
1.820E+03  6.438E-27  3.108E-16  9.243E-17  2.183E-16
1.803E+03  6.708E-27  3.208E-16  9.552E-17  2.253E-16
1.786E+03  6.988E-27  3.312E-16  9.871E-17  2.325E-16
1.770E+03  7.281E-27  3.419E-16  1.020E-16  2.399E-16
1.754E+03  7.587E-27  3.530E-16  1.054E-16  2.475E-16
1.738E+03  7.905E-27  3.644E-16  1.090E-16  2.554E-16
1.722E+03  8.237E-27  3.762E-16  1.126E-16  2.636E-16
1.706E+03  8.583E-27  3.884E-16  1.164E-16  2.720E-16
1.690E+03  8.943E-27  4.010E-16  1.203E-16  2.807E-16
1.675E+03  9.320E-27  4.141E-16  1.243E-16  2.897E-16
1.660E+03  9.712E-27  4.275E-16  1.285E-16  2.990E-16
1.644E+03  1.012E-26  4.414E-16  1.328E-16  3.086E-16
1.629E+03  1.055E-26  4.558E-16  1.373E-16  3.185E-16
1.614E+03  1.099E-26  4.707E-16  1.419E-16  3.288E-16
1.600E+03  1.145E-26  4.860E-16  1.467E-16  3.394E-16
1.585E+03  1.194E-26  5.019E-16  1.516E-16  3.503E-16
1.570E+03  1.244E-26  5.183E-16  1.567E-16  3.616E-16
1.556E+03  1.297E-26  5.352E-16  1.620E-16  3.732E-16
1.542E+03  1.352E-26  5.527E-16  1.674E-16  3.853E-16
1.528E+03  1.409E-26  5.708E-16  1.731E-16  3.977E-16
1.514E+03  1.468E-26  5.895E-16  1.789E-16  4.106E-16
1.500E+03  1.530E-26  6.088E-16  1.850E-16  4.238E-16
1.486E+03  1.595E-26  6.288E-16  1.912E-16  4.376E-16
1.472E+03  1.663E-26  6.494E-16  1.977E-16  4.517E-16
1.459E+03  1.733E-26  6.708E-16  2.044E-16  4.664E-16
1.445E+03  1.807E-26  6.928E-16  2.113E-16  4.816E-16
1.432E+03  1.884E-26  7.156E-16  2.184E-16  4.972E-16
1.419E+03  1.964E-26  7.392E-16  2.258E-16  5.134E-16
1.406E+03  2.047E-26  7.635E-16  2.334E-16  5.301E-16
1.393E+03  2.134E-26  7.887E-16  2.413E-16  5.473E-16
1.380E+03  2.225E-26  8.147E-16  2.495E-16  5.652E-16
1.368E+03  2.320E-26  8.416E-16  2.580E-16  5.836E-16
1.355E+03  2.418E-26  8.694E-16  2.667E-16  6.026E-16
1.343E+03  2.521E-26  8.981E-16  2.758E-16  6.223E-16
1.330E+03  2.629E-26  9.278E-16  2.851E-16  6.427E-16
1.318E+03  2.741E-26  9.585E-16  2.948E-16  6.637E-16
1.306E+03  2.858E-26  9.902E-16  3.048E-16  6.854E-16
1.294E+03  2.980E-26  1.023E-15  3.152E-16  7.078E-16
1.282E+03  3.107E-26  1.057E-15  3.259E-16  7.310E-16
1.271E+03  3.240E-26  1.092E-15  3.370E-16  7.549E-16
1.259E+03  3.378E-26  1.128E-15  3.485E-16  7.796E-16
1.247E+03  3.523E-26  1.166E-15  3.603E-16  8.052E-16
1.236E+03  3.673E-26  1.204E-15  3.726E-16  8.316E-16
1.225E+03  3.830E-26  1.244E-15  3.853E-16  8.589E-16
1.213E+03  3.994E-26  1.286E-15  3.985E-16  8.871E-16
1.202E+03  4.165E-26  1.328E-15  4.120E-16  9.162E-16
1.191E+03  4.343E-26  1.372E-15  4.261E-16  9.463E-16
1.180E+03  4.529E-26  1.418E-15  4.406E-16  9.774E-16
1.169E+03  4.723E-26  1.465E-15  4.557E-16  1.010E-15
1.159E+03  4.926E-26  1.514E-15  4.713E-16  1.043E-15
1.148E+03  5.137E-26  1.564E-15  4.874E-16  1.077E-15
1.138E+03  5.357E-26  1.617E-15  5.040E-16  1.113E-15
1.127E+03  5.587E-26  1.670E-15  5.213E-16  1.149E-15
1.117E+03  5.827E-26  1.726E-15  5.391E-16  1.187E-15
1.107E+03  6.077E-26  1.784E-15  5.576E-16  1.226E-15
1.096E+03  6.337E-26  1.843E-15  5.767E-16  1.267E-15
1.086E+03  6.610E-26  1.905E-15  5.964E-16  1.308E-15
1.076E+03  6.893E-26  1.968E-15  6.169E-16  1.352E-15
1.067E+03  7.190E-26  2.034E-15  6.380E-16  1.396E-15
1.057E+03  7.499E-26  2.102E-15  6.599E-16  1.442E-15
1.047E+03  7.821E-26  2.172E-15  6.826E-16  1.490E-15
1.038E+03  8.157E-26  2.245E-15  7.060E-16  1.539E-15
1.028E+03  8.508E-26  2.320E-15  7.302E-16  1.590E-15
1.019E+03  8.873E-26  2.398E-15  7.553E-16  1.642E-15
1.009E+03  9.255E-26  2.478E-15  7.813E-16  1.696E-15
1.000E+03  9.653E-26  2.561E-15  8.082E-16  1.752E-15
9.908E+02  1.007E-25  2.646E-15  8.360E-16  1.810E-15
9.817E+02  1.050E-25  2.735E-15  8.647E-16  1.870E-15
9.727E+02  1.096E-25  2.827E-15  8.945E-16  1.932E-15
9.638E+02  1.143E-25  2.922E-15  9.253E-16  1.996E-15
9.550E+02  1.192E-25  3.020E-15  9.572E-16  2.063E-15
9.462E+02  1.244E-25  3.121E-15  9.902E-16  2.131E-15
9.376E+02  1.297E-25  3.226E-15  1.024E-15  2.202E-15
9.290E+02  1.353E-25  3.334E-15  1.060E-15  2.275E-15
9.204E+02  1.412E-25  3.447E-15  1.096E-15  2.350E-15
9.120E+02  1.473E-25  3.562E-15  1.134E-15  2.428E-15
9.036E+02  1.536E-25  3.682E-15  1.173E-15  2.509E-15
8.954E+02  1.602E-25  3.806E-15  1.214E-15  2.592E-15
8.872E+02  1.672E-25  3.934E-15  1.256E-15  2.678E-15
8.790E+02  1.744E-25  4.066E-15  1.299E-15  2.767E-15
8.710E+02  1.819E-25  4.202E-15  1.344E-15  2.858E-15
8.630E+02  1.898E-25  4.344E-15  1.391E-15  2.953E-15
8.551E+02  1.979E-25  4.490E-15  1.439E-15  3.051E-15
8.472E+02  2.065E-25  4.641E-15  1.489E-15  3.152E-15
8.395E+02  2.154E-25  4.796E-15  1.540E-15  3.256E-15
8.318E+02  2.247E-25  4.958E-15  1.594E-15  3.364E-15
8.241E+02  2.344E-25  5.124E-15  1.649E-15  3.475E-15
8.166E+02  2.445E-25  5.296E-15  1.706E-15  3.590E-15
8.091E+02  2.551E-25  5.474E-15  1.765E-15  3.709E-15
8.017E+02  2.661E-25  5.658E-15  1.827E-15  3.832E-15
7.943E+02  2.776E-25  5.849E-15  1.890E-15  3.958E-15
7.870E+02  2.896E-25  6.045E-15  1.956E-15  4.089E-15
7.798E+02  3.021E-25  6.248E-15  2.024E-15  4.224E-15
7.727E+02  3.151E-25  6.458E-15  2.094E-15  4.364E-15
7.656E+02  3.287E-25  6.676E-15  2.167E-15  4.508E-15
7.586E+02  3.429E-25  6.900E-15  2.243E-15  4.658E-15
7.516E+02  3.577E-25  7.132E-15  2.321E-15  4.812E-15
7.447E+02  3.732E-25  7.373E-15  2.402E-15  4.971E-15
7.379E+02  3.894E-25  7.622E-15  2.485E-15  5.137E-15
7.311E+02  4.063E-25  7.880E-15  2.572E-15  5.307E-15
7.244E+02  4.239E-25  8.146E-15  2.662E-15  5.484E-15
7.178E+02  4.423E-25  8.422E-15  2.755E-15  5.667E-15
7.112E+02  4.615E-25  8.707E-15  2.851E-15  5.856E-15
7.047E+02  4.816E-25  9.003E-15  2.950E-15  6.052E-15
6.982E+02  5.026E-25  9.308E-15  3.054E-15  6.254E-15
6.918E+02  5.244E-25  9.624E-15  3.160E-15  6.464E-15
6.855E+02  5.473E-25  9.951E-15  3.271E-15  6.680E-15
6.792E+02  5.711E-25  1.029E-14  3.385E-15  6.904E-15
6.730E+02  5.960E-25  1.064E-14  3.504E-15  7.135E-15
6.668E+02  6.219E-25  1.100E-14  3.627E-15  7.374E-15
6.607E+02  6.490E-25  1.137E-14  3.754E-15  7.621E-15
6.546E+02  6.774E-25  1.176E-14  3.885E-15  7.877E-15
6.486E+02  7.070E-25  1.216E-14  4.021E-15  8.144E-15
6.427E+02  7.380E-25  1.258E-14  4.162E-15  8.420E-15
6.368E+02  7.704E-25  1.301E-14  4.308E-15  8.705E-15
6.310E+02  8.043E-25  1.346E-14  4.460E-15  9.001E-15
6.252E+02  8.396E-25  1.392E-14  4.616E-15  9.307E-15
6.194E+02  8.765E-25  1.440E-14  4.779E-15  9.624E-15
6.138E+02  9.151E-25  1.490E-14  4.947E-15  9.952E-15
6.081E+02  9.555E-25  1.541E-14  5.121E-15  1.029E-14
6.026E+02  9.976E-25  1.595E-14  5.301E-15  1.064E-14
5.970E+02  1.042E-24  1.650E-14  5.487E-15  1.101E-14
5.916E+02  1.088E-24  1.707E-14  5.680E-15  1.139E-14
5.861E+02  1.136E-24  1.766E-14  5.881E-15  1.178E-14
5.808E+02  1.186E-24  1.827E-14  6.088E-15  1.218E-14
5.754E+02  1.239E-24  1.891E-14  6.303E-15  1.260E-14
5.702E+02  1.294E-24  1.956E-14  6.525E-15  1.304E-14
5.649E+02  1.351E-24  2.025E-14  6.755E-15  1.349E-14
5.598E+02  1.411E-24  2.095E-14  6.994E-15  1.396E-14
5.546E+02  1.474E-24  2.168E-14  7.241E-15  1.444E-14
5.495E+02  1.539E-24  2.244E-14  7.496E-15  1.494E-14
5.445E+02  1.608E-24  2.323E-14  7.762E-15  1.546E-14
5.395E+02  1.680E-24  2.404E-14  8.036E-15  1.600E-14
5.346E+02  1.755E-24  2.488E-14  8.320E-15  1.656E-14
5.297E+02  1.833E-24  2.576E-14  8.615E-15  1.714E-14
5.248E+02  1.915E-24  2.666E-14  8.920E-15  1.774E-14
5.200E+02  2.001E-24  2.760E-14  9.236E-15  1.837E-14
5.152E+02  2.091E-24  2.858E-14  9.563E-15  1.901E-14
5.105E+02  2.185E-24  2.959E-14  9.902E-15  1.968E-14
5.058E+02  2.283E-24  3.063E-14  1.025E-14  2.038E-14
5.012E+02  2.386E-24  3.171E-14  1.062E-14  2.110E-14
4.966E+02  2.493E-24  3.284E-14  1.099E-14  2.184E-14
4.920E+02  2.605E-24  3.400E-14  1.139E-14  2.262E-14
4.875E+02  2.723E-24  3.521E-14  1.179E-14  2.342E-14
4.831E+02  2.846E-24  3.646E-14  1.221E-14  2.425E-14
4.786E+02  2.974E-24  3.776E-14  1.264E-14  2.512E-14
4.742E+02  3.109E-24  3.910E-14  1.309E-14  2.601E-14
4.699E+02  3.249E-24  4.050E-14  1.356E-14  2.694E-14
4.656E+02  3.396E-24  4.195E-14  1.404E-14  2.790E-14
4.613E+02  3.550E-24  4.345E-14  1.454E-14  2.890E-14
4.571E+02  3.712E-24  4.500E-14  1.506E-14  2.994E-14
4.529E+02  3.880E-24  4.662E-14  1.560E-14  3.102E-14
4.487E+02  4.057E-24  4.829E-14  1.615E-14  3.213E-14
4.446E+02  4.241E-24  5.002E-14  1.673E-14  3.329E-14
4.406E+02  4.434E-24  5.182E-14  1.733E-14  3.449E-14
4.365E+02  4.636E-24  5.369E-14  1.795E-14  3.574E-14
4.325E+02  4.848E-24  5.562E-14  1.859E-14  3.703E-14
4.285E+02  5.070E-24  5.763E-14  1.925E-14  3.837E-14
4.246E+02  5.301E-24  5.971E-14  1.994E-14  3.977E-14
4.207E+02  5.544E-24  6.187E-14  2.066E-14  4.122E-14
4.169E+02  5.798E-24  6.411E-14  2.140E-14  4.272E-14
4.130E+02  6.064E-24  6.644E-14  2.216E-14  4.428E-14
4.093E+02  6.342E-24  6.885E-14  2.296E-14  4.590E-14
4.055E+02  6.634E-24  7.136E-14  2.378E-14  4.758E-14
4.018E+02  6.939E-24  7.395E-14  2.463E-14  4.932E-14
3.981E+02  7.259E-24  7.665E-14  2.552E-14  5.114E-14
3.945E+02  7.593E-24  7.945E-14  2.643E-14  5.302E-14
3.908E+02  7.944E-24  8.236E-14  2.738E-14  5.498E-14
3.873E+02  8.311E-24  8.538E-14  2.836E-14  5.701E-14
3.837E+02  8.696E-24  8.851E-14  2.938E-14  5.912E-14
3.802E+02  9.098E-24  9.176E-14  3.044E-14  6.132E-14
3.767E+02  9.520E-24  9.513E-14  3.154E-14  6.359E-14
3.733E+02  9.962E-24  9.863E-14  3.267E-14  6.596E-14
3.698E+02  1.042E-23  1.023E-13  3.385E-14  6.842E-14
3.664E+02  1.091E-23  1.060E-13  3.507E-14  7.097E-14
3.631E+02  1.142E-23  1.100E-13  3.633E-14  7.363E-14
3.597E+02  1.195E-23  1.140E-13  3.764E-14  7.638E-14
3.565E+02  1.251E-23  1.182E-13  3.900E-14  7.925E-14
3.532E+02  1.309E-23  1.226E-13  4.040E-14  8.222E-14
3.499E+02  1.370E-23  1.272E-13  4.186E-14  8.532E-14
3.467E+02  1.434E-23  1.319E-13  4.338E-14  8.853E-14
3.436E+02  1.501E-23  1.368E-13  4.494E-14  9.187E-14
3.404E+02  1.572E-23  1.419E-13  4.657E-14  9.534E-14
3.373E+02  1.645E-23  1.472E-13  4.825E-14  9.895E-14
3.342E+02  1.723E-23  1.527E-13  5.000E-14  1.027E-13
3.311E+02  1.803E-23  1.584E-13  5.181E-14  1.066E-13
3.281E+02  1.888E-23  1.643E-13  5.368E-14  1.106E-13
3.251E+02  1.977E-23  1.705E-13  5.563E-14  1.149E-13
3.221E+02  2.070E-23  1.769E-13  5.765E-14  1.192E-13
3.192E+02  2.168E-23  1.835E-13  5.974E-14  1.238E-13
3.162E+02  2.270E-23  1.904E-13  6.190E-14  1.285E-13
3.133E+02  2.377E-23  1.976E-13  6.415E-14  1.334E-13
3.105E+02  2.490E-23  2.050E-13  6.648E-14  1.385E-13
3.076E+02  2.607E-23  2.128E-13  6.890E-14  1.439E-13
3.048E+02  2.731E-23  2.208E-13  7.140E-14  1.494E-13
3.020E+02  2.860E-23  2.291E-13  7.400E-14  1.551E-13
2.992E+02  2.996E-23  2.378E-13  7.669E-14  1.611E-13
2.965E+02  3.138E-23  2.468E-13  7.948E-14  1.673E-13
2.938E+02  3.287E-23  2.562E-13  8.238E-14  1.738E-13
2.911E+02  3.444E-23  2.659E-13  8.538E-14  1.805E-13
2.884E+02  3.608E-23  2.760E-13  8.849E-14  1.875E-13
2.858E+02  3.779E-23  2.865E-13  9.172E-14  1.948E-13
2.831E+02  3.960E-23  2.974E-13  9.507E-14  2.023E-13
2.805E+02  4.149E-23  3.087E-13  9.854E-14  2.102E-13
2.780E+02  4.347E-23  3.205E-13  1.021E-13  2.184E-13
2.754E+02  4.555E-23  3.327E-13  1.059E-13  2.269E-13
2.729E+02  4.773E-23  3.455E-13  1.098E-13  2.357E-13
2.704E+02  5.002E-23  3.588E-13  1.138E-13  2.450E-13
2.679E+02  5.243E-23  3.726E-13  1.179E-13  2.546E-13
2.655E+02  5.495E-23  3.869E-13  1.223E-13  2.647E-13
2.630E+02  5.760E-23  4.019E-13  1.267E-13  2.751E-13
2.606E+02  6.037E-23  4.174E-13  1.314E-13  2.860E-13
2.582E+02  6.329E-23  4.335E-13  1.362E-13  2.973E-13
2.559E+02  6.634E-23  4.502E-13  1.412E-13  3.090E-13
2.535E+02  6.952E-23  4.675E-13  1.464E-13  3.211E-13
2.512E+02  7.285E-23  4.854E-13  1.518E-13  3.336E-13
2.489E+02  7.631E-23  5.038E-13  1.574E-13  3.464E-13
2.466E+02  7.988E-23  5.225E-13  1.632E-13  3.593E-13
2.443E+02  8.361E-23  5.419E-13  1.692E-13  3.727E-13
2.421E+02  8.750E-23  5.619E-13  1.755E-13  3.864E-13
2.399E+02  9.155E-23  5.825E-13  1.820E-13  4.006E-13
2.377E+02  9.574E-23  6.036E-13  1.887E-13  4.149E-13
2.355E+02  1.001E-22  6.255E-13  1.957E-13  4.298E-13
2.333E+02  1.047E-22  6.481E-13  2.029E-13  4.452E-13
2.312E+02  1.095E-22  6.716E-13  2.104E-13  4.612E-13
2.291E+02  1.145E-22  6.960E-13  2.183E-13  4.777E-13
2.270E+02  1.198E-22  7.212E-13  2.264E-13  4.948E-13
2.249E+02  1.253E-22  7.473E-13  2.348E-13  5.125E-13
2.228E+02  1.310E-22  7.744E-13  2.435E-13  5.309E-13
2.208E+02  1.370E-22  8.025E-13  2.526E-13  5.499E-13
2.188E+02  1.433E-22  8.316E-13  2.620E-13  5.696E-13
2.168E+02  1.499E-22  8.618E-13  2.718E-13  5.899E-13
2.148E+02  1.567E-22  8.930E-13  2.820E-13  6.110E-13
2.128E+02  1.639E-22  9.254E-13  2.926E-13  6.329E-13
2.109E+02  1.715E-22  9.590E-13  3.036E-13  6.555E-13
2.089E+02  1.793E-22  9.938E-13  3.150E-13  6.789E-13
2.070E+02  1.876E-22  1.030E-12  3.269E-13  7.031E-13
2.051E+02  1.962E-22  1.067E-12  3.392E-13  7.281E-13
2.032E+02  2.052E-22  1.106E-12  3.520E-13  7.541E-13
2.014E+02  2.146E-22  1.146E-12  3.653E-13  7.809E-13
1.995E+02  2.244E-22  1.188E-12  3.792E-13  8.087E-13
1.977E+02  2.347E-22  1.231E-12  3.936E-13  8.374E-13
1.959E+02  2.455E-22  1.276E-12  4.086E-13  8.671E-13
1.941E+02  2.568E-22  1.322E-12  4.242E-13  8.979E-13
1.923E+02  2.686E-22  1.370E-12  4.405E-13  9.297E-13
1.905E+02  2.810E-22  1.420E-12  4.574E-13  9.627E-13
1.888E+02  2.939E-22  1.472E-12  4.751E-13  9.968E-13
1.871E+02  3.074E-22  1.526E-12  4.934E-13  1.032E-12
1.854E+02  3.216E-22  1.581E-12  5.126E-13  1.069E-12
1.837E+02  3.364E-22  1.639E-12  5.326E-13  1.106E-12
1.820E+02  3.519E-22  1.699E-12  5.534E-13  1.145E-12
1.803E+02  3.682E-22  1.761E-12  5.752E-13  1.186E-12
1.786E+02  3.852E-22  1.826E-12  5.979E-13  1.228E-12
1.770E+02  4.031E-22  1.893E-12  6.216E-13  1.271E-12
1.754E+02  4.217E-22  1.962E-12  6.464E-13  1.316E-12
1.738E+02  4.413E-22  2.034E-12  6.723E-13  1.362E-12
1.722E+02  4.618E-22  2.109E-12  6.995E-13  1.410E-12
1.706E+02  4.833E-22  2.187E-12  7.279E-13  1.459E-12
1.690E+02  5.059E-22  2.268E-12  7.578E-13  1.511E-12
1.675E+02  5.296E-22  2.353E-12  7.891E-13  1.564E-12
1.660E+02  5.544E-22  2.441E-12  8.220E-13  1.619E-12
1.644E+02  5.805E-22  2.532E-12  8.566E-13  1.675E-12
1.629E+02  6.079E-22  2.627E-12  8.930E-13  1.734E-12
1.614E+02  6.366E-22  2.726E-12  9.315E-13  1.795E-12
1.600E+02  6.669E-22  2.830E-12  9.720E-13  1.858E-12
1.585E+02  6.987E-22  2.937E-12  1.015E-12  1.923E-12
1.570E+02  7.322E-22  3.050E-12  1.060E-12  1.990E-12
1.556E+02  7.675E-22  3.168E-12  1.108E-12  2.059E-12
1.542E+02  8.046E-22  3.291E-12  1.160E-12  2.131E-12
1.528E+02  8.438E-22  3.419E-12  1.214E-12  2.205E-12
1.514E+02  8.851E-22  3.553E-12  1.271E-12  2.282E-12
1.500E+02  9.286E-22  3.694E-12  1.332E-12  2.362E-12
1.486E+02  9.745E-22  3.841E-12  1.397E-12  2.444E-12
1.472E+02  1.023E-21  3.994E-12  1.465E-12  2.529E-12
1.459E+02  1.073E-21  4.153E-12  1.536E-12  2.617E-12
1.445E+02  1.126E-21  4.318E-12  1.610E-12  2.708E-12
1.432E+02  1.181E-21  4.486E-12  1.684E-12  2.802E-12
1.419E+02  1.237E-21  4.658E-12  1.758E-12  2.899E-12
1.406E+02  1.295E-21  4.830E-12  1.830E-12  3.000E-12
1.393E+02  1.353E-21  5.001E-12  1.897E-12  3.104E-12
1.380E+02  1.412E-21  5.171E-12  1.960E-12  3.212E-12
1.368E+02  1.472E-21  5.339E-12  2.017E-12  3.323E-12
1.355E+02  1.532E-21  5.507E-12  2.069E-12  3.438E-12
1.343E+02  1.593E-21  5.675E-12  2.119E-12  3.557E-12
1.330E+02  1.657E-21  5.846E-12  2.167E-12  3.679E-12
1.318E+02  1.722E-21  6.022E-12  2.216E-12  3.806E-12
1.306E+02  1.790E-21  6.203E-12  2.266E-12  3.937E-12
1.294E+02  1.862E-21  6.392E-12  2.320E-12  4.072E-12
1.282E+02  1.937E-21  6.589E-12  2.377E-12  4.212E-12
1.271E+02  2.016E-21  6.795E-12  2.437E-12  4.357E-12
1.259E+02  2.099E-21  7.009E-12  2.502E-12  4.506E-12
1.247E+02  2.186E-21  7.232E-12  2.572E-12  4.661E-12
1.236E+02  2.277E-21  7.466E-12  2.645E-12  4.820E-12
1.225E+02  2.373E-21  7.710E-12  2.724E-12  4.985E-12
1.213E+02  2.474E-21  7.964E-12  2.808E-12  5.156E-12
1.202E+02  2.580E-21  8.228E-12  2.896E-12  5.332E-12
1.191E+02  2.691E-21  8.503E-12  2.989E-12  5.514E-12
1.180E+02  2.807E-21  8.789E-12  3.087E-12  5.702E-12
1.169E+02  2.929E-21  9.086E-12  3.191E-12  5.895E-12
1.159E+02  3.056E-21  9.394E-12  3.299E-12  6.095E-12
1.148E+02  3.190E-21  9.715E-12  3.413E-12  6.302E-12
1.138E+02  3.330E-21  1.005E-11  3.532E-12  6.516E-12
1.127E+02  3.476E-21  1.039E-11  3.658E-12  6.736E-12
1.117E+02  3.630E-21  1.075E-11  3.789E-12  6.965E-12
1.107E+02  3.791E-21  1.113E-11  3.927E-12  7.201E-12
1.096E+02  3.959E-21  1.152E-11  4.072E-12  7.444E-12
1.086E+02  4.136E-21  1.192E-11  4.222E-12  7.696E-12
1.076E+02  4.320E-21  1.234E-11  4.380E-12  7.957E-12
1.067E+02  4.514E-21  1.277E-11  4.545E-12  8.225E-12
1.057E+02  4.716E-21  1.322E-11  4.717E-12  8.503E-12
1.047E+02  4.928E-21  1.369E-11  4.897E-12  8.790E-12
1.038E+02  5.149E-21  1.417E-11  5.085E-12  9.086E-12
1.028E+02  5.381E-21  1.467E-11  5.281E-12  9.392E-12
1.019E+02  5.623E-21  1.519E-11  5.485E-12  9.707E-12
1.009E+02  5.876E-21  1.573E-11  5.699E-12  1.003E-11
1.000E+02  6.141E-21  1.629E-11  5.921E-12  1.037E-11
9.908E+01  6.417E-21  1.687E-11  6.152E-12  1.071E-11
9.817E+01  6.707E-21  1.747E-11  6.393E-12  1.107E-11
9.727E+01  7.009E-21  1.809E-11  6.643E-12  1.144E-11
9.638E+01  7.325E-21  1.873E-11  6.904E-12  1.182E-11
9.550E+01  7.655E-21  1.939E-11  7.176E-12  1.222E-11
9.462E+01  8.000E-21  2.008E-11  7.458E-12  1.262E-11
9.376E+01  8.361E-21  2.079E-11  7.752E-12  1.304E-11
9.290E+01  8.738E-21  2.153E-11  8.058E-12  1.347E-11
9.204E+01  9.132E-21  2.230E-11  8.376E-12  1.392E-11
9.120E+01  9.544E-21  2.309E-11  8.708E-12  1.438E-11
9.036E+01  9.975E-21  2.391E-11  9.053E-12  1.486E-11
8.954E+01  1.042E-20  2.476E-11  9.413E-12  1.535E-11
8.872E+01  1.090E-20  2.564E-11  9.788E-12  1.585E-11
8.790E+01  1.139E-20  2.655E-11  1.018E-11  1.637E-11
8.710E+01  1.190E-20  2.750E-11  1.059E-11  1.691E-11
8.630E+01  1.244E-20  2.848E-11  1.101E-11  1.747E-11
8.551E+01  1.301E-20  2.950E-11  1.146E-11  1.804E-11
8.472E+01  1.359E-20  3.055E-11  1.192E-11  1.863E-11
8.395E+01  1.421E-20  3.164E-11  1.240E-11  1.924E-11
8.318E+01  1.485E-20  3.277E-11  1.290E-11  1.986E-11
8.241E+01  1.552E-20  3.394E-11  1.343E-11  2.051E-11
8.166E+01  1.623E-20  3.515E-11  1.397E-11  2.118E-11
8.091E+01  1.696E-20  3.640E-11  1.454E-11  2.186E-11
8.017E+01  1.773E-20  3.771E-11  1.513E-11  2.257E-11
7.943E+01  1.853E-20  3.905E-11  1.575E-11  2.330E-11
7.870E+01  1.937E-20  4.044E-11  1.639E-11  2.405E-11
7.798E+01  2.025E-20  4.188E-11  1.706E-11  2.483E-11
7.727E+01  2.116E-20  4.338E-11  1.775E-11  2.563E-11
7.656E+01  2.212E-20  4.492E-11  1.847E-11  2.645E-11
7.586E+01  2.312E-20  4.652E-11  1.922E-11  2.730E-11
7.516E+01  2.417E-20  4.818E-11  2.000E-11  2.818E-11
7.447E+01  2.526E-20  4.990E-11  2.082E-11  2.908E-11
7.379E+01  2.640E-20  5.167E-11  2.167E-11  3.000E-11
7.311E+01  2.759E-20  5.350E-11  2.255E-11  3.096E-11
7.244E+01  2.883E-20  5.540E-11  2.347E-11  3.194E-11
7.178E+01  3.013E-20  5.737E-11  2.442E-11  3.294E-11
7.112E+01  3.149E-20  5.940E-11  2.542E-11  3.398E-11
7.047E+01  3.291E-20  6.151E-11  2.646E-11  3.505E-11
6.982E+01  3.439E-20  6.370E-11  2.754E-11  3.617E-11
6.918E+01  3.595E-20  6.597E-11  2.866E-11  3.731E-11
6.855E+01  3.756E-20  6.830E-11  2.983E-11  3.847E-11
6.792E+01  3.925E-20  7.072E-11  3.105E-11  3.967E-11
6.730E+01  4.102E-20  7.322E-11  3.232E-11  4.090E-11
6.668E+01  4.286E-20  7.581E-11  3.364E-11  4.217E-11
6.607E+01  4.479E-20  7.850E-11  3.502E-11  4.348E-11
6.546E+01  4.681E-20  8.128E-11  3.645E-11  4.483E-11
6.486E+01  4.891E-20  8.416E-11  3.795E-11  4.621E-11
6.427E+01  5.111E-20  8.713E-11  3.950E-11  4.763E-11
6.368E+01  5.340E-20  9.021E-11  4.112E-11  4.909E-11
6.310E+01  5.581E-20  9.340E-11  4.281E-11  5.059E-11
6.252E+01  5.832E-20  9.671E-11  4.457E-11  5.214E-11
6.194E+01  6.094E-20  1.001E-10  4.641E-11  5.373E-11
6.138E+01  6.368E-20  1.037E-10  4.832E-11  5.536E-11
6.081E+01  6.655E-20  1.073E-10  5.031E-11  5.704E-11
6.026E+01  6.954E-20  1.111E-10  5.238E-11  5.877E-11
5.970E+01  7.266E-20  1.151E-10  5.454E-11  6.053E-11
5.916E+01  7.593E-20  1.191E-10  5.680E-11  6.234E-11
5.861E+01  7.934E-20  1.234E-10  5.915E-11  6.420E-11
5.808E+01  8.290E-20  1.277E-10  6.160E-11  6.610E-11
5.754E+01  8.662E-20  1.322E-10  6.416E-11  6.805E-11
5.702E+01  9.051E-20  1.369E-10  6.683E-11  7.005E-11
5.649E+01  9.457E-20  1.417E-10  6.962E-11  7.210E-11
5.598E+01  9.882E-20  1.467E-10  7.252E-11  7.421E-11
5.546E+01  1.033E-19  1.519E-10  7.555E-11  7.638E-11
5.495E+01  1.079E-19  1.573E-10  7.871E-11  7.860E-11
5.445E+01  1.128E-19  1.629E-10  8.202E-11  8.088E-11
5.395E+01  1.179E-19  1.687E-10  8.546E-11  8.322E-11
5.346E+01  1.232E-19  1.747E-10  8.906E-11  8.561E-11
5.297E+01  1.287E-19  1.809E-10  9.283E-11  8.806E-11
5.248E+01  1.346E-19  1.873E-10  9.675E-11  9.057E-11
5.200E+01  1.406E-19  1.940E-10  1.009E-10  9.314E-11
5.152E+01  1.470E-19  2.009E-10  1.051E-10  9.577E-11
5.105E+01  1.537E-19  2.081E-10  1.096E-10  9.845E-11
5.058E+01  1.606E-19  2.155E-10  1.143E-10  1.012E-10
5.012E+01  1.679E-19  2.232E-10  1.192E-10  1.040E-10
4.966E+01  1.755E-19  2.312E-10  1.243E-10  1.069E-10
4.920E+01  1.834E-19  2.394E-10  1.296E-10  1.098E-10
4.875E+01  1.918E-19  2.480E-10  1.352E-10  1.128E-10
4.831E+01  2.005E-19  2.569E-10  1.410E-10  1.158E-10
4.786E+01  2.096E-19  2.661E-10  1.471E-10  1.190E-10
4.742E+01  2.192E-19  2.757E-10  1.535E-10  1.222E-10
4.699E+01  2.292E-19  2.856E-10  1.602E-10  1.254E-10
4.656E+01  2.396E-19  2.960E-10  1.672E-10  1.288E-10
4.613E+01  2.506E-19  3.067E-10  1.745E-10  1.322E-10
4.571E+01  2.621E-19  3.178E-10  1.821E-10  1.356E-10
4.529E+01  2.741E-19  3.293E-10  1.901E-10  1.392E-10
4.487E+01  2.867E-19  3.413E-10  1.985E-10  1.428E-10
4.446E+01  2.999E-19  3.538E-10  2.072E-10  1.465E-10
4.406E+01  3.138E-19  3.667E-10  2.163E-10  1.503E-10
4.365E+01  3.282E-19  3.800E-10  2.259E-10  1.542E-10
4.325E+01  3.433E-19  3.939E-10  2.358E-10  1.581E-10
4.285E+01  3.592E-19  4.083E-10  2.462E-10  1.621E-10
4.246E+01  3.757E-19  4.231E-10  2.570E-10  1.662E-10
4.207E+01  3.929E-19  4.385E-10  2.682E-10  1.703E-10
4.169E+01  4.110E-19  4.544E-10  2.799E-10  1.745E-10
4.130E+01  4.298E-19  4.709E-10  2.921E-10  1.788E-10
4.093E+01  4.494E-19  4.878E-10  3.047E-10  1.831E-10
4.055E+01  4.698E-19  5.053E-10  3.178E-10  1.875E-10
4.018E+01  4.910E-19  5.233E-10  3.313E-10  1.920E-10
3.981E+01  5.130E-19  5.418E-10  3.452E-10  1.965E-10
3.945E+01  5.359E-19  5.608E-10  3.596E-10  2.011E-10
3.908E+01  5.597E-19  5.802E-10  3.744E-10  2.058E-10
3.873E+01  5.843E-19  6.002E-10  3.896E-10  2.105E-10
3.837E+01  6.097E-19  6.205E-10  4.052E-10  2.153E-10
3.802E+01  6.359E-19  6.412E-10  4.211E-10  2.202E-10
3.767E+01  6.628E-19  6.623E-10  4.372E-10  2.251E-10
3.733E+01  6.904E-19  6.835E-10  4.536E-10  2.299E-10
3.698E+01  7.186E-19  7.049E-10  4.702E-10  2.348E-10
3.664E+01  7.475E-19  7.265E-10  4.868E-10  2.397E-10
3.631E+01  7.769E-19  7.482E-10  5.035E-10  2.447E-10
3.597E+01  8.068E-19  7.699E-10  5.201E-10  2.498E-10
3.565E+01  8.371E-19  7.915E-10  5.365E-10  2.550E-10
3.532E+01  8.677E-19  8.129E-10  5.527E-10  2.602E-10
3.499E+01  8.985E-19  8.341E-10  5.686E-10  2.655E-10
3.467E+01  9.294E-19  8.548E-10  5.840E-10  2.708E-10
3.436E+01  9.602E-19  8.751E-10  5.988E-10  2.763E-10
3.404E+01  9.909E-19  8.947E-10  6.129E-10  2.818E-10
3.373E+01  1.021E-18  9.136E-10  6.263E-10  2.873E-10
3.342E+01  1.051E-18  9.318E-10  6.387E-10  2.930E-10
3.311E+01  1.081E-18  9.491E-10  6.502E-10  2.989E-10
3.281E+01  1.109E-18  9.654E-10  6.606E-10  3.048E-10
3.251E+01  1.137E-18  9.807E-10  6.698E-10  3.109E-10
3.221E+01  1.164E-18  9.948E-10  6.778E-10  3.170E-10
3.192E+01  1.190E-18  1.008E-09  6.845E-10  3.232E-10
3.162E+01  1.215E-18  1.019E-09  6.899E-10  3.294E-10
3.133E+01  1.239E-18  1.030E-09  6.939E-10  3.357E-10
3.105E+01  1.261E-18  1.039E-09  6.966E-10  3.422E-10
3.076E+01  1.283E-18  1.047E-09  6.979E-10  3.486E-10
3.048E+01  1.303E-18  1.053E-09  6.980E-10  3.552E-10
3.020E+01  1.321E-18  1.059E-09  6.967E-10  3.618E-10
2.992E+01  1.339E-18  1.063E-09  6.942E-10  3.685E-10
2.965E+01  1.355E-18  1.066E-09  6.906E-10  3.751E-10
2.938E+01  1.370E-18  1.068E-09  6.859E-10  3.817E-10
2.911E+01  1.384E-18  1.069E-09  6.802E-10  3.884E-10
2.884E+01  1.397E-18  1.069E-09  6.735E-10  3.951E-10
2.858E+01  1.409E-18  1.068E-09  6.661E-10  4.019E-10
2.831E+01  1.420E-18  1.067E-09  6.579E-10  4.087E-10
2.805E+01  1.431E-18  1.065E-09  6.491E-10  4.155E-10
2.780E+01  1.441E-18  1.062E-09  6.397E-10  4.224E-10
2.754E+01  1.450E-18  1.059E-09  6.299E-10  4.293E-10
2.729E+01  1.459E-18  1.056E-09  6.197E-10  4.363E-10
2.704E+01  1.467E-18  1.053E-09  6.093E-10  4.433E-10
2.679E+01  1.476E-18  1.049E-09  5.986E-10  4.503E-10
2.655E+01  1.484E-18  1.045E-09  5.877E-10  4.573E-10
2.630E+01  1.492E-18  1.041E-09  5.768E-10  4.643E-10
2.606E+01  1.500E-18  1.037E-09  5.659E-10  4.714E-10
2.582E+01  1.509E-18  1.033E-09  5.550E-10  4.785E-10
2.559E+01  1.517E-18  1.030E-09  5.442E-10  4.855E-10
2.535E+01  1.526E-18  1.026E-09  5.335E-10  4.926E-10
2.512E+01  1.535E-18  1.023E-09  5.229E-10  4.996E-10
2.489E+01  1.544E-18  1.019E-09  5.126E-10  5.066E-10
2.466E+01  1.553E-18  1.016E-09  5.025E-10  5.134E-10
2.443E+01  1.563E-18  1.013E-09  4.927E-10  5.202E-10
2.421E+01  1.572E-18  1.010E-09  4.830E-10  5.267E-10
2.399E+01  1.582E-18  1.006E-09  4.736E-10  5.328E-10
2.377E+01  1.592E-18  1.004E-09  4.645E-10  5.392E-10
2.355E+01  1.603E-18  1.002E-09  4.556E-10  5.461E-10
2.333E+01  1.615E-18  9.995E-10  4.469E-10  5.525E-10
2.312E+01  1.625E-18  9.967E-10  4.386E-10  5.581E-10
2.291E+01  1.636E-18  9.945E-10  4.306E-10  5.639E-10
2.270E+01  1.650E-18  9.933E-10  4.228E-10  5.705E-10
2.249E+01  1.665E-18  9.931E-10  4.153E-10  5.778E-10
2.228E+01  1.681E-18  9.935E-10  4.082E-10  5.853E-10
2.208E+01  1.697E-18  9.937E-10  4.013E-10  5.924E-10
2.188E+01  1.711E-18  9.930E-10  3.947E-10  5.984E-10
2.168E+01  1.725E-18  9.919E-10  3.883E-10  6.036E-10
2.148E+01  1.739E-18  9.910E-10  3.823E-10  6.087E-10
2.128E+01  1.755E-18  9.908E-10  3.765E-10  6.143E-10
2.109E+01  1.773E-18  9.916E-10  3.710E-10  6.205E-10
2.089E+01  1.790E-18  9.920E-10  3.658E-10  6.262E-10
2.070E+01  1.807E-18  9.920E-10  3.608E-10  6.312E-10
2.051E+01  1.823E-18  9.918E-10  3.561E-10  6.357E-10
2.032E+01  1.840E-18  9.922E-10  3.516E-10  6.406E-10
2.014E+01  1.863E-18  9.951E-10  3.474E-10  6.477E-10
1.995E+01  1.885E-18  9.977E-10  3.434E-10  6.543E-10
1.977E+01  1.906E-18  9.996E-10  3.396E-10  6.601E-10
1.959E+01  1.925E-18  1.000E-09  3.360E-10  6.644E-10
1.941E+01  1.942E-18  9.997E-10  3.326E-10  6.671E-10
1.923E+01  1.955E-18  9.974E-10  3.294E-10  6.680E-10
1.905E+01  1.965E-18  9.934E-10  3.263E-10  6.671E-10
1.888E+01  1.972E-18  9.876E-10  3.234E-10  6.642E-10
1.871E+01  1.975E-18  9.798E-10  3.206E-10  6.592E-10
1.854E+01  1.973E-18  9.702E-10  3.180E-10  6.522E-10
1.837E+01  1.968E-18  9.587E-10  3.156E-10  6.432E-10
1.820E+01  1.959E-18  9.455E-10  3.133E-10  6.322E-10
1.803E+01  1.946E-18  9.308E-10  3.110E-10  6.198E-10
1.786E+01  1.930E-18  9.147E-10  3.089E-10  6.058E-10
1.770E+01  1.911E-18  8.972E-10  3.070E-10  5.902E-10
1.754E+01  1.887E-18  8.780E-10  3.052E-10  5.728E-10
1.738E+01  1.861E-18  8.580E-10  3.036E-10  5.544E-10
1.722E+01  1.833E-18  8.372E-10  3.021E-10  5.350E-10
1.706E+01  1.804E-18  8.165E-10  3.007E-10  5.157E-10
1.690E+01  1.774E-18  7.955E-10  2.995E-10  4.960E-10
1.675E+01  1.743E-18  7.743E-10  2.983E-10  4.760E-10
1.660E+01  1.710E-18  7.526E-10  2.972E-10  4.554E-10
1.644E+01  1.676E-18  7.311E-10  2.962E-10  4.349E-10
1.629E+01  1.642E-18  7.098E-10  2.953E-10  4.145E-10
1.614E+01  1.610E-18  6.892E-10  2.944E-10  3.948E-10
1.600E+01  1.577E-18  6.693E-10  2.936E-10  3.757E-10
1.585E+01  1.546E-18  6.500E-10  2.929E-10  3.572E-10
1.570E+01  1.516E-18  6.315E-10  2.922E-10  3.393E-10
1.556E+01  1.487E-18  6.137E-10  2.916E-10  3.221E-10
1.542E+01  1.459E-18  5.968E-10  2.911E-10  3.057E-10
1.528E+01  1.433E-18  5.807E-10  2.906E-10  2.901E-10
1.514E+01  1.408E-18  5.655E-10  2.901E-10  2.754E-10
1.500E+01  1.386E-18  5.513E-10  2.897E-10  2.616E-10
1.486E+01  1.364E-18  5.377E-10  2.893E-10  2.484E-10
1.472E+01  1.344E-18  5.248E-10  2.890E-10  2.358E-10
1.459E+01  1.325E-18  5.127E-10  2.888E-10  2.239E-10
1.445E+01  1.309E-18  5.021E-10  2.885E-10  2.135E-10
1.432E+01  1.297E-18  4.929E-10  2.883E-10  2.046E-10
1.419E+01  1.290E-18  4.855E-10  2.881E-10  1.974E-10
1.406E+01  1.287E-18  4.799E-10  2.879E-10  1.920E-10
1.393E+01  1.289E-18  4.764E-10  2.877E-10  1.887E-10
1.380E+01  1.296E-18  4.745E-10  2.875E-10  1.869E-10
1.368E+01  1.307E-18  4.743E-10  2.874E-10  1.869E-10
1.355E+01  1.322E-18  4.751E-10  2.873E-10  1.878E-10
1.343E+01  1.338E-18  4.764E-10  2.871E-10  1.893E-10
1.330E+01  1.354E-18  4.778E-10  2.869E-10  1.909E-10
1.318E+01  1.371E-18  4.793E-10  2.867E-10  1.926E-10
1.306E+01  1.387E-18  4.806E-10  2.866E-10  1.940E-10
1.294E+01  1.404E-18  4.819E-10  2.864E-10  1.955E-10
1.282E+01  1.422E-18  4.838E-10  2.862E-10  1.976E-10
1.271E+01  1.441E-18  4.857E-10  2.859E-10  1.998E-10
1.259E+01  1.460E-18  4.876E-10  2.857E-10  2.019E-10
1.247E+01  1.478E-18  4.890E-10  2.853E-10  2.037E-10
1.236E+01  1.495E-18  4.901E-10  2.849E-10  2.052E-10
1.225E+01  1.510E-18  4.905E-10  2.844E-10  2.061E-10
1.213E+01  1.526E-18  4.911E-10  2.838E-10  2.073E-10
1.202E+01  1.543E-18  4.922E-10  2.832E-10  2.090E-10
1.191E+01  1.560E-18  4.930E-10  2.825E-10  2.105E-10
1.180E+01  1.576E-18  4.934E-10  2.817E-10  2.117E-10
1.169E+01  1.590E-18  4.932E-10  2.809E-10  2.124E-10
1.159E+01  1.608E-18  4.941E-10  2.822E-10  2.120E-10
1.148E+01  1.695E-18  5.161E-10  3.049E-10  2.113E-10
1.138E+01  1.636E-18  4.938E-10  2.829E-10  2.109E-10
1.127E+01  1.642E-18  4.909E-10  2.804E-10  2.105E-10
1.117E+01  1.651E-18  4.892E-10  2.789E-10  2.103E-10
1.107E+01  1.660E-18  4.874E-10  2.775E-10  2.099E-10
1.096E+01  1.668E-18  4.852E-10  2.762E-10  2.090E-10
1.086E+01  1.676E-18  4.831E-10  2.750E-10  2.081E-10
1.076E+01  1.686E-18  4.815E-10  2.738E-10  2.077E-10
1.067E+01  1.698E-18  4.803E-10  2.725E-10  2.078E-10
1.057E+01  1.710E-18  4.793E-10  2.711E-10  2.081E-10
1.047E+01  1.719E-18  4.775E-10  2.697E-10  2.078E-10
1.038E+01  1.722E-18  4.740E-10  2.683E-10  2.058E-10
1.028E+01  1.719E-18  4.687E-10  2.668E-10  2.019E-10
1.019E+01  1.709E-18  4.618E-10  2.652E-10  1.966E-10
1.009E+01  1.696E-18  4.542E-10  2.635E-10  1.906E-10
1.000E+01  1.683E-18  4.464E-10  2.618E-10  1.847E-10
9.908E+00  1.671E-18  4.391E-10  2.600E-10  1.791E-10
9.817E+00  1.659E-18  4.319E-10  2.581E-10  1.738E-10
9.727E+00  1.646E-18  4.247E-10  2.562E-10  1.685E-10
9.638E+00  1.632E-18  4.174E-10  2.542E-10  1.631E-10
9.550E+00  1.614E-18  4.089E-10  2.522E-10  1.567E-10
9.462E+00  1.590E-18  3.990E-10  2.501E-10  1.489E-10
9.376E+00  1.558E-18  3.875E-10  2.479E-10  1.396E-10
9.290E+00  1.520E-18  3.745E-10  2.457E-10  1.289E-10
9.204E+00  1.476E-18  3.604E-10  2.434E-10  1.170E-10
9.120E+00  1.429E-18  3.456E-10  2.410E-10  1.046E-10
9.036E+00  1.381E-18  3.309E-10  2.386E-10  9.234E-11
8.954E+00  1.334E-18  3.169E-10  2.361E-10  8.078E-11
8.872E+00  1.292E-18  3.040E-10  2.336E-10  7.037E-11
8.790E+00  1.254E-18  2.923E-10  2.310E-10  6.127E-11
8.710E+00  1.220E-18  2.819E-10  2.284E-10  5.347E-11
8.630E+00  1.191E-18  2.726E-10  2.257E-10  4.684E-11
8.551E+00  1.165E-18  2.641E-10  2.230E-10  4.118E-11
8.472E+00  1.140E-18  2.562E-10  2.201E-10  3.615E-11
8.395E+00  1.116E-18  2.486E-10  2.172E-10  3.145E-11
8.318E+00  1.093E-18  2.411E-10  2.142E-10  2.692E-11
8.241E+00  1.069E-18  2.338E-10  2.112E-10  2.258E-11
8.166E+00  1.047E-18  2.267E-10  2.082E-10  1.852E-11
8.091E+00  1.026E-18  2.202E-10  2.052E-10  1.507E-11
8.017E+00  1.007E-18  2.142E-10  2.021E-10  1.217E-11
7.943E+00  9.908E-19  2.088E-10  1.990E-10  9.791E-12
7.870E+00  9.755E-19  2.037E-10  1.958E-10  7.858E-12
7.798E+00  9.611E-19  1.988E-10  1.925E-10  6.303E-12
7.727E+00  9.476E-19  1.942E-10  1.891E-10  5.081E-12
7.656E+00  9.351E-19  1.899E-10  1.858E-10  4.128E-12
7.586E+00  9.230E-19  1.857E-10  1.823E-10  3.389E-12
7.516E+00  9.109E-19  1.816E-10  1.788E-10  2.830E-12
7.447E+00  8.992E-19  1.776E-10  1.752E-10  2.414E-12
7.379E+00  8.877E-19  1.737E-10  1.717E-10  2.091E-12
7.311E+00  8.764E-19  1.700E-10  1.681E-10  1.847E-12
7.244E+00  8.651E-19  1.662E-10  1.646E-10  1.650E-12
7.178E+00  8.538E-19  1.626E-10  1.611E-10  1.483E-12
7.112E+00  8.423E-19  1.589E-10  1.576E-10  1.348E-12
7.047E+00  8.306E-19  1.553E-10  1.540E-10  1.232E-12
6.982E+00  8.187E-19  1.516E-10  1.505E-10  1.126E-12
6.918E+00  8.066E-19  1.480E-10  1.470E-10  1.032E-12
6.855E+00  7.943E-19  1.444E-10  1.435E-10  9.457E-13
6.792E+00  7.819E-19  1.409E-10  1.400E-10  8.661E-13
6.730E+00  7.692E-19  1.373E-10  1.365E-10  7.929E-13
6.668E+00  7.564E-19  1.338E-10  1.331E-10  7.251E-13
6.607E+00  7.432E-19  1.303E-10  1.296E-10  6.621E-13
6.546E+00  7.298E-19  1.267E-10  1.261E-10  6.039E-13
6.486E+00  7.163E-19  1.232E-10  1.227E-10  5.501E-13
6.427E+00  7.025E-19  1.198E-10  1.193E-10  5.004E-13
6.368E+00  6.887E-19  1.163E-10  1.159E-10  4.545E-13
6.310E+00  6.708E-19  1.123E-10  1.118E-10  4.121E-13
6.252E+00  6.634E-19  1.100E-10  1.096E-10  3.731E-13
6.194E+00  6.491E-19  1.066E-10  1.063E-10  3.373E-13
6.138E+00  6.340E-19  1.032E-10  1.029E-10  3.042E-13
6.081E+00  6.192E-19  9.989E-11  9.961E-11  2.741E-13
6.026E+00  6.046E-19  9.664E-11  9.640E-11  2.467E-13
5.970E+00  5.902E-19  9.347E-11  9.325E-11  2.218E-13
5.916E+00  5.758E-19  9.036E-11  9.016E-11  1.993E-13
5.861E+00  5.615E-19  8.730E-11  8.712E-11  1.790E-13
5.808E+00  5.472E-19  8.429E-11  8.413E-11  1.605E-13
5.754E+00  5.329E-19  8.135E-11  8.120E-11  1.439E-13
5.702E+00  5.187E-19  7.845E-11  7.832E-11  1.289E-13
5.649E+00  5.045E-19  7.560E-11  7.548E-11  1.154E-13
5.598E+00  4.903E-19  7.280E-11  7.269E-11  1.032E-13
5.546E+00  4.762E-19  7.006E-11  6.996E-11  9.221E-14
5.495E+00  4.622E-19  6.738E-11  6.729E-11  8.235E-14
5.445E+00  4.484E-19  6.476E-11  6.468E-11  7.348E-14
5.395E+00  4.346E-19  6.220E-11  6.213E-11  6.551E-14
5.346E+00  4.210E-19  5.970E-11  5.964E-11  5.836E-14
5.297E+00  4.076E-19  5.726E-11  5.721E-11  5.193E-14
5.248E+00  3.942E-19  5.488E-11  5.483E-11  4.618E-14
5.200E+00  3.810E-19  5.255E-11  5.251E-11  4.102E-14
5.152E+00  3.680E-19  5.029E-11  5.025E-11  3.641E-14
5.105E+00  3.551E-19  4.809E-11  4.805E-11  3.229E-14
5.058E+00  3.424E-19  4.595E-11  4.592E-11  2.861E-14
5.012E+00  3.299E-19  4.386E-11  4.384E-11  2.532E-14
4.966E+00  3.176E-19  4.184E-11  4.181E-11  2.239E-14
4.920E+00  3.055E-19  3.987E-11  3.985E-11  1.978E-14
4.875E+00  2.936E-19  3.797E-11  3.795E-11  1.746E-14
4.831E+00  2.819E-19  3.613E-11  3.611E-11  1.539E-14
4.786E+00  2.706E-19  3.435E-11  3.434E-11  1.355E-14
4.742E+00  2.595E-19  3.264E-11  3.263E-11  1.191E-14
4.699E+00  2.486E-19  3.099E-11  3.098E-11  1.046E-14
4.656E+00  2.380E-19  2.940E-11  2.939E-11  9.180E-15
4.613E+00  2.277E-19  2.787E-11  2.786E-11  8.043E-15
4.571E+00  2.177E-19  2.640E-11  2.639E-11  7.039E-15
4.529E+00  2.079E-19  2.498E-11  2.497E-11  6.151E-15
4.487E+00  1.984E-19  2.362E-11  2.361E-11  5.369E-15
4.446E+00  1.892E-19  2.232E-11  2.231E-11  4.680E-15
4.406E+00  1.803E-19  2.107E-11  2.106E-11  4.075E-15
4.365E+00  1.716E-19  1.987E-11  1.987E-11  3.544E-15
4.325E+00  1.632E-19  1.872E-11  1.872E-11  3.077E-15
4.285E+00  1.551E-19  1.763E-11  1.763E-11  2.668E-15
4.246E+00  1.472E-19  1.658E-11  1.658E-11  2.310E-15
4.207E+00  1.396E-19  1.558E-11  1.558E-11  1.997E-15
4.169E+00  1.323E-19  1.463E-11  1.463E-11  1.724E-15
4.130E+00  1.253E-19  1.373E-11  1.372E-11  1.486E-15
4.093E+00  1.185E-19  1.286E-11  1.286E-11  1.278E-15
4.055E+00  1.120E-19  1.204E-11  1.204E-11  1.098E-15
4.018E+00  1.057E-19  1.126E-11  1.126E-11  9.410E-16
3.981E+00  9.968E-20  1.053E-11  1.053E-11  8.055E-16
3.945E+00  9.392E-20  9.828E-12  9.827E-12  6.884E-16
3.908E+00  8.841E-20  9.166E-12  9.165E-12  5.873E-16
3.873E+00  8.314E-20  8.540E-12  8.540E-12  5.002E-16
3.837E+00  7.811E-20  7.950E-12  7.950E-12  4.255E-16
3.802E+00  7.331E-20  7.393E-12  7.393E-12  3.613E-16
3.767E+00  6.874E-20  6.869E-12  6.868E-12  3.063E-16
3.733E+00  6.439E-20  6.375E-12  6.375E-12  2.592E-16
3.698E+00  6.025E-20  5.911E-12  5.911E-12  2.190E-16
3.664E+00  5.633E-20  5.475E-12  5.475E-12  1.847E-16
3.631E+00  5.260E-20  5.066E-12  5.066E-12  1.555E-16
3.597E+00  4.907E-20  4.683E-12  4.683E-12  1.307E-16
3.565E+00  4.573E-20  4.324E-12  4.324E-12  1.097E-16
3.532E+00  4.257E-20  3.988E-12  3.988E-12  9.186E-17
3.499E+00  3.959E-20  3.675E-12  3.675E-12  7.679E-17
3.467E+00  3.678E-20  3.382E-12  3.382E-12  6.408E-17
3.436E+00  3.412E-20  3.110E-12  3.110E-12  5.337E-17
3.404E+00  3.163E-20  2.856E-12  2.856E-12  4.437E-17
3.373E+00  2.928E-20  2.620E-12  2.620E-12  3.682E-17
3.342E+00  2.708E-20  2.401E-12  2.401E-12  3.049E-17
3.311E+00  2.502E-20  2.198E-12  2.198E-12  2.519E-17
3.281E+00  2.308E-20  2.009E-12  2.009E-12  2.078E-17
3.251E+00  2.127E-20  1.834E-12  1.834E-12  1.710E-17
3.221E+00  1.958E-20  1.673E-12  1.673E-12  1.404E-17
3.192E+00  1.800E-20  1.524E-12  1.524E-12  1.150E-17
3.162E+00  1.652E-20  1.386E-12  1.386E-12  9.406E-18
3.133E+00  1.516E-20  1.260E-12  1.260E-12  7.678E-18
3.105E+00  1.388E-20  1.143E-12  1.143E-12  6.255E-18
3.076E+00  1.270E-20  1.036E-12  1.036E-12  5.088E-18
3.048E+00  1.161E-20  9.384E-13  9.384E-13  4.131E-18
3.020E+00  1.059E-20  8.486E-13  8.486E-13  3.347E-18
2.992E+00  9.657E-21  7.665E-13  7.665E-13  2.706E-18
2.965E+00  8.791E-21  6.914E-13  6.914E-13  2.183E-18
2.938E+00  7.993E-21  6.229E-13  6.229E-13  1.758E-18
2.911E+00  7.258E-21  5.604E-13  5.604E-13  1.412E-18
2.884E+00  6.582E-21  5.035E-13  5.035E-13  1.132E-18
2.858E+00  5.961E-21  4.518E-13  4.518E-13  9.055E-19
2.831E+00  5.391E-21  4.049E-13  4.049E-13  7.227E-19
2.805E+00  4.869E-21  3.623E-13  3.623E-13  5.755E-19
2.780E+00  4.392E-21  3.238E-13  3.238E-13  4.573E-19
2.754E+00  3.956E-21  2.890E-13  2.890E-13  3.625E-19
2.729E+00  3.558E-21  2.576E-13  2.576E-13  2.867E-19
2.704E+00  3.196E-21  2.292E-13  2.292E-13  2.262E-19
2.679E+00  2.866E-21  2.037E-13  2.037E-13  1.781E-19
2.655E+00  2.567E-21  1.808E-13  1.808E-13  1.399E-19
2.630E+00  2.296E-21  1.602E-13  1.602E-13  1.096E-19
2.606E+00  2.050E-21  1.417E-13  1.417E-13  8.567E-20
2.582E+00  1.828E-21  1.252E-13  1.252E-13  6.681E-20
2.559E+00  1.628E-21  1.105E-13  1.105E-13  5.197E-20
2.535E+00  1.447E-21  9.730E-14  9.730E-14  4.032E-20
2.512E+00  1.284E-21  8.557E-14  8.557E-14  3.121E-20
2.489E+00  1.138E-21  7.514E-14  7.514E-14  2.410E-20
2.466E+00  1.007E-21  6.588E-14  6.588E-14  1.856E-20
2.443E+00  8.897E-22  5.766E-14  5.766E-14  1.426E-20
2.421E+00  7.847E-22  5.039E-14  5.039E-14  1.093E-20
2.399E+00  6.911E-22  4.398E-14  4.398E-14  8.352E-21
2.377E+00  6.077E-22  3.832E-14  3.832E-14  6.366E-21
2.355E+00  5.336E-22  3.333E-14  3.333E-14  4.839E-21
2.333E+00  4.677E-22  2.895E-14  2.895E-14  3.668E-21
2.312E+00  4.093E-22  2.511E-14  2.511E-14  2.773E-21
2.291E+00  3.577E-22  2.173E-14  2.173E-14  2.090E-21
2.270E+00  3.120E-22  1.879E-14  1.879E-14  1.572E-21
2.249E+00  2.717E-22  1.621E-14  1.621E-14  1.178E-21
2.228E+00  2.362E-22  1.396E-14  1.396E-14  8.806E-22
2.208E+00  2.050E-22  1.201E-14  1.201E-14  6.564E-22
2.188E+00  1.776E-22  1.031E-14  1.031E-14  4.878E-22
2.168E+00  1.536E-22  8.834E-15  8.834E-15  3.615E-22
2.148E+00  1.326E-22  7.557E-15  7.557E-15  2.671E-22
2.128E+00  1.143E-22  6.453E-15  6.453E-15  1.968E-22
2.109E+00  9.834E-23  5.500E-15  5.500E-15  1.446E-22
2.089E+00  8.444E-23  4.680E-15  4.680E-15  1.059E-22
2.070E+00  7.237E-23  3.974E-15  3.974E-15  7.728E-23
2.051E+00  6.191E-23  3.368E-15  3.368E-15  5.624E-23
2.032E+00  5.286E-23  2.850E-15  2.850E-15  4.080E-23
2.014E+00  4.506E-23  2.407E-15  2.407E-15  2.951E-23
1.995E+00  3.833E-23  2.029E-15  2.029E-15  2.127E-23
1.977E+00  3.254E-23  1.707E-15  1.707E-15  1.529E-23
1.959E+00  2.758E-23  1.433E-15  1.433E-15  1.095E-23
1.941E+00  2.333E-23  1.201E-15  1.201E-15  7.816E-24
1.923E+00  1.969E-23  1.004E-15  1.004E-15  5.561E-24
1.905E+00  1.659E-23  8.385E-16  8.385E-16  3.944E-24
1.888E+00  1.395E-23  6.986E-16  6.986E-16  2.787E-24
1.871E+00  1.171E-23  5.809E-16  5.809E-16  1.963E-24
1.854E+00  9.804E-24  4.820E-16  4.820E-16  1.378E-24
1.837E+00  8.194E-24  3.992E-16  3.992E-16  9.639E-25
1.820E+00  6.834E-24  3.299E-16  3.299E-16  6.720E-25
1.803E+00  5.688E-24  2.720E-16  2.720E-16  4.668E-25
1.786E+00  4.724E-24  2.239E-16  2.239E-16  3.231E-25
1.770E+00  3.915E-24  1.838E-16  1.838E-16  2.228E-25
1.754E+00  3.238E-24  1.506E-16  1.506E-16  1.532E-25
1.738E+00  2.672E-24  1.232E-16  1.232E-16  1.049E-25
1.722E+00  2.200E-24  1.005E-16  1.005E-16  7.156E-26
1.706E+00  1.807E-24  8.178E-17  8.178E-17  4.864E-26
1.690E+00  1.481E-24  6.642E-17  6.642E-17  3.294E-26
1.675E+00  1.211E-24  5.382E-17  5.382E-17  2.222E-26
1.660E+00  9.885E-25  4.351E-17  4.351E-17  1.493E-26
1.644E+00  8.046E-25  3.510E-17  3.510E-17  9.998E-27
1.629E+00  6.534E-25  2.824E-17  2.824E-17  6.666E-27
1.614E+00  5.294E-25  2.267E-17  2.267E-17  4.427E-27
1.600E+00  4.279E-25  1.815E-17  1.815E-17  2.928E-27
1.585E+00  3.450E-25  1.450E-17  1.450E-17  1.929E-27
1.570E+00  2.775E-25  1.156E-17  1.156E-17  1.266E-27
1.556E+00  2.227E-25  9.190E-18  9.190E-18  8.269E-28
1.542E+00  1.782E-25  7.289E-18  7.289E-18  5.380E-28
1.528E+00  1.423E-25  5.768E-18  5.768E-18  3.486E-28
1.514E+00  1.134E-25  4.552E-18  4.552E-18  2.249E-28
1.500E+00  9.010E-26  3.584E-18  3.584E-18  1.444E-28
1.486E+00  7.142E-26  2.815E-18  2.815E-18  9.238E-29
1.472E+00  5.646E-26  2.205E-18  2.205E-18  5.882E-29
1.459E+00  4.453E-26  1.723E-18  1.723E-18  3.729E-29
1.445E+00  3.503E-26  1.343E-18  1.343E-18  2.354E-29
1.432E+00  2.748E-26  1.044E-18  1.044E-18  1.479E-29
1.419E+00  2.150E-26  8.095E-19  8.095E-19  9.253E-30
1.406E+00  1.678E-26  6.259E-19  6.259E-19  5.762E-30
1.393E+00  1.306E-26  4.827E-19  4.827E-19  3.571E-30
1.380E+00  1.014E-26  3.713E-19  3.713E-19  2.203E-30
1.368E+00  7.849E-27  2.848E-19  2.848E-19  1.353E-30
1.355E+00  6.059E-27  2.178E-19  2.178E-19  8.264E-31
1.343E+00  4.664E-27  1.661E-19  1.661E-19  5.025E-31
1.330E+00  3.580E-27  1.263E-19  1.263E-19  3.041E-31
1.318E+00  2.740E-27  9.581E-20  9.581E-20  1.831E-31
1.306E+00  2.091E-27  7.245E-20  7.245E-20  1.097E-31
1.294E+00  1.591E-27  5.462E-20  5.462E-20  6.544E-32
1.282E+00  1.207E-27  4.106E-20  4.106E-20  3.883E-32
1.271E+00  9.131E-28  3.077E-20  3.077E-20  2.292E-32
1.259E+00  6.885E-28  2.299E-20  2.299E-20  1.346E-32
1.247E+00  5.176E-28  1.713E-20  1.713E-20  7.869E-33
1.236E+00  3.878E-28  1.272E-20  1.272E-20  4.576E-33
1.225E+00  2.897E-28  9.411E-21  9.411E-21  2.647E-33
1.213E+00  2.158E-28  6.945E-21  6.945E-21  1.523E-33
1.202E+00  1.602E-28  5.109E-21  5.109E-21  8.718E-34
1.191E+00  1.186E-28  3.746E-21  3.746E-21  4.962E-34
1.180E+00  8.746E-29  2.738E-21  2.738E-21  2.809E-34
1.169E+00  6.432E-29  1.995E-21  1.995E-21  1.582E-34
1.159E+00  4.715E-29  1.449E-21  1.449E-21  8.856E-35
1.148E+00  3.445E-29  1.049E-21  1.049E-21  4.931E-35
1.138E+00  2.509E-29  7.572E-22  7.572E-22  2.730E-35
1.127E+00  1.821E-29  5.446E-22  5.446E-22  1.503E-35
1.117E+00  1.318E-29  3.905E-22  3.905E-22  8.223E-36
1.107E+00  9.505E-30  2.790E-22  2.790E-22  4.474E-36
1.096E+00  6.832E-30  1.987E-22  1.987E-22  2.420E-36
1.086E+00  4.894E-30  1.411E-22  1.411E-22  1.301E-36
1.076E+00  3.495E-30  9.979E-23  9.979E-23  6.955E-37
1.067E+00  2.487E-30  7.036E-23  7.036E-23  3.695E-37
1.057E+00  1.763E-30  4.943E-23  4.943E-23  1.951E-37
1.047E+00  1.245E-30  3.459E-23  3.459E-23  1.024E-37
1.038E+00  8.753E-31  2.409E-23  2.409E-23  5.340E-38
1.028E+00  6.130E-31  1.671E-23  1.671E-23  2.767E-38
1.019E+00  4.277E-31  1.156E-23  1.156E-23  1.425E-38
1.009E+00  2.974E-31  7.961E-24  7.961E-24  7.293E-39
1.000E+00  2.060E-31  5.465E-24  5.465E-24  3.708E-39
