Dust emission spectrum from Draine,B.T., & Li, A. (2007), ApJ, in press [astro-ph/0608003]
==========================================================
         7 = grain model
 4.000E-08 4.000E-01 4.500E-05 = a_01 (cm) , sigma_1 , b_C1
 2.000E-07 5.500E-01 1.500E-05 = a_02 (cm) , sigma_2 , b_C2
 1.000E+00 1.000E+00 1.000E+00 = Umin , Umax, beta (dN/dU propto U^{-beta})
 1.000E+00 = <U>       mmp83 = radfield
 0.000E+00 2.000E-07 = a_{min} (cm), a_{max} (cm)
 1.050E-24 1.018E-24 3.201E-26 = P(tot)  P(carb)  P(sil) (erg s-1 H-1)
 band     <nu*P_nu> <j_nu(tot)><j_nu(carb)><j_nu(sil)>
 (um)   (erg s-1 H-1)(Jy/(sr*H))(Jy/(sr*H))(Jy/(sr*H))
1.270E+00  1.841E-26  6.202E-19  6.004E-19  1.979E-20 COBE-DIRBE
2.220E+00  2.349E-26  1.383E-18  1.320E-18  6.326E-20 COBE-DIRBE
3.530E+00  1.526E-25  1.429E-17  1.418E-17  1.162E-19 COBE-DIRBE
4.880E+00  6.843E-26  8.858E-18  8.699E-18  1.589E-19 COBE-DIRBE
1.229E+01  5.754E-25  1.876E-16  1.830E-16  4.577E-18 COBE-DIRBE
2.079E+01  2.793E-25  1.540E-16  1.436E-16  1.041E-17 COBE-DIRBE
5.599E+01  3.876E-26  5.756E-17  4.886E-17  8.703E-18 COBE-DIRBE
9.770E+01  1.149E-26  2.978E-17  2.523E-17  4.549E-18 COBE-DIRBE
1.479E+02  5.606E-27  2.199E-17  1.932E-17  2.668E-18 COBE-DIRBE
2.479E+02  1.832E-27  1.204E-17  1.045E-17  1.590E-18 COBE-DIRBE
1.200E+01  6.414E-25  2.042E-16  1.997E-16  4.490E-18 IRAS
2.500E+01  2.145E-25  1.422E-16  1.303E-16  1.194E-17 IRAS
6.000E+01  3.557E-26  5.662E-17  4.804E-17  8.573E-18 IRAS
1.000E+02  1.089E-26  2.887E-17  2.452E-17  4.354E-18 IRAS
3.550E+00  1.775E-25  1.671E-17  1.660E-17  1.172E-19 SST-IRAC
4.493E+00  4.979E-26  5.935E-18  5.788E-18  1.469E-19 SST-IRAC
5.731E+00  3.961E-25  6.021E-17  6.001E-17  1.974E-19 SST-IRAC
7.872E+00  9.567E-25  1.998E-16  1.981E-16  1.670E-18 SST-IRAC
2.368E+01  1.827E-25  1.147E-16  1.039E-16  1.088E-17 SST-MIPS
7.142E+01  1.954E-26  3.702E-17  3.096E-17  6.060E-18 SST-MIPS
1.559E+02  4.799E-27  1.985E-17  1.757E-17  2.273E-18 SST-MIPS
1.600E+01  4.051E-25  1.719E-16  1.662E-16  5.719E-18 SST-IRSPU
2.200E+01  2.138E-25  1.248E-16  1.138E-16  1.098E-17 SST-IRSPU
7.500E+01  1.687E-26  3.357E-17  2.806E-17  5.512E-18 Herschel-PACS
1.100E+02  7.684E-27  2.242E-17  1.907E-17  3.353E-18 Herschel-PACS
1.700E+02  3.667E-27  1.653E-17  1.461E-17  1.927E-18 Herschel-PACS
2.500E+02  1.570E-27  1.041E-17  9.009E-18  1.401E-18 Herschel-SPIRE
3.600E+02  4.795E-28  4.579E-18  3.422E-18  1.157E-18 Herschel-SPIRE
5.200E+02  1.387E-28  1.913E-18  1.053E-18  8.608E-19 Herschel-SPIRE
2.400E+00  2.633E-26  1.676E-18  1.605E-18  7.073E-20 Akari IRC NIR N2
3.200E+00  1.174E-25  9.966E-18  9.862E-18  1.038E-19 Akari IRC NIR N3
4.100E+00  5.402E-26  5.875E-18  5.741E-18  1.344E-19 Akari IRC NIR N4
7.000E+00  1.087E-24  2.018E-16  2.012E-16  6.131E-19 Akari IRC MIR-S S7
9.000E+00  7.642E-25  1.824E-16  1.792E-16  3.246E-18 Akari IRC MIR-S S9W
1.100E+01  5.874E-25  1.714E-16  1.665E-16  4.935E-18 Akari IRC MIR-S S11
1.500E+01  4.185E-25  1.665E-16  1.606E-16  5.928E-18 Akari IRC MIR-L L15
1.800E+01  3.049E-25  1.456E-16  1.373E-16  8.321E-18 Akari IRC MIR-L L18W
2.400E+01  2.009E-25  1.279E-16  1.162E-16  1.174E-17 Akari IRC MIR-L L24
6.500E+01  2.536E-26  4.372E-17  3.663E-17  7.088E-18 Akari FIS N60
8.000E+01  1.552E-26  3.293E-17  2.774E-17  5.192E-18 Akari FIS WIDE-S
1.400E+02  5.569E-27  2.068E-17  1.819E-17  2.492E-18 Akari FIS WIDE-L
1.600E+02  4.664E-27  1.979E-17  1.758E-17  2.216E-18 Akari FIS N160






lambda    nu*dP/dnu     j_nu    j_nu(carb.) j_nu(sil)
 (um)    (erg/(s*H)) (Jy/(sr*H) (Jy/(sr*H)) (Jy/(sr*H)
1.000E+04  1.323E-33  3.509E-22  5.092E-23  3.000E-22
9.908E+03  1.370E-33  3.602E-22  5.239E-23  3.078E-22
9.817E+03  1.420E-33  3.697E-22  5.389E-23  3.158E-22
9.727E+03  1.471E-33  3.795E-22  5.544E-23  3.240E-22
9.638E+03  1.524E-33  3.895E-22  5.703E-23  3.325E-22
9.550E+03  1.578E-33  3.998E-22  5.867E-23  3.411E-22
9.462E+03  1.635E-33  4.104E-22  6.036E-23  3.500E-22
9.376E+03  1.694E-33  4.212E-22  6.209E-23  3.591E-22
9.290E+03  1.755E-33  4.324E-22  6.388E-23  3.685E-22
9.204E+03  1.818E-33  4.438E-22  6.571E-23  3.781E-22
9.120E+03  1.883E-33  4.555E-22  6.760E-23  3.879E-22
9.036E+03  1.950E-33  4.675E-22  6.954E-23  3.980E-22
8.954E+03  2.020E-33  4.798E-22  7.154E-23  4.083E-22
8.872E+03  2.092E-33  4.924E-22  7.360E-23  4.188E-22
8.790E+03  2.167E-33  5.053E-22  7.571E-23  4.296E-22
8.710E+03  2.244E-33  5.185E-22  7.789E-23  4.406E-22
8.630E+03  2.325E-33  5.321E-22  8.012E-23  4.520E-22
8.551E+03  2.408E-33  5.461E-22  8.243E-23  4.637E-22
8.472E+03  2.494E-33  5.604E-22  8.479E-23  4.756E-22
8.395E+03  2.583E-33  5.752E-22  8.723E-23  4.879E-22
8.318E+03  2.675E-33  5.903E-22  8.974E-23  5.006E-22
8.241E+03  2.771E-33  6.058E-22  9.232E-23  5.135E-22
8.166E+03  2.871E-33  6.218E-22  9.497E-23  5.268E-22
8.091E+03  2.973E-33  6.382E-22  9.770E-23  5.405E-22
8.017E+03  3.080E-33  6.550E-22  1.005E-22  5.545E-22
7.943E+03  3.191E-33  6.723E-22  1.034E-22  5.689E-22
7.870E+03  3.305E-33  6.900E-22  1.064E-22  5.836E-22
7.798E+03  3.424E-33  7.082E-22  1.094E-22  5.988E-22
7.727E+03  3.547E-33  7.269E-22  1.126E-22  6.144E-22
7.656E+03  3.674E-33  7.462E-22  1.158E-22  6.304E-22
7.586E+03  3.806E-33  7.659E-22  1.191E-22  6.468E-22
7.516E+03  3.943E-33  7.862E-22  1.226E-22  6.636E-22
7.447E+03  4.085E-33  8.070E-22  1.261E-22  6.809E-22
7.379E+03  4.232E-33  8.284E-22  1.297E-22  6.987E-22
7.311E+03  4.385E-33  8.503E-22  1.334E-22  7.169E-22
7.244E+03  4.543E-33  8.729E-22  1.373E-22  7.356E-22
7.178E+03  4.706E-33  8.961E-22  1.412E-22  7.549E-22
7.112E+03  4.876E-33  9.199E-22  1.453E-22  7.746E-22
7.047E+03  5.052E-33  9.443E-22  1.494E-22  7.949E-22
6.982E+03  5.234E-33  9.694E-22  1.537E-22  8.156E-22
6.918E+03  5.422E-33  9.951E-22  1.582E-22  8.369E-22
6.855E+03  5.618E-33  1.021E-21  1.627E-22  8.588E-22
6.792E+03  5.820E-33  1.049E-21  1.674E-22  8.812E-22
6.730E+03  6.030E-33  1.076E-21  1.722E-22  9.043E-22
6.668E+03  6.248E-33  1.105E-21  1.772E-22  9.279E-22
6.607E+03  6.473E-33  1.134E-21  1.823E-22  9.522E-22
6.546E+03  6.707E-33  1.165E-21  1.875E-22  9.772E-22
6.486E+03  6.950E-33  1.196E-21  1.929E-22  1.003E-21
6.427E+03  7.201E-33  1.228E-21  1.985E-22  1.029E-21
6.368E+03  7.461E-33  1.260E-21  2.042E-22  1.056E-21
6.310E+03  7.731E-33  1.294E-21  2.100E-22  1.084E-21
6.252E+03  8.011E-33  1.329E-21  2.161E-22  1.112E-21
6.194E+03  8.301E-33  1.364E-21  2.223E-22  1.142E-21
6.138E+03  8.602E-33  1.400E-21  2.287E-22  1.172E-21
6.081E+03  8.914E-33  1.438E-21  2.353E-22  1.203E-21
6.026E+03  9.237E-33  1.476E-21  2.421E-22  1.234E-21
5.970E+03  9.572E-33  1.516E-21  2.491E-22  1.267E-21
5.916E+03  9.920E-33  1.557E-21  2.562E-22  1.300E-21
5.861E+03  1.028E-32  1.598E-21  2.636E-22  1.335E-21
5.808E+03  1.065E-32  1.641E-21  2.712E-22  1.370E-21
5.754E+03  1.104E-32  1.685E-21  2.790E-22  1.406E-21
5.702E+03  1.144E-32  1.731E-21  2.871E-22  1.443E-21
5.649E+03  1.186E-32  1.777E-21  2.954E-22  1.482E-21
5.598E+03  1.229E-32  1.825E-21  3.039E-22  1.521E-21
5.546E+03  1.274E-32  1.874E-21  3.127E-22  1.561E-21
5.495E+03  1.320E-32  1.924E-21  3.217E-22  1.603E-21
5.445E+03  1.368E-32  1.976E-21  3.310E-22  1.645E-21
5.395E+03  1.418E-32  2.029E-21  3.405E-22  1.689E-21
5.346E+03  1.470E-32  2.084E-21  3.504E-22  1.734E-21
5.297E+03  1.523E-32  2.140E-21  3.605E-22  1.780E-21
5.248E+03  1.579E-32  2.198E-21  3.709E-22  1.827E-21
5.200E+03  1.637E-32  2.257E-21  3.816E-22  1.876E-21
5.152E+03  1.696E-32  2.318E-21  3.927E-22  1.926E-21
5.105E+03  1.758E-32  2.381E-21  4.040E-22  1.977E-21
5.058E+03  1.822E-32  2.445E-21  4.157E-22  2.030E-21
5.012E+03  1.889E-32  2.511E-21  4.277E-22  2.084E-21
4.966E+03  1.958E-32  2.579E-21  4.401E-22  2.139E-21
4.920E+03  2.030E-32  2.649E-21  4.529E-22  2.196E-21
4.875E+03  2.104E-32  2.721E-21  4.660E-22  2.255E-21
4.831E+03  2.181E-32  2.794E-21  4.795E-22  2.315E-21
4.786E+03  2.260E-32  2.870E-21  4.934E-22  2.377E-21
4.742E+03  2.343E-32  2.948E-21  5.077E-22  2.440E-21
4.699E+03  2.429E-32  3.028E-21  5.225E-22  2.505E-21
4.656E+03  2.518E-32  3.110E-21  5.376E-22  2.572E-21
4.613E+03  2.610E-32  3.194E-21  5.532E-22  2.641E-21
4.571E+03  2.706E-32  3.281E-21  5.693E-22  2.712E-21
4.529E+03  2.805E-32  3.370E-21  5.859E-22  2.784E-21
4.487E+03  2.908E-32  3.462E-21  6.029E-22  2.859E-21
4.446E+03  3.015E-32  3.556E-21  6.204E-22  2.936E-21
4.406E+03  3.126E-32  3.653E-21  6.385E-22  3.015E-21
4.365E+03  3.241E-32  3.753E-21  6.571E-22  3.096E-21
4.325E+03  3.360E-32  3.855E-21  6.763E-22  3.179E-21
4.285E+03  3.484E-32  3.960E-21  6.960E-22  3.264E-21
4.246E+03  3.612E-32  4.068E-21  7.163E-22  3.352E-21
4.207E+03  3.745E-32  4.179E-21  7.372E-22  3.442E-21
4.169E+03  3.883E-32  4.294E-21  7.587E-22  3.535E-21
4.130E+03  4.026E-32  4.411E-21  7.809E-22  3.630E-21
4.093E+03  4.175E-32  4.532E-21  8.037E-22  3.728E-21
4.055E+03  4.328E-32  4.656E-21  8.272E-22  3.829E-21
4.018E+03  4.488E-32  4.783E-21  8.515E-22  3.932E-21
3.981E+03  4.654E-32  4.914E-21  8.764E-22  4.038E-21
3.945E+03  4.825E-32  5.049E-21  9.021E-22  4.147E-21
3.908E+03  5.003E-32  5.187E-21  9.286E-22  4.258E-21
3.873E+03  5.188E-32  5.329E-21  9.558E-22  4.373E-21
3.837E+03  5.379E-32  5.475E-21  9.839E-22  4.491E-21
3.802E+03  5.578E-32  5.625E-21  1.013E-21  4.613E-21
3.767E+03  5.784E-32  5.780E-21  1.043E-21  4.737E-21
3.733E+03  5.998E-32  5.939E-21  1.073E-21  4.865E-21
3.698E+03  6.220E-32  6.102E-21  1.105E-21  4.997E-21
3.664E+03  6.450E-32  6.270E-21  1.137E-21  5.132E-21
3.631E+03  6.689E-32  6.442E-21  1.171E-21  5.271E-21
3.597E+03  6.937E-32  6.620E-21  1.206E-21  5.414E-21
3.565E+03  7.195E-32  6.803E-21  1.241E-21  5.561E-21
3.532E+03  7.462E-32  6.990E-21  1.278E-21  5.712E-21
3.499E+03  7.739E-32  7.183E-21  1.316E-21  5.868E-21
3.467E+03  8.026E-32  7.382E-21  1.355E-21  6.027E-21
3.436E+03  8.324E-32  7.586E-21  1.395E-21  6.191E-21
3.404E+03  8.634E-32  7.796E-21  1.436E-21  6.360E-21
3.373E+03  8.955E-32  8.012E-21  1.479E-21  6.533E-21
3.342E+03  9.288E-32  8.234E-21  1.523E-21  6.711E-21
3.311E+03  9.634E-32  8.462E-21  1.568E-21  6.894E-21
3.281E+03  9.993E-32  8.697E-21  1.615E-21  7.082E-21
3.251E+03  1.037E-31  8.939E-21  1.663E-21  7.276E-21
3.221E+03  1.075E-31  9.187E-21  1.713E-21  7.474E-21
3.192E+03  1.115E-31  9.442E-21  1.764E-21  7.679E-21
3.162E+03  1.157E-31  9.705E-21  1.817E-21  7.889E-21
3.133E+03  1.200E-31  9.975E-21  1.871E-21  8.104E-21
3.105E+03  1.245E-31  1.025E-20  1.927E-21  8.326E-21
3.076E+03  1.292E-31  1.054E-20  1.985E-21  8.554E-21
3.048E+03  1.340E-31  1.083E-20  2.044E-21  8.788E-21
3.020E+03  1.390E-31  1.114E-20  2.106E-21  9.029E-21
2.992E+03  1.442E-31  1.145E-20  2.169E-21  9.276E-21
2.965E+03  1.496E-31  1.176E-20  2.235E-21  9.529E-21
2.938E+03  1.552E-31  1.209E-20  2.302E-21  9.789E-21
2.911E+03  1.610E-31  1.243E-20  2.371E-21  1.006E-20
2.884E+03  1.670E-31  1.277E-20  2.443E-21  1.033E-20
2.858E+03  1.732E-31  1.313E-20  2.517E-21  1.061E-20
2.831E+03  1.797E-31  1.350E-20  2.593E-21  1.090E-20
2.805E+03  1.864E-31  1.387E-20  2.672E-21  1.120E-20
2.780E+03  1.934E-31  1.426E-20  2.753E-21  1.151E-20
2.754E+03  2.007E-31  1.466E-20  2.836E-21  1.182E-20
2.729E+03  2.082E-31  1.507E-20  2.923E-21  1.215E-20
2.704E+03  2.160E-31  1.549E-20  3.012E-21  1.248E-20
2.679E+03  2.241E-31  1.593E-20  3.103E-21  1.282E-20
2.655E+03  2.325E-31  1.637E-20  3.198E-21  1.317E-20
2.630E+03  2.412E-31  1.683E-20  3.296E-21  1.354E-20
2.606E+03  2.503E-31  1.730E-20  3.397E-21  1.391E-20
2.582E+03  2.597E-31  1.779E-20  3.501E-21  1.429E-20
2.559E+03  2.695E-31  1.829E-20  3.608E-21  1.468E-20
2.535E+03  2.796E-31  1.880E-20  3.719E-21  1.509E-20
2.512E+03  2.902E-31  1.933E-20  3.833E-21  1.550E-20
2.489E+03  3.011E-31  1.988E-20  3.951E-21  1.593E-20
2.466E+03  3.124E-31  2.044E-20  4.073E-21  1.636E-20
2.443E+03  3.242E-31  2.101E-20  4.198E-21  1.682E-20
2.421E+03  3.364E-31  2.161E-20  4.328E-21  1.728E-20
2.399E+03  3.491E-31  2.222E-20  4.462E-21  1.775E-20
2.377E+03  3.623E-31  2.284E-20  4.600E-21  1.824E-20
2.355E+03  3.760E-31  2.349E-20  4.743E-21  1.874E-20
2.333E+03  3.902E-31  2.415E-20  4.890E-21  1.926E-20
2.312E+03  4.049E-31  2.483E-20  5.042E-21  1.979E-20
2.291E+03  4.202E-31  2.554E-20  5.199E-21  2.034E-20
2.270E+03  4.361E-31  2.626E-20  5.361E-21  2.090E-20
2.249E+03  4.526E-31  2.700E-20  5.528E-21  2.147E-20
2.228E+03  4.697E-31  2.776E-20  5.701E-21  2.206E-20
2.208E+03  4.875E-31  2.855E-20  5.879E-21  2.267E-20
2.188E+03  5.059E-31  2.936E-20  6.063E-21  2.330E-20
2.168E+03  5.251E-31  3.019E-20  6.253E-21  2.394E-20
2.148E+03  5.449E-31  3.105E-20  6.450E-21  2.460E-20
2.128E+03  5.656E-31  3.193E-20  6.652E-21  2.527E-20
2.109E+03  5.870E-31  3.283E-20  6.862E-21  2.597E-20
2.089E+03  6.092E-31  3.376E-20  7.078E-21  2.669E-20
2.070E+03  6.323E-31  3.472E-20  7.301E-21  2.742E-20
2.051E+03  6.563E-31  3.571E-20  7.532E-21  2.817E-20
2.032E+03  6.811E-31  3.672E-20  7.770E-21  2.895E-20
2.014E+03  7.070E-31  3.776E-20  8.016E-21  2.975E-20
1.995E+03  7.337E-31  3.883E-20  8.270E-21  3.056E-20
1.977E+03  7.615E-31  3.994E-20  8.533E-21  3.140E-20
1.959E+03  7.904E-31  4.107E-20  8.804E-21  3.226E-20
1.941E+03  8.203E-31  4.223E-20  9.085E-21  3.315E-20
1.923E+03  8.514E-31  4.343E-20  9.374E-21  3.406E-20
1.905E+03  8.837E-31  4.467E-20  9.673E-21  3.499E-20
1.888E+03  9.172E-31  4.593E-20  9.982E-21  3.595E-20
1.871E+03  9.520E-31  4.724E-20  1.030E-20  3.694E-20
1.854E+03  9.881E-31  4.858E-20  1.063E-20  3.795E-20
1.837E+03  1.026E-30  4.996E-20  1.097E-20  3.899E-20
1.820E+03  1.064E-30  5.138E-20  1.132E-20  4.006E-20
1.803E+03  1.105E-30  5.284E-20  1.169E-20  4.115E-20
1.786E+03  1.147E-30  5.434E-20  1.206E-20  4.228E-20
1.770E+03  1.190E-30  5.588E-20  1.245E-20  4.343E-20
1.754E+03  1.235E-30  5.747E-20  1.285E-20  4.462E-20
1.738E+03  1.282E-30  5.910E-20  1.327E-20  4.583E-20
1.722E+03  1.331E-30  6.078E-20  1.370E-20  4.708E-20
1.706E+03  1.381E-30  6.251E-20  1.414E-20  4.837E-20
1.690E+03  1.434E-30  6.429E-20  1.460E-20  4.969E-20
1.675E+03  1.488E-30  6.611E-20  1.507E-20  5.104E-20
1.660E+03  1.544E-30  6.799E-20  1.556E-20  5.243E-20
1.644E+03  1.603E-30  6.992E-20  1.607E-20  5.385E-20
1.629E+03  1.664E-30  7.190E-20  1.659E-20  5.531E-20
1.614E+03  1.727E-30  7.394E-20  1.713E-20  5.681E-20
1.600E+03  1.792E-30  7.604E-20  1.769E-20  5.835E-20
1.585E+03  1.860E-30  7.820E-20  1.827E-20  5.993E-20
1.570E+03  1.930E-30  8.041E-20  1.887E-20  6.155E-20
1.556E+03  2.004E-30  8.269E-20  1.948E-20  6.321E-20
1.542E+03  2.079E-30  8.504E-20  2.012E-20  6.491E-20
1.528E+03  2.158E-30  8.744E-20  2.078E-20  6.666E-20
1.514E+03  2.240E-30  8.992E-20  2.146E-20  6.846E-20
1.500E+03  2.324E-30  9.246E-20  2.217E-20  7.030E-20
1.486E+03  2.412E-30  9.508E-20  2.290E-20  7.219E-20
1.472E+03  2.504E-30  9.777E-20  2.365E-20  7.413E-20
1.459E+03  2.598E-30  1.005E-19  2.443E-20  7.611E-20
1.445E+03  2.696E-30  1.034E-19  2.523E-20  7.815E-20
1.432E+03  2.798E-30  1.063E-19  2.607E-20  8.024E-20
1.419E+03  2.904E-30  1.093E-19  2.693E-20  8.239E-20
1.406E+03  3.014E-30  1.124E-19  2.782E-20  8.459E-20
1.393E+03  3.128E-30  1.156E-19  2.874E-20  8.684E-20
1.380E+03  3.246E-30  1.188E-19  2.969E-20  8.915E-20
1.368E+03  3.368E-30  1.222E-19  3.067E-20  9.152E-20
1.355E+03  3.495E-30  1.256E-19  3.169E-20  9.395E-20
1.343E+03  3.627E-30  1.292E-19  3.274E-20  9.644E-20
1.330E+03  3.764E-30  1.328E-19  3.383E-20  9.899E-20
1.318E+03  3.905E-30  1.366E-19  3.495E-20  1.016E-19
1.306E+03  4.052E-30  1.404E-19  3.611E-20  1.043E-19
1.294E+03  4.205E-30  1.443E-19  3.731E-20  1.070E-19
1.282E+03  4.363E-30  1.484E-19  3.856E-20  1.098E-19
1.271E+03  4.527E-30  1.526E-19  3.984E-20  1.127E-19
1.259E+03  4.697E-30  1.568E-19  4.117E-20  1.157E-19
1.247E+03  4.873E-30  1.612E-19  4.254E-20  1.187E-19
1.236E+03  5.056E-30  1.658E-19  4.396E-20  1.218E-19
1.225E+03  5.245E-30  1.704E-19  4.543E-20  1.250E-19
1.213E+03  5.442E-30  1.752E-19  4.695E-20  1.282E-19
1.202E+03  5.646E-30  1.800E-19  4.852E-20  1.315E-19
1.191E+03  5.857E-30  1.851E-19  5.014E-20  1.349E-19
1.180E+03  6.076E-30  1.902E-19  5.182E-20  1.384E-19
1.169E+03  6.303E-30  1.955E-19  5.356E-20  1.420E-19
1.159E+03  6.538E-30  2.010E-19  5.535E-20  1.456E-19
1.148E+03  6.782E-30  2.065E-19  5.721E-20  1.493E-19
1.138E+03  7.035E-30  2.123E-19  5.913E-20  1.532E-19
1.127E+03  7.297E-30  2.182E-19  6.111E-20  1.571E-19
1.117E+03  7.568E-30  2.242E-19  6.317E-20  1.611E-19
1.107E+03  7.850E-30  2.304E-19  6.529E-20  1.651E-19
1.096E+03  8.141E-30  2.368E-19  6.748E-20  1.693E-19
1.086E+03  8.444E-30  2.433E-19  6.975E-20  1.736E-19
1.076E+03  8.757E-30  2.500E-19  7.209E-20  1.780E-19
1.067E+03  9.081E-30  2.569E-19  7.452E-20  1.824E-19
1.057E+03  9.418E-30  2.640E-19  7.702E-20  1.870E-19
1.047E+03  9.766E-30  2.713E-19  7.962E-20  1.916E-19
1.038E+03  1.013E-29  2.787E-19  8.229E-20  1.964E-19
1.028E+03  1.050E-29  2.863E-19  8.506E-20  2.013E-19
1.019E+03  1.089E-29  2.942E-19  8.793E-20  2.063E-19
1.009E+03  1.129E-29  3.022E-19  9.089E-20  2.113E-19
1.000E+03  1.170E-29  3.105E-19  9.395E-20  2.165E-19
9.908E+02  1.214E-29  3.190E-19  9.711E-20  2.218E-19
9.817E+02  1.258E-29  3.277E-19  1.004E-19  2.273E-19
9.727E+02  1.304E-29  3.366E-19  1.038E-19  2.328E-19
9.638E+02  1.352E-29  3.458E-19  1.073E-19  2.385E-19
9.550E+02  1.402E-29  3.551E-19  1.109E-19  2.443E-19
9.462E+02  1.453E-29  3.648E-19  1.146E-19  2.502E-19
9.376E+02  1.507E-29  3.747E-19  1.185E-19  2.562E-19
9.290E+02  1.562E-29  3.848E-19  1.225E-19  2.624E-19
9.204E+02  1.619E-29  3.952E-19  1.266E-19  2.686E-19
9.120E+02  1.678E-29  4.059E-19  1.309E-19  2.750E-19
9.036E+02  1.739E-29  4.168E-19  1.353E-19  2.816E-19
8.954E+02  1.802E-29  4.280E-19  1.398E-19  2.882E-19
8.872E+02  1.868E-29  4.395E-19  1.445E-19  2.950E-19
8.790E+02  1.935E-29  4.513E-19  1.494E-19  3.019E-19
8.710E+02  2.006E-29  4.634E-19  1.544E-19  3.089E-19
8.630E+02  2.078E-29  4.757E-19  1.596E-19  3.161E-19
8.551E+02  2.153E-29  4.884E-19  1.650E-19  3.234E-19
8.472E+02  2.231E-29  5.014E-19  1.705E-19  3.309E-19
8.395E+02  2.312E-29  5.147E-19  1.763E-19  3.384E-19
8.318E+02  2.395E-29  5.284E-19  1.822E-19  3.461E-19
8.241E+02  2.481E-29  5.423E-19  1.883E-19  3.540E-19
8.166E+02  2.570E-29  5.567E-19  1.947E-19  3.620E-19
8.091E+02  2.662E-29  5.713E-19  2.012E-19  3.701E-19
8.017E+02  2.757E-29  5.864E-19  2.080E-19  3.784E-19
7.943E+02  2.856E-29  6.018E-19  2.150E-19  3.868E-19
7.870E+02  2.958E-29  6.175E-19  2.222E-19  3.954E-19
7.798E+02  3.064E-29  6.337E-19  2.296E-19  4.041E-19
7.727E+02  3.173E-29  6.503E-19  2.373E-19  4.130E-19
7.656E+02  3.286E-29  6.673E-19  2.453E-19  4.220E-19
7.586E+02  3.402E-29  6.846E-19  2.535E-19  4.311E-19
7.516E+02  3.523E-29  7.025E-19  2.620E-19  4.405E-19
7.447E+02  3.648E-29  7.207E-19  2.708E-19  4.500E-19
7.379E+02  3.778E-29  7.395E-19  2.798E-19  4.597E-19
7.311E+02  3.912E-29  7.587E-19  2.892E-19  4.696E-19
7.244E+02  4.051E-29  7.785E-19  2.988E-19  4.796E-19
7.178E+02  4.195E-29  7.987E-19  3.088E-19  4.898E-19
7.112E+02  4.339E-29  8.185E-19  3.191E-19  4.994E-19
7.047E+02  4.493E-29  8.398E-19  3.298E-19  5.100E-19
6.982E+02  4.652E-29  8.615E-19  3.408E-19  5.207E-19
6.918E+02  4.816E-29  8.838E-19  3.521E-19  5.317E-19
6.855E+02  4.979E-29  9.054E-19  3.639E-19  5.415E-19
6.792E+02  5.155E-29  9.288E-19  3.760E-19  5.528E-19
6.730E+02  5.337E-29  9.527E-19  3.885E-19  5.642E-19
6.668E+02  5.525E-29  9.772E-19  4.014E-19  5.758E-19
6.607E+02  5.719E-29  1.002E-18  4.147E-19  5.876E-19
6.546E+02  5.921E-29  1.028E-18  4.285E-19  5.996E-19
6.486E+02  6.130E-29  1.055E-18  4.427E-19  6.120E-19
6.427E+02  6.346E-29  1.082E-18  4.574E-19  6.245E-19
6.368E+02  6.545E-29  1.106E-18  4.725E-19  6.331E-19
6.310E+02  6.776E-29  1.134E-18  4.881E-19  6.460E-19
6.252E+02  7.015E-29  1.163E-18  5.043E-19  6.591E-19
6.194E+02  7.263E-29  1.193E-18  5.209E-19  6.724E-19
6.138E+02  7.492E-29  1.220E-18  5.381E-19  6.817E-19
6.081E+02  7.719E-29  1.245E-18  5.558E-19  6.893E-19
6.026E+02  7.992E-29  1.277E-18  5.742E-19  7.032E-19
5.970E+02  8.274E-29  1.310E-18  5.930E-19  7.174E-19
5.916E+02  8.567E-29  1.344E-18  6.125E-19  7.317E-19
5.861E+02  8.869E-29  1.379E-18  6.327E-19  7.463E-19
5.808E+02  9.182E-29  1.414E-18  6.534E-19  7.611E-19
5.754E+02  9.506E-29  1.451E-18  6.748E-19  7.761E-19
5.702E+02  9.819E-29  1.485E-18  6.969E-19  7.881E-19
5.649E+02  1.011E-28  1.514E-18  7.197E-19  7.947E-19
5.598E+02  1.046E-28  1.554E-18  7.432E-19  8.103E-19
5.546E+02  1.083E-28  1.594E-18  7.675E-19  8.262E-19
5.495E+02  1.121E-28  1.635E-18  7.925E-19  8.423E-19
5.445E+02  1.161E-28  1.677E-18  8.183E-19  8.587E-19
5.395E+02  1.179E-28  1.687E-18  8.448E-19  8.419E-19
5.346E+02  1.218E-28  1.728E-18  8.723E-19  8.555E-19
5.297E+02  1.262E-28  1.773E-18  9.006E-19  8.723E-19
5.248E+02  1.307E-28  1.819E-18  9.298E-19  8.893E-19
5.200E+02  1.353E-28  1.867E-18  9.599E-19  9.066E-19
5.152E+02  1.401E-28  1.915E-18  9.909E-19  9.242E-19
5.105E+02  1.451E-28  1.965E-18  1.023E-18  9.420E-19
5.058E+02  1.500E-28  2.013E-18  1.056E-18  9.573E-19
5.012E+02  1.541E-28  2.049E-18  1.090E-18  9.590E-19
4.966E+02  1.585E-28  2.088E-18  1.125E-18  9.634E-19
4.920E+02  1.642E-28  2.143E-18  1.161E-18  9.820E-19
4.875E+02  1.700E-28  2.199E-18  1.198E-18  1.001E-18
4.831E+02  1.761E-28  2.256E-18  1.237E-18  1.020E-18
4.786E+02  1.821E-28  2.312E-18  1.275E-18  1.037E-18
4.742E+02  1.867E-28  2.348E-18  1.316E-18  1.032E-18
4.699E+02  1.900E-28  2.368E-18  1.358E-18  1.010E-18
4.656E+02  1.968E-28  2.431E-18  1.401E-18  1.029E-18
4.613E+02  2.029E-28  2.483E-18  1.446E-18  1.037E-18
4.571E+02  2.100E-28  2.546E-18  1.492E-18  1.054E-18
4.529E+02  2.176E-28  2.614E-18  1.539E-18  1.075E-18
4.487E+02  2.233E-28  2.659E-18  1.588E-18  1.071E-18
4.446E+02  2.314E-28  2.729E-18  1.638E-18  1.091E-18
4.406E+02  2.397E-28  2.802E-18  1.690E-18  1.112E-18
4.365E+02  2.473E-28  2.863E-18  1.743E-18  1.120E-18
4.325E+02  2.538E-28  2.912E-18  1.797E-18  1.116E-18
4.285E+02  2.630E-28  2.990E-18  1.853E-18  1.137E-18
4.246E+02  2.723E-28  3.067E-18  1.908E-18  1.159E-18
4.207E+02  2.788E-28  3.112E-18  1.968E-18  1.143E-18
4.169E+02  2.889E-28  3.195E-18  2.030E-18  1.165E-18
4.130E+02  2.923E-28  3.202E-18  2.093E-18  1.109E-18
4.093E+02  3.030E-28  3.289E-18  2.158E-18  1.131E-18
4.055E+02  3.139E-28  3.376E-18  2.226E-18  1.151E-18
4.018E+02  3.234E-28  3.447E-18  2.295E-18  1.152E-18
3.981E+02  3.324E-28  3.510E-18  2.366E-18  1.145E-18
3.945E+02  3.439E-28  3.598E-18  2.439E-18  1.160E-18
3.908E+02  3.563E-28  3.694E-18  2.513E-18  1.181E-18
3.873E+02  3.694E-28  3.794E-18  2.591E-18  1.203E-18
3.837E+02  3.829E-28  3.897E-18  2.670E-18  1.227E-18
3.802E+02  3.964E-28  3.998E-18  2.747E-18  1.250E-18
3.767E+02  4.035E-28  4.032E-18  2.820E-18  1.212E-18
3.733E+02  4.143E-28  4.101E-18  2.907E-18  1.195E-18
3.698E+02  4.295E-28  4.214E-18  2.996E-18  1.218E-18
3.664E+02  4.452E-28  4.328E-18  3.087E-18  1.241E-18
3.631E+02  4.616E-28  4.446E-18  3.181E-18  1.265E-18
3.597E+02  4.682E-28  4.468E-18  3.277E-18  1.191E-18
3.565E+02  4.842E-28  4.578E-18  3.377E-18  1.202E-18
3.532E+02  4.988E-28  4.673E-18  3.479E-18  1.194E-18
3.499E+02  5.173E-28  4.802E-18  3.584E-18  1.218E-18
3.467E+02  5.329E-28  4.901E-18  3.692E-18  1.210E-18
3.436E+02  5.526E-28  5.036E-18  3.802E-18  1.234E-18
3.404E+02  5.729E-28  5.173E-18  3.916E-18  1.258E-18
3.373E+02  5.923E-28  5.299E-18  4.026E-18  1.273E-18
3.342E+02  6.090E-28  5.399E-18  4.105E-18  1.294E-18
3.311E+02  6.291E-28  5.526E-18  4.206E-18  1.319E-18
3.281E+02  6.476E-28  5.636E-18  4.332E-18  1.304E-18
3.251E+02  6.639E-28  5.725E-18  4.461E-18  1.264E-18
3.221E+02  6.871E-28  5.870E-18  4.593E-18  1.277E-18
3.192E+02  7.126E-28  6.032E-18  4.729E-18  1.304E-18
3.162E+02  7.390E-28  6.199E-18  4.868E-18  1.330E-18
3.133E+02  7.505E-28  6.237E-18  5.012E-18  1.225E-18
3.105E+02  7.772E-28  6.400E-18  5.159E-18  1.241E-18
3.076E+02  8.059E-28  6.576E-18  5.309E-18  1.267E-18
3.048E+02  8.339E-28  6.742E-18  5.464E-18  1.278E-18
3.020E+02  8.645E-28  6.925E-18  5.623E-18  1.302E-18
2.992E+02  8.927E-28  7.086E-18  5.787E-18  1.299E-18
2.965E+02  9.084E-28  7.144E-18  5.824E-18  1.320E-18
2.938E+02  9.413E-28  7.335E-18  5.987E-18  1.348E-18
2.911E+02  9.629E-28  7.434E-18  6.061E-18  1.373E-18
2.884E+02  9.919E-28  7.589E-18  6.237E-18  1.352E-18
2.858E+02  1.028E-27  7.792E-18  6.417E-18  1.376E-18
2.831E+02  1.066E-27  8.003E-18  6.601E-18  1.402E-18
2.805E+02  1.099E-27  8.176E-18  6.790E-18  1.385E-18
2.780E+02  1.133E-27  8.353E-18  6.985E-18  1.368E-18
2.754E+02  1.173E-27  8.570E-18  7.184E-18  1.385E-18
2.729E+02  1.202E-27  8.703E-18  7.389E-18  1.314E-18
2.704E+02  1.247E-27  8.941E-18  7.599E-18  1.343E-18
2.679E+02  1.292E-27  9.185E-18  7.814E-18  1.371E-18
2.655E+02  1.338E-27  9.424E-18  8.034E-18  1.390E-18
2.630E+02  1.338E-27  9.339E-18  7.933E-18  1.406E-18
2.606E+02  1.388E-27  9.593E-18  8.156E-18  1.436E-18
2.582E+02  1.434E-27  9.823E-18  8.385E-18  1.438E-18
2.559E+02  1.481E-27  1.005E-17  8.620E-18  1.433E-18
2.535E+02  1.501E-27  1.010E-17  8.637E-18  1.458E-18
2.512E+02  1.539E-27  1.025E-17  8.765E-18  1.488E-18
2.489E+02  1.593E-27  1.052E-17  9.010E-18  1.508E-18
2.466E+02  1.647E-27  1.077E-17  9.260E-18  1.512E-18
2.443E+02  1.705E-27  1.105E-17  9.518E-18  1.536E-18
2.421E+02  1.759E-27  1.130E-17  9.775E-18  1.524E-18
2.399E+02  1.819E-27  1.158E-17  1.005E-17  1.532E-18
2.377E+02  1.884E-27  1.188E-17  1.032E-17  1.559E-18
2.355E+02  1.936E-27  1.210E-17  1.061E-17  1.491E-18
2.333E+02  2.005E-27  1.241E-17  1.089E-17  1.514E-18
2.312E+02  1.975E-27  1.211E-17  1.057E-17  1.539E-18
2.291E+02  2.045E-27  1.243E-17  1.086E-17  1.567E-18
2.270E+02  2.118E-27  1.275E-17  1.116E-17  1.595E-18
2.249E+02  2.185E-27  1.303E-17  1.143E-17  1.600E-18
2.228E+02  2.167E-27  1.281E-17  1.124E-17  1.575E-18
2.208E+02  2.244E-27  1.314E-17  1.154E-17  1.603E-18
2.188E+02  2.320E-27  1.346E-17  1.185E-17  1.612E-18
2.168E+02  2.389E-27  1.374E-17  1.210E-17  1.633E-18
2.148E+02  2.420E-27  1.379E-17  1.212E-17  1.662E-18
2.128E+02  2.504E-27  1.413E-17  1.245E-17  1.682E-18
2.109E+02  2.590E-27  1.449E-17  1.278E-17  1.710E-18
2.089E+02  2.675E-27  1.482E-17  1.312E-17  1.705E-18
2.070E+02  2.768E-27  1.520E-17  1.347E-17  1.730E-18
2.051E+02  2.678E-27  1.457E-17  1.290E-17  1.669E-18
2.032E+02  2.771E-27  1.494E-17  1.324E-17  1.697E-18
2.014E+02  2.866E-27  1.531E-17  1.359E-17  1.720E-18
1.995E+02  2.965E-27  1.570E-17  1.395E-17  1.747E-18
1.977E+02  3.067E-27  1.608E-17  1.431E-17  1.777E-18
1.959E+02  3.168E-27  1.646E-17  1.468E-17  1.781E-18
1.941E+02  3.106E-27  1.599E-17  1.418E-17  1.813E-18
1.923E+02  3.196E-27  1.630E-17  1.449E-17  1.809E-18
1.905E+02  3.298E-27  1.667E-17  1.485E-17  1.818E-18
1.888E+02  3.410E-27  1.708E-17  1.523E-17  1.850E-18
1.871E+02  3.527E-27  1.750E-17  1.562E-17  1.882E-18
1.854E+02  3.460E-27  1.701E-17  1.510E-17  1.910E-18
1.837E+02  3.578E-27  1.743E-17  1.549E-17  1.939E-18
1.820E+02  3.700E-27  1.786E-17  1.589E-17  1.965E-18
1.803E+02  3.588E-27  1.716E-17  1.519E-17  1.968E-18
1.786E+02  3.706E-27  1.756E-17  1.556E-17  2.000E-18
1.770E+02  3.817E-27  1.792E-17  1.596E-17  1.965E-18
1.754E+02  3.934E-27  1.830E-17  1.632E-17  1.986E-18
1.738E+02  4.068E-27  1.875E-17  1.673E-17  2.019E-18
1.722E+02  4.199E-27  1.918E-17  1.716E-17  2.024E-18
1.706E+02  4.336E-27  1.962E-17  1.758E-17  2.044E-18
1.690E+02  4.208E-27  1.887E-17  1.679E-17  2.074E-18
1.675E+02  4.349E-27  1.932E-17  1.721E-17  2.108E-18
1.660E+02  4.495E-27  1.979E-17  1.764E-17  2.143E-18
1.644E+02  4.611E-27  2.011E-17  1.795E-17  2.165E-18
1.629E+02  4.751E-27  2.053E-17  1.835E-17  2.182E-18
1.614E+02  4.907E-27  2.101E-17  1.880E-17  2.216E-18
1.600E+02  4.800E-27  2.037E-17  1.811E-17  2.253E-18
1.585E+02  4.624E-27  1.944E-17  1.715E-17  2.290E-18
1.570E+02  4.691E-27  1.954E-17  1.722E-17  2.321E-18
1.556E+02  4.839E-27  1.997E-17  1.764E-17  2.335E-18
1.542E+02  4.999E-27  2.044E-17  1.807E-17  2.367E-18
1.528E+02  5.150E-27  2.087E-17  1.852E-17  2.350E-18
1.514E+02  5.309E-27  2.131E-17  1.894E-17  2.373E-18
1.500E+02  5.472E-27  2.177E-17  1.939E-17  2.379E-18
1.486E+02  5.369E-27  2.116E-17  1.874E-17  2.417E-18
1.472E+02  5.544E-27  2.165E-17  1.920E-17  2.456E-18
1.459E+02  5.358E-27  2.074E-17  1.825E-17  2.488E-18
1.445E+02  5.524E-27  2.118E-17  1.865E-17  2.529E-18
1.432E+02  5.702E-27  2.166E-17  1.909E-17  2.566E-18
1.419E+02  5.675E-27  2.136E-17  1.875E-17  2.607E-18
1.406E+02  5.854E-27  2.183E-17  1.919E-17  2.640E-18
1.393E+02  5.965E-27  2.204E-17  1.938E-17  2.663E-18
1.380E+02  6.134E-27  2.246E-17  1.976E-17  2.704E-18
1.368E+02  6.330E-27  2.296E-17  2.022E-17  2.746E-18
1.355E+02  5.960E-27  2.143E-17  1.864E-17  2.788E-18
1.343E+02  5.999E-27  2.137E-17  1.854E-17  2.832E-18
1.330E+02  6.180E-27  2.181E-17  1.896E-17  2.851E-18
1.318E+02  6.368E-27  2.227E-17  1.940E-17  2.862E-18
1.306E+02  6.542E-27  2.267E-17  1.981E-17  2.859E-18
1.294E+02  6.749E-27  2.317E-17  2.027E-17  2.902E-18
1.282E+02  6.956E-27  2.366E-17  2.072E-17  2.936E-18
1.271E+02  6.710E-27  2.262E-17  1.964E-17  2.978E-18
1.259E+02  6.921E-27  2.311E-17  2.009E-17  3.023E-18
1.247E+02  7.126E-27  2.358E-17  2.051E-17  3.064E-18
1.236E+02  7.344E-27  2.408E-17  2.097E-17  3.109E-18
1.225E+02  7.382E-27  2.398E-17  2.082E-17  3.154E-18
1.213E+02  7.610E-27  2.449E-17  2.129E-17  3.200E-18
1.202E+02  7.837E-27  2.499E-17  2.174E-17  3.248E-18
1.191E+02  7.962E-27  2.516E-17  2.188E-17  3.278E-18
1.180E+02  8.172E-27  2.559E-17  2.226E-17  3.323E-18
1.169E+02  8.414E-27  2.610E-17  2.274E-17  3.365E-18
1.159E+02  7.871E-27  2.419E-17  2.078E-17  3.413E-18
1.148E+02  7.883E-27  2.401E-17  2.055E-17  3.462E-18
1.138E+02  8.109E-27  2.447E-17  2.099E-17  3.482E-18
1.127E+02  7.930E-27  2.371E-17  2.022E-17  3.489E-18
1.117E+02  8.168E-27  2.420E-17  2.066E-17  3.534E-18
1.107E+02  8.410E-27  2.469E-17  2.110E-17  3.585E-18
1.096E+02  8.663E-27  2.520E-17  2.157E-17  3.629E-18
1.086E+02  8.926E-27  2.572E-17  2.204E-17  3.679E-18
1.076E+02  9.095E-27  2.597E-17  2.224E-17  3.729E-18
1.067E+02  9.363E-27  2.649E-17  2.271E-17  3.783E-18
1.057E+02  9.645E-27  2.704E-17  2.320E-17  3.833E-18
1.047E+02  9.930E-27  2.758E-17  2.370E-17  3.885E-18
1.038E+02  1.022E-26  2.813E-17  2.419E-17  3.939E-18
1.028E+02  1.032E-26  2.814E-17  2.415E-17  3.993E-18
1.019E+02  1.032E-26  2.789E-17  2.385E-17  4.034E-18
1.009E+02  1.047E-26  2.802E-17  2.394E-17  4.086E-18
1.000E+02  1.078E-26  2.859E-17  2.444E-17  4.143E-18
9.908E+01  1.012E-26  2.659E-17  2.239E-17  4.191E-18
9.817E+01  1.041E-26  2.711E-17  2.287E-17  4.249E-18
9.727E+01  1.033E-26  2.667E-17  2.241E-17  4.258E-18
9.638E+01  1.063E-26  2.719E-17  2.287E-17  4.316E-18
9.550E+01  1.094E-26  2.772E-17  2.335E-17  4.367E-18
9.462E+01  1.126E-26  2.827E-17  2.384E-17  4.425E-18
9.376E+01  1.151E-26  2.862E-17  2.414E-17  4.483E-18
9.290E+01  1.182E-26  2.913E-17  2.459E-17  4.538E-18
9.204E+01  1.212E-26  2.960E-17  2.501E-17  4.596E-18
9.120E+01  1.248E-26  3.018E-17  2.553E-17  4.654E-18
9.036E+01  1.283E-26  3.076E-17  2.605E-17  4.715E-18
8.954E+01  1.320E-26  3.135E-17  2.657E-17  4.774E-18
8.872E+01  1.356E-26  3.191E-17  2.707E-17  4.834E-18
8.790E+01  1.387E-26  3.234E-17  2.744E-17  4.896E-18
8.710E+01  1.384E-26  3.197E-17  2.702E-17  4.951E-18
8.630E+01  1.419E-26  3.248E-17  2.746E-17  5.014E-18
8.551E+01  1.458E-26  3.307E-17  2.800E-17  5.072E-18
8.472E+01  1.388E-26  3.119E-17  2.605E-17  5.135E-18
8.395E+01  1.422E-26  3.166E-17  2.646E-17  5.198E-18
8.318E+01  1.461E-26  3.224E-17  2.699E-17  5.252E-18
8.241E+01  1.466E-26  3.204E-17  2.675E-17  5.289E-18
8.166E+01  1.501E-26  3.251E-17  2.716E-17  5.354E-18
8.091E+01  1.533E-26  3.290E-17  2.749E-17  5.418E-18
8.017E+01  1.576E-26  3.351E-17  2.803E-17  5.482E-18
7.943E+01  1.619E-26  3.412E-17  2.858E-17  5.543E-18
7.870E+01  1.664E-26  3.475E-17  2.914E-17  5.610E-18
7.798E+01  1.702E-26  3.520E-17  2.952E-17  5.677E-18
7.727E+01  1.745E-26  3.577E-17  3.003E-17  5.742E-18
7.656E+01  1.785E-26  3.625E-17  3.044E-17  5.811E-18
7.586E+01  1.820E-26  3.661E-17  3.073E-17  5.878E-18
7.516E+01  1.868E-26  3.724E-17  3.129E-17  5.948E-18
7.447E+01  1.915E-26  3.782E-17  3.181E-17  6.016E-18
7.379E+01  1.879E-26  3.677E-17  3.069E-17  6.079E-18
7.311E+01  1.926E-26  3.736E-17  3.122E-17  6.146E-18
7.244E+01  1.916E-26  3.682E-17  3.061E-17  6.215E-18
7.178E+01  1.936E-26  3.685E-17  3.057E-17  6.283E-18
7.112E+01  1.974E-26  3.723E-17  3.088E-17  6.353E-18
7.047E+01  2.027E-26  3.788E-17  3.147E-17  6.412E-18
6.982E+01  2.061E-26  3.817E-17  3.170E-17  6.477E-18
6.918E+01  2.117E-26  3.885E-17  3.230E-17  6.549E-18
6.855E+01  2.173E-26  3.952E-17  3.290E-17  6.617E-18
6.792E+01  2.226E-26  4.011E-17  3.342E-17  6.688E-18
6.730E+01  2.285E-26  4.080E-17  3.404E-17  6.755E-18
6.668E+01  2.344E-26  4.145E-17  3.462E-17  6.828E-18
6.607E+01  2.397E-26  4.200E-17  3.510E-17  6.901E-18
6.546E+01  2.409E-26  4.182E-17  3.485E-17  6.973E-18
6.486E+01  2.472E-26  4.253E-17  3.549E-17  7.046E-18
6.427E+01  2.537E-26  4.326E-17  3.614E-17  7.117E-18
6.368E+01  2.595E-26  4.384E-17  3.665E-17  7.191E-18
6.310E+01  2.630E-26  4.402E-17  3.675E-17  7.264E-18
6.252E+01  2.699E-26  4.475E-17  3.742E-17  7.337E-18
6.194E+01  2.768E-26  4.549E-17  3.808E-17  7.405E-18
6.138E+01  2.835E-26  4.616E-17  3.868E-17  7.479E-18
6.081E+01  2.906E-26  4.687E-17  3.932E-17  7.553E-18
6.026E+01  2.963E-26  4.736E-17  3.974E-17  7.628E-18
5.970E+01  3.013E-26  4.771E-17  4.001E-17  7.698E-18
5.916E+01  3.090E-26  4.849E-17  4.071E-17  7.772E-18
5.861E+01  3.138E-26  4.880E-17  4.095E-17  7.845E-18
5.808E+01  3.198E-26  4.927E-17  4.136E-17  7.915E-18
5.754E+01  3.276E-26  5.000E-17  4.201E-17  7.988E-18
5.702E+01  3.350E-26  5.067E-17  4.261E-17  8.060E-18
5.649E+01  3.431E-26  5.141E-17  4.328E-17  8.133E-18
5.598E+01  3.511E-26  5.213E-17  4.393E-17  8.203E-18
5.546E+01  3.583E-26  5.271E-17  4.444E-17  8.276E-18
5.495E+01  3.671E-26  5.351E-17  4.517E-17  8.348E-18
5.445E+01  3.759E-26  5.430E-17  4.588E-17  8.420E-18
5.395E+01  3.838E-26  5.493E-17  4.643E-17  8.494E-18
5.346E+01  3.932E-26  5.575E-17  4.718E-17  8.567E-18
5.297E+01  4.004E-26  5.626E-17  4.763E-17  8.636E-18
5.248E+01  4.096E-26  5.702E-17  4.831E-17  8.708E-18
5.200E+01  4.176E-26  5.760E-17  4.882E-17  8.780E-18
5.152E+01  4.276E-26  5.844E-17  4.959E-17  8.847E-18
5.105E+01  4.335E-26  5.871E-17  4.979E-17  8.917E-18
5.058E+01  4.438E-26  5.955E-17  5.056E-17  8.986E-18
5.012E+01  4.520E-26  6.009E-17  5.103E-17  9.055E-18
4.966E+01  4.621E-26  6.088E-17  5.175E-17  9.123E-18
4.920E+01  4.729E-26  6.173E-17  5.254E-17  9.189E-18
4.875E+01  4.824E-26  6.239E-17  5.313E-17  9.256E-18
4.831E+01  4.933E-26  6.321E-17  5.389E-17  9.320E-18
4.786E+01  5.045E-26  6.405E-17  5.466E-17  9.385E-18
4.742E+01  5.161E-26  6.492E-17  5.548E-17  9.450E-18
4.699E+01  5.274E-26  6.574E-17  5.622E-17  9.514E-18
4.656E+01  5.375E-26  6.638E-17  5.680E-17  9.577E-18
4.613E+01  5.489E-26  6.717E-17  5.753E-17  9.640E-18
4.571E+01  5.608E-26  6.800E-17  5.829E-17  9.703E-18
4.529E+01  5.720E-26  6.872E-17  5.895E-17  9.764E-18
4.487E+01  5.846E-26  6.959E-17  5.977E-17  9.825E-18
4.446E+01  5.966E-26  7.036E-17  6.048E-17  9.886E-18
4.406E+01  6.069E-26  7.092E-17  6.098E-17  9.945E-18
4.365E+01  6.193E-26  7.171E-17  6.170E-17  1.001E-17
4.325E+01  6.324E-26  7.255E-17  6.249E-17  1.006E-17
4.285E+01  6.440E-26  7.320E-17  6.308E-17  1.012E-17
4.246E+01  6.558E-26  7.387E-17  6.369E-17  1.018E-17
4.207E+01  6.679E-26  7.453E-17  6.430E-17  1.023E-17
4.169E+01  6.815E-26  7.536E-17  6.507E-17  1.029E-17
4.130E+01  6.946E-26  7.610E-17  6.576E-17  1.034E-17
4.093E+01  7.074E-26  7.680E-17  6.641E-17  1.039E-17
4.055E+01  7.209E-26  7.754E-17  6.711E-17  1.044E-17
4.018E+01  7.345E-26  7.828E-17  6.780E-17  1.048E-17
3.981E+01  7.490E-26  7.910E-17  6.857E-17  1.053E-17
3.945E+01  7.635E-26  7.988E-17  6.931E-17  1.057E-17
3.908E+01  7.779E-26  8.065E-17  7.004E-17  1.062E-17
3.873E+01  7.926E-26  8.142E-17  7.077E-17  1.066E-17
3.837E+01  8.068E-26  8.211E-17  7.142E-17  1.070E-17
3.802E+01  8.209E-26  8.279E-17  7.205E-17  1.073E-17
3.767E+01  8.348E-26  8.342E-17  7.265E-17  1.077E-17
3.733E+01  8.489E-26  8.405E-17  7.325E-17  1.080E-17
3.698E+01  8.642E-26  8.478E-17  7.395E-17  1.082E-17
3.664E+01  8.799E-26  8.553E-17  7.468E-17  1.085E-17
3.631E+01  8.954E-26  8.624E-17  7.537E-17  1.087E-17
3.597E+01  9.081E-26  8.666E-17  7.576E-17  1.090E-17
3.565E+01  9.241E-26  8.737E-17  7.645E-17  1.092E-17
3.532E+01  9.401E-26  8.807E-17  7.713E-17  1.094E-17
3.499E+01  9.554E-26  8.868E-17  7.772E-17  1.096E-17
3.467E+01  9.701E-26  8.922E-17  7.824E-17  1.098E-17
3.436E+01  9.868E-26  8.993E-17  7.892E-17  1.100E-17
3.404E+01  1.003E-25  9.053E-17  7.951E-17  1.102E-17
3.373E+01  1.018E-25  9.109E-17  8.005E-17  1.104E-17
3.342E+01  1.035E-25  9.176E-17  8.070E-17  1.106E-17
3.311E+01  1.052E-25  9.242E-17  8.134E-17  1.108E-17
3.281E+01  1.070E-25  9.309E-17  8.199E-17  1.110E-17
3.251E+01  1.085E-25  9.359E-17  8.247E-17  1.112E-17
3.221E+01  1.103E-25  9.424E-17  8.310E-17  1.114E-17
3.192E+01  1.120E-25  9.483E-17  8.366E-17  1.116E-17
3.162E+01  1.137E-25  9.535E-17  8.417E-17  1.118E-17
3.133E+01  1.155E-25  9.600E-17  8.480E-17  1.120E-17
3.105E+01  1.172E-25  9.650E-17  8.528E-17  1.122E-17
3.076E+01  1.190E-25  9.708E-17  8.584E-17  1.124E-17
3.048E+01  1.208E-25  9.770E-17  8.644E-17  1.126E-17
3.020E+01  1.227E-25  9.827E-17  8.700E-17  1.128E-17
2.992E+01  1.246E-25  9.893E-17  8.764E-17  1.129E-17
2.965E+01  1.265E-25  9.945E-17  8.815E-17  1.130E-17
2.938E+01  1.284E-25  1.001E-16  8.876E-17  1.131E-17
2.911E+01  1.304E-25  1.007E-16  8.933E-17  1.132E-17
2.884E+01  1.323E-25  1.012E-16  8.991E-17  1.133E-17
2.858E+01  1.344E-25  1.018E-16  9.050E-17  1.134E-17
2.831E+01  1.364E-25  1.025E-16  9.113E-17  1.135E-17
2.805E+01  1.386E-25  1.031E-16  9.177E-17  1.135E-17
2.780E+01  1.408E-25  1.038E-16  9.245E-17  1.136E-17
2.754E+01  1.430E-25  1.045E-16  9.310E-17  1.136E-17
2.729E+01  1.451E-25  1.050E-16  9.364E-17  1.136E-17
2.704E+01  1.474E-25  1.057E-16  9.436E-17  1.137E-17
2.679E+01  1.498E-25  1.065E-16  9.509E-17  1.137E-17
2.655E+01  1.521E-25  1.071E-16  9.575E-17  1.137E-17
2.630E+01  1.546E-25  1.078E-16  9.647E-17  1.137E-17
2.606E+01  1.569E-25  1.085E-16  9.711E-17  1.137E-17
2.582E+01  1.595E-25  1.092E-16  9.787E-17  1.137E-17
2.559E+01  1.621E-25  1.100E-16  9.865E-17  1.137E-17
2.535E+01  1.648E-25  1.108E-16  9.943E-17  1.137E-17
2.512E+01  1.675E-25  1.116E-16  1.003E-16  1.137E-17
2.489E+01  1.702E-25  1.124E-16  1.010E-16  1.136E-17
2.466E+01  1.731E-25  1.132E-16  1.018E-16  1.135E-17
2.443E+01  1.759E-25  1.140E-16  1.026E-16  1.134E-17
2.421E+01  1.789E-25  1.149E-16  1.035E-16  1.133E-17
2.399E+01  1.819E-25  1.157E-16  1.044E-16  1.131E-17
2.377E+01  1.849E-25  1.166E-16  1.053E-16  1.129E-17
2.355E+01  1.880E-25  1.175E-16  1.062E-16  1.128E-17
2.333E+01  1.913E-25  1.184E-16  1.071E-16  1.127E-17
2.312E+01  1.946E-25  1.194E-16  1.081E-16  1.124E-17
2.291E+01  1.979E-25  1.203E-16  1.091E-16  1.121E-17
2.270E+01  2.014E-25  1.212E-16  1.100E-16  1.120E-17
2.249E+01  2.050E-25  1.223E-16  1.111E-16  1.120E-17
2.228E+01  2.087E-25  1.233E-16  1.121E-16  1.121E-17
2.208E+01  2.124E-25  1.244E-16  1.132E-16  1.122E-17
2.188E+01  2.161E-25  1.254E-16  1.142E-16  1.120E-17
2.168E+01  2.200E-25  1.265E-16  1.153E-16  1.117E-17
2.148E+01  2.240E-25  1.276E-16  1.165E-16  1.114E-17
2.128E+01  2.280E-25  1.287E-16  1.176E-16  1.112E-17
2.109E+01  2.322E-25  1.299E-16  1.187E-16  1.111E-17
2.089E+01  2.364E-25  1.310E-16  1.199E-16  1.110E-17
2.070E+01  2.408E-25  1.322E-16  1.211E-16  1.107E-17
2.051E+01  2.452E-25  1.334E-16  1.224E-16  1.104E-17
2.032E+01  2.499E-25  1.347E-16  1.237E-16  1.102E-17
2.014E+01  2.548E-25  1.361E-16  1.251E-16  1.103E-17
1.995E+01  2.599E-25  1.376E-16  1.265E-16  1.105E-17
1.977E+01  2.654E-25  1.392E-16  1.281E-16  1.104E-17
1.959E+01  2.712E-25  1.409E-16  1.299E-16  1.102E-17
1.941E+01  2.782E-25  1.432E-16  1.323E-16  1.098E-17
1.923E+01  2.878E-25  1.468E-16  1.359E-16  1.090E-17
1.905E+01  3.055E-25  1.544E-16  1.436E-16  1.081E-17
1.888E+01  3.211E-25  1.608E-16  1.501E-16  1.068E-17
1.871E+01  3.117E-25  1.547E-16  1.442E-16  1.053E-17
1.854E+01  3.125E-25  1.536E-16  1.433E-16  1.035E-17
1.837E+01  3.194E-25  1.556E-16  1.455E-16  1.014E-17
1.820E+01  3.306E-25  1.596E-16  1.497E-16  9.905E-18
1.803E+01  3.492E-25  1.670E-16  1.573E-16  9.656E-18
1.786E+01  3.777E-25  1.790E-16  1.696E-16  9.387E-18
1.770E+01  3.874E-25  1.819E-16  1.728E-16  9.100E-18
1.754E+01  4.173E-25  1.941E-16  1.854E-16  8.792E-18
1.738E+01  4.814E-25  2.219E-16  2.134E-16  8.474E-18
1.722E+01  4.810E-25  2.197E-16  2.116E-16  8.147E-18
1.706E+01  4.905E-25  2.220E-16  2.141E-16  7.825E-18
1.690E+01  4.845E-25  2.173E-16  2.098E-16  7.503E-18
1.675E+01  4.693E-25  2.085E-16  2.013E-16  7.182E-18
1.660E+01  4.821E-25  2.122E-16  2.054E-16  6.856E-18
1.644E+01  5.632E-25  2.457E-16  2.391E-16  6.535E-18
1.629E+01  4.385E-25  1.895E-16  1.833E-16  6.221E-18
1.614E+01  3.892E-25  1.667E-16  1.608E-16  5.920E-18
1.600E+01  3.743E-25  1.588E-16  1.532E-16  5.630E-18
1.585E+01  3.660E-25  1.539E-16  1.485E-16  5.352E-18
1.570E+01  3.556E-25  1.481E-16  1.430E-16  5.086E-18
1.556E+01  3.500E-25  1.445E-16  1.396E-16  4.833E-18
1.542E+01  3.470E-25  1.419E-16  1.373E-16  4.593E-18
1.528E+01  3.454E-25  1.399E-16  1.356E-16  4.367E-18
1.514E+01  3.448E-25  1.384E-16  1.343E-16  4.154E-18
1.500E+01  3.451E-25  1.373E-16  1.333E-16  3.959E-18
1.486E+01  3.466E-25  1.366E-16  1.328E-16  3.771E-18
1.472E+01  3.499E-25  1.366E-16  1.330E-16  3.593E-18
1.459E+01  3.561E-25  1.378E-16  1.344E-16  3.427E-18
1.445E+01  3.689E-25  1.414E-16  1.382E-16  3.285E-18
1.432E+01  3.961E-25  1.505E-16  1.473E-16  3.164E-18
1.419E+01  4.272E-25  1.608E-16  1.577E-16  3.072E-18
1.406E+01  4.152E-25  1.549E-16  1.519E-16  3.008E-18
1.393E+01  4.120E-25  1.523E-16  1.493E-16  2.977E-18
1.380E+01  4.344E-25  1.591E-16  1.561E-16  2.972E-18
1.368E+01  4.817E-25  1.748E-16  1.718E-16  2.996E-18
1.355E+01  5.417E-25  1.947E-16  1.917E-16  3.038E-18
1.343E+01  5.610E-25  1.998E-16  1.967E-16  3.092E-18
1.330E+01  5.346E-25  1.887E-16  1.855E-16  3.150E-18
1.318E+01  5.239E-25  1.832E-16  1.800E-16  3.212E-18
1.306E+01  5.542E-25  1.920E-16  1.887E-16  3.273E-18
1.294E+01  6.364E-25  2.185E-16  2.151E-16  3.340E-18
1.282E+01  7.855E-25  2.672E-16  2.638E-16  3.419E-18
1.271E+01  9.752E-25  3.287E-16  3.252E-16  3.504E-18
1.259E+01  1.042E-24  3.480E-16  3.444E-16  3.591E-18
1.247E+01  9.165E-25  3.033E-16  2.996E-16  3.678E-18
1.236E+01  7.851E-25  2.574E-16  2.536E-16  3.763E-18
1.225E+01  7.428E-25  2.413E-16  2.374E-16  3.841E-18
1.213E+01  7.817E-25  2.516E-16  2.477E-16  3.930E-18
1.202E+01  8.365E-25  2.668E-16  2.627E-16  4.034E-18
1.191E+01  8.099E-25  2.559E-16  2.518E-16  4.138E-18
1.180E+01  7.372E-25  2.308E-16  2.266E-16  4.241E-18
1.169E+01  7.203E-25  2.235E-16  2.191E-16  4.341E-18
1.159E+01  8.184E-25  2.515E-16  2.471E-16  4.424E-18
1.148E+01  1.106E-24  3.369E-16  3.324E-16  4.505E-18
1.138E+01  1.590E-24  4.798E-16  4.752E-16  4.597E-18
1.127E+01  2.121E-24  6.341E-16  6.294E-16  4.695E-18
1.117E+01  1.502E-24  4.450E-16  4.402E-16  4.803E-18
1.107E+01  7.774E-25  2.282E-16  2.233E-16  4.914E-18
1.096E+01  5.369E-25  1.562E-16  1.511E-16  5.018E-18
1.086E+01  4.263E-25  1.229E-16  1.177E-16  5.129E-18
1.076E+01  3.683E-25  1.052E-16  9.991E-17  5.260E-18
1.067E+01  3.343E-25  9.458E-17  8.917E-17  5.410E-18
1.057E+01  3.048E-25  8.545E-17  7.988E-17  5.576E-18
1.047E+01  2.855E-25  7.929E-17  7.356E-17  5.733E-18
1.038E+01  2.727E-25  7.505E-17  6.920E-17  5.852E-18
1.028E+01  2.638E-25  7.194E-17  6.601E-17  5.925E-18
1.019E+01  2.575E-25  6.958E-17  6.363E-17  5.957E-18
1.009E+01  2.533E-25  6.782E-17  6.185E-17  5.969E-18
1.000E+01  2.509E-25  6.655E-17  6.057E-17  5.980E-18
9.908E+00  2.501E-25  6.572E-17  5.972E-17  6.004E-18
9.817E+00  2.507E-25  6.529E-17  5.926E-17  6.035E-18
9.727E+00  2.529E-25  6.526E-17  5.919E-17  6.070E-18
9.638E+00  2.567E-25  6.562E-17  5.952E-17  6.098E-18
9.550E+00  2.621E-25  6.639E-17  6.030E-17  6.086E-18
9.462E+00  2.694E-25  6.762E-17  6.160E-17  6.014E-18
9.376E+00  2.791E-25  6.941E-17  6.354E-17  5.869E-18
9.290E+00  2.919E-25  7.194E-17  6.629E-17  5.643E-18
9.204E+00  3.093E-25  7.551E-17  7.017E-17  5.341E-18
9.120E+00  3.333E-25  8.063E-17  7.565E-17  4.984E-18
9.036E+00  3.679E-25  8.818E-17  8.359E-17  4.594E-18
8.954E+00  4.199E-25  9.974E-17  9.554E-17  4.200E-18
8.872E+00  5.024E-25  1.182E-16  1.144E-16  3.828E-18
8.790E+00  6.376E-25  1.487E-16  1.452E-16  3.489E-18
8.710E+00  8.444E-25  1.951E-16  1.919E-16  3.191E-18
8.630E+00  1.039E-24  2.378E-16  2.348E-16  2.932E-18
8.551E+00  1.017E-24  2.307E-16  2.280E-16  2.707E-18
8.472E+00  8.849E-25  1.989E-16  1.964E-16  2.497E-18
8.395E+00  8.178E-25  1.821E-16  1.798E-16  2.285E-18
8.318E+00  8.146E-25  1.797E-16  1.777E-16  2.059E-18
8.241E+00  8.509E-25  1.860E-16  1.842E-16  1.820E-18
8.166E+00  9.409E-25  2.038E-16  2.022E-16  1.574E-18
8.091E+00  1.112E-24  2.386E-16  2.373E-16  1.353E-18
8.017E+00  1.384E-24  2.944E-16  2.932E-16  1.154E-18
7.943E+00  1.741E-24  3.669E-16  3.659E-16  9.824E-19
7.870E+00  2.055E-24  4.290E-16  4.282E-16  8.348E-19
7.798E+00  2.170E-24  4.488E-16  4.481E-16  7.096E-19
7.727E+00  2.186E-24  4.480E-16  4.474E-16  6.068E-19
7.656E+00  2.257E-24  4.584E-16  4.579E-16  5.236E-19
7.586E+00  2.201E-24  4.428E-16  4.423E-16  4.568E-19
7.516E+00  1.854E-24  3.696E-16  3.692E-16  4.060E-19
7.447E+00  1.463E-24  2.890E-16  2.887E-16  3.688E-19
7.379E+00  1.176E-24  2.301E-16  2.298E-16  3.406E-19
7.311E+00  9.766E-25  1.894E-16  1.891E-16  3.211E-19
7.244E+00  8.310E-25  1.597E-16  1.594E-16  3.064E-19
7.178E+00  7.198E-25  1.371E-16  1.368E-16  2.947E-19
7.112E+00  6.344E-25  1.197E-16  1.194E-16  2.866E-19
7.047E+00  5.711E-25  1.068E-16  1.065E-16  2.808E-19
6.982E+00  5.283E-25  9.785E-17  9.757E-17  2.754E-19
6.918E+00  5.049E-25  9.266E-17  9.239E-17  2.710E-19
6.855E+00  4.994E-25  9.081E-17  9.055E-17  2.670E-19
6.792E+00  5.066E-25  9.127E-17  9.101E-17  2.632E-19
6.730E+00  5.140E-25  9.175E-17  9.149E-17  2.595E-19
6.668E+00  5.071E-25  8.970E-17  8.944E-17  2.560E-19
6.607E+00  4.859E-25  8.516E-17  8.490E-17  2.524E-19
6.546E+00  4.686E-25  8.137E-17  8.112E-17  2.488E-19
6.486E+00  4.783E-25  8.229E-17  8.204E-17  2.452E-19
6.427E+00  5.412E-25  9.226E-17  9.202E-17  2.416E-19
6.368E+00  7.064E-25  1.193E-16  1.191E-16  2.380E-19
6.310E+00  1.076E-24  1.802E-16  1.799E-16  2.342E-19
6.252E+00  1.676E-24  2.779E-16  2.777E-16  2.305E-19
6.194E+00  1.698E-24  2.790E-16  2.787E-16  2.267E-19
6.138E+00  1.058E-24  1.723E-16  1.721E-16  2.227E-19
6.081E+00  6.306E-25  1.017E-16  1.015E-16  2.187E-19
6.026E+00  4.202E-25  6.716E-17  6.694E-17  2.149E-19
5.970E+00  3.134E-25  4.964E-17  4.943E-17  2.112E-19
5.916E+00  2.578E-25  4.045E-17  4.024E-17  2.077E-19
5.861E+00  2.331E-25  3.624E-17  3.604E-17  2.042E-19
5.808E+00  2.352E-25  3.623E-17  3.603E-17  2.009E-19
5.754E+00  2.640E-25  4.030E-17  4.010E-17  1.977E-19
5.702E+00  2.844E-25  4.301E-17  4.282E-17  1.947E-19
5.649E+00  2.398E-25  3.594E-17  3.574E-17  1.918E-19
5.598E+00  1.826E-25  2.711E-17  2.692E-17  1.890E-19
5.546E+00  1.474E-25  2.168E-17  2.149E-17  1.863E-19
5.495E+00  1.286E-25  1.875E-17  1.857E-17  1.837E-19
5.445E+00  1.206E-25  1.742E-17  1.723E-17  1.813E-19
5.395E+00  1.219E-25  1.745E-17  1.727E-17  1.789E-19
5.346E+00  1.352E-25  1.917E-17  1.899E-17  1.766E-19
5.297E+00  1.570E-25  2.206E-17  2.189E-17  1.745E-19
5.248E+00  1.535E-25  2.137E-17  2.119E-17  1.724E-19
5.200E+00  1.218E-25  1.680E-17  1.663E-17  1.704E-19
5.152E+00  9.712E-26  1.327E-17  1.310E-17  1.684E-19
5.105E+00  8.282E-26  1.121E-17  1.105E-17  1.666E-19
5.058E+00  7.421E-26  9.957E-18  9.792E-18  1.648E-19
5.012E+00  6.854E-26  9.112E-18  8.949E-18  1.631E-19
4.966E+00  6.447E-26  8.492E-18  8.331E-18  1.615E-19
4.920E+00  6.136E-26  8.009E-18  7.849E-18  1.600E-19
4.875E+00  5.887E-26  7.613E-18  7.455E-18  1.585E-19
4.831E+00  5.681E-26  7.279E-18  7.122E-18  1.570E-19
4.786E+00  5.506E-26  6.990E-18  6.835E-18  1.555E-19
4.742E+00  5.354E-26  6.735E-18  6.581E-18  1.541E-19
4.699E+00  5.221E-26  6.508E-18  6.355E-18  1.528E-19
4.656E+00  5.103E-26  6.302E-18  6.151E-18  1.515E-19
4.613E+00  4.997E-26  6.115E-18  5.965E-18  1.502E-19
4.571E+00  4.902E-26  5.943E-18  5.794E-18  1.489E-19
4.529E+00  4.815E-26  5.784E-18  5.637E-18  1.476E-19
4.487E+00  4.736E-26  5.637E-18  5.491E-18  1.464E-19
4.446E+00  4.664E-26  5.501E-18  5.355E-18  1.452E-19
4.406E+00  4.598E-26  5.373E-18  5.229E-18  1.441E-19
4.365E+00  4.537E-26  5.254E-18  5.111E-18  1.429E-19
4.325E+00  4.482E-26  5.142E-18  5.000E-18  1.418E-19
4.285E+00  4.431E-26  5.037E-18  4.896E-18  1.407E-19
4.246E+00  4.384E-26  4.938E-18  4.799E-18  1.396E-19
4.207E+00  4.342E-26  4.846E-18  4.707E-18  1.385E-19
4.169E+00  4.303E-26  4.759E-18  4.621E-18  1.374E-19
4.130E+00  4.269E-26  4.677E-18  4.541E-18  1.363E-19
4.093E+00  4.238E-26  4.600E-18  4.465E-18  1.352E-19
4.055E+00  4.211E-26  4.529E-18  4.395E-18  1.340E-19
4.018E+00  4.187E-26  4.463E-18  4.330E-18  1.328E-19
3.981E+00  4.169E-26  4.402E-18  4.271E-18  1.316E-19
3.945E+00  4.155E-26  4.347E-18  4.217E-18  1.305E-19
3.908E+00  4.146E-26  4.299E-18  4.169E-18  1.293E-19
3.873E+00  4.144E-26  4.257E-18  4.129E-18  1.281E-19
3.837E+00  4.149E-26  4.223E-18  4.096E-18  1.270E-19
3.802E+00  4.162E-26  4.198E-18  4.072E-18  1.258E-19
3.767E+00  4.187E-26  4.184E-18  4.059E-18  1.247E-19
3.733E+00  4.225E-26  4.183E-18  4.059E-18  1.236E-19
3.698E+00  4.280E-26  4.199E-18  4.076E-18  1.225E-19
3.664E+00  4.359E-26  4.237E-18  4.115E-18  1.213E-19
3.631E+00  4.470E-26  4.305E-18  4.185E-18  1.202E-19
3.597E+00  4.627E-26  4.415E-18  4.296E-18  1.191E-19
3.565E+00  4.852E-26  4.588E-18  4.470E-18  1.180E-19
3.532E+00  5.184E-26  4.856E-18  4.739E-18  1.168E-19
3.499E+00  5.691E-26  5.282E-18  5.167E-18  1.157E-19
3.467E+00  6.510E-26  5.988E-18  5.873E-18  1.146E-19
3.436E+00  7.946E-26  7.242E-18  7.128E-18  1.135E-19
3.404E+00  1.078E-25  9.736E-18  9.623E-18  1.123E-19
3.373E+00  1.755E-25  1.571E-17  1.559E-17  1.112E-19
3.342E+00  3.999E-25  3.545E-17  3.534E-17  1.100E-19
3.311E+00  1.513E-24  1.329E-16  1.327E-16  1.089E-19
3.281E+00  1.033E-24  8.990E-17  8.979E-17  1.077E-19
3.251E+00  2.951E-25  2.545E-17  2.534E-17  1.065E-19
3.221E+00  1.409E-25  1.204E-17  1.193E-17  1.053E-19
3.192E+00  8.991E-26  7.612E-18  7.508E-18  1.041E-19
3.162E+00  6.738E-26  5.652E-18  5.549E-18  1.029E-19
3.133E+00  5.552E-26  4.615E-18  4.513E-18  1.017E-19
3.105E+00  4.851E-26  3.995E-18  3.894E-18  1.005E-19
3.076E+00  4.400E-26  3.590E-18  3.491E-18  9.939E-20
3.048E+00  4.091E-26  3.307E-18  3.209E-18  9.829E-20
3.020E+00  3.868E-26  3.098E-18  3.001E-18  9.719E-20
2.992E+00  3.700E-26  2.937E-18  2.840E-18  9.609E-20
2.965E+00  3.569E-26  2.807E-18  2.712E-18  9.500E-20
2.938E+00  3.463E-26  2.699E-18  2.605E-18  9.391E-20
2.911E+00  3.376E-26  2.607E-18  2.514E-18  9.283E-20
2.884E+00  3.302E-26  2.526E-18  2.435E-18  9.175E-20
2.858E+00  3.239E-26  2.455E-18  2.364E-18  9.068E-20
2.831E+00  3.183E-26  2.390E-18  2.301E-18  8.961E-20
2.805E+00  3.133E-26  2.331E-18  2.243E-18  8.854E-20
2.780E+00  3.087E-26  2.276E-18  2.189E-18  8.749E-20
2.754E+00  3.045E-26  2.225E-18  2.138E-18  8.644E-20
2.729E+00  3.007E-26  2.176E-18  2.091E-18  8.539E-20
2.704E+00  2.970E-26  2.130E-18  2.046E-18  8.434E-20
2.679E+00  2.935E-26  2.086E-18  2.003E-18  8.330E-20
2.655E+00  2.902E-26  2.044E-18  1.961E-18  8.227E-20
2.630E+00  2.871E-26  2.003E-18  1.922E-18  8.124E-20
2.606E+00  2.840E-26  1.963E-18  1.883E-18  8.022E-20
2.582E+00  2.810E-26  1.925E-18  1.846E-18  7.920E-20
2.559E+00  2.781E-26  1.887E-18  1.809E-18  7.819E-20
2.535E+00  2.752E-26  1.851E-18  1.774E-18  7.719E-20
2.512E+00  2.724E-26  1.815E-18  1.739E-18  7.619E-20
2.489E+00  2.697E-26  1.780E-18  1.705E-18  7.520E-20
2.466E+00  2.669E-26  1.746E-18  1.672E-18  7.423E-20
2.443E+00  2.641E-26  1.712E-18  1.639E-18  7.326E-20
2.421E+00  2.614E-26  1.679E-18  1.606E-18  7.230E-20
2.399E+00  2.587E-26  1.646E-18  1.575E-18  7.134E-20
2.377E+00  2.560E-26  1.614E-18  1.544E-18  7.038E-20
2.355E+00  2.534E-26  1.583E-18  1.513E-18  6.943E-20
2.333E+00  2.507E-26  1.552E-18  1.483E-18  6.847E-20
2.312E+00  2.481E-26  1.522E-18  1.454E-18  6.753E-20
2.291E+00  2.455E-26  1.492E-18  1.425E-18  6.658E-20
2.270E+00  2.428E-26  1.462E-18  1.396E-18  6.564E-20
2.249E+00  2.402E-26  1.433E-18  1.368E-18  6.471E-20
2.228E+00  2.375E-26  1.404E-18  1.340E-18  6.378E-20
2.208E+00  2.347E-26  1.375E-18  1.312E-18  6.285E-20
2.188E+00  2.319E-26  1.346E-18  1.284E-18  6.194E-20
2.168E+00  2.291E-26  1.317E-18  1.256E-18  6.103E-20
2.148E+00  2.261E-26  1.288E-18  1.228E-18  6.012E-20
2.128E+00  2.230E-26  1.259E-18  1.200E-18  5.923E-20
2.109E+00  2.198E-26  1.229E-18  1.171E-18  5.834E-20
2.089E+00  2.163E-26  1.199E-18  1.141E-18  5.746E-20
2.070E+00  2.126E-26  1.168E-18  1.111E-18  5.658E-20
2.051E+00  2.086E-26  1.135E-18  1.079E-18  5.571E-20
2.032E+00  2.041E-26  1.100E-18  1.046E-18  5.484E-20
2.014E+00  1.991E-26  1.064E-18  1.010E-18  5.398E-20
1.995E+00  1.935E-26  1.024E-18  9.712E-19  5.312E-20
1.977E+00  1.873E-26  9.824E-19  9.301E-19  5.227E-20
1.959E+00  1.807E-26  9.390E-19  8.875E-19  5.143E-20
1.941E+00  1.743E-26  8.974E-19  8.468E-19  5.059E-20
1.923E+00  1.693E-26  8.634E-19  8.136E-19  4.976E-20
1.905E+00  1.668E-26  8.431E-19  7.941E-19  4.894E-20
1.888E+00  1.674E-26  8.381E-19  7.900E-19  4.812E-20
1.871E+00  1.700E-26  8.437E-19  7.964E-19  4.731E-20
1.854E+00  1.734E-26  8.525E-19  8.060E-19  4.650E-20
1.837E+00  1.764E-26  8.592E-19  8.135E-19  4.571E-20
1.820E+00  1.785E-26  8.617E-19  8.168E-19  4.492E-20
1.803E+00  1.798E-26  8.600E-19  8.158E-19  4.414E-20
1.786E+00  1.804E-26  8.547E-19  8.114E-19  4.337E-20
1.770E+00  1.804E-26  8.469E-19  8.043E-19  4.260E-20
1.754E+00  1.800E-26  8.372E-19  7.954E-19  4.185E-20
1.738E+00  1.792E-26  8.262E-19  7.851E-19  4.111E-20
1.722E+00  1.783E-26  8.144E-19  7.740E-19  4.038E-20
1.706E+00  1.772E-26  8.020E-19  7.624E-19  3.965E-20
1.690E+00  1.760E-26  7.894E-19  7.504E-19  3.893E-20
1.675E+00  1.748E-26  7.766E-19  7.384E-19  3.822E-20
1.660E+00  1.735E-26  7.639E-19  7.263E-19  3.751E-20
1.644E+00  1.722E-26  7.512E-19  7.144E-19  3.681E-20
1.629E+00  1.709E-26  7.387E-19  7.026E-19  3.612E-20
1.614E+00  1.697E-26  7.266E-19  6.912E-19  3.543E-20
1.600E+00  1.685E-26  7.148E-19  6.801E-19  3.475E-20
1.585E+00  1.673E-26  7.035E-19  6.694E-19  3.408E-20
1.570E+00  1.663E-26  6.927E-19  6.592E-19  3.341E-20
1.556E+00  1.653E-26  6.824E-19  6.497E-19  3.275E-20
1.542E+00  1.645E-26  6.728E-19  6.407E-19  3.209E-20
1.528E+00  1.639E-26  6.640E-19  6.325E-19  3.144E-20
1.514E+00  1.634E-26  6.560E-19  6.252E-19  3.080E-20
1.500E+00  1.631E-26  6.489E-19  6.188E-19  3.017E-20
1.486E+00  1.631E-26  6.429E-19  6.134E-19  2.954E-20
1.472E+00  1.634E-26  6.381E-19  6.092E-19  2.891E-20
1.459E+00  1.640E-26  6.347E-19  6.064E-19  2.830E-20
1.445E+00  1.651E-26  6.329E-19  6.052E-19  2.770E-20
1.432E+00  1.666E-26  6.329E-19  6.058E-19  2.710E-20
1.419E+00  1.687E-26  6.351E-19  6.086E-19  2.651E-20
1.406E+00  1.715E-26  6.398E-19  6.138E-19  2.592E-20
1.393E+00  1.752E-26  6.474E-19  6.221E-19  2.535E-20
1.380E+00  1.799E-26  6.587E-19  6.339E-19  2.478E-20
1.368E+00  1.858E-26  6.740E-19  6.498E-19  2.421E-20
1.355E+00  1.931E-26  6.940E-19  6.703E-19  2.366E-20
1.343E+00  2.019E-26  7.193E-19  6.962E-19  2.311E-20
1.330E+00  2.125E-26  7.499E-19  7.274E-19  2.256E-20
1.318E+00  2.245E-26  7.851E-19  7.631E-19  2.203E-20
1.306E+00  2.373E-26  8.222E-19  8.007E-19  2.150E-20
1.294E+00  2.494E-26  8.561E-19  8.351E-19  2.098E-20
1.282E+00  2.582E-26  8.782E-19  8.577E-19  2.048E-20
1.271E+00  2.608E-26  8.789E-19  8.589E-19  1.997E-20
1.259E+00  2.550E-26  8.515E-19  8.320E-19  1.948E-20
1.247E+00  2.410E-26  7.975E-19  7.785E-19  1.900E-20
1.236E+00  2.215E-26  7.263E-19  7.077E-19  1.853E-20
1.225E+00  2.002E-26  6.503E-19  6.323E-19  1.807E-20
1.213E+00  1.800E-26  5.794E-19  5.618E-19  1.761E-20
1.202E+00  1.626E-26  5.185E-19  5.013E-19  1.716E-20
1.191E+00  1.484E-26  4.690E-19  4.523E-19  1.672E-20
1.180E+00  1.374E-26  4.303E-19  4.140E-19  1.628E-20
1.169E+00  1.293E-26  4.012E-19  3.854E-19  1.585E-20
1.159E+00  1.238E-26  3.805E-19  3.651E-19  1.543E-20
1.148E+00  1.206E-26  3.674E-19  3.524E-19  1.502E-20
1.138E+00  1.198E-26  3.616E-19  3.470E-19  1.461E-20
1.127E+00  1.216E-26  3.637E-19  3.495E-19  1.421E-20
1.117E+00  1.265E-26  3.749E-19  3.611E-19  1.382E-20
1.107E+00  1.355E-26  3.979E-19  3.844E-19  1.343E-20
1.096E+00  1.502E-26  4.370E-19  4.239E-19  1.305E-20
1.086E+00  1.730E-26  4.985E-19  4.858E-19  1.268E-20
1.076E+00  2.060E-26  5.883E-19  5.760E-19  1.232E-20
1.067E+00  2.475E-26  7.002E-19  6.882E-19  1.196E-20
1.057E+00  2.806E-26  7.867E-19  7.751E-19  1.161E-20
1.047E+00  2.750E-26  7.639E-19  7.527E-19  1.126E-20
1.038E+00  2.281E-26  6.277E-19  6.167E-19  1.093E-20
1.028E+00  1.727E-26  4.709E-19  4.603E-19  1.060E-20
1.019E+00  1.297E-26  3.505E-19  3.403E-19  1.027E-20
1.009E+00  1.007E-26  2.695E-19  2.595E-19  9.955E-21
1.000E+00  8.138E-27  2.159E-19  2.062E-19  9.645E-21
