Dust emission spectrum from Draine,B.T., & Li, A. (2007), ApJ, in press [astro-ph/0608003]
==========================================================
         7 = grain model
 4.000E-08 4.000E-01 4.500E-05 = a_01 (cm) , sigma_1 , b_C1
 2.000E-07 5.500E-01 1.500E-05 = a_02 (cm) , sigma_2 , b_C2
 2.000E+01 2.000E+01 1.000E+00 = Umin , Umax, beta (dN/dU propto U^{-beta})
 2.000E+01 = <U>       mmp83 = radfield
 2.000E-06 1.000E+00 = a_{min} (cm), a_{max} (cm)
 5.624E-23 3.378E-23 2.246E-23 = P(tot)  P(carb)  P(sil) (erg s-1 H-1)
 band     <nu*P_nu> <j_nu(tot)><j_nu(carb)><j_nu(sil)>
 (um)   (erg s-1 H-1)(Jy/(sr*H))(Jy/(sr*H))(Jy/(sr*H))
1.270E+00  7.541E-73  2.540E-65  2.540E-65  1.342-128 COBE-DIRBE
2.220E+00  5.858E-73  3.450E-65  3.450E-65  9.516E-86 COBE-DIRBE
3.530E+00  3.103E-57  2.906E-49  2.906E-49  1.309E-57 COBE-DIRBE
4.880E+00  1.094E-48  1.416E-40  1.416E-40  2.793E-47 COBE-DIRBE
1.229E+01  1.399E-29  4.561E-21  4.439E-21  1.217E-22 COBE-DIRBE
2.079E+01  6.388E-26  3.523E-17  3.340E-17  1.831E-18 COBE-DIRBE
5.599E+01  3.682E-23  5.468E-14  4.065E-14  1.403E-14 COBE-DIRBE
9.770E+01  3.986E-23  1.033E-13  5.186E-14  5.143E-14 COBE-DIRBE
1.479E+02  2.093E-23  8.209E-14  3.391E-14  4.818E-14 COBE-DIRBE
2.479E+02  4.602E-24  3.026E-14  9.713E-15  2.054E-14 COBE-DIRBE
1.200E+01  1.188E-30  3.782E-22  3.738E-22  4.346E-24 IRAS
2.500E+01  3.582E-25  2.375E-16  2.264E-16  1.110E-17 IRAS
6.000E+01  3.855E-23  6.136E-14  4.359E-14  1.777E-14 IRAS
1.000E+02  3.895E-23  1.033E-13  5.089E-14  5.244E-14 IRAS
3.550E+00  3.095E-58  2.915E-50  2.915E-50  8.247E-59 SST-IRAC
4.493E+00  3.547E-50  4.227E-42  4.227E-42  4.365E-49 SST-IRAC
5.731E+00  1.208E-43  1.836E-35  1.836E-35  5.091E-41 SST-IRAC
7.872E+00  2.311E-36  4.827E-28  4.819E-28  8.005E-31 SST-IRAC
2.368E+01  1.873E-25  1.176E-16  1.118E-16  5.836E-18 SST-MIPS
7.142E+01  4.171E-23  7.901E-14  5.003E-14  2.898E-14 SST-MIPS
1.559E+02  1.709E-23  7.066E-14  2.810E-14  4.256E-14 SST-MIPS
1.600E+01  2.153E-26  9.140E-18  8.724E-18  4.161E-19 SST-IRSPU
2.200E+01  1.679E-25  9.800E-17  9.320E-17  4.794E-18 SST-IRSPU
7.500E+01  3.607E-23  7.176E-14  4.567E-14  2.609E-14 Herschel-PACS
1.100E+02  2.815E-23  8.215E-14  3.989E-14  4.226E-14 Herschel-PACS
1.700E+02  1.296E-23  5.846E-14  2.321E-14  3.525E-14 Herschel-PACS
2.500E+02  3.795E-24  2.516E-14  7.895E-15  1.727E-14 Herschel-SPIRE
3.600E+02  8.983E-25  8.578E-15  2.634E-15  5.945E-15 Herschel-SPIRE
5.200E+02  1.976E-25  2.726E-15  8.244E-16  1.901E-15 Herschel-SPIRE
2.400E+00  1.753E-50  1.116E-42  1.116E-42  2.909E-49 Akari IRC NIR N2
3.200E+00  1.384E-50  1.175E-42  1.175E-42  3.055E-49 Akari IRC NIR N3
4.100E+00  9.238E-49  1.005E-40  1.005E-40  2.639E-47 Akari IRC NIR N4
7.000E+00  2.491E-30  4.626E-22  4.384E-22  2.427E-23 Akari IRC MIR-S S7
9.000E+00  7.148E-31  1.707E-22  1.616E-22  9.076E-24 Akari IRC MIR-S S9W
1.100E+01  2.025E-30  5.909E-22  5.644E-22  2.644E-23 Akari IRC MIR-S S11
1.500E+01  2.188E-27  8.706E-19  8.258E-19  4.477E-20 Akari IRC MIR-L L15
1.800E+01  3.692E-26  1.763E-17  1.669E-17  9.383E-19 Akari IRC MIR-L L18W
2.400E+01  1.034E-25  6.584E-17  6.237E-17  3.469E-18 Akari IRC MIR-L L24
6.500E+01  4.414E-23  7.610E-14  5.091E-14  2.518E-14 Akari FIS N60
8.000E+01  4.244E-23  9.006E-14  4.985E-14  4.021E-14 Akari FIS WIDE-S
1.400E+02  2.085E-23  7.744E-14  3.193E-14  4.551E-14 Akari FIS WIDE-L
1.600E+02  1.588E-23  6.741E-14  2.593E-14  4.148E-14 Akari FIS N160






lambda    nu*dP/dnu     j_nu    j_nu(carb.) j_nu(sil)
 (um)    (erg/(s*H)) (Jy/(sr*H) (Jy/(sr*H)) (Jy/(sr*H)
1.000E+04  8.006E-31  2.124E-19  3.683E-20  1.755E-19
9.908E+03  8.300E-31  2.181E-19  3.793E-20  1.802E-19
9.817E+03  8.604E-31  2.241E-19  3.906E-20  1.850E-19
9.727E+03  8.919E-31  2.301E-19  4.022E-20  1.899E-19
9.638E+03  9.246E-31  2.364E-19  4.142E-20  1.950E-19
9.550E+03  9.585E-31  2.428E-19  4.266E-20  2.002E-19
9.462E+03  9.937E-31  2.494E-19  4.393E-20  2.055E-19
9.376E+03  1.030E-30  2.562E-19  4.524E-20  2.109E-19
9.290E+03  1.068E-30  2.631E-19  4.659E-20  2.165E-19
9.204E+03  1.107E-30  2.703E-19  4.798E-20  2.223E-19
9.120E+03  1.148E-30  2.776E-19  4.942E-20  2.282E-19
9.036E+03  1.190E-30  2.852E-19  5.090E-20  2.343E-19
8.954E+03  1.233E-30  2.929E-19  5.242E-20  2.405E-19
8.872E+03  1.278E-30  3.008E-19  5.399E-20  2.468E-19
8.790E+03  1.325E-30  3.089E-19  5.560E-20  2.533E-19
8.710E+03  1.373E-30  3.172E-19  5.727E-20  2.600E-19
8.630E+03  1.423E-30  3.258E-19  5.899E-20  2.668E-19
8.551E+03  1.475E-30  3.346E-19  6.075E-20  2.739E-19
8.472E+03  1.529E-30  3.437E-19  6.258E-20  2.811E-19
8.395E+03  1.585E-30  3.530E-19  6.445E-20  2.885E-19
8.318E+03  1.643E-30  3.626E-19  6.639E-20  2.962E-19
8.241E+03  1.704E-30  3.724E-19  6.838E-20  3.040E-19
8.166E+03  1.766E-30  3.825E-19  7.044E-20  3.121E-19
8.091E+03  1.831E-30  3.929E-19  7.256E-20  3.204E-19
8.017E+03  1.898E-30  4.036E-19  7.474E-20  3.289E-19
7.943E+03  1.968E-30  4.146E-19  7.699E-20  3.376E-19
7.870E+03  2.040E-30  4.259E-19  7.930E-20  3.466E-19
7.798E+03  2.115E-30  4.376E-19  8.169E-20  3.559E-19
7.727E+03  2.193E-30  4.495E-19  8.415E-20  3.654E-19
7.656E+03  2.274E-30  4.618E-19  8.669E-20  3.751E-19
7.586E+03  2.358E-30  4.744E-19  8.931E-20  3.851E-19
7.516E+03  2.445E-30  4.874E-19  9.200E-20  3.954E-19
7.447E+03  2.535E-30  5.008E-19  9.478E-20  4.060E-19
7.379E+03  2.629E-30  5.145E-19  9.764E-20  4.169E-19
7.311E+03  2.726E-30  5.286E-19  1.006E-19  4.280E-19
7.244E+03  2.827E-30  5.432E-19  1.036E-19  4.395E-19
7.178E+03  2.931E-30  5.581E-19  1.068E-19  4.513E-19
7.112E+03  3.040E-30  5.735E-19  1.100E-19  4.635E-19
7.047E+03  3.152E-30  5.893E-19  1.133E-19  4.759E-19
6.982E+03  3.269E-30  6.055E-19  1.168E-19  4.887E-19
6.918E+03  3.390E-30  6.221E-19  1.203E-19  5.018E-19
6.855E+03  3.516E-30  6.393E-19  1.240E-19  5.153E-19
6.792E+03  3.646E-30  6.569E-19  1.277E-19  5.292E-19
6.730E+03  3.781E-30  6.750E-19  1.316E-19  5.434E-19
6.668E+03  3.922E-30  6.937E-19  1.356E-19  5.581E-19
6.607E+03  4.067E-30  7.128E-19  1.397E-19  5.731E-19
6.546E+03  4.219E-30  7.325E-19  1.440E-19  5.886E-19
6.486E+03  4.375E-30  7.528E-19  1.483E-19  6.045E-19
6.427E+03  4.538E-30  7.737E-19  1.528E-19  6.208E-19
6.368E+03  4.707E-30  7.952E-19  1.575E-19  6.377E-19
6.310E+03  4.883E-30  8.172E-19  1.623E-19  6.549E-19
6.252E+03  5.065E-30  8.399E-19  1.672E-19  6.727E-19
6.194E+03  5.254E-30  8.633E-19  1.723E-19  6.910E-19
6.138E+03  5.450E-30  8.873E-19  1.776E-19  7.098E-19
6.081E+03  5.654E-30  9.121E-19  1.830E-19  7.291E-19
6.026E+03  5.866E-30  9.375E-19  1.886E-19  7.489E-19
5.970E+03  6.085E-30  9.637E-19  1.944E-19  7.693E-19
5.916E+03  6.313E-30  9.906E-19  2.003E-19  7.903E-19
5.861E+03  6.550E-30  1.018E-18  2.064E-19  8.119E-19
5.808E+03  6.795E-30  1.047E-18  2.128E-19  8.341E-19
5.754E+03  7.050E-30  1.076E-18  2.193E-19  8.569E-19
5.702E+03  7.315E-30  1.106E-18  2.260E-19  8.803E-19
5.649E+03  7.590E-30  1.137E-18  2.329E-19  9.045E-19
5.598E+03  7.875E-30  1.169E-18  2.400E-19  9.293E-19
5.546E+03  8.171E-30  1.202E-18  2.474E-19  9.548E-19
5.495E+03  8.479E-30  1.236E-18  2.550E-19  9.810E-19
5.445E+03  8.798E-30  1.271E-18  2.628E-19  1.008E-18
5.395E+03  9.130E-30  1.307E-18  2.709E-19  1.036E-18
5.346E+03  9.474E-30  1.343E-18  2.792E-19  1.064E-18
5.297E+03  9.832E-30  1.381E-18  2.878E-19  1.094E-18
5.248E+03  1.020E-29  1.420E-18  2.967E-19  1.124E-18
5.200E+03  1.059E-29  1.461E-18  3.058E-19  1.155E-18
5.152E+03  1.099E-29  1.502E-18  3.152E-19  1.187E-18
5.105E+03  1.140E-29  1.544E-18  3.249E-19  1.219E-18
5.058E+03  1.184E-29  1.588E-18  3.350E-19  1.253E-18
5.012E+03  1.228E-29  1.633E-18  3.453E-19  1.288E-18
4.966E+03  1.275E-29  1.680E-18  3.559E-19  1.324E-18
4.920E+03  1.323E-29  1.727E-18  3.669E-19  1.360E-18
4.875E+03  1.373E-29  1.776E-18  3.783E-19  1.398E-18
4.831E+03  1.426E-29  1.827E-18  3.900E-19  1.437E-18
4.786E+03  1.480E-29  1.879E-18  4.020E-19  1.477E-18
4.742E+03  1.536E-29  1.932E-18  4.144E-19  1.518E-18
4.699E+03  1.594E-29  1.987E-18  4.273E-19  1.560E-18
4.656E+03  1.655E-29  2.044E-18  4.405E-19  1.603E-18
4.613E+03  1.718E-29  2.102E-18  4.541E-19  1.648E-18
4.571E+03  1.784E-29  2.163E-18  4.682E-19  1.694E-18
4.529E+03  1.852E-29  2.224E-18  4.827E-19  1.742E-18
4.487E+03  1.922E-29  2.288E-18  4.977E-19  1.790E-18
4.446E+03  1.996E-29  2.354E-18  5.132E-19  1.841E-18
4.406E+03  2.072E-29  2.421E-18  5.291E-19  1.892E-18
4.365E+03  2.151E-29  2.491E-18  5.455E-19  1.945E-18
4.325E+03  2.233E-29  2.562E-18  5.625E-19  2.000E-18
4.285E+03  2.319E-29  2.636E-18  5.800E-19  2.056E-18
4.246E+03  2.408E-29  2.712E-18  5.980E-19  2.114E-18
4.207E+03  2.500E-29  2.790E-18  6.167E-19  2.174E-18
4.169E+03  2.596E-29  2.871E-18  6.359E-19  2.235E-18
4.130E+03  2.696E-29  2.954E-18  6.557E-19  2.298E-18
4.093E+03  2.799E-29  3.039E-18  6.761E-19  2.363E-18
4.055E+03  2.907E-29  3.127E-18  6.972E-19  2.430E-18
4.018E+03  3.019E-29  3.217E-18  7.190E-19  2.499E-18
3.981E+03  3.135E-29  3.311E-18  7.414E-19  2.569E-18
3.945E+03  3.256E-29  3.406E-18  7.646E-19  2.642E-18
3.908E+03  3.381E-29  3.505E-18  7.884E-19  2.717E-18
3.873E+03  3.511E-29  3.607E-18  8.131E-19  2.794E-18
3.837E+03  3.646E-29  3.711E-18  8.385E-19  2.873E-18
3.802E+03  3.787E-29  3.819E-18  8.648E-19  2.954E-18
3.767E+03  3.933E-29  3.930E-18  8.918E-19  3.038E-18
3.733E+03  4.085E-29  4.045E-18  9.198E-19  3.125E-18
3.698E+03  4.243E-29  4.163E-18  9.486E-19  3.214E-18
3.664E+03  4.407E-29  4.284E-18  9.783E-19  3.306E-18
3.631E+03  4.578E-29  4.409E-18  1.009E-18  3.400E-18
3.597E+03  4.756E-29  4.538E-18  1.041E-18  3.498E-18
3.565E+03  4.940E-29  4.671E-18  1.073E-18  3.598E-18
3.532E+03  5.132E-29  4.808E-18  1.107E-18  3.701E-18
3.499E+03  5.331E-29  4.949E-18  1.142E-18  3.807E-18
3.467E+03  5.539E-29  5.094E-18  1.178E-18  3.916E-18
3.436E+03  5.754E-29  5.244E-18  1.215E-18  4.029E-18
3.404E+03  5.978E-29  5.398E-18  1.253E-18  4.145E-18
3.373E+03  6.211E-29  5.557E-18  1.292E-18  4.265E-18
3.342E+03  6.453E-29  5.721E-18  1.333E-18  4.388E-18
3.311E+03  6.705E-29  5.890E-18  1.375E-18  4.515E-18
3.281E+03  6.967E-29  6.064E-18  1.418E-18  4.645E-18
3.251E+03  7.239E-29  6.243E-18  1.463E-18  4.780E-18
3.221E+03  7.523E-29  6.427E-18  1.509E-18  4.918E-18
3.192E+03  7.817E-29  6.618E-18  1.557E-18  5.061E-18
3.162E+03  8.123E-29  6.814E-18  1.606E-18  5.208E-18
3.133E+03  8.442E-29  7.016E-18  1.657E-18  5.360E-18
3.105E+03  8.773E-29  7.224E-18  1.709E-18  5.516E-18
3.076E+03  9.117E-29  7.439E-18  1.763E-18  5.676E-18
3.048E+03  9.475E-29  7.660E-18  1.819E-18  5.842E-18
3.020E+03  9.847E-29  7.888E-18  1.876E-18  6.012E-18
2.992E+03  1.023E-28  8.123E-18  1.935E-18  6.188E-18
2.965E+03  1.064E-28  8.365E-18  1.997E-18  6.368E-18
2.938E+03  1.105E-28  8.613E-18  2.060E-18  6.553E-18
2.911E+03  1.149E-28  8.869E-18  2.125E-18  6.744E-18
2.884E+03  1.194E-28  9.134E-18  2.192E-18  6.941E-18
2.858E+03  1.241E-28  9.406E-18  2.262E-18  7.144E-18
2.831E+03  1.290E-28  9.687E-18  2.334E-18  7.353E-18
2.805E+03  1.341E-28  9.976E-18  2.408E-18  7.569E-18
2.780E+03  1.393E-28  1.027E-17  2.484E-18  7.791E-18
2.754E+03  1.448E-28  1.058E-17  2.563E-18  8.019E-18
2.729E+03  1.506E-28  1.090E-17  2.644E-18  8.255E-18
2.704E+03  1.565E-28  1.123E-17  2.728E-18  8.498E-18
2.679E+03  1.627E-28  1.156E-17  2.815E-18  8.748E-18
2.655E+03  1.691E-28  1.191E-17  2.904E-18  9.006E-18
2.630E+03  1.758E-28  1.227E-17  2.996E-18  9.272E-18
2.606E+03  1.828E-28  1.264E-17  3.092E-18  9.546E-18
2.582E+03  1.901E-28  1.302E-17  3.190E-18  9.829E-18
2.559E+03  1.976E-28  1.341E-17  3.292E-18  1.012E-17
2.535E+03  2.055E-28  1.382E-17  3.396E-18  1.042E-17
2.512E+03  2.136E-28  1.423E-17  3.504E-18  1.073E-17
2.489E+03  2.221E-28  1.466E-17  3.616E-18  1.105E-17
2.466E+03  2.310E-28  1.511E-17  3.731E-18  1.138E-17
2.443E+03  2.402E-28  1.557E-17  3.850E-18  1.172E-17
2.421E+03  2.497E-28  1.604E-17  3.973E-18  1.206E-17
2.399E+03  2.597E-28  1.652E-17  4.100E-18  1.242E-17
2.377E+03  2.700E-28  1.703E-17  4.230E-18  1.280E-17
2.355E+03  2.808E-28  1.754E-17  4.365E-18  1.318E-17
2.333E+03  2.920E-28  1.808E-17  4.505E-18  1.357E-17
2.312E+03  3.037E-28  1.863E-17  4.648E-18  1.398E-17
2.291E+03  3.159E-28  1.919E-17  4.797E-18  1.440E-17
2.270E+03  3.285E-28  1.978E-17  4.950E-18  1.483E-17
2.249E+03  3.416E-28  2.038E-17  5.108E-18  1.527E-17
2.228E+03  3.553E-28  2.100E-17  5.271E-18  1.573E-17
2.208E+03  3.696E-28  2.165E-17  5.440E-18  1.621E-17
2.188E+03  3.844E-28  2.231E-17  5.614E-18  1.669E-17
2.168E+03  3.998E-28  2.299E-17  5.793E-18  1.720E-17
2.148E+03  4.159E-28  2.369E-17  5.978E-18  1.771E-17
2.128E+03  4.326E-28  2.442E-17  6.170E-18  1.825E-17
2.109E+03  4.499E-28  2.517E-17  6.367E-18  1.880E-17
2.089E+03  4.680E-28  2.594E-17  6.571E-18  1.937E-17
2.070E+03  4.868E-28  2.673E-17  6.781E-18  1.995E-17
2.051E+03  5.064E-28  2.755E-17  6.998E-18  2.056E-17
2.032E+03  5.268E-28  2.840E-17  7.223E-18  2.118E-17
2.014E+03  5.480E-28  2.927E-17  7.454E-18  2.182E-17
1.995E+03  5.701E-28  3.017E-17  7.693E-18  2.248E-17
1.977E+03  5.931E-28  3.110E-17  7.939E-18  2.316E-17
1.959E+03  6.169E-28  3.206E-17  8.194E-18  2.386E-17
1.941E+03  6.418E-28  3.304E-17  8.456E-18  2.459E-17
1.923E+03  6.677E-28  3.406E-17  8.728E-18  2.533E-17
1.905E+03  6.946E-28  3.511E-17  9.007E-18  2.610E-17
1.888E+03  7.227E-28  3.619E-17  9.296E-18  2.690E-17
1.871E+03  7.519E-28  3.731E-17  9.595E-18  2.771E-17
1.854E+03  7.822E-28  3.846E-17  9.902E-18  2.856E-17
1.837E+03  8.139E-28  3.965E-17  1.022E-17  2.943E-17
1.820E+03  8.468E-28  4.087E-17  1.055E-17  3.032E-17
1.803E+03  8.810E-28  4.214E-17  1.089E-17  3.125E-17
1.786E+03  9.167E-28  4.344E-17  1.124E-17  3.220E-17
1.770E+03  9.538E-28  4.478E-17  1.160E-17  3.319E-17
1.754E+03  9.924E-28  4.617E-17  1.197E-17  3.420E-17
1.738E+03  1.033E-27  4.760E-17  1.235E-17  3.524E-17
1.722E+03  1.074E-27  4.907E-17  1.275E-17  3.632E-17
1.706E+03  1.118E-27  5.059E-17  1.316E-17  3.743E-17
1.690E+03  1.163E-27  5.216E-17  1.358E-17  3.858E-17
1.675E+03  1.210E-27  5.378E-17  1.402E-17  3.976E-17
1.660E+03  1.260E-27  5.545E-17  1.447E-17  4.098E-17
1.644E+03  1.311E-27  5.717E-17  1.494E-17  4.223E-17
1.629E+03  1.364E-27  5.894E-17  1.542E-17  4.353E-17
1.614E+03  1.419E-27  6.077E-17  1.591E-17  4.486E-17
1.600E+03  1.477E-27  6.266E-17  1.642E-17  4.624E-17
1.585E+03  1.537E-27  6.461E-17  1.695E-17  4.766E-17
1.570E+03  1.599E-27  6.662E-17  1.750E-17  4.912E-17
1.556E+03  1.664E-27  6.869E-17  1.806E-17  5.063E-17
1.542E+03  1.732E-27  7.082E-17  1.864E-17  5.218E-17
1.528E+03  1.802E-27  7.302E-17  1.924E-17  5.378E-17
1.514E+03  1.875E-27  7.529E-17  1.986E-17  5.543E-17
1.500E+03  1.952E-27  7.763E-17  2.050E-17  5.714E-17
1.486E+03  2.031E-27  8.005E-17  2.116E-17  5.889E-17
1.472E+03  2.114E-27  8.254E-17  2.184E-17  6.071E-17
1.459E+03  2.200E-27  8.512E-17  2.254E-17  6.258E-17
1.445E+03  2.289E-27  8.777E-17  2.327E-17  6.450E-17
1.432E+03  2.382E-27  9.050E-17  2.401E-17  6.649E-17
1.419E+03  2.479E-27  9.333E-17  2.479E-17  6.854E-17
1.406E+03  2.580E-27  9.624E-17  2.558E-17  7.065E-17
1.393E+03  2.685E-27  9.924E-17  2.641E-17  7.283E-17
1.380E+03  2.795E-27  1.023E-16  2.726E-17  7.507E-17
1.368E+03  2.909E-27  1.055E-16  2.814E-17  7.739E-17
1.355E+03  3.027E-27  1.088E-16  2.904E-17  7.977E-17
1.343E+03  3.150E-27  1.122E-16  2.998E-17  8.223E-17
1.330E+03  3.279E-27  1.157E-16  3.094E-17  8.477E-17
1.318E+03  3.412E-27  1.193E-16  3.194E-17  8.738E-17
1.306E+03  3.551E-27  1.230E-16  3.296E-17  9.008E-17
1.294E+03  3.696E-27  1.269E-16  3.402E-17  9.285E-17
1.282E+03  3.846E-27  1.308E-16  3.512E-17  9.572E-17
1.271E+03  4.003E-27  1.349E-16  3.625E-17  9.867E-17
1.259E+03  4.166E-27  1.391E-16  3.742E-17  1.017E-16
1.247E+03  4.336E-27  1.435E-16  3.862E-17  1.048E-16
1.236E+03  4.512E-27  1.479E-16  3.986E-17  1.081E-16
1.225E+03  4.696E-27  1.525E-16  4.115E-17  1.114E-16
1.213E+03  4.887E-27  1.573E-16  4.247E-17  1.148E-16
1.202E+03  5.086E-27  1.622E-16  4.384E-17  1.184E-16
1.191E+03  5.293E-27  1.673E-16  4.525E-17  1.220E-16
1.180E+03  5.509E-27  1.725E-16  4.670E-17  1.258E-16
1.169E+03  5.733E-27  1.778E-16  4.820E-17  1.296E-16
1.159E+03  5.966E-27  1.834E-16  4.975E-17  1.336E-16
1.148E+03  6.209E-27  1.891E-16  5.135E-17  1.377E-16
1.138E+03  6.461E-27  1.950E-16  5.301E-17  1.420E-16
1.127E+03  6.724E-27  2.011E-16  5.471E-17  1.463E-16
1.117E+03  6.998E-27  2.073E-16  5.647E-17  1.508E-16
1.107E+03  7.282E-27  2.138E-16  5.828E-17  1.555E-16
1.096E+03  7.578E-27  2.204E-16  6.016E-17  1.602E-16
1.086E+03  7.886E-27  2.273E-16  6.209E-17  1.652E-16
1.076E+03  8.206E-27  2.343E-16  6.409E-17  1.702E-16
1.067E+03  8.539E-27  2.416E-16  6.615E-17  1.754E-16
1.057E+03  8.886E-27  2.491E-16  6.827E-17  1.808E-16
1.047E+03  9.246E-27  2.568E-16  7.047E-17  1.864E-16
1.038E+03  9.621E-27  2.648E-16  7.273E-17  1.921E-16
1.028E+03  1.001E-26  2.730E-16  7.507E-17  1.979E-16
1.019E+03  1.042E-26  2.815E-16  7.748E-17  2.040E-16
1.009E+03  1.084E-26  2.902E-16  7.996E-17  2.102E-16
1.000E+03  1.128E-26  2.992E-16  8.253E-17  2.166E-16
9.908E+02  1.174E-26  3.084E-16  8.518E-17  2.233E-16
9.817E+02  1.221E-26  3.180E-16  8.791E-17  2.301E-16
9.727E+02  1.271E-26  3.279E-16  9.073E-17  2.371E-16
9.638E+02  1.322E-26  3.380E-16  9.364E-17  2.444E-16
9.550E+02  1.376E-26  3.485E-16  9.665E-17  2.518E-16
9.462E+02  1.431E-26  3.592E-16  9.975E-17  2.595E-16
9.376E+02  1.489E-26  3.704E-16  1.029E-16  2.674E-16
9.290E+02  1.549E-26  3.818E-16  1.062E-16  2.756E-16
9.204E+02  1.612E-26  3.936E-16  1.096E-16  2.839E-16
9.120E+02  1.677E-26  4.057E-16  1.132E-16  2.926E-16
9.036E+02  1.745E-26  4.183E-16  1.168E-16  3.015E-16
8.954E+02  1.815E-26  4.311E-16  1.205E-16  3.106E-16
8.872E+02  1.888E-26  4.444E-16  1.244E-16  3.200E-16
8.790E+02  1.965E-26  4.581E-16  1.284E-16  3.297E-16
8.710E+02  2.044E-26  4.721E-16  1.325E-16  3.397E-16
8.630E+02  2.126E-26  4.866E-16  1.367E-16  3.499E-16
8.551E+02  2.211E-26  5.016E-16  1.411E-16  3.605E-16
8.472E+02  2.300E-26  5.169E-16  1.456E-16  3.713E-16
8.395E+02  2.392E-26  5.327E-16  1.503E-16  3.825E-16
8.318E+02  2.488E-26  5.490E-16  1.551E-16  3.940E-16
8.241E+02  2.588E-26  5.658E-16  1.600E-16  4.058E-16
8.166E+02  2.692E-26  5.831E-16  1.651E-16  4.180E-16
8.091E+02  2.800E-26  6.009E-16  1.704E-16  4.305E-16
8.017E+02  2.912E-26  6.192E-16  1.758E-16  4.433E-16
7.943E+02  3.028E-26  6.380E-16  1.814E-16  4.565E-16
7.870E+02  3.149E-26  6.574E-16  1.872E-16  4.702E-16
7.798E+02  3.275E-26  6.774E-16  1.932E-16  4.842E-16
7.727E+02  3.405E-26  6.979E-16  1.994E-16  4.986E-16
7.656E+02  3.541E-26  7.191E-16  2.057E-16  5.134E-16
7.586E+02  3.682E-26  7.409E-16  2.123E-16  5.286E-16
7.516E+02  3.829E-26  7.633E-16  2.190E-16  5.443E-16
7.447E+02  3.981E-26  7.865E-16  2.260E-16  5.605E-16
7.379E+02  4.140E-26  8.103E-16  2.332E-16  5.771E-16
7.311E+02  4.305E-26  8.349E-16  2.406E-16  5.943E-16
7.244E+02  4.477E-26  8.602E-16  2.482E-16  6.120E-16
7.178E+02  4.655E-26  8.863E-16  2.561E-16  6.302E-16
7.112E+02  4.840E-26  9.132E-16  2.643E-16  6.489E-16
7.047E+02  5.033E-26  9.409E-16  2.727E-16  6.682E-16
6.982E+02  5.234E-26  9.694E-16  2.813E-16  6.881E-16
6.918E+02  5.442E-26  9.987E-16  2.902E-16  7.085E-16
6.855E+02  5.659E-26  1.029E-15  2.994E-16  7.295E-16
6.792E+02  5.884E-26  1.060E-15  3.089E-16  7.512E-16
6.730E+02  6.118E-26  1.092E-15  3.187E-16  7.734E-16
6.668E+02  6.360E-26  1.125E-15  3.288E-16  7.962E-16
6.607E+02  6.613E-26  1.159E-15  3.392E-16  8.197E-16
6.546E+02  6.876E-26  1.194E-15  3.499E-16  8.440E-16
6.486E+02  7.150E-26  1.230E-15  3.610E-16  8.692E-16
6.427E+02  7.435E-26  1.267E-15  3.724E-16  8.950E-16
6.368E+02  7.731E-26  1.306E-15  3.842E-16  9.217E-16
6.310E+02  8.039E-26  1.345E-15  3.963E-16  9.492E-16
6.252E+02  8.359E-26  1.386E-15  4.088E-16  9.774E-16
6.194E+02  8.692E-26  1.428E-15  4.217E-16  1.007E-15
6.138E+02  9.039E-26  1.472E-15  4.350E-16  1.037E-15
6.081E+02  9.399E-26  1.516E-15  4.487E-16  1.067E-15
6.026E+02  9.773E-26  1.562E-15  4.628E-16  1.099E-15
5.970E+02  1.016E-25  1.609E-15  4.774E-16  1.132E-15
5.916E+02  1.057E-25  1.658E-15  4.924E-16  1.166E-15
5.861E+02  1.099E-25  1.708E-15  5.078E-16  1.201E-15
5.808E+02  1.143E-25  1.760E-15  5.238E-16  1.236E-15
5.754E+02  1.188E-25  1.813E-15  5.402E-16  1.273E-15
5.702E+02  1.235E-25  1.868E-15  5.571E-16  1.311E-15
5.649E+02  1.285E-25  1.925E-15  5.746E-16  1.350E-15
5.598E+02  1.336E-25  1.983E-15  5.926E-16  1.391E-15
5.546E+02  1.389E-25  2.043E-15  6.111E-16  1.432E-15
5.495E+02  1.444E-25  2.105E-15  6.302E-16  1.475E-15
5.445E+02  1.502E-25  2.169E-15  6.499E-16  1.519E-15
5.395E+02  1.561E-25  2.235E-15  6.702E-16  1.564E-15
5.346E+02  1.624E-25  2.302E-15  6.911E-16  1.611E-15
5.297E+02  1.688E-25  2.372E-15  7.126E-16  1.659E-15
5.248E+02  1.755E-25  2.444E-15  7.348E-16  1.709E-15
5.200E+02  1.825E-25  2.518E-15  7.577E-16  1.760E-15
5.152E+02  1.898E-25  2.594E-15  7.812E-16  1.813E-15
5.105E+02  1.973E-25  2.672E-15  8.055E-16  1.867E-15
5.058E+02  2.052E-25  2.753E-15  8.305E-16  1.922E-15
5.012E+02  2.133E-25  2.836E-15  8.562E-16  1.980E-15
4.966E+02  2.218E-25  2.922E-15  8.827E-16  2.039E-15
4.920E+02  2.306E-25  3.010E-15  9.101E-16  2.100E-15
4.875E+02  2.398E-25  3.101E-15  9.382E-16  2.163E-15
4.831E+02  2.493E-25  3.194E-15  9.672E-16  2.227E-15
4.786E+02  2.592E-25  3.291E-15  9.970E-16  2.294E-15
4.742E+02  2.695E-25  3.390E-15  1.028E-15  2.362E-15
4.699E+02  2.802E-25  3.492E-15  1.059E-15  2.433E-15
4.656E+02  2.913E-25  3.597E-15  1.092E-15  2.505E-15
4.613E+02  3.028E-25  3.705E-15  1.126E-15  2.580E-15
4.571E+02  3.148E-25  3.817E-15  1.160E-15  2.657E-15
4.529E+02  3.273E-25  3.931E-15  1.196E-15  2.736E-15
4.487E+02  3.402E-25  4.050E-15  1.232E-15  2.817E-15
4.446E+02  3.537E-25  4.171E-15  1.270E-15  2.901E-15
4.406E+02  3.676E-25  4.296E-15  1.309E-15  2.987E-15
4.365E+02  3.821E-25  4.425E-15  1.349E-15  3.076E-15
4.325E+02  3.972E-25  4.557E-15  1.390E-15  3.167E-15
4.285E+02  4.129E-25  4.694E-15  1.432E-15  3.262E-15
4.246E+02  4.292E-25  4.834E-15  1.476E-15  3.358E-15
4.207E+02  4.461E-25  4.979E-15  1.521E-15  3.458E-15
4.169E+02  4.637E-25  5.127E-15  1.567E-15  3.561E-15
4.130E+02  4.819E-25  5.280E-15  1.614E-15  3.666E-15
4.093E+02  5.009E-25  5.438E-15  1.663E-15  3.775E-15
4.055E+02  5.206E-25  5.600E-15  1.713E-15  3.887E-15
4.018E+02  5.411E-25  5.767E-15  1.765E-15  4.002E-15
3.981E+02  5.623E-25  5.938E-15  1.818E-15  4.120E-15
3.945E+02  5.844E-25  6.115E-15  1.873E-15  4.242E-15
3.908E+02  6.074E-25  6.297E-15  1.929E-15  4.368E-15
3.873E+02  6.312E-25  6.484E-15  1.987E-15  4.497E-15
3.837E+02  6.559E-25  6.676E-15  2.046E-15  4.630E-15
3.802E+02  6.816E-25  6.874E-15  2.107E-15  4.767E-15
3.767E+02  7.083E-25  7.078E-15  2.170E-15  4.907E-15
3.733E+02  7.360E-25  7.287E-15  2.235E-15  5.052E-15
3.698E+02  7.648E-25  7.502E-15  2.302E-15  5.201E-15
3.664E+02  7.946E-25  7.724E-15  2.370E-15  5.354E-15
3.631E+02  8.256E-25  7.951E-15  2.440E-15  5.511E-15
3.597E+02  8.578E-25  8.185E-15  2.512E-15  5.673E-15
3.565E+02  8.912E-25  8.426E-15  2.587E-15  5.839E-15
3.532E+02  9.258E-25  8.673E-15  2.663E-15  6.010E-15
3.499E+02  9.618E-25  8.928E-15  2.741E-15  6.186E-15
3.467E+02  9.991E-25  9.189E-15  2.822E-15  6.367E-15
3.436E+02  1.038E-24  9.458E-15  2.905E-15  6.553E-15
3.404E+02  1.078E-24  9.734E-15  2.990E-15  6.744E-15
3.373E+02  1.120E-24  1.002E-14  3.077E-15  6.940E-15
3.342E+02  1.163E-24  1.031E-14  3.167E-15  7.142E-15
3.311E+02  1.208E-24  1.061E-14  3.259E-15  7.349E-15
3.281E+02  1.254E-24  1.092E-14  3.354E-15  7.562E-15
3.251E+02  1.303E-24  1.123E-14  3.451E-15  7.781E-15
3.221E+02  1.353E-24  1.156E-14  3.551E-15  8.005E-15
3.192E+02  1.404E-24  1.189E-14  3.654E-15  8.236E-15
3.162E+02  1.458E-24  1.223E-14  3.759E-15  8.473E-15
3.133E+02  1.514E-24  1.258E-14  3.867E-15  8.716E-15
3.105E+02  1.572E-24  1.294E-14  3.978E-15  8.966E-15
3.076E+02  1.632E-24  1.331E-14  4.092E-15  9.222E-15
3.048E+02  1.694E-24  1.369E-14  4.209E-15  9.486E-15
3.020E+02  1.758E-24  1.408E-14  4.329E-15  9.756E-15
2.992E+02  1.825E-24  1.448E-14  4.452E-15  1.003E-14
2.965E+02  1.894E-24  1.490E-14  4.578E-15  1.032E-14
2.938E+02  1.966E-24  1.532E-14  4.708E-15  1.061E-14
2.911E+02  2.040E-24  1.575E-14  4.841E-15  1.091E-14
2.884E+02  2.117E-24  1.619E-14  4.977E-15  1.122E-14
2.858E+02  2.196E-24  1.665E-14  5.117E-15  1.153E-14
2.831E+02  2.279E-24  1.711E-14  5.260E-15  1.185E-14
2.805E+02  2.364E-24  1.759E-14  5.407E-15  1.218E-14
2.780E+02  2.452E-24  1.808E-14  5.558E-15  1.252E-14
2.754E+02  2.544E-24  1.858E-14  5.712E-15  1.287E-14
2.729E+02  2.639E-24  1.910E-14  5.871E-15  1.323E-14
2.704E+02  2.737E-24  1.963E-14  6.033E-15  1.360E-14
2.679E+02  2.839E-24  2.017E-14  6.199E-15  1.397E-14
2.655E+02  2.944E-24  2.073E-14  6.370E-15  1.436E-14
2.630E+02  3.053E-24  2.130E-14  6.545E-15  1.476E-14
2.606E+02  3.166E-24  2.189E-14  6.724E-15  1.516E-14
2.582E+02  3.283E-24  2.249E-14  6.907E-15  1.558E-14
2.559E+02  3.403E-24  2.310E-14  7.095E-15  1.600E-14
2.535E+02  3.527E-24  2.372E-14  7.287E-15  1.643E-14
2.512E+02  3.655E-24  2.435E-14  7.484E-15  1.687E-14
2.489E+02  3.784E-24  2.498E-14  7.686E-15  1.730E-14
2.466E+02  3.916E-24  2.562E-14  7.892E-15  1.773E-14
2.443E+02  4.051E-24  2.626E-14  8.104E-15  1.815E-14
2.421E+02  4.190E-24  2.691E-14  8.320E-15  1.859E-14
2.399E+02  4.332E-24  2.756E-14  8.542E-15  1.902E-14
2.377E+02  4.476E-24  2.822E-14  8.769E-15  1.945E-14
2.355E+02  4.624E-24  2.889E-14  9.001E-15  1.989E-14
2.333E+02  4.776E-24  2.956E-14  9.238E-15  2.033E-14
2.312E+02  4.933E-24  3.025E-14  9.481E-15  2.077E-14
2.291E+02  5.094E-24  3.096E-14  9.730E-15  2.123E-14
2.270E+02  5.260E-24  3.167E-14  9.984E-15  2.169E-14
2.249E+02  5.431E-24  3.240E-14  1.024E-14  2.215E-14
2.228E+02  5.606E-24  3.314E-14  1.051E-14  2.263E-14
2.208E+02  5.786E-24  3.389E-14  1.078E-14  2.311E-14
2.188E+02  5.971E-24  3.465E-14  1.106E-14  2.359E-14
2.168E+02  6.162E-24  3.543E-14  1.135E-14  2.408E-14
2.148E+02  6.357E-24  3.622E-14  1.164E-14  2.458E-14
2.128E+02  6.557E-24  3.702E-14  1.193E-14  2.508E-14
2.109E+02  6.763E-24  3.783E-14  1.224E-14  2.559E-14
2.089E+02  6.975E-24  3.865E-14  1.255E-14  2.610E-14
2.070E+02  7.191E-24  3.949E-14  1.287E-14  2.662E-14
2.051E+02  7.414E-24  4.034E-14  1.319E-14  2.714E-14
2.032E+02  7.642E-24  4.120E-14  1.353E-14  2.767E-14
2.014E+02  7.876E-24  4.207E-14  1.387E-14  2.820E-14
1.995E+02  8.116E-24  4.295E-14  1.421E-14  2.874E-14
1.977E+02  8.362E-24  4.385E-14  1.457E-14  2.928E-14
1.959E+02  8.614E-24  4.476E-14  1.493E-14  2.982E-14
1.941E+02  8.872E-24  4.568E-14  1.531E-14  3.037E-14
1.923E+02  9.137E-24  4.661E-14  1.569E-14  3.092E-14
1.905E+02  9.408E-24  4.755E-14  1.608E-14  3.148E-14
1.888E+02  9.686E-24  4.851E-14  1.647E-14  3.203E-14
1.871E+02  9.971E-24  4.948E-14  1.688E-14  3.259E-14
1.854E+02  1.026E-23  5.046E-14  1.730E-14  3.316E-14
1.837E+02  1.056E-23  5.145E-14  1.773E-14  3.372E-14
1.820E+02  1.087E-23  5.245E-14  1.817E-14  3.429E-14
1.803E+02  1.118E-23  5.347E-14  1.861E-14  3.485E-14
1.786E+02  1.150E-23  5.450E-14  1.907E-14  3.542E-14
1.770E+02  1.183E-23  5.554E-14  1.955E-14  3.599E-14
1.754E+02  1.216E-23  5.660E-14  2.003E-14  3.656E-14
1.738E+02  1.251E-23  5.766E-14  2.053E-14  3.713E-14
1.722E+02  1.286E-23  5.874E-14  2.104E-14  3.770E-14
1.706E+02  1.322E-23  5.984E-14  2.157E-14  3.827E-14
1.690E+02  1.359E-23  6.095E-14  2.211E-14  3.884E-14
1.675E+02  1.397E-23  6.208E-14  2.267E-14  3.941E-14
1.660E+02  1.436E-23  6.322E-14  2.325E-14  3.997E-14
1.644E+02  1.476E-23  6.438E-14  2.385E-14  4.053E-14
1.629E+02  1.517E-23  6.556E-14  2.446E-14  4.109E-14
1.614E+02  1.559E-23  6.676E-14  2.511E-14  4.165E-14
1.600E+02  1.602E-23  6.797E-14  2.577E-14  4.221E-14
1.585E+02  1.646E-23  6.922E-14  2.646E-14  4.275E-14
1.570E+02  1.692E-23  7.048E-14  2.718E-14  4.330E-14
1.556E+02  1.739E-23  7.177E-14  2.793E-14  4.384E-14
1.542E+02  1.787E-23  7.308E-14  2.871E-14  4.438E-14
1.528E+02  1.837E-23  7.443E-14  2.952E-14  4.491E-14
1.514E+02  1.888E-23  7.580E-14  3.037E-14  4.543E-14
1.500E+02  1.941E-23  7.719E-14  3.125E-14  4.594E-14
1.486E+02  1.995E-23  7.862E-14  3.216E-14  4.646E-14
1.472E+02  2.050E-23  8.005E-14  3.309E-14  4.696E-14
1.459E+02  2.106E-23  8.149E-14  3.404E-14  4.745E-14
1.445E+02  2.162E-23  8.291E-14  3.497E-14  4.794E-14
1.432E+02  2.219E-23  8.429E-14  3.588E-14  4.842E-14
1.419E+02  2.274E-23  8.560E-14  3.671E-14  4.888E-14
1.406E+02  2.327E-23  8.679E-14  3.745E-14  4.934E-14
1.393E+02  2.377E-23  8.785E-14  3.807E-14  4.978E-14
1.380E+02  2.424E-23  8.876E-14  3.855E-14  5.022E-14
1.368E+02  2.468E-23  8.953E-14  3.889E-14  5.064E-14
1.355E+02  2.509E-23  9.017E-14  3.912E-14  5.105E-14
1.343E+02  2.547E-23  9.072E-14  3.928E-14  5.145E-14
1.330E+02  2.584E-23  9.121E-14  3.938E-14  5.183E-14
1.318E+02  2.621E-23  9.166E-14  3.947E-14  5.219E-14
1.306E+02  2.658E-23  9.211E-14  3.956E-14  5.255E-14
1.294E+02  2.696E-23  9.255E-14  3.967E-14  5.288E-14
1.282E+02  2.734E-23  9.300E-14  3.980E-14  5.320E-14
1.271E+02  2.773E-23  9.346E-14  3.995E-14  5.350E-14
1.259E+02  2.813E-23  9.393E-14  4.014E-14  5.379E-14
1.247E+02  2.854E-23  9.442E-14  4.036E-14  5.406E-14
1.236E+02  2.895E-23  9.492E-14  4.060E-14  5.431E-14
1.225E+02  2.938E-23  9.543E-14  4.088E-14  5.455E-14
1.213E+02  2.981E-23  9.594E-14  4.118E-14  5.476E-14
1.202E+02  3.025E-23  9.646E-14  4.150E-14  5.496E-14
1.191E+02  3.069E-23  9.698E-14  4.185E-14  5.514E-14
1.180E+02  3.114E-23  9.750E-14  4.220E-14  5.530E-14
1.169E+02  3.159E-23  9.800E-14  4.258E-14  5.543E-14
1.159E+02  3.205E-23  9.850E-14  4.296E-14  5.554E-14
1.148E+02  3.250E-23  9.900E-14  4.336E-14  5.563E-14
1.138E+02  3.297E-23  9.948E-14  4.378E-14  5.570E-14
1.127E+02  3.343E-23  9.995E-14  4.420E-14  5.575E-14
1.117E+02  3.390E-23  1.004E-13  4.463E-14  5.579E-14
1.107E+02  3.436E-23  1.009E-13  4.507E-14  5.580E-14
1.096E+02  3.483E-23  1.013E-13  4.552E-14  5.579E-14
1.086E+02  3.530E-23  1.017E-13  4.597E-14  5.576E-14
1.076E+02  3.577E-23  1.021E-13  4.642E-14  5.571E-14
1.067E+02  3.623E-23  1.025E-13  4.688E-14  5.563E-14
1.057E+02  3.669E-23  1.029E-13  4.733E-14  5.553E-14
1.047E+02  3.716E-23  1.032E-13  4.779E-14  5.541E-14
1.038E+02  3.761E-23  1.035E-13  4.825E-14  5.527E-14
1.028E+02  3.807E-23  1.038E-13  4.870E-14  5.510E-14
1.019E+02  3.851E-23  1.041E-13  4.915E-14  5.491E-14
1.009E+02  3.896E-23  1.043E-13  4.960E-14  5.469E-14
1.000E+02  3.939E-23  1.045E-13  5.004E-14  5.445E-14
9.908E+01  3.982E-23  1.047E-13  5.047E-14  5.419E-14
9.817E+01  4.024E-23  1.048E-13  5.089E-14  5.391E-14
9.727E+01  4.065E-23  1.049E-13  5.130E-14  5.360E-14
9.638E+01  4.106E-23  1.050E-13  5.170E-14  5.328E-14
9.550E+01  4.145E-23  1.050E-13  5.208E-14  5.293E-14
9.462E+01  4.184E-23  1.050E-13  5.246E-14  5.255E-14
9.376E+01  4.221E-23  1.050E-13  5.282E-14  5.216E-14
9.290E+01  4.258E-23  1.049E-13  5.317E-14  5.175E-14
9.204E+01  4.293E-23  1.048E-13  5.350E-14  5.131E-14
9.120E+01  4.327E-23  1.047E-13  5.382E-14  5.085E-14
9.036E+01  4.360E-23  1.045E-13  5.413E-14  5.037E-14
8.954E+01  4.391E-23  1.043E-13  5.442E-14  4.988E-14
8.872E+01  4.422E-23  1.041E-13  5.470E-14  4.936E-14
8.790E+01  4.451E-23  1.038E-13  5.497E-14  4.883E-14
8.710E+01  4.480E-23  1.035E-13  5.522E-14  4.827E-14
8.630E+01  4.507E-23  1.032E-13  5.546E-14  4.771E-14
8.551E+01  4.532E-23  1.028E-13  5.568E-14  4.712E-14
8.472E+01  4.556E-23  1.024E-13  5.588E-14  4.651E-14
8.395E+01  4.579E-23  1.020E-13  5.607E-14  4.589E-14
8.318E+01  4.600E-23  1.015E-13  5.624E-14  4.525E-14
8.241E+01  4.620E-23  1.010E-13  5.639E-14  4.459E-14
8.166E+01  4.638E-23  1.005E-13  5.653E-14  4.393E-14
8.091E+01  4.654E-23  9.989E-14  5.664E-14  4.325E-14
8.017E+01  4.669E-23  9.930E-14  5.673E-14  4.256E-14
7.943E+01  4.683E-23  9.866E-14  5.681E-14  4.186E-14
7.870E+01  4.694E-23  9.800E-14  5.686E-14  4.114E-14
7.798E+01  4.704E-23  9.730E-14  5.688E-14  4.041E-14
7.727E+01  4.711E-23  9.657E-14  5.689E-14  3.968E-14
7.656E+01  4.718E-23  9.581E-14  5.687E-14  3.894E-14
7.586E+01  4.722E-23  9.502E-14  5.683E-14  3.819E-14
7.516E+01  4.724E-23  9.419E-14  5.676E-14  3.743E-14
7.447E+01  4.725E-23  9.334E-14  5.667E-14  3.667E-14
7.379E+01  4.724E-23  9.246E-14  5.656E-14  3.590E-14
7.311E+01  4.721E-23  9.155E-14  5.643E-14  3.512E-14
7.244E+01  4.715E-23  9.061E-14  5.628E-14  3.433E-14
7.178E+01  4.708E-23  8.965E-14  5.610E-14  3.355E-14
7.112E+01  4.699E-23  8.866E-14  5.590E-14  3.276E-14
7.047E+01  4.689E-23  8.765E-14  5.568E-14  3.197E-14
6.982E+01  4.677E-23  8.663E-14  5.543E-14  3.120E-14
6.918E+01  4.663E-23  8.558E-14  5.516E-14  3.041E-14
6.855E+01  4.647E-23  8.450E-14  5.487E-14  2.962E-14
6.792E+01  4.629E-23  8.340E-14  5.456E-14  2.884E-14
6.730E+01  4.609E-23  8.228E-14  5.423E-14  2.805E-14
6.668E+01  4.588E-23  8.115E-14  5.388E-14  2.727E-14
6.607E+01  4.565E-23  8.001E-14  5.351E-14  2.650E-14
6.546E+01  4.540E-23  7.884E-14  5.311E-14  2.573E-14
6.486E+01  4.514E-23  7.766E-14  5.270E-14  2.497E-14
6.427E+01  4.486E-23  7.647E-14  5.226E-14  2.421E-14
6.368E+01  4.456E-23  7.526E-14  5.181E-14  2.345E-14
6.310E+01  4.424E-23  7.405E-14  5.134E-14  2.271E-14
6.252E+01  4.392E-23  7.283E-14  5.085E-14  2.198E-14
6.194E+01  4.357E-23  7.160E-14  5.034E-14  2.125E-14
6.138E+01  4.322E-23  7.036E-14  4.982E-14  2.054E-14
6.081E+01  4.284E-23  6.911E-14  4.928E-14  1.983E-14
6.026E+01  4.245E-23  6.786E-14  4.872E-14  1.914E-14
5.970E+01  4.205E-23  6.660E-14  4.814E-14  1.845E-14
5.916E+01  4.164E-23  6.534E-14  4.756E-14  1.778E-14
5.861E+01  4.121E-23  6.407E-14  4.696E-14  1.711E-14
5.808E+01  4.077E-23  6.280E-14  4.634E-14  1.646E-14
5.754E+01  4.031E-23  6.154E-14  4.571E-14  1.582E-14
5.702E+01  3.985E-23  6.027E-14  4.507E-14  1.520E-14
5.649E+01  3.938E-23  5.901E-14  4.442E-14  1.458E-14
5.598E+01  3.889E-23  5.775E-14  4.376E-14  1.399E-14
5.546E+01  3.840E-23  5.649E-14  4.309E-14  1.340E-14
5.495E+01  3.790E-23  5.524E-14  4.241E-14  1.283E-14
5.445E+01  3.738E-23  5.400E-14  4.172E-14  1.228E-14
5.395E+01  3.686E-23  5.276E-14  4.102E-14  1.174E-14
5.346E+01  3.634E-23  5.153E-14  4.031E-14  1.122E-14
5.297E+01  3.580E-23  5.030E-14  3.960E-14  1.070E-14
5.248E+01  3.526E-23  4.909E-14  3.888E-14  1.021E-14
5.200E+01  3.472E-23  4.788E-14  3.816E-14  9.727E-15
5.152E+01  3.416E-23  4.669E-14  3.743E-14  9.261E-15
5.105E+01  3.360E-23  4.550E-14  3.670E-14  8.809E-15
5.058E+01  3.304E-23  4.433E-14  3.596E-14  8.371E-15
5.012E+01  3.247E-23  4.317E-14  3.522E-14  7.948E-15
4.966E+01  3.190E-23  4.202E-14  3.448E-14  7.540E-15
4.920E+01  3.132E-23  4.088E-14  3.373E-14  7.146E-15
4.875E+01  3.074E-23  3.975E-14  3.298E-14  6.767E-15
4.831E+01  3.016E-23  3.864E-14  3.224E-14  6.403E-15
4.786E+01  2.957E-23  3.754E-14  3.149E-14  6.052E-15
4.742E+01  2.899E-23  3.646E-14  3.075E-14  5.716E-15
4.699E+01  2.840E-23  3.540E-14  3.000E-14  5.393E-15
4.656E+01  2.781E-23  3.434E-14  2.926E-14  5.084E-15
4.613E+01  2.722E-23  3.331E-14  2.852E-14  4.788E-15
4.571E+01  2.663E-23  3.228E-14  2.778E-14  4.506E-15
4.529E+01  2.604E-23  3.128E-14  2.704E-14  4.236E-15
4.487E+01  2.544E-23  3.029E-14  2.631E-14  3.978E-15
4.446E+01  2.485E-23  2.931E-14  2.558E-14  3.733E-15
4.406E+01  2.426E-23  2.835E-14  2.485E-14  3.500E-15
4.365E+01  2.367E-23  2.740E-14  2.412E-14  3.278E-15
4.325E+01  2.307E-23  2.647E-14  2.340E-14  3.067E-15
4.285E+01  2.248E-23  2.555E-14  2.269E-14  2.867E-15
4.246E+01  2.189E-23  2.465E-14  2.197E-14  2.677E-15
4.207E+01  2.129E-23  2.376E-14  2.127E-14  2.497E-15
4.169E+01  2.070E-23  2.289E-14  2.056E-14  2.327E-15
4.130E+01  2.010E-23  2.203E-14  1.986E-14  2.166E-15
4.093E+01  1.951E-23  2.118E-14  1.917E-14  2.014E-15
4.055E+01  1.891E-23  2.035E-14  1.848E-14  1.870E-15
4.018E+01  1.832E-23  1.953E-14  1.779E-14  1.735E-15
3.981E+01  1.773E-23  1.872E-14  1.711E-14  1.608E-15
3.945E+01  1.713E-23  1.793E-14  1.644E-14  1.489E-15
3.908E+01  1.654E-23  1.714E-14  1.577E-14  1.377E-15
3.873E+01  1.594E-23  1.638E-14  1.511E-14  1.272E-15
3.837E+01  1.535E-23  1.563E-14  1.445E-14  1.173E-15
3.802E+01  1.476E-23  1.489E-14  1.380E-14  1.081E-15
3.767E+01  1.417E-23  1.416E-14  1.316E-14  9.955E-16
3.733E+01  1.358E-23  1.345E-14  1.253E-14  9.149E-16
3.698E+01  1.300E-23  1.275E-14  1.191E-14  8.398E-16
3.664E+01  1.241E-23  1.207E-14  1.130E-14  7.700E-16
3.631E+01  1.184E-23  1.140E-14  1.069E-14  7.053E-16
3.597E+01  1.126E-23  1.075E-14  1.010E-14  6.453E-16
3.565E+01  1.070E-23  1.011E-14  9.524E-15  5.897E-16
3.532E+01  1.014E-23  9.495E-15  8.957E-15  5.384E-16
3.499E+01  9.583E-24  8.895E-15  8.404E-15  4.910E-16
3.467E+01  9.039E-24  8.313E-15  7.866E-15  4.472E-16
3.436E+01  8.505E-24  7.751E-15  7.344E-15  4.069E-16
3.404E+01  7.983E-24  7.208E-15  6.839E-15  3.698E-16
3.373E+01  7.474E-24  6.686E-15  6.351E-15  3.358E-16
3.342E+01  6.978E-24  6.186E-15  5.881E-15  3.045E-16
3.311E+01  6.498E-24  5.707E-15  5.431E-15  2.760E-16
3.281E+01  6.034E-24  5.251E-15  5.001E-15  2.498E-16
3.251E+01  5.587E-24  4.818E-15  4.592E-15  2.259E-16
3.221E+01  5.159E-24  4.408E-15  4.204E-15  2.040E-16
3.192E+01  4.749E-24  4.021E-15  3.837E-15  1.840E-16
3.162E+01  4.360E-24  3.657E-15  3.491E-15  1.658E-16
3.133E+01  3.991E-24  3.317E-15  3.168E-15  1.492E-16
3.105E+01  3.643E-24  3.000E-15  2.866E-15  1.341E-16
3.076E+01  3.315E-24  2.705E-15  2.585E-15  1.204E-16
3.048E+01  3.009E-24  2.433E-15  2.325E-15  1.080E-16
3.020E+01  2.723E-24  2.182E-15  2.085E-15  9.672E-17
2.992E+01  2.458E-24  1.951E-15  1.865E-15  8.651E-17
2.965E+01  2.213E-24  1.740E-15  1.663E-15  7.725E-17
2.938E+01  1.987E-24  1.548E-15  1.479E-15  6.890E-17
2.911E+01  1.779E-24  1.374E-15  1.313E-15  6.137E-17
2.884E+01  1.590E-24  1.216E-15  1.162E-15  5.459E-17
2.858E+01  1.417E-24  1.074E-15  1.026E-15  4.850E-17
2.831E+01  1.260E-24  9.465E-16  9.035E-16  4.303E-17
2.805E+01  1.118E-24  8.322E-16  7.941E-16  3.812E-17
2.780E+01  9.903E-25  7.302E-16  6.965E-16  3.373E-17
2.754E+01  8.752E-25  6.394E-16  6.096E-16  2.981E-17
2.729E+01  7.719E-25  5.588E-16  5.325E-16  2.631E-17
2.704E+01  6.796E-25  4.874E-16  4.642E-16  2.319E-17
2.679E+01  5.972E-25  4.244E-16  4.040E-16  2.041E-17
2.655E+01  5.240E-25  3.690E-16  3.510E-16  1.794E-17
2.630E+01  4.590E-25  3.202E-16  3.045E-16  1.574E-17
2.606E+01  4.014E-25  2.775E-16  2.637E-16  1.380E-17
2.582E+01  3.505E-25  2.401E-16  2.280E-16  1.207E-17
2.559E+01  3.056E-25  2.074E-16  1.969E-16  1.055E-17
2.535E+01  2.661E-25  1.790E-16  1.697E-16  9.209E-18
2.512E+01  2.314E-25  1.542E-16  1.462E-16  8.025E-18
2.489E+01  2.010E-25  1.327E-16  1.257E-16  6.982E-18
2.466E+01  1.743E-25  1.140E-16  1.080E-16  6.064E-18
2.443E+01  1.510E-25  9.789E-17  9.263E-17  5.259E-18
2.421E+01  1.307E-25  8.393E-17  7.938E-17  4.552E-18
2.399E+01  1.129E-25  7.186E-17  6.793E-17  3.931E-18
2.377E+01  9.749E-26  6.146E-17  5.807E-17  3.392E-18
2.355E+01  8.406E-26  5.251E-17  4.959E-17  2.925E-18
2.333E+01  7.240E-26  4.482E-17  4.230E-17  2.517E-18
2.312E+01  6.229E-26  3.820E-17  3.604E-17  2.159E-18
2.291E+01  5.354E-26  3.253E-17  3.068E-17  1.851E-18
2.270E+01  4.597E-26  2.768E-17  2.609E-17  1.586E-18
2.249E+01  3.944E-26  2.353E-17  2.217E-17  1.359E-18
2.228E+01  3.380E-26  1.998E-17  1.882E-17  1.163E-18
2.208E+01  2.894E-26  1.695E-17  1.596E-17  9.929E-19
2.188E+01  2.475E-26  1.436E-17  1.352E-17  8.448E-19
2.168E+01  2.114E-26  1.216E-17  1.144E-17  7.170E-19
2.148E+01  1.805E-26  1.028E-17  9.675E-18  6.074E-19
2.128E+01  1.539E-26  8.688E-18  8.174E-18  5.144E-19
2.109E+01  1.311E-26  7.335E-18  6.900E-18  4.353E-19
2.089E+01  1.116E-26  6.186E-18  5.819E-18  3.675E-19
2.070E+01  9.492E-27  5.213E-18  4.903E-18  3.095E-19
2.051E+01  8.064E-27  4.387E-18  4.127E-18  2.600E-19
2.032E+01  6.844E-27  3.689E-18  3.471E-18  2.182E-19
2.014E+01  5.804E-27  3.100E-18  2.917E-18  1.835E-19
1.995E+01  4.918E-27  2.603E-18  2.449E-18  1.540E-19
1.977E+01  4.162E-27  2.182E-18  2.054E-18  1.288E-19
1.959E+01  3.518E-27  1.828E-18  1.721E-18  1.074E-19
1.941E+01  2.970E-27  1.529E-18  1.440E-18  8.914E-20
1.923E+01  2.504E-27  1.277E-18  1.204E-18  7.369E-20
1.905E+01  2.108E-27  1.066E-18  1.005E-18  6.066E-20
1.888E+01  1.773E-27  8.880E-19  8.383E-19  4.971E-20
1.871E+01  1.489E-27  7.390E-19  6.984E-19  4.054E-20
1.854E+01  1.249E-27  6.142E-19  5.813E-19  3.290E-20
1.837E+01  1.047E-27  5.099E-19  4.833E-19  2.658E-20
1.820E+01  8.756E-28  4.227E-19  4.013E-19  2.137E-20
1.803E+01  7.316E-28  3.499E-19  3.328E-19  1.710E-20
1.786E+01  6.104E-28  2.893E-19  2.757E-19  1.363E-20
1.770E+01  5.087E-28  2.389E-19  2.281E-19  1.080E-20
1.754E+01  4.235E-28  1.970E-19  1.885E-19  8.520E-21
1.738E+01  3.522E-28  1.623E-19  1.556E-19  6.689E-21
1.722E+01  2.925E-28  1.336E-19  1.283E-19  5.228E-21
1.706E+01  2.426E-28  1.098E-19  1.057E-19  4.073E-21
1.690E+01  2.010E-28  9.011E-20  8.695E-20  3.162E-21
1.675E+01  1.663E-28  7.387E-20  7.143E-20  2.444E-21
1.660E+01  1.374E-28  6.048E-20  5.860E-20  1.881E-21
1.644E+01  1.134E-28  4.945E-20  4.801E-20  1.442E-21
1.629E+01  9.341E-29  4.037E-20  3.927E-20  1.101E-21
1.614E+01  7.687E-29  3.292E-20  3.208E-20  8.392E-22
1.600E+01  6.317E-29  2.680E-20  2.616E-20  6.377E-22
1.585E+01  5.184E-29  2.179E-20  2.131E-20  4.832E-22
1.570E+01  4.248E-29  1.770E-20  1.733E-20  3.652E-22
1.556E+01  3.477E-29  1.435E-20  1.407E-20  2.753E-22
1.542E+01  2.841E-29  1.162E-20  1.141E-20  2.071E-22
1.528E+01  2.318E-29  9.393E-21  9.238E-21  1.555E-22
1.514E+01  1.889E-29  7.583E-21  7.466E-21  1.166E-22
1.500E+01  1.536E-29  6.112E-21  6.025E-21  8.728E-23
1.486E+01  1.248E-29  4.919E-21  4.854E-21  6.518E-23
1.472E+01  1.012E-29  3.953E-21  3.904E-21  4.858E-23
1.459E+01  8.197E-30  3.172E-21  3.136E-21  3.615E-23
1.445E+01  6.627E-30  2.541E-21  2.514E-21  2.696E-23
1.432E+01  5.349E-30  2.032E-21  2.012E-21  2.016E-23
1.419E+01  4.310E-30  1.622E-21  1.607E-21  1.515E-23
1.406E+01  3.467E-30  1.293E-21  1.281E-21  1.145E-23
1.393E+01  2.783E-30  1.029E-21  1.020E-21  8.728E-24
1.380E+01  2.231E-30  8.167E-22  8.100E-22  6.693E-24
1.368E+01  1.785E-30  6.475E-22  6.423E-22  5.169E-24
1.355E+01  1.425E-30  5.124E-22  5.084E-22  4.004E-24
1.343E+01  1.136E-30  4.046E-22  4.015E-22  3.105E-24
1.330E+01  9.035E-31  3.189E-22  3.165E-22  2.403E-24
1.318E+01  7.172E-31  2.508E-22  2.489E-22  1.857E-24
1.306E+01  5.682E-31  1.969E-22  1.954E-22  1.429E-24
1.294E+01  4.492E-31  1.542E-22  1.531E-22  1.099E-24
1.282E+01  3.544E-31  1.205E-22  1.197E-22  8.447E-25
1.271E+01  2.790E-31  9.402E-23  9.338E-23  6.484E-25
1.259E+01  2.191E-31  7.317E-23  7.267E-23  4.963E-25
1.247E+01  1.717E-31  5.680E-23  5.642E-23  3.784E-25
1.236E+01  1.342E-31  4.398E-23  4.369E-23  2.874E-25
1.225E+01  1.045E-31  3.396E-23  3.374E-23  2.172E-25
1.213E+01  8.127E-32  2.616E-23  2.599E-23  1.639E-25
1.202E+01  6.304E-32  2.011E-23  1.998E-23  1.238E-25
1.191E+01  4.878E-32  1.541E-23  1.532E-23  9.309E-26
1.180E+01  3.765E-32  1.179E-23  1.172E-23  6.976E-26
1.169E+01  2.899E-32  8.992E-24  8.940E-24  5.202E-26
1.159E+01  2.247E-32  6.908E-24  6.869E-24  3.851E-26
1.148E+01  1.903E-32  5.796E-24  5.768E-24  2.839E-26
1.138E+01  1.333E-32  4.022E-24  4.001E-24  2.091E-26
1.127E+01  1.010E-32  3.019E-24  3.004E-24  1.536E-26
1.117E+01  7.658E-33  2.269E-24  2.258E-24  1.126E-26
1.107E+01  5.798E-33  1.702E-24  1.694E-24  8.234E-27
1.096E+01  4.384E-33  1.275E-24  1.269E-24  5.987E-27
1.086E+01  3.308E-33  9.533E-25  9.490E-25  4.343E-27
1.076E+01  2.489E-33  7.108E-25  7.077E-25  3.150E-27
1.067E+01  1.869E-33  5.287E-25  5.264E-25  2.283E-27
1.057E+01  1.399E-33  3.922E-25  3.905E-25  1.653E-27
1.047E+01  1.044E-33  2.901E-25  2.889E-25  1.189E-27
1.038E+01  7.775E-34  2.140E-25  2.131E-25  8.464E-28
1.028E+01  5.772E-34  1.574E-25  1.568E-25  5.954E-28
1.019E+01  4.272E-34  1.154E-25  1.150E-25  4.144E-28
1.009E+01  3.153E-34  8.440E-26  8.411E-26  2.865E-28
1.000E+01  2.320E-34  6.153E-26  6.133E-26  1.972E-28
9.908E+00  1.702E-34  4.473E-26  4.460E-26  1.356E-28
9.817E+00  1.245E-34  3.242E-26  3.233E-26  9.297E-29
9.727E+00  9.080E-35  2.343E-26  2.336E-26  6.354E-29
9.638E+00  6.602E-35  1.688E-26  1.684E-26  4.322E-29
9.550E+00  4.786E-35  1.212E-26  1.209E-26  2.908E-29
9.462E+00  3.459E-35  8.681E-27  8.662E-27  1.931E-29
9.376E+00  2.491E-35  6.196E-27  6.184E-27  1.261E-29
9.290E+00  1.789E-35  4.408E-27  4.400E-27  8.079E-30
9.204E+00  1.280E-35  3.126E-27  3.121E-27  5.077E-30
9.120E+00  9.136E-36  2.210E-27  2.207E-27  3.133E-30
9.036E+00  6.497E-36  1.557E-27  1.556E-27  1.902E-30
8.954E+00  4.606E-36  1.094E-27  1.093E-27  1.140E-30
8.872E+00  3.255E-36  7.660E-28  7.653E-28  6.789E-31
8.790E+00  2.293E-36  5.347E-28  5.343E-28  4.026E-31
8.710E+00  1.610E-36  3.721E-28  3.718E-28  2.385E-31
8.630E+00  1.127E-36  2.580E-28  2.579E-28  1.414E-31
8.551E+00  7.853E-37  1.781E-28  1.780E-28  8.383E-32
8.472E+00  5.450E-37  1.225E-28  1.224E-28  4.946E-32
8.395E+00  3.769E-37  8.393E-29  8.390E-29  2.883E-32
8.318E+00  2.599E-37  5.733E-29  5.731E-29  1.648E-32
8.241E+00  1.785E-37  3.903E-29  3.902E-29  9.195E-33
8.166E+00  1.222E-37  2.648E-29  2.647E-29  5.001E-33
8.091E+00  8.343E-38  1.791E-29  1.790E-29  2.689E-33
8.017E+00  5.676E-38  1.207E-29  1.207E-29  1.430E-33
7.943E+00  3.848E-38  8.108E-30  8.108E-30  7.548E-34
7.870E+00  2.598E-38  5.425E-30  5.424E-30  3.960E-34
7.798E+00  1.745E-38  3.610E-30  3.610E-30  2.069E-34
7.727E+00  1.167E-38  2.392E-30  2.392E-30  1.083E-34
7.656E+00  7.776E-39  1.579E-30  1.579E-30  5.688E-35
7.586E+00  5.157E-39  1.038E-30  1.038E-30  3.008E-35
7.516E+00  3.400E-39  6.778E-31  6.778E-31  1.613E-35
7.447E+00  2.232E-39  4.409E-31  4.408E-31  8.798E-36
7.379E+00  1.460E-39  2.858E-31  2.858E-31  4.855E-36
7.311E+00  9.518E-40  1.846E-31  1.846E-31  2.722E-36
7.244E+00  6.182E-40  1.188E-31  1.188E-31  1.537E-36
7.178E+00  4.000E-40  7.615E-32  7.615E-32  8.706E-37
7.112E+00  2.577E-40  4.862E-32  4.862E-32  4.963E-37
7.047E+00  1.654E-40  3.091E-32  3.091E-32  2.834E-37
6.982E+00  1.057E-40  1.957E-32  1.957E-32  1.613E-37
6.918E+00  6.725E-41  1.234E-32  1.234E-32  9.162E-38
6.855E+00  4.262E-41  7.750E-33  7.750E-33  5.184E-38
6.792E+00  2.690E-41  4.846E-33  4.846E-33  2.920E-38
6.730E+00  1.690E-41  3.017E-33  3.017E-33  1.637E-38
6.668E+00  1.057E-41  1.870E-33  1.870E-33  9.130E-39
6.607E+00  6.580E-42  1.153E-33  1.153E-33  5.064E-39
6.546E+00  4.077E-42  7.080E-34  7.080E-34  2.793E-39
6.486E+00  2.515E-42  4.327E-34  4.327E-34  1.532E-39
6.427E+00  1.545E-42  2.633E-34  2.633E-34  8.357E-40
6.368E+00  9.448E-43  1.596E-34  1.596E-34  4.532E-40
6.310E+00  5.702E-43  9.544E-35  9.544E-35  2.443E-40
6.252E+00  3.521E-43  5.838E-35  5.838E-35  1.309E-40
6.194E+00  2.122E-43  3.486E-35  3.486E-35  6.972E-41
6.138E+00  1.266E-43  2.061E-35  2.061E-35  3.688E-41
6.081E+00  7.530E-44  1.215E-35  1.215E-35  1.940E-41
6.026E+00  4.466E-44  7.138E-36  7.138E-36  1.015E-41
5.970E+00  2.638E-44  4.178E-36  4.178E-36  5.283E-42
5.916E+00  1.551E-44  2.435E-36  2.435E-36  2.734E-42
5.861E+00  9.083E-45  1.412E-36  1.412E-36  1.407E-42
5.808E+00  5.292E-45  8.153E-37  8.153E-37  7.203E-43
5.754E+00  3.069E-45  4.685E-37  4.685E-37  3.667E-43
5.702E+00  1.771E-45  2.678E-37  2.678E-37  1.856E-43
5.649E+00  1.016E-45  1.523E-37  1.523E-37  9.345E-44
5.598E+00  5.799E-46  8.610E-38  8.610E-38  4.678E-44
5.546E+00  3.293E-46  4.845E-38  4.845E-38  2.328E-44
5.495E+00  1.861E-46  2.713E-38  2.713E-38  1.152E-44
5.445E+00  1.047E-46  1.512E-38  1.512E-38  5.670E-45
5.395E+00  5.855E-47  8.379E-39  8.379E-39  2.774E-45
5.346E+00  3.259E-47  4.621E-39  4.621E-39  1.349E-45
5.297E+00  1.804E-47  2.535E-39  2.535E-39  6.520E-46
5.248E+00  9.935E-48  1.383E-39  1.383E-39  3.132E-46
5.200E+00  5.439E-48  7.503E-40  7.503E-40  1.496E-46
5.152E+00  2.962E-48  4.048E-40  4.048E-40  7.099E-47
5.105E+00  1.605E-48  2.173E-40  2.173E-40  3.348E-47
5.058E+00  8.646E-49  1.160E-40  1.160E-40  1.569E-47
5.012E+00  4.633E-49  6.159E-41  6.159E-41  7.310E-48
4.966E+00  2.468E-49  3.251E-41  3.251E-41  3.384E-48
4.920E+00  1.308E-49  1.707E-41  1.707E-41  1.556E-48
4.875E+00  6.889E-50  8.910E-42  8.910E-42  7.107E-49
4.831E+00  3.610E-50  4.626E-42  4.626E-42  3.224E-49
4.786E+00  1.881E-50  2.388E-42  2.388E-42  1.453E-49
4.742E+00  9.749E-51  1.226E-42  1.226E-42  6.504E-50
4.699E+00  5.025E-51  6.263E-43  6.263E-43  2.892E-50
4.656E+00  2.575E-51  3.180E-43  3.180E-43  1.277E-50
4.613E+00  1.312E-51  1.606E-43  1.606E-43  5.596E-51
4.571E+00  6.648E-52  8.060E-44  8.060E-44  2.436E-51
4.529E+00  3.349E-52  4.023E-44  4.023E-44  1.053E-51
4.487E+00  1.677E-52  1.997E-44  1.997E-44  4.516E-52
4.446E+00  8.353E-53  9.851E-45  9.851E-45  1.924E-52
4.406E+00  4.135E-53  4.832E-45  4.832E-45  8.135E-53
4.365E+00  2.035E-53  2.356E-45  2.356E-45  3.415E-53
4.325E+00  9.956E-54  1.142E-45  1.142E-45  1.423E-53
4.285E+00  4.841E-54  5.504E-46  5.504E-46  5.882E-54
4.246E+00  2.340E-54  2.636E-46  2.636E-46  2.413E-54
4.207E+00  1.124E-54  1.255E-46  1.255E-46  9.826E-55
4.169E+00  5.370E-55  5.938E-47  5.938E-47  3.969E-55
4.130E+00  2.548E-55  2.792E-47  2.792E-47  1.591E-55
4.093E+00  1.202E-55  1.305E-47  1.305E-47  6.321E-56
4.055E+00  5.633E-56  6.060E-48  6.060E-48  2.492E-56
4.018E+00  2.624E-56  2.796E-48  2.796E-48  9.742E-57
3.981E+00  1.214E-56  1.282E-48  1.282E-48  3.778E-57
3.945E+00  5.585E-57  5.843E-49  5.843E-49  1.453E-57
3.908E+00  2.552E-57  2.645E-49  2.645E-49  5.542E-58
3.873E+00  1.158E-57  1.190E-49  1.190E-49  2.096E-58
3.837E+00  5.225E-58  5.318E-50  5.318E-50  7.865E-59
3.802E+00  2.341E-58  2.361E-50  2.361E-50  2.926E-59
3.767E+00  1.042E-58  1.041E-50  1.041E-50  1.079E-59
3.733E+00  4.608E-59  4.562E-51  4.562E-51  3.946E-60
3.698E+00  2.024E-59  1.985E-51  1.985E-51  1.431E-60
3.664E+00  8.827E-60  8.580E-52  8.580E-52  5.141E-61
3.631E+00  3.824E-60  3.683E-52  3.683E-52  1.832E-61
3.597E+00  1.645E-60  1.570E-52  1.570E-52  6.467E-62
3.565E+00  7.029E-61  6.646E-53  6.646E-53  2.263E-62
3.532E+00  2.982E-61  2.794E-53  2.794E-53  7.849E-63
3.499E+00  1.256E-61  1.166E-53  1.166E-53  2.697E-63
3.467E+00  5.253E-62  4.831E-54  4.831E-54  9.186E-64
3.436E+00  2.181E-62  1.987E-54  1.987E-54  3.100E-64
3.404E+00  8.987E-63  8.115E-55  8.115E-55  1.036E-64
3.373E+00  3.676E-63  3.289E-55  3.289E-55  3.432E-65
3.342E+00  1.493E-63  1.323E-55  1.323E-55  1.126E-65
3.311E+00  6.021E-64  5.289E-56  5.289E-56  3.660E-66
3.281E+00  2.407E-64  2.095E-56  2.095E-56  1.178E-66
3.251E+00  9.542E-65  8.229E-57  8.229E-57  3.755E-67
3.221E+00  3.756E-65  3.209E-57  3.209E-57  1.185E-67
3.192E+00  1.467E-65  1.242E-57  1.242E-57  3.705E-68
3.162E+00  5.683E-66  4.767E-58  4.767E-58  1.147E-68
3.133E+00  2.184E-66  1.816E-58  1.816E-58  3.518E-69
3.105E+00  8.329E-67  6.859E-59  6.859E-59  1.069E-69
3.076E+00  3.150E-67  2.571E-59  2.571E-59  3.216E-70
3.048E+00  1.182E-67  9.555E-60  9.555E-60  9.588E-71
3.020E+00  4.397E-68  3.522E-60  3.522E-60  2.831E-71
2.992E+00  1.622E-68  1.288E-60  1.288E-60  8.275E-72
2.965E+00  5.936E-69  4.668E-61  4.668E-61  2.396E-72
2.938E+00  2.153E-69  1.678E-61  1.678E-61  6.870E-73
2.911E+00  7.748E-70  5.982E-62  5.982E-62  1.951E-73
2.884E+00  2.766E-70  2.116E-62  2.116E-62  5.486E-74
2.858E+00  9.813E-71  7.438E-63  7.438E-63  1.528E-74
2.831E+00  3.475E-71  2.610E-63  2.610E-63  4.215E-75
2.805E+00  1.243E-71  9.252E-64  9.252E-64  1.152E-75
2.780E+00  4.648E-72  3.427E-64  3.427E-64  3.118E-76
2.754E+00  1.956E-72  1.429E-64  1.429E-64  8.363E-77
2.729E+00  1.033E-72  7.477E-65  7.477E-65  2.222E-77
2.704E+00  7.195E-73  5.161E-65  5.161E-65  5.850E-78
2.679E+00  6.144E-73  4.366E-65  4.366E-65  1.526E-78
2.655E+00  5.797E-73  4.082E-65  4.082E-65  3.947E-79
2.630E+00  5.689E-73  3.969E-65  3.969E-65  1.012E-79
2.606E+00  5.661E-73  3.913E-65  3.913E-65  2.570E-80
2.582E+00  5.660E-73  3.877E-65  3.877E-65  6.473E-81
2.559E+00  5.669E-73  3.847E-65  3.847E-65  1.616E-81
2.535E+00  5.681E-73  3.820E-65  3.820E-65  4.002E-82
2.512E+00  5.695E-73  3.795E-65  3.795E-65  9.824E-83
2.489E+00  5.710E-73  3.770E-65  3.770E-65  2.392E-83
2.466E+00  5.725E-73  3.745E-65  3.745E-65  5.773E-84
2.443E+00  5.739E-73  3.720E-65  3.720E-65  1.382E-84
2.421E+00  5.754E-73  3.695E-65  3.695E-65  3.279E-85
2.399E+00  5.769E-73  3.671E-65  3.671E-65  7.712E-86
2.377E+00  5.784E-73  3.647E-65  3.647E-65  1.798E-86
2.355E+00  5.800E-73  3.623E-65  3.623E-65  4.153E-87
2.333E+00  5.815E-73  3.599E-65  3.599E-65  9.504E-88
2.312E+00  5.829E-73  3.575E-65  3.575E-65  2.154E-88
2.291E+00  5.843E-73  3.551E-65  3.551E-65  4.836E-89
2.270E+00  5.857E-73  3.526E-65  3.526E-65  1.074E-89
2.249E+00  5.870E-73  3.502E-65  3.502E-65  2.362E-90
2.228E+00  5.881E-73  3.476E-65  3.476E-65  5.139E-91
2.208E+00  5.891E-73  3.450E-65  3.450E-65  1.106E-91
2.188E+00  5.900E-73  3.424E-65  3.424E-65  2.352E-92
2.168E+00  5.906E-73  3.396E-65  3.396E-65  4.944E-93
2.148E+00  5.910E-73  3.367E-65  3.367E-65  1.027E-93
2.128E+00  5.911E-73  3.337E-65  3.337E-65  2.107E-94
2.109E+00  5.908E-73  3.305E-65  3.305E-65  4.269E-95
2.089E+00  5.901E-73  3.270E-65  3.270E-65  8.537E-96
2.070E+00  5.888E-73  3.233E-65  3.233E-65  1.685E-96
2.051E+00  5.868E-73  3.193E-65  3.193E-65  3.279E-97
2.032E+00  5.840E-73  3.148E-65  3.148E-65  6.295E-98
2.014E+00  5.802E-73  3.099E-65  3.099E-65  1.192E-98
1.995E+00  5.751E-73  3.044E-65  3.044E-65  2.223E-99
1.977E+00  5.688E-73  2.983E-65  2.983E-65  4.088-100
1.959E+00  5.616E-73  2.918E-65  2.918E-65  7.405-101
1.941E+00  5.544E-73  2.854E-65  2.854E-65  1.321-101
1.923E+00  5.492E-73  2.802E-65  2.802E-65  2.322-102
1.905E+00  5.484E-73  2.772E-65  2.772E-65  4.017-103
1.888E+00  5.527E-73  2.768E-65  2.768E-65  4.003-104
1.871E+00  5.609E-73  2.783E-65  2.783E-65  6.747-105
1.854E+00  5.705E-73  2.805E-65  2.805E-65  1.119-105
1.837E+00  5.794E-73  2.823E-65  2.823E-65  1.827-106
1.820E+00  5.870E-73  2.833E-65  2.833E-65  2.935-107
1.803E+00  5.931E-73  2.836E-65  2.836E-65  4.637-108
1.786E+00  5.978E-73  2.833E-65  2.833E-65  7.203-109
1.770E+00  6.014E-73  2.824E-65  2.824E-65  1.100-109
1.754E+00  6.042E-73  2.811E-65  2.811E-65  1.652-110
1.738E+00  6.064E-73  2.795E-65  2.795E-65  2.439-111
1.722E+00  6.081E-73  2.777E-65  2.777E-65  3.536-112
1.706E+00  6.094E-73  2.758E-65  2.758E-65  5.038-113
1.690E+00  6.104E-73  2.737E-65  2.737E-65  7.049-114
1.675E+00  6.113E-73  2.716E-65  2.716E-65  9.685-115
1.660E+00  6.120E-73  2.694E-65  2.694E-65  1.306-115
1.644E+00  6.126E-73  2.672E-65  2.672E-65  1.730-116
1.629E+00  6.131E-73  2.650E-65  2.650E-65  2.248-117
1.614E+00  6.135E-73  2.627E-65  2.627E-65  2.866-118
1.600E+00  6.140E-73  2.605E-65  2.605E-65  3.584-119
1.585E+00  6.147E-73  2.584E-65  2.584E-65  4.397-120
1.570E+00  6.154E-73  2.563E-65  2.563E-65  5.290-121
1.556E+00  6.163E-73  2.544E-65  2.544E-65  6.239-122
1.542E+00  6.175E-73  2.525E-65  2.525E-65  7.213-123
1.528E+00  6.191E-73  2.509E-65  2.509E-65  8.172-124
1.514E+00  6.211E-73  2.494E-65  2.494E-65  9.073-125
1.500E+00  6.236E-73  2.481E-65  2.481E-65  9.868-126
1.486E+00  6.267E-73  2.470E-65  2.470E-65  1.051-126
1.472E+00  6.306E-73  2.463E-65  2.463E-65  1.097-127
1.459E+00  6.355E-73  2.459E-65  2.459E-65  1.120-128
1.445E+00  6.416E-73  2.460E-65  2.460E-65  1.120-129
1.432E+00  6.491E-73  2.466E-65  2.466E-65  1.097-130
1.419E+00  6.583E-73  2.478E-65  2.478E-65  1.050-131
1.406E+00  6.696E-73  2.497E-65  2.497E-65  9.840-133
1.393E+00  6.835E-73  2.526E-65  2.526E-65  9.018-134
1.380E+00  7.005E-73  2.565E-65  2.565E-65  8.082-135
1.368E+00  7.214E-73  2.617E-65  2.617E-65  7.081-136
1.355E+00  7.468E-73  2.685E-65  2.685E-65  6.064-137
1.343E+00  7.775E-73  2.769E-65  2.769E-65  5.076-138
1.330E+00  8.139E-73  2.872E-65  2.872E-65  4.151-139
1.318E+00  8.556E-73  2.992E-65  2.992E-65  3.316-140
1.306E+00  9.008E-73  3.121E-65  3.121E-65  2.587-141
1.294E+00  9.450E-73  3.244E-65  3.244E-65  1.971-142
1.282E+00  9.802E-73  3.334E-65  3.334E-65  1.466-143
1.271E+00  9.968E-73  3.360E-65  3.360E-65  1.065-144
1.259E+00  9.870E-73  3.296E-65  3.296E-65  7.543-146
1.247E+00  9.503E-73  3.144E-65  3.144E-65  5.214-147
1.236E+00  8.943E-73  2.932E-65  2.932E-65  3.516-148
1.225E+00  8.305E-73  2.698E-65  2.698E-65  2.313-149
1.213E+00  7.687E-73  2.474E-65  2.474E-65  1.483-150
1.202E+00  7.144E-73  2.278E-65  2.278E-65  9.265-152
1.191E+00  6.700E-73  2.117E-65  2.117E-65  5.642-153
1.180E+00  6.356E-73  1.990E-65  1.990E-65  3.347-154
1.169E+00  6.104E-73  1.894E-65  1.894E-65  1.934-155
1.159E+00  5.939E-73  1.825E-65  1.825E-65  1.088-156
1.148E+00  5.857E-73  1.784E-65  1.784E-65  5.957-158
1.138E+00  5.861E-73  1.769E-65  1.769E-65  3.175-159
1.127E+00  5.963E-73  1.783E-65  1.783E-65  1.647-160
1.117E+00  6.190E-73  1.834E-65  1.834E-65  8.308-162
1.107E+00  6.584E-73  1.933E-65  1.933E-65  4.076-163
1.096E+00  7.217E-73  2.099E-65  2.099E-65  1.944-164
1.086E+00  8.194E-73  2.361E-65  2.361E-65  9.015-166
1.076E+00  9.623E-73  2.748E-65  2.748E-65  4.062-167
1.067E+00  1.144E-72  3.238E-65  3.238E-65  1.778-168
1.057E+00  1.297E-72  3.636E-65  3.636E-65  7.557-170
1.047E+00  1.288E-72  3.577E-65  3.577E-65  3.119-171
1.038E+00  1.098E-72  3.023E-65  3.023E-65  1.250-172
1.028E+00  8.657E-73  2.361E-65  2.361E-65  4.860-174
1.019E+00  6.816E-73  1.842E-65  1.842E-65  1.833-175
1.009E+00  5.550E-73  1.486E-65  1.486E-65  6.707-177
1.000E+00  4.698E-73  1.246E-65  1.246E-65  2.379-178
