Dust emission spectrum from Draine,B.T., & Li, A. (2007), ApJ, in press [astro-ph/0608003]
==========================================================
         7 = grain model
 4.000E-08 4.000E-01 4.500E-05 = a_01 (cm) , sigma_1 , b_C1
 2.000E-07 5.500E-01 1.500E-05 = a_02 (cm) , sigma_2 , b_C2
 3.000E+06 3.000E+06 1.000E+00 = Umin , Umax, beta (dN/dU propto U^{-beta})
 3.000E+06 = <U>       mmp83 = radfield
 2.000E-06 1.000E+00 = a_{min} (cm), a_{max} (cm)
 8.423E-18 5.055E-18 3.368E-18 = P(tot)  P(carb)  P(sil) (erg s-1 H-1)
 band     <nu*P_nu> <j_nu(tot)><j_nu(carb)><j_nu(sil)>
 (um)   (erg s-1 H-1)(Jy/(sr*H))(Jy/(sr*H))(Jy/(sr*H))
1.270E+00  4.939E-24  1.664E-16  1.664E-16  1.281E-25 COBE-DIRBE
2.220E+00  1.995E-20  1.175E-12  1.175E-12  1.870E-18 COBE-DIRBE
3.530E+00  7.249E-19  6.788E-11  6.786E-11  1.446E-14 COBE-DIRBE
4.880E+00  2.319E-18  3.002E-10  2.996E-10  5.520E-13 COBE-DIRBE
1.229E+01  4.818E-18  1.571E-09  7.426E-10  8.282E-10 COBE-DIRBE
2.079E+01  3.799E-18  2.095E-09  6.871E-10  1.408E-09 COBE-DIRBE
5.599E+01  2.150E-19  3.194E-10  1.711E-10  1.483E-10 COBE-DIRBE
9.770E+01  1.223E-20  3.170E-11  1.205E-11  1.965E-11 COBE-DIRBE
1.479E+02  1.690E-21  6.630E-12  2.356E-12  4.274E-12 COBE-DIRBE
2.479E+02  1.421E-22  9.342E-13  2.966E-13  6.375E-13 COBE-DIRBE
1.200E+01  5.016E-18  1.597E-09  8.116E-10  7.851E-10 IRAS
2.500E+01  3.299E-18  2.188E-09  8.435E-10  1.344E-09 IRAS
6.000E+01  2.007E-19  3.194E-10  1.746E-10  1.448E-10 IRAS
1.000E+02  1.034E-20  2.744E-11  1.022E-11  1.721E-11 IRAS
3.550E+00  7.420E-19  6.987E-11  6.986E-11  1.339E-14 SST-IRAC
4.493E+00  1.871E-18  2.230E-10  2.228E-10  2.574E-13 SST-IRAC
5.731E+00  3.060E-18  4.651E-10  4.625E-10  2.647E-12 SST-IRAC
7.872E+00  4.369E-18  9.123E-10  7.252E-10  1.872E-10 SST-IRAC
2.368E+01  3.001E-18  1.885E-09  7.539E-10  1.131E-09 SST-MIPS
7.142E+01  4.840E-20  9.169E-11  3.988E-11  5.181E-11 SST-MIPS
1.559E+02  1.061E-21  4.387E-12  1.559E-12  2.828E-12 SST-MIPS
1.600E+01  3.979E-18  1.689E-09  6.309E-10  1.058E-09 SST-IRSPU
2.200E+01  3.430E-18  2.001E-09  7.224E-10  1.279E-09 SST-IRSPU
7.500E+01  4.124E-20  8.205E-11  3.544E-11  4.661E-11 Herschel-PACS
1.100E+02  6.668E-21  1.945E-11  7.117E-12  1.234E-11 Herschel-PACS
1.700E+02  8.318E-22  3.751E-12  1.334E-12  2.417E-12 Herschel-PACS
2.500E+02  1.059E-22  7.021E-13  2.208E-13  4.813E-13 Herschel-SPIRE
3.600E+02  1.660E-23  1.586E-13  5.207E-14  1.065E-13 Herschel-SPIRE
5.200E+02  2.849E-24  3.930E-14  1.319E-14  2.611E-14 Herschel-SPIRE
2.400E+00  7.829E-20  4.984E-12  4.982E-12  2.555E-15 Akari IRC NIR N2
3.200E+00  4.865E-19  4.129E-11  4.129E-11  7.893E-15 Akari IRC NIR N3
4.100E+00  1.739E-18  1.891E-10  1.888E-10  2.610E-13 Akari IRC NIR N4
7.000E+00  3.749E-18  6.962E-10  6.497E-10  4.644E-11 Akari IRC MIR-S S7
9.000E+00  5.209E-18  1.244E-09  7.562E-10  4.874E-10 Akari IRC MIR-S S9W
1.100E+01  5.611E-18  1.637E-09  7.835E-10  8.535E-10 Akari IRC MIR-S S11
1.500E+01  4.046E-18  1.610E-09  5.970E-10  1.013E-09 Akari IRC MIR-L L15
1.800E+01  3.815E-18  1.822E-09  6.293E-10  1.192E-09 Akari IRC MIR-L L18W
2.400E+01  3.229E-18  2.056E-09  7.896E-10  1.266E-09 Akari IRC MIR-L L24
6.500E+01  7.943E-20  1.369E-10  6.306E-11  7.389E-11 Akari FIS N60
8.000E+01  3.005E-20  6.377E-11  2.764E-11  3.613E-11 Akari FIS WIDE-S
1.400E+02  1.611E-21  5.981E-12  2.133E-12  3.848E-12 Akari FIS WIDE-L
1.600E+02  8.860E-22  3.760E-12  1.309E-12  2.452E-12 Akari FIS N160
 
 
 
 


lambda    nu*dP/dnu     j_nu    j_nu(carb.) j_nu(sil)
 (um)    (erg/(s*H)) (Jy/(sr*H) (Jy/(sr*H)) (Jy/(sr*H)
1.000E+04  6.628E-30  1.758E-18  3.607E-19  1.397E-18
9.908E+03  6.874E-30  1.807E-18  3.716E-19  1.435E-18
9.817E+03  7.128E-30  1.856E-18  3.827E-19  1.473E-18
9.727E+03  7.391E-30  1.907E-18  3.942E-19  1.513E-18
9.638E+03  7.665E-30  1.960E-18  4.060E-19  1.554E-18
9.550E+03  7.948E-30  2.013E-18  4.182E-19  1.595E-18
9.462E+03  8.243E-30  2.069E-18  4.308E-19  1.638E-18
9.376E+03  8.548E-30  2.126E-18  4.438E-19  1.682E-18
9.290E+03  8.864E-30  2.184E-18  4.571E-19  1.727E-18
9.204E+03  9.192E-30  2.244E-18  4.709E-19  1.773E-18
9.120E+03  9.533E-30  2.306E-18  4.851E-19  1.821E-18
9.036E+03  9.886E-30  2.370E-18  4.997E-19  1.870E-18
8.954E+03  1.025E-29  2.435E-18  5.148E-19  1.920E-18
8.872E+03  1.063E-29  2.501E-18  5.303E-19  1.971E-18
8.790E+03  1.102E-29  2.570E-18  5.463E-19  2.023E-18
8.710E+03  1.143E-29  2.640E-18  5.628E-19  2.077E-18
8.630E+03  1.185E-29  2.712E-18  5.798E-19  2.132E-18
8.551E+03  1.229E-29  2.787E-18  5.974E-19  2.189E-18
8.472E+03  1.274E-29  2.863E-18  6.154E-19  2.248E-18
8.395E+03  1.321E-29  2.942E-18  6.341E-19  2.308E-18
8.318E+03  1.370E-29  3.023E-18  6.533E-19  2.370E-18
8.241E+03  1.421E-29  3.106E-18  6.731E-19  2.433E-18
8.166E+03  1.474E-29  3.192E-18  6.935E-19  2.498E-18
8.091E+03  1.528E-29  3.280E-18  7.145E-19  2.565E-18
8.017E+03  1.585E-29  3.371E-18  7.362E-19  2.634E-18
7.943E+03  1.644E-29  3.464E-18  7.586E-19  2.705E-18
7.870E+03  1.705E-29  3.560E-18  7.816E-19  2.778E-18
7.798E+03  1.768E-29  3.658E-18  8.054E-19  2.853E-18
7.727E+03  1.834E-29  3.760E-18  8.299E-19  2.930E-18
7.656E+03  1.903E-29  3.864E-18  8.552E-19  3.009E-18
7.586E+03  1.974E-29  3.971E-18  8.812E-19  3.090E-18
7.516E+03  2.047E-29  4.082E-18  9.081E-19  3.174E-18
7.447E+03  2.124E-29  4.195E-18  9.358E-19  3.260E-18
7.379E+03  2.203E-29  4.312E-18  9.643E-19  3.348E-18
7.311E+03  2.286E-29  4.433E-18  9.938E-19  3.439E-18
7.244E+03  2.371E-29  4.556E-18  1.024E-18  3.532E-18
7.178E+03  2.460E-29  4.684E-18  1.055E-18  3.628E-18
7.112E+03  2.552E-29  4.814E-18  1.088E-18  3.727E-18
7.047E+03  2.648E-29  4.949E-18  1.121E-18  3.828E-18
6.982E+03  2.747E-29  5.088E-18  1.155E-18  3.932E-18
6.918E+03  2.850E-29  5.230E-18  1.191E-18  4.039E-18
6.855E+03  2.957E-29  5.376E-18  1.227E-18  4.149E-18
6.792E+03  3.068E-29  5.527E-18  1.265E-18  4.262E-18
6.730E+03  3.183E-29  5.682E-18  1.304E-18  4.378E-18
6.668E+03  3.303E-29  5.842E-18  1.344E-18  4.498E-18
6.607E+03  3.427E-29  6.006E-18  1.385E-18  4.621E-18
6.546E+03  3.556E-29  6.175E-18  1.428E-18  4.747E-18
6.486E+03  3.690E-29  6.349E-18  1.471E-18  4.877E-18
6.427E+03  3.829E-29  6.528E-18  1.517E-18  5.011E-18
6.368E+03  3.974E-29  6.712E-18  1.563E-18  5.149E-18
6.310E+03  4.124E-29  6.902E-18  1.612E-18  5.290E-18
6.252E+03  4.280E-29  7.097E-18  1.661E-18  5.435E-18
6.194E+03  4.441E-29  7.298E-18  1.713E-18  5.585E-18
6.138E+03  4.610E-29  7.505E-18  1.766E-18  5.739E-18
6.081E+03  4.784E-29  7.717E-18  1.820E-18  5.897E-18
6.026E+03  4.966E-29  7.937E-18  1.876E-18  6.060E-18
5.970E+03  5.154E-29  8.162E-18  1.934E-18  6.228E-18
5.916E+03  5.350E-29  8.394E-18  1.994E-18  6.400E-18
5.861E+03  5.553E-29  8.633E-18  2.056E-18  6.577E-18
5.808E+03  5.764E-29  8.880E-18  2.120E-18  6.760E-18
5.754E+03  5.983E-29  9.133E-18  2.186E-18  6.947E-18
5.702E+03  6.211E-29  9.394E-18  2.253E-18  7.140E-18
5.649E+03  6.448E-29  9.662E-18  2.323E-18  7.339E-18
5.598E+03  6.694E-29  9.939E-18  2.395E-18  7.543E-18
5.546E+03  6.949E-29  1.022E-17  2.470E-18  7.754E-18
5.495E+03  7.215E-29  1.052E-17  2.547E-18  7.970E-18
5.445E+03  7.490E-29  1.082E-17  2.626E-18  8.193E-18
5.395E+03  7.777E-29  1.113E-17  2.708E-18  8.422E-18
5.346E+03  8.074E-29  1.145E-17  2.792E-18  8.657E-18
5.297E+03  8.384E-29  1.178E-17  2.879E-18  8.900E-18
5.248E+03  8.705E-29  1.212E-17  2.969E-18  9.149E-18
5.200E+03  9.039E-29  1.247E-17  3.062E-18  9.406E-18
5.152E+03  9.386E-29  1.283E-17  3.158E-18  9.670E-18
5.105E+03  9.746E-29  1.320E-17  3.256E-18  9.942E-18
5.058E+03  1.012E-28  1.358E-17  3.358E-18  1.022E-17
5.012E+03  1.051E-28  1.397E-17  3.463E-18  1.051E-17
4.966E+03  1.091E-28  1.438E-17  3.572E-18  1.081E-17
4.920E+03  1.133E-28  1.479E-17  3.684E-18  1.111E-17
4.875E+03  1.177E-28  1.522E-17  3.799E-18  1.142E-17
4.831E+03  1.223E-28  1.566E-17  3.919E-18  1.175E-17
4.786E+03  1.270E-28  1.612E-17  4.042E-18  1.208E-17
4.742E+03  1.319E-28  1.659E-17  4.169E-18  1.242E-17
4.699E+03  1.370E-28  1.707E-17  4.300E-18  1.277E-17
4.656E+03  1.423E-28  1.757E-17  4.435E-18  1.313E-17
4.613E+03  1.478E-28  1.808E-17  4.575E-18  1.351E-17
4.571E+03  1.535E-28  1.861E-17  4.719E-18  1.389E-17
4.529E+03  1.595E-28  1.916E-17  4.868E-18  1.429E-17
4.487E+03  1.656E-28  1.972E-17  5.021E-18  1.470E-17
4.446E+03  1.721E-28  2.029E-17  5.180E-18  1.512E-17
4.406E+03  1.788E-28  2.089E-17  5.343E-18  1.555E-17
4.365E+03  1.857E-28  2.150E-17  5.512E-18  1.599E-17
4.325E+03  1.929E-28  2.214E-17  5.687E-18  1.645E-17
4.285E+03  2.005E-28  2.279E-17  5.867E-18  1.692E-17
4.246E+03  2.083E-28  2.346E-17  6.052E-18  1.741E-17
4.207E+03  2.164E-28  2.415E-17  6.244E-18  1.791E-17
4.169E+03  2.249E-28  2.487E-17  6.442E-18  1.842E-17
4.130E+03  2.337E-28  2.560E-17  6.647E-18  1.895E-17
4.093E+03  2.428E-28  2.636E-17  6.858E-18  1.950E-17
4.055E+03  2.523E-28  2.714E-17  7.076E-18  2.006E-17
4.018E+03  2.622E-28  2.794E-17  7.301E-18  2.064E-17
3.981E+03  2.725E-28  2.877E-17  7.533E-18  2.124E-17
3.945E+03  2.831E-28  2.962E-17  7.773E-18  2.185E-17
3.908E+03  2.942E-28  3.050E-17  8.020E-18  2.248E-17
3.873E+03  3.058E-28  3.141E-17  8.276E-18  2.313E-17
3.837E+03  3.178E-28  3.235E-17  8.540E-18  2.381E-17
3.802E+03  3.303E-28  3.331E-17  8.812E-18  2.450E-17
3.767E+03  3.433E-28  3.430E-17  9.094E-18  2.521E-17
3.733E+03  3.568E-28  3.533E-17  9.384E-18  2.594E-17
3.698E+03  3.709E-28  3.638E-17  9.684E-18  2.670E-17
3.664E+03  3.855E-28  3.747E-17  9.994E-18  2.748E-17
3.631E+03  4.007E-28  3.860E-17  1.031E-17  2.828E-17
3.597E+03  4.166E-28  3.975E-17  1.064E-17  2.911E-17
3.565E+03  4.331E-28  4.095E-17  1.099E-17  2.996E-17
3.532E+03  4.502E-28  4.218E-17  1.134E-17  3.084E-17
3.499E+03  4.681E-28  4.345E-17  1.170E-17  3.175E-17
3.467E+03  4.867E-28  4.476E-17  1.208E-17  3.268E-17
3.436E+03  5.060E-28  4.611E-17  1.247E-17  3.365E-17
3.404E+03  5.261E-28  4.751E-17  1.287E-17  3.464E-17
3.373E+03  5.470E-28  4.894E-17  1.328E-17  3.566E-17
3.342E+03  5.688E-28  5.043E-17  1.371E-17  3.672E-17
3.311E+03  5.915E-28  5.195E-17  1.415E-17  3.780E-17
3.281E+03  6.151E-28  5.353E-17  1.461E-17  3.892E-17
3.251E+03  6.397E-28  5.516E-17  1.508E-17  4.008E-17
3.221E+03  6.652E-28  5.684E-17  1.556E-17  4.127E-17
3.192E+03  6.918E-28  5.857E-17  1.607E-17  4.250E-17
3.162E+03  7.195E-28  6.035E-17  1.659E-17  4.377E-17
3.133E+03  7.483E-28  6.220E-17  1.712E-17  4.507E-17
3.105E+03  7.784E-28  6.410E-17  1.768E-17  4.642E-17
3.076E+03  8.096E-28  6.606E-17  1.825E-17  4.781E-17
3.048E+03  8.421E-28  6.808E-17  1.884E-17  4.924E-17
3.020E+03  8.760E-28  7.017E-17  1.945E-17  5.072E-17
2.992E+03  9.112E-28  7.232E-17  2.008E-17  5.224E-17
2.965E+03  9.478E-28  7.454E-17  2.074E-17  5.380E-17
2.938E+03  9.859E-28  7.682E-17  2.141E-17  5.541E-17
2.911E+03  1.026E-27  7.918E-17  2.210E-17  5.707E-17
2.884E+03  1.067E-27  8.161E-17  2.282E-17  5.879E-17
2.858E+03  1.110E-27  8.412E-17  2.357E-17  6.056E-17
2.831E+03  1.155E-27  8.671E-17  2.433E-17  6.238E-17
2.805E+03  1.201E-27  8.939E-17  2.513E-17  6.426E-17
2.780E+03  1.250E-27  9.214E-17  2.594E-17  6.620E-17
2.754E+03  1.300E-27  9.499E-17  2.679E-17  6.820E-17
2.729E+03  1.353E-27  9.793E-17  2.767E-17  7.027E-17
2.704E+03  1.408E-27  1.010E-16  2.857E-17  7.240E-17
2.679E+03  1.465E-27  1.041E-16  2.950E-17  7.460E-17
2.655E+03  1.524E-27  1.073E-16  3.047E-17  7.686E-17
2.630E+03  1.586E-27  1.107E-16  3.146E-17  7.920E-17
2.606E+03  1.651E-27  1.141E-16  3.249E-17  8.162E-17
2.582E+03  1.718E-27  1.177E-16  3.356E-17  8.411E-17
2.559E+03  1.788E-27  1.213E-16  3.466E-17  8.668E-17
2.535E+03  1.861E-27  1.251E-16  3.579E-17  8.933E-17
2.512E+03  1.937E-27  1.290E-16  3.697E-17  9.207E-17
2.489E+03  2.016E-27  1.331E-16  3.818E-17  9.490E-17
2.466E+03  2.098E-27  1.372E-16  3.944E-17  9.781E-17
2.443E+03  2.184E-27  1.416E-16  4.073E-17  1.008E-16
2.421E+03  2.273E-27  1.460E-16  4.207E-17  1.039E-16
2.399E+03  2.367E-27  1.506E-16  4.345E-17  1.071E-16
2.377E+03  2.464E-27  1.553E-16  4.489E-17  1.104E-16
2.355E+03  2.565E-27  1.602E-16  4.636E-17  1.139E-16
2.333E+03  2.670E-27  1.653E-16  4.789E-17  1.174E-16
2.312E+03  2.780E-27  1.705E-16  4.947E-17  1.210E-16
2.291E+03  2.894E-27  1.759E-16  5.110E-17  1.248E-16
2.270E+03  3.013E-27  1.814E-16  5.279E-17  1.286E-16
2.249E+03  3.138E-27  1.872E-16  5.453E-17  1.326E-16
2.228E+03  3.267E-27  1.931E-16  5.634E-17  1.368E-16
2.208E+03  3.402E-27  1.992E-16  5.820E-17  1.410E-16
2.188E+03  3.542E-27  2.056E-16  6.013E-17  1.454E-16
2.168E+03  3.689E-27  2.121E-16  6.212E-17  1.500E-16
2.148E+03  3.841E-27  2.188E-16  6.417E-17  1.547E-16
2.128E+03  4.000E-27  2.258E-16  6.630E-17  1.595E-16
2.109E+03  4.166E-27  2.330E-16  6.850E-17  1.645E-16
2.089E+03  4.339E-27  2.404E-16  7.077E-17  1.697E-16
2.070E+03  4.519E-27  2.481E-16  7.312E-17  1.750E-16
2.051E+03  4.706E-27  2.561E-16  7.555E-17  1.805E-16
2.032E+03  4.902E-27  2.642E-16  7.806E-17  1.862E-16
2.014E+03  5.105E-27  2.727E-16  8.065E-17  1.920E-16
1.995E+03  5.318E-27  2.814E-16  8.334E-17  1.981E-16
1.977E+03  5.539E-27  2.905E-16  8.611E-17  2.043E-16
1.959E+03  5.769E-27  2.998E-16  8.898E-17  2.108E-16
1.941E+03  6.010E-27  3.094E-16  9.194E-17  2.175E-16
1.923E+03  6.260E-27  3.193E-16  9.501E-17  2.243E-16
1.905E+03  6.521E-27  3.296E-16  9.818E-17  2.314E-16
1.888E+03  6.794E-27  3.402E-16  1.015E-16  2.388E-16
1.871E+03  7.078E-27  3.512E-16  1.048E-16  2.464E-16
1.854E+03  7.373E-27  3.625E-16  1.083E-16  2.542E-16
1.837E+03  7.682E-27  3.742E-16  1.120E-16  2.623E-16
1.820E+03  8.003E-27  3.863E-16  1.157E-16  2.706E-16
1.803E+03  8.339E-27  3.988E-16  1.196E-16  2.792E-16
1.786E+03  8.688E-27  4.117E-16  1.236E-16  2.881E-16
1.770E+03  9.053E-27  4.251E-16  1.277E-16  2.973E-16
1.754E+03  9.433E-27  4.388E-16  1.320E-16  3.068E-16
1.738E+03  9.829E-27  4.531E-16  1.364E-16  3.167E-16
1.722E+03  1.024E-26  4.678E-16  1.410E-16  3.268E-16
1.706E+03  1.067E-26  4.830E-16  1.457E-16  3.373E-16
1.690E+03  1.112E-26  4.987E-16  1.506E-16  3.481E-16
1.675E+03  1.159E-26  5.149E-16  1.557E-16  3.592E-16
1.660E+03  1.208E-26  5.317E-16  1.609E-16  3.708E-16
1.644E+03  1.259E-26  5.490E-16  1.663E-16  3.827E-16
1.629E+03  1.312E-26  5.669E-16  1.719E-16  3.950E-16
1.614E+03  1.367E-26  5.854E-16  1.777E-16  4.077E-16
1.600E+03  1.425E-26  6.046E-16  1.837E-16  4.209E-16
1.585E+03  1.485E-26  6.243E-16  1.899E-16  4.344E-16
1.570E+03  1.548E-26  6.447E-16  1.963E-16  4.485E-16
1.556E+03  1.613E-26  6.658E-16  2.029E-16  4.630E-16
1.542E+03  1.681E-26  6.876E-16  2.097E-16  4.779E-16
1.528E+03  1.753E-26  7.102E-16  2.168E-16  4.934E-16
1.514E+03  1.827E-26  7.335E-16  2.241E-16  5.093E-16
1.500E+03  1.904E-26  7.575E-16  2.317E-16  5.258E-16
1.486E+03  1.985E-26  7.824E-16  2.395E-16  5.429E-16
1.472E+03  2.069E-26  8.081E-16  2.476E-16  5.605E-16
1.459E+03  2.157E-26  8.347E-16  2.560E-16  5.787E-16
1.445E+03  2.249E-26  8.622E-16  2.647E-16  5.975E-16
1.432E+03  2.344E-26  8.906E-16  2.736E-16  6.170E-16
1.419E+03  2.444E-26  9.200E-16  2.829E-16  6.371E-16
1.406E+03  2.548E-26  9.504E-16  2.925E-16  6.579E-16
1.393E+03  2.657E-26  9.817E-16  3.024E-16  6.793E-16
1.380E+03  2.770E-26  1.014E-15  3.127E-16  7.015E-16
1.368E+03  2.888E-26  1.048E-15  3.233E-16  7.244E-16
1.355E+03  3.011E-26  1.082E-15  3.343E-16  7.481E-16
1.343E+03  3.139E-26  1.118E-15  3.456E-16  7.726E-16
1.330E+03  3.273E-26  1.155E-15  3.574E-16  7.979E-16
1.318E+03  3.413E-26  1.193E-15  3.695E-16  8.240E-16
1.306E+03  3.559E-26  1.233E-15  3.821E-16  8.510E-16
1.294E+03  3.711E-26  1.274E-15  3.951E-16  8.789E-16
1.282E+03  3.870E-26  1.316E-15  4.085E-16  9.077E-16
1.271E+03  4.035E-26  1.360E-15  4.224E-16  9.375E-16
1.259E+03  4.208E-26  1.405E-15  4.368E-16  9.683E-16
1.247E+03  4.388E-26  1.452E-15  4.517E-16  1.000E-15
1.236E+03  4.576E-26  1.500E-15  4.671E-16  1.033E-15
1.225E+03  4.772E-26  1.550E-15  4.831E-16  1.067E-15
1.213E+03  4.976E-26  1.602E-15  4.996E-16  1.102E-15
1.202E+03  5.189E-26  1.655E-15  5.166E-16  1.138E-15
1.191E+03  5.412E-26  1.710E-15  5.343E-16  1.176E-15
1.180E+03  5.644E-26  1.767E-15  5.525E-16  1.214E-15
1.169E+03  5.886E-26  1.826E-15  5.714E-16  1.254E-15
1.159E+03  6.138E-26  1.887E-15  5.910E-16  1.296E-15
1.148E+03  6.402E-26  1.950E-15  6.112E-16  1.339E-15
1.138E+03  6.677E-26  2.015E-15  6.321E-16  1.383E-15
1.127E+03  6.964E-26  2.082E-15  6.538E-16  1.428E-15
1.117E+03  7.263E-26  2.152E-15  6.762E-16  1.476E-15
1.107E+03  7.575E-26  2.224E-15  6.994E-16  1.524E-15
1.096E+03  7.901E-26  2.298E-15  7.234E-16  1.575E-15
1.086E+03  8.241E-26  2.375E-15  7.482E-16  1.627E-15
1.076E+03  8.595E-26  2.454E-15  7.739E-16  1.680E-15
1.067E+03  8.965E-26  2.536E-15  8.005E-16  1.736E-15
1.057E+03  9.351E-26  2.621E-15  8.280E-16  1.793E-15
1.047E+03  9.753E-26  2.709E-15  8.564E-16  1.853E-15
1.038E+03  1.017E-25  2.800E-15  8.859E-16  1.914E-15
1.028E+03  1.061E-25  2.894E-15  9.163E-16  1.977E-15
1.019E+03  1.107E-25  2.991E-15  9.479E-16  2.043E-15
1.009E+03  1.155E-25  3.091E-15  9.805E-16  2.110E-15
1.000E+03  1.204E-25  3.194E-15  1.014E-15  2.180E-15
9.908E+02  1.256E-25  3.302E-15  1.049E-15  2.253E-15
9.817E+02  1.311E-25  3.413E-15  1.085E-15  2.327E-15
9.727E+02  1.367E-25  3.528E-15  1.123E-15  2.405E-15
9.638E+02  1.426E-25  3.646E-15  1.162E-15  2.485E-15
9.550E+02  1.488E-25  3.769E-15  1.202E-15  2.567E-15
9.462E+02  1.552E-25  3.896E-15  1.243E-15  2.653E-15
9.376E+02  1.619E-25  4.027E-15  1.286E-15  2.741E-15
9.290E+02  1.689E-25  4.162E-15  1.331E-15  2.832E-15
9.204E+02  1.762E-25  4.303E-15  1.377E-15  2.926E-15
9.120E+02  1.838E-25  4.448E-15  1.424E-15  3.023E-15
9.036E+02  1.918E-25  4.598E-15  1.473E-15  3.124E-15
8.954E+02  2.001E-25  4.752E-15  1.524E-15  3.228E-15
8.872E+02  2.088E-25  4.912E-15  1.577E-15  3.335E-15
8.790E+02  2.178E-25  5.078E-15  1.632E-15  3.446E-15
8.710E+02  2.272E-25  5.249E-15  1.688E-15  3.560E-15
8.630E+02  2.370E-25  5.426E-15  1.747E-15  3.679E-15
8.551E+02  2.473E-25  5.609E-15  1.808E-15  3.801E-15
8.472E+02  2.580E-25  5.798E-15  1.870E-15  3.927E-15
8.395E+02  2.691E-25  5.993E-15  1.935E-15  4.058E-15
8.318E+02  2.808E-25  6.195E-15  2.003E-15  4.192E-15
8.241E+02  2.929E-25  6.404E-15  2.072E-15  4.331E-15
8.166E+02  3.056E-25  6.619E-15  2.144E-15  4.475E-15
8.091E+02  3.188E-25  6.842E-15  2.219E-15  4.624E-15
8.017E+02  3.326E-25  7.073E-15  2.296E-15  4.777E-15
7.943E+02  3.470E-25  7.311E-15  2.376E-15  4.935E-15
7.870E+02  3.620E-25  7.558E-15  2.459E-15  5.099E-15
7.798E+02  3.777E-25  7.813E-15  2.544E-15  5.268E-15
7.727E+02  3.940E-25  8.076E-15  2.633E-15  5.443E-15
7.656E+02  4.111E-25  8.349E-15  2.725E-15  5.624E-15
7.586E+02  4.289E-25  8.630E-15  2.820E-15  5.810E-15
7.516E+02  4.475E-25  8.922E-15  2.918E-15  6.003E-15
7.447E+02  4.669E-25  9.223E-15  3.020E-15  6.203E-15
7.379E+02  4.872E-25  9.536E-15  3.126E-15  6.410E-15
7.311E+02  5.083E-25  9.859E-15  3.235E-15  6.624E-15
7.244E+02  5.305E-25  1.019E-14  3.348E-15  6.846E-15
7.178E+02  5.535E-25  1.054E-14  3.465E-15  7.075E-15
7.112E+02  5.777E-25  1.090E-14  3.586E-15  7.312E-15
7.047E+02  6.028E-25  1.127E-14  3.712E-15  7.557E-15
6.982E+02  6.291E-25  1.165E-14  3.842E-15  7.810E-15
6.918E+02  6.566E-25  1.205E-14  3.976E-15  8.073E-15
6.855E+02  6.852E-25  1.246E-14  4.116E-15  8.344E-15
6.792E+02  7.152E-25  1.289E-14  4.260E-15  8.625E-15
6.730E+02  7.464E-25  1.332E-14  4.410E-15  8.914E-15
6.668E+02  7.790E-25  1.378E-14  4.564E-15  9.213E-15
6.607E+02  8.130E-25  1.425E-14  4.725E-15  9.523E-15
6.546E+02  8.486E-25  1.474E-14  4.891E-15  9.845E-15
6.486E+02  8.859E-25  1.524E-14  5.063E-15  1.018E-14
6.427E+02  9.248E-25  1.577E-14  5.241E-15  1.053E-14
6.368E+02  9.655E-25  1.631E-14  5.425E-15  1.088E-14
6.310E+02  1.008E-24  1.687E-14  5.616E-15  1.126E-14
6.252E+02  1.052E-24  1.745E-14  5.814E-15  1.164E-14
6.194E+02  1.099E-24  1.806E-14  6.018E-15  1.204E-14
6.138E+02  1.147E-24  1.868E-14  6.231E-15  1.245E-14
6.081E+02  1.198E-24  1.933E-14  6.450E-15  1.288E-14
6.026E+02  1.251E-24  2.000E-14  6.678E-15  1.332E-14
5.970E+02  1.307E-24  2.069E-14  6.913E-15  1.378E-14
5.916E+02  1.364E-24  2.141E-14  7.157E-15  1.425E-14
5.861E+02  1.425E-24  2.215E-14  7.410E-15  1.474E-14
5.808E+02  1.488E-24  2.293E-14  7.672E-15  1.525E-14
5.754E+02  1.554E-24  2.373E-14  7.943E-15  1.578E-14
5.702E+02  1.624E-24  2.455E-14  8.224E-15  1.633E-14
5.649E+02  1.696E-24  2.541E-14  8.515E-15  1.690E-14
5.598E+02  1.771E-24  2.630E-14  8.817E-15  1.748E-14
5.546E+02  1.850E-24  2.722E-14  9.129E-15  1.809E-14
5.495E+02  1.933E-24  2.818E-14  9.453E-15  1.873E-14
5.445E+02  2.020E-24  2.917E-14  9.788E-15  1.938E-14
5.395E+02  2.110E-24  3.020E-14  1.013E-14  2.006E-14
5.346E+02  2.204E-24  3.126E-14  1.049E-14  2.076E-14
5.297E+02  2.303E-24  3.236E-14  1.087E-14  2.149E-14
5.248E+02  2.407E-24  3.350E-14  1.125E-14  2.225E-14
5.200E+02  2.515E-24  3.469E-14  1.165E-14  2.304E-14
5.152E+02  2.628E-24  3.592E-14  1.207E-14  2.385E-14
5.105E+02  2.746E-24  3.719E-14  1.250E-14  2.469E-14
5.058E+02  2.870E-24  3.851E-14  1.294E-14  2.557E-14
5.012E+02  3.000E-24  3.988E-14  1.340E-14  2.648E-14
4.966E+02  3.135E-24  4.130E-14  1.388E-14  2.742E-14
4.920E+02  3.277E-24  4.277E-14  1.437E-14  2.839E-14
4.875E+02  3.425E-24  4.429E-14  1.489E-14  2.941E-14
4.831E+02  3.580E-24  4.587E-14  1.542E-14  3.046E-14
4.786E+02  3.742E-24  4.751E-14  1.597E-14  3.155E-14
4.742E+02  3.912E-24  4.922E-14  1.654E-14  3.268E-14
4.699E+02  4.090E-24  5.098E-14  1.713E-14  3.385E-14
4.656E+02  4.276E-24  5.281E-14  1.774E-14  3.507E-14
4.613E+02  4.471E-24  5.471E-14  1.837E-14  3.633E-14
4.571E+02  4.674E-24  5.667E-14  1.903E-14  3.764E-14
4.529E+02  4.887E-24  5.871E-14  1.971E-14  3.900E-14
4.487E+02  5.110E-24  6.083E-14  2.042E-14  4.041E-14
4.446E+02  5.344E-24  6.302E-14  2.115E-14  4.188E-14
4.406E+02  5.588E-24  6.530E-14  2.191E-14  4.339E-14
4.365E+02  5.844E-24  6.766E-14  2.269E-14  4.497E-14
4.325E+02  6.111E-24  7.011E-14  2.351E-14  4.661E-14
4.285E+02  6.392E-24  7.266E-14  2.435E-14  4.831E-14
4.246E+02  6.685E-24  7.529E-14  2.522E-14  5.007E-14
4.207E+02  6.992E-24  7.803E-14  2.613E-14  5.190E-14
4.169E+02  7.314E-24  8.087E-14  2.707E-14  5.381E-14
4.130E+02  7.651E-24  8.382E-14  2.804E-14  5.578E-14
4.093E+02  8.003E-24  8.688E-14  2.905E-14  5.783E-14
4.055E+02  8.373E-24  9.006E-14  3.010E-14  5.996E-14
4.018E+02  8.759E-24  9.336E-14  3.118E-14  6.218E-14
3.981E+02  9.164E-24  9.678E-14  3.230E-14  6.448E-14
3.945E+02  9.589E-24  1.003E-13  3.347E-14  6.687E-14
3.908E+02  1.003E-23  1.040E-13  3.467E-14  6.935E-14
3.873E+02  1.050E-23  1.079E-13  3.592E-14  7.193E-14
3.837E+02  1.099E-23  1.118E-13  3.722E-14  7.461E-14
3.802E+02  1.150E-23  1.160E-13  3.856E-14  7.739E-14
3.767E+02  1.203E-23  1.202E-13  3.996E-14  8.029E-14
3.733E+02  1.259E-23  1.247E-13  4.140E-14  8.329E-14
3.698E+02  1.318E-23  1.293E-13  4.290E-14  8.642E-14
3.664E+02  1.380E-23  1.341E-13  4.445E-14  8.966E-14
3.631E+02  1.444E-23  1.391E-13  4.606E-14  9.304E-14
3.597E+02  1.512E-23  1.443E-13  4.772E-14  9.654E-14
3.565E+02  1.583E-23  1.496E-13  4.945E-14  1.002E-13
3.532E+02  1.657E-23  1.552E-13  5.125E-14  1.040E-13
3.499E+02  1.735E-23  1.610E-13  5.310E-14  1.079E-13
3.467E+02  1.816E-23  1.670E-13  5.503E-14  1.120E-13
3.436E+02  1.902E-23  1.733E-13  5.703E-14  1.163E-13
3.404E+02  1.991E-23  1.798E-13  5.910E-14  1.207E-13
3.373E+02  2.085E-23  1.865E-13  6.124E-14  1.253E-13
3.342E+02  2.183E-23  1.935E-13  6.347E-14  1.301E-13
3.311E+02  2.286E-23  2.008E-13  6.578E-14  1.350E-13
3.281E+02  2.394E-23  2.084E-13  6.817E-14  1.402E-13
3.251E+02  2.507E-23  2.162E-13  7.065E-14  1.456E-13
3.221E+02  2.626E-23  2.244E-13  7.323E-14  1.512E-13
3.192E+02  2.751E-23  2.329E-13  7.590E-14  1.570E-13
3.162E+02  2.881E-23  2.417E-13  7.866E-14  1.630E-13
3.133E+02  3.018E-23  2.508E-13  8.153E-14  1.693E-13
3.105E+02  3.161E-23  2.603E-13  8.451E-14  1.758E-13
3.076E+02  3.312E-23  2.702E-13  8.759E-14  1.826E-13
3.048E+02  3.469E-23  2.805E-13  9.079E-14  1.897E-13
3.020E+02  3.635E-23  2.912E-13  9.411E-14  1.971E-13
2.992E+02  3.808E-23  3.023E-13  9.756E-14  2.047E-13
2.965E+02  3.990E-23  3.138E-13  1.011E-13  2.127E-13
2.938E+02  4.180E-23  3.258E-13  1.048E-13  2.209E-13
2.911E+02  4.380E-23  3.382E-13  1.087E-13  2.295E-13
2.884E+02  4.590E-23  3.511E-13  1.127E-13  2.385E-13
2.858E+02  4.810E-23  3.646E-13  1.168E-13  2.478E-13
2.831E+02  5.041E-23  3.786E-13  1.211E-13  2.575E-13
2.805E+02  5.283E-23  3.931E-13  1.255E-13  2.676E-13
2.780E+02  5.536E-23  4.082E-13  1.301E-13  2.781E-13
2.754E+02  5.803E-23  4.239E-13  1.349E-13  2.890E-13
2.729E+02  6.082E-23  4.403E-13  1.399E-13  3.004E-13
2.704E+02  6.376E-23  4.573E-13  1.450E-13  3.123E-13
2.679E+02  6.685E-23  4.751E-13  1.504E-13  3.247E-13
2.655E+02  7.008E-23  4.935E-13  1.559E-13  3.376E-13
2.630E+02  7.348E-23  5.127E-13  1.617E-13  3.510E-13
2.606E+02  7.705E-23  5.327E-13  1.676E-13  3.650E-13
2.582E+02  8.079E-23  5.534E-13  1.738E-13  3.796E-13
2.559E+02  8.471E-23  5.749E-13  1.803E-13  3.947E-13
2.535E+02  8.880E-23  5.972E-13  1.869E-13  4.103E-13
2.512E+02  9.309E-23  6.202E-13  1.938E-13  4.264E-13
2.489E+02  9.753E-23  6.439E-13  2.010E-13  4.429E-13
2.466E+02  1.021E-22  6.681E-13  2.085E-13  4.596E-13
2.443E+02  1.069E-22  6.931E-13  2.162E-13  4.768E-13
2.421E+02  1.119E-22  7.189E-13  2.242E-13  4.946E-13
2.399E+02  1.172E-22  7.455E-13  2.326E-13  5.129E-13
2.377E+02  1.226E-22  7.727E-13  2.412E-13  5.315E-13
2.355E+02  1.282E-22  8.010E-13  2.502E-13  5.508E-13
2.333E+02  1.341E-22  8.303E-13  2.596E-13  5.707E-13
2.312E+02  1.403E-22  8.606E-13  2.692E-13  5.914E-13
2.291E+02  1.468E-22  8.921E-13  2.793E-13  6.128E-13
2.270E+02  1.536E-22  9.247E-13  2.898E-13  6.350E-13
2.249E+02  1.607E-22  9.585E-13  3.006E-13  6.579E-13
2.228E+02  1.681E-22  9.937E-13  3.119E-13  6.818E-13
2.208E+02  1.759E-22  1.030E-12  3.236E-13  7.065E-13
2.188E+02  1.840E-22  1.068E-12  3.357E-13  7.321E-13
2.168E+02  1.925E-22  1.107E-12  3.484E-13  7.586E-13
2.148E+02  2.014E-22  1.148E-12  3.615E-13  7.860E-13
2.128E+02  2.107E-22  1.190E-12  3.752E-13  8.144E-13
2.109E+02  2.205E-22  1.233E-12  3.893E-13  8.439E-13
2.089E+02  2.307E-22  1.278E-12  4.041E-13  8.744E-13
2.070E+02  2.414E-22  1.325E-12  4.194E-13  9.059E-13
2.051E+02  2.525E-22  1.374E-12  4.354E-13  9.386E-13
2.032E+02  2.642E-22  1.424E-12  4.519E-13  9.725E-13
2.014E+02  2.765E-22  1.477E-12  4.692E-13  1.008E-12
1.995E+02  2.893E-22  1.531E-12  4.871E-13  1.044E-12
1.977E+02  3.027E-22  1.587E-12  5.058E-13  1.081E-12
1.959E+02  3.167E-22  1.646E-12  5.252E-13  1.120E-12
1.941E+02  3.314E-22  1.706E-12  5.454E-13  1.161E-12
1.923E+02  3.467E-22  1.769E-12  5.665E-13  1.202E-12
1.905E+02  3.628E-22  1.834E-12  5.884E-13  1.245E-12
1.888E+02  3.797E-22  1.902E-12  6.113E-13  1.290E-12
1.871E+02  3.973E-22  1.972E-12  6.351E-13  1.337E-12
1.854E+02  4.158E-22  2.044E-12  6.600E-13  1.384E-12
1.837E+02  4.352E-22  2.120E-12  6.859E-13  1.434E-12
1.820E+02  4.555E-22  2.198E-12  7.130E-13  1.485E-12
1.803E+02  4.767E-22  2.280E-12  7.412E-13  1.539E-12
1.786E+02  4.990E-22  2.364E-12  7.707E-13  1.594E-12
1.770E+02  5.223E-22  2.452E-12  8.015E-13  1.651E-12
1.754E+02  5.467E-22  2.544E-12  8.338E-13  1.710E-12
1.738E+02  5.724E-22  2.638E-12  8.675E-13  1.771E-12
1.722E+02  5.992E-22  2.737E-12  9.028E-13  1.834E-12
1.706E+02  6.274E-22  2.839E-12  9.398E-13  1.900E-12
1.690E+02  6.570E-22  2.946E-12  9.787E-13  1.967E-12
1.675E+02  6.881E-22  3.057E-12  1.019E-12  2.038E-12
1.660E+02  7.207E-22  3.172E-12  1.062E-12  2.110E-12
1.644E+02  7.549E-22  3.293E-12  1.107E-12  2.185E-12
1.629E+02  7.909E-22  3.418E-12  1.155E-12  2.263E-12
1.614E+02  8.287E-22  3.549E-12  1.205E-12  2.344E-12
1.600E+02  8.685E-22  3.685E-12  1.258E-12  2.427E-12
1.585E+02  9.104E-22  3.827E-12  1.314E-12  2.513E-12
1.570E+02  9.545E-22  3.976E-12  1.373E-12  2.603E-12
1.556E+02  1.001E-21  4.131E-12  1.436E-12  2.695E-12
1.542E+02  1.050E-21  4.294E-12  1.503E-12  2.791E-12
1.528E+02  1.102E-21  4.464E-12  1.574E-12  2.890E-12
1.514E+02  1.156E-21  4.642E-12  1.649E-12  2.993E-12
1.500E+02  1.214E-21  4.828E-12  1.729E-12  3.099E-12
1.486E+02  1.274E-21  5.022E-12  1.814E-12  3.209E-12
1.472E+02  1.338E-21  5.225E-12  1.903E-12  3.322E-12
1.459E+02  1.405E-21  5.436E-12  1.996E-12  3.440E-12
1.445E+02  1.475E-21  5.655E-12  2.093E-12  3.562E-12
1.432E+02  1.547E-21  5.879E-12  2.191E-12  3.688E-12
1.419E+02  1.622E-21  6.107E-12  2.288E-12  3.819E-12
1.406E+02  1.699E-21  6.336E-12  2.382E-12  3.954E-12
1.393E+02  1.777E-21  6.565E-12  2.471E-12  4.094E-12
1.380E+02  1.855E-21  6.792E-12  2.553E-12  4.238E-12
1.368E+02  1.934E-21  7.017E-12  2.629E-12  4.388E-12
1.355E+02  2.014E-21  7.241E-12  2.698E-12  4.543E-12
1.343E+02  2.096E-21  7.467E-12  2.764E-12  4.703E-12
1.330E+02  2.181E-21  7.697E-12  2.828E-12  4.869E-12
1.318E+02  2.269E-21  7.933E-12  2.893E-12  5.041E-12
1.306E+02  2.360E-21  8.178E-12  2.960E-12  5.218E-12
1.294E+02  2.456E-21  8.432E-12  3.031E-12  5.401E-12
1.282E+02  2.557E-21  8.698E-12  3.107E-12  5.591E-12
1.271E+02  2.663E-21  8.975E-12  3.187E-12  5.787E-12
1.259E+02  2.774E-21  9.264E-12  3.274E-12  5.990E-12
1.247E+02  2.891E-21  9.566E-12  3.366E-12  6.200E-12
1.236E+02  3.014E-21  9.881E-12  3.464E-12  6.417E-12
1.225E+02  3.143E-21  1.021E-11  3.569E-12  6.642E-12
1.213E+02  3.279E-21  1.055E-11  3.680E-12  6.875E-12
1.202E+02  3.422E-21  1.091E-11  3.797E-12  7.115E-12
1.191E+02  3.571E-21  1.129E-11  3.921E-12  7.364E-12
1.180E+02  3.728E-21  1.167E-11  4.052E-12  7.621E-12
1.169E+02  3.893E-21  1.208E-11  4.190E-12  7.886E-12
1.159E+02  4.065E-21  1.249E-11  4.334E-12  8.160E-12
1.148E+02  4.246E-21  1.293E-11  4.486E-12  8.444E-12
1.138E+02  4.435E-21  1.338E-11  4.646E-12  8.738E-12
1.127E+02  4.634E-21  1.385E-11  4.813E-12  9.041E-12
1.117E+02  4.842E-21  1.435E-11  4.989E-12  9.356E-12
1.107E+02  5.061E-21  1.486E-11  5.174E-12  9.682E-12
1.096E+02  5.290E-21  1.538E-11  5.366E-12  1.002E-11
1.086E+02  5.529E-21  1.593E-11  5.568E-12  1.037E-11
1.076E+02  5.781E-21  1.651E-11  5.780E-12  1.073E-11
1.067E+02  6.044E-21  1.710E-11  6.001E-12  1.110E-11
1.057E+02  6.320E-21  1.772E-11  6.232E-12  1.148E-11
1.047E+02  6.609E-21  1.836E-11  6.473E-12  1.188E-11
1.038E+02  6.912E-21  1.902E-11  6.726E-12  1.230E-11
1.028E+02  7.228E-21  1.971E-11  6.989E-12  1.272E-11
1.019E+02  7.559E-21  2.042E-11  7.264E-12  1.316E-11
1.009E+02  7.906E-21  2.117E-11  7.551E-12  1.361E-11
1.000E+02  8.269E-21  2.193E-11  7.850E-12  1.408E-11
9.908E+01  8.649E-21  2.273E-11  8.162E-12  1.457E-11
9.817E+01  9.046E-21  2.356E-11  8.487E-12  1.507E-11
9.727E+01  9.462E-21  2.442E-11  8.825E-12  1.559E-11
9.638E+01  9.897E-21  2.530E-11  9.177E-12  1.613E-11
9.550E+01  1.035E-20  2.622E-11  9.544E-12  1.668E-11
9.462E+01  1.083E-20  2.718E-11  9.926E-12  1.725E-11
9.376E+01  1.133E-20  2.817E-11  1.032E-11  1.785E-11
9.290E+01  1.185E-20  2.920E-11  1.074E-11  1.846E-11
9.204E+01  1.239E-20  3.026E-11  1.117E-11  1.909E-11
9.120E+01  1.296E-20  3.136E-11  1.162E-11  1.974E-11
9.036E+01  1.356E-20  3.251E-11  1.209E-11  2.042E-11
8.954E+01  1.419E-20  3.369E-11  1.258E-11  2.111E-11
8.872E+01  1.484E-20  3.492E-11  1.309E-11  2.183E-11
8.790E+01  1.553E-20  3.620E-11  1.362E-11  2.258E-11
8.710E+01  1.624E-20  3.753E-11  1.418E-11  2.335E-11
8.630E+01  1.700E-20  3.891E-11  1.476E-11  2.415E-11
8.551E+01  1.778E-20  4.034E-11  1.537E-11  2.497E-11
8.472E+01  1.861E-20  4.181E-11  1.600E-11  2.581E-11
8.395E+01  1.947E-20  4.335E-11  1.666E-11  2.669E-11
8.318E+01  2.037E-20  4.494E-11  1.735E-11  2.759E-11
8.241E+01  2.131E-20  4.659E-11  1.807E-11  2.852E-11
8.166E+01  2.230E-20  4.830E-11  1.881E-11  2.949E-11
8.091E+01  2.333E-20  5.008E-11  1.959E-11  3.049E-11
8.017E+01  2.442E-20  5.192E-11  2.041E-11  3.152E-11
7.943E+01  2.555E-20  5.383E-11  2.126E-11  3.258E-11
7.870E+01  2.673E-20  5.581E-11  2.214E-11  3.367E-11
7.798E+01  2.797E-20  5.786E-11  2.306E-11  3.480E-11
7.727E+01  2.927E-20  5.999E-11  2.402E-11  3.597E-11
7.656E+01  3.062E-20  6.219E-11  2.501E-11  3.718E-11
7.586E+01  3.204E-20  6.448E-11  2.605E-11  3.843E-11
7.516E+01  3.353E-20  6.685E-11  2.714E-11  3.972E-11
7.447E+01  3.508E-20  6.931E-11  2.826E-11  4.104E-11
7.379E+01  3.671E-20  7.185E-11  2.944E-11  4.241E-11
7.311E+01  3.841E-20  7.449E-11  3.067E-11  4.382E-11
7.244E+01  4.018E-20  7.722E-11  3.195E-11  4.527E-11
7.178E+01  4.204E-20  8.005E-11  3.328E-11  4.677E-11
7.112E+01  4.398E-20  8.298E-11  3.467E-11  4.831E-11
7.047E+01  4.602E-20  8.603E-11  3.611E-11  4.991E-11
6.982E+01  4.816E-20  8.920E-11  3.762E-11  5.158E-11
6.918E+01  5.039E-20  9.248E-11  3.919E-11  5.329E-11
6.855E+01  5.273E-20  9.587E-11  4.083E-11  5.504E-11
6.792E+01  5.516E-20  9.938E-11  4.254E-11  5.684E-11
6.730E+01  5.771E-20  1.030E-10  4.432E-11  5.870E-11
6.668E+01  6.038E-20  1.068E-10  4.618E-11  6.062E-11
6.607E+01  6.318E-20  1.107E-10  4.812E-11  6.261E-11
6.546E+01  6.611E-20  1.148E-10  5.014E-11  6.466E-11
6.486E+01  6.917E-20  1.190E-10  5.224E-11  6.676E-11
6.427E+01  7.236E-20  1.234E-10  5.444E-11  6.893E-11
6.368E+01  7.571E-20  1.279E-10  5.673E-11  7.116E-11
6.310E+01  7.922E-20  1.326E-10  5.912E-11  7.347E-11
6.252E+01  8.289E-20  1.375E-10  6.161E-11  7.585E-11
6.194E+01  8.673E-20  1.425E-10  6.422E-11  7.830E-11
6.138E+01  9.076E-20  1.478E-10  6.693E-11  8.083E-11
6.081E+01  9.497E-20  1.532E-10  6.976E-11  8.343E-11
6.026E+01  9.937E-20  1.588E-10  7.271E-11  8.611E-11
5.970E+01  1.040E-19  1.647E-10  7.579E-11  8.887E-11
5.916E+01  1.088E-19  1.707E-10  7.901E-11  9.170E-11
5.861E+01  1.138E-19  1.770E-10  8.238E-11  9.461E-11
5.808E+01  1.191E-19  1.835E-10  8.589E-11  9.760E-11
5.754E+01  1.246E-19  1.902E-10  8.955E-11  1.007E-10
5.702E+01  1.304E-19  1.972E-10  9.338E-11  1.038E-10
5.649E+01  1.364E-19  2.045E-10  9.738E-11  1.071E-10
5.598E+01  1.428E-19  2.120E-10  1.016E-10  1.104E-10
5.546E+01  1.494E-19  2.198E-10  1.059E-10  1.139E-10
5.495E+01  1.564E-19  2.280E-10  1.105E-10  1.175E-10
5.445E+01  1.637E-19  2.364E-10  1.153E-10  1.211E-10
5.395E+01  1.713E-19  2.451E-10  1.202E-10  1.249E-10
5.346E+01  1.793E-19  2.542E-10  1.255E-10  1.288E-10
5.297E+01  1.877E-19  2.637E-10  1.309E-10  1.327E-10
5.248E+01  1.964E-19  2.734E-10  1.366E-10  1.368E-10
5.200E+01  2.056E-19  2.836E-10  1.426E-10  1.410E-10
5.152E+01  2.152E-19  2.942E-10  1.488E-10  1.453E-10
5.105E+01  2.253E-19  3.051E-10  1.554E-10  1.497E-10
5.058E+01  2.359E-19  3.165E-10  1.622E-10  1.543E-10
5.012E+01  2.469E-19  3.283E-10  1.694E-10  1.589E-10
4.966E+01  2.585E-19  3.405E-10  1.769E-10  1.637E-10
4.920E+01  2.706E-19  3.532E-10  1.847E-10  1.685E-10
4.875E+01  2.834E-19  3.664E-10  1.929E-10  1.736E-10
4.831E+01  2.967E-19  3.802E-10  2.015E-10  1.787E-10
4.786E+01  3.107E-19  3.944E-10  2.105E-10  1.840E-10
4.742E+01  3.254E-19  4.093E-10  2.199E-10  1.894E-10
4.699E+01  3.408E-19  4.247E-10  2.298E-10  1.950E-10
4.656E+01  3.569E-19  4.408E-10  2.401E-10  2.006E-10
4.613E+01  3.738E-19  4.575E-10  2.510E-10  2.065E-10
4.571E+01  3.916E-19  4.748E-10  2.623E-10  2.125E-10
4.529E+01  4.102E-19  4.929E-10  2.742E-10  2.186E-10
4.487E+01  4.298E-19  5.116E-10  2.867E-10  2.249E-10
4.446E+01  4.504E-19  5.312E-10  2.998E-10  2.314E-10
4.406E+01  4.719E-19  5.514E-10  3.134E-10  2.380E-10
4.365E+01  4.944E-19  5.725E-10  3.277E-10  2.448E-10
4.325E+01  5.181E-19  5.944E-10  3.427E-10  2.517E-10
4.285E+01  5.429E-19  6.171E-10  3.583E-10  2.588E-10
4.246E+01  5.688E-19  6.407E-10  3.746E-10  2.661E-10
4.207E+01  5.960E-19  6.651E-10  3.916E-10  2.735E-10
4.169E+01  6.244E-19  6.904E-10  4.093E-10  2.811E-10
4.130E+01  6.541E-19  7.167E-10  4.278E-10  2.889E-10
4.093E+01  6.851E-19  7.438E-10  4.470E-10  2.968E-10
4.055E+01  7.175E-19  7.718E-10  4.669E-10  3.048E-10
4.018E+01  7.513E-19  8.007E-10  4.876E-10  3.131E-10
3.981E+01  7.865E-19  8.305E-10  5.090E-10  3.215E-10
3.945E+01  8.231E-19  8.612E-10  5.312E-10  3.300E-10
3.908E+01  8.611E-19  8.928E-10  5.540E-10  3.388E-10
3.873E+01  9.007E-19  9.252E-10  5.775E-10  3.477E-10
3.837E+01  9.416E-19  9.584E-10  6.016E-10  3.567E-10
3.802E+01  9.840E-19  9.923E-10  6.263E-10  3.660E-10
3.767E+01  1.028E-18  1.027E-09  6.516E-10  3.754E-10
3.733E+01  1.073E-18  1.062E-09  6.772E-10  3.848E-10
3.698E+01  1.119E-18  1.098E-09  7.032E-10  3.943E-10
3.664E+01  1.166E-18  1.133E-09  7.295E-10  4.040E-10
3.631E+01  1.215E-18  1.170E-09  7.559E-10  4.139E-10
3.597E+01  1.264E-18  1.206E-09  7.824E-10  4.239E-10
3.565E+01  1.315E-18  1.243E-09  8.087E-10  4.342E-10
3.532E+01  1.366E-18  1.280E-09  8.348E-10  4.448E-10
3.499E+01  1.418E-18  1.316E-09  8.605E-10  4.555E-10
3.467E+01  1.470E-18  1.352E-09  8.855E-10  4.664E-10
3.436E+01  1.522E-18  1.387E-09  9.099E-10  4.776E-10
3.404E+01  1.575E-18  1.422E-09  9.333E-10  4.889E-10
3.373E+01  1.628E-18  1.456E-09  9.556E-10  5.005E-10
3.342E+01  1.680E-18  1.489E-09  9.767E-10  5.124E-10
3.311E+01  1.732E-18  1.521E-09  9.964E-10  5.248E-10
3.281E+01  1.783E-18  1.552E-09  1.015E-09  5.374E-10
3.251E+01  1.834E-18  1.581E-09  1.031E-09  5.502E-10
3.221E+01  1.883E-18  1.609E-09  1.046E-09  5.633E-10
3.192E+01  1.931E-18  1.635E-09  1.058E-09  5.767E-10
3.162E+01  1.978E-18  1.659E-09  1.069E-09  5.903E-10
3.133E+01  2.024E-18  1.682E-09  1.078E-09  6.042E-10
3.105E+01  2.068E-18  1.703E-09  1.085E-09  6.184E-10
3.076E+01  2.110E-18  1.722E-09  1.089E-09  6.329E-10
3.048E+01  2.151E-18  1.739E-09  1.092E-09  6.476E-10
3.020E+01  2.191E-18  1.755E-09  1.093E-09  6.626E-10
2.992E+01  2.229E-18  1.769E-09  1.091E-09  6.779E-10
2.965E+01  2.265E-18  1.781E-09  1.088E-09  6.931E-10
2.938E+01  2.300E-18  1.792E-09  1.084E-09  7.086E-10
2.911E+01  2.334E-18  1.802E-09  1.077E-09  7.244E-10
2.884E+01  2.366E-18  1.810E-09  1.070E-09  7.404E-10
2.858E+01  2.398E-18  1.817E-09  1.061E-09  7.567E-10
2.831E+01  2.428E-18  1.824E-09  1.050E-09  7.732E-10
2.805E+01  2.458E-18  1.829E-09  1.039E-09  7.900E-10
2.780E+01  2.487E-18  1.834E-09  1.027E-09  8.070E-10
2.754E+01  2.516E-18  1.838E-09  1.014E-09  8.243E-10
2.729E+01  2.545E-18  1.842E-09  1.000E-09  8.419E-10
2.704E+01  2.574E-18  1.846E-09  9.863E-10  8.598E-10
2.679E+01  2.603E-18  1.850E-09  9.717E-10  8.779E-10
2.655E+01  2.632E-18  1.853E-09  9.569E-10  8.962E-10
2.630E+01  2.661E-18  1.857E-09  9.420E-10  9.148E-10
2.606E+01  2.691E-18  1.861E-09  9.269E-10  9.337E-10
2.582E+01  2.722E-18  1.865E-09  9.118E-10  9.528E-10
2.559E+01  2.754E-18  1.869E-09  8.968E-10  9.721E-10
2.535E+01  2.786E-18  1.874E-09  8.819E-10  9.917E-10
2.512E+01  2.820E-18  1.879E-09  8.672E-10  1.011E-09
2.489E+01  2.854E-18  1.884E-09  8.528E-10  1.031E-09
2.466E+01  2.889E-18  1.890E-09  8.387E-10  1.051E-09
2.443E+01  2.926E-18  1.896E-09  8.250E-10  1.071E-09
2.421E+01  2.963E-18  1.903E-09  8.116E-10  1.091E-09
2.399E+01  3.000E-18  1.909E-09  7.985E-10  1.110E-09
2.377E+01  3.039E-18  1.916E-09  7.858E-10  1.130E-09
2.355E+01  3.081E-18  1.925E-09  7.734E-10  1.152E-09
2.333E+01  3.124E-18  1.934E-09  7.615E-10  1.172E-09
2.312E+01  3.166E-18  1.941E-09  7.500E-10  1.192E-09
2.291E+01  3.209E-18  1.950E-09  7.389E-10  1.211E-09
2.270E+01  3.258E-18  1.962E-09  7.282E-10  1.233E-09
2.249E+01  3.311E-18  1.975E-09  7.180E-10  1.257E-09
2.228E+01  3.366E-18  1.990E-09  7.083E-10  1.282E-09
2.208E+01  3.423E-18  2.005E-09  6.990E-10  1.306E-09
2.188E+01  3.477E-18  2.018E-09  6.902E-10  1.327E-09
2.168E+01  3.530E-18  2.030E-09  6.818E-10  1.348E-09
2.148E+01  3.585E-18  2.042E-09  6.738E-10  1.368E-09
2.128E+01  3.644E-18  2.057E-09  6.663E-10  1.391E-09
2.109E+01  3.707E-18  2.074E-09  6.593E-10  1.414E-09
2.089E+01  3.771E-18  2.090E-09  6.527E-10  1.437E-09
2.070E+01  3.834E-18  2.105E-09  6.465E-10  1.459E-09
2.051E+01  3.897E-18  2.120E-09  6.407E-10  1.480E-09
2.032E+01  3.964E-18  2.137E-09  6.353E-10  1.502E-09
2.014E+01  4.044E-18  2.160E-09  6.304E-10  1.530E-09
1.995E+01  4.123E-18  2.182E-09  6.258E-10  1.556E-09
1.977E+01  4.202E-18  2.203E-09  6.217E-10  1.582E-09
1.959E+01  4.276E-18  2.222E-09  6.179E-10  1.604E-09
1.941E+01  4.346E-18  2.237E-09  6.145E-10  1.623E-09
1.923E+01  4.408E-18  2.249E-09  6.113E-10  1.638E-09
1.905E+01  4.464E-18  2.256E-09  6.084E-10  1.648E-09
1.888E+01  4.512E-18  2.259E-09  6.058E-10  1.654E-09
1.871E+01  4.550E-18  2.258E-09  6.035E-10  1.654E-09
1.854E+01  4.579E-18  2.251E-09  6.015E-10  1.650E-09
1.837E+01  4.598E-18  2.240E-09  5.998E-10  1.640E-09
1.820E+01  4.606E-18  2.223E-09  5.983E-10  1.625E-09
1.803E+01  4.607E-18  2.203E-09  5.970E-10  1.606E-09
1.786E+01  4.598E-18  2.179E-09  5.960E-10  1.583E-09
1.770E+01  4.580E-18  2.151E-09  5.952E-10  1.555E-09
1.754E+01  4.551E-18  2.117E-09  5.949E-10  1.522E-09
1.738E+01  4.514E-18  2.081E-09  5.948E-10  1.486E-09
1.722E+01  4.470E-18  2.042E-09  5.950E-10  1.447E-09
1.706E+01  4.424E-18  2.002E-09  5.954E-10  1.407E-09
1.690E+01  4.373E-18  1.961E-09  5.960E-10  1.365E-09
1.675E+01  4.318E-18  1.918E-09  5.968E-10  1.322E-09
1.660E+01  4.256E-18  1.874E-09  5.979E-10  1.276E-09
1.644E+01  4.192E-18  1.829E-09  5.991E-10  1.229E-09
1.629E+01  4.126E-18  1.783E-09  6.005E-10  1.183E-09
1.614E+01  4.061E-18  1.739E-09  6.021E-10  1.137E-09
1.600E+01  3.997E-18  1.696E-09  6.039E-10  1.092E-09
1.585E+01  3.934E-18  1.654E-09  6.058E-10  1.048E-09
1.570E+01  3.873E-18  1.613E-09  6.079E-10  1.005E-09
1.556E+01  3.813E-18  1.574E-09  6.102E-10  9.635E-10
1.542E+01  3.756E-18  1.536E-09  6.126E-10  9.234E-10
1.528E+01  3.702E-18  1.500E-09  6.152E-10  8.850E-10
1.514E+01  3.652E-18  1.466E-09  6.179E-10  8.484E-10
1.500E+01  3.607E-18  1.435E-09  6.207E-10  8.143E-10
1.486E+01  3.564E-18  1.405E-09  6.237E-10  7.809E-10
1.472E+01  3.523E-18  1.376E-09  6.268E-10  7.489E-10
1.459E+01  3.485E-18  1.349E-09  6.301E-10  7.186E-10
1.445E+01  3.458E-18  1.326E-09  6.335E-10  6.925E-10
1.432E+01  3.442E-18  1.307E-09  6.370E-10  6.705E-10
1.419E+01  3.439E-18  1.294E-09  6.406E-10  6.539E-10
1.406E+01  3.451E-18  1.287E-09  6.442E-10  6.429E-10
1.393E+01  3.481E-18  1.286E-09  6.478E-10  6.386E-10
1.380E+01  3.527E-18  1.291E-09  6.516E-10  6.397E-10
1.368E+01  3.589E-18  1.302E-09  6.555E-10  6.467E-10
1.355E+01  3.663E-18  1.317E-09  6.595E-10  6.572E-10
1.343E+01  3.744E-18  1.333E-09  6.635E-10  6.699E-10
1.330E+01  3.827E-18  1.351E-09  6.675E-10  6.832E-10
1.318E+01  3.915E-18  1.369E-09  6.716E-10  6.973E-10
1.306E+01  4.001E-18  1.386E-09  6.758E-10  7.106E-10
1.294E+01  4.092E-18  1.405E-09  6.800E-10  7.247E-10
1.282E+01  4.190E-18  1.425E-09  6.842E-10  7.411E-10
1.271E+01  4.293E-18  1.447E-09  6.884E-10  7.583E-10
1.259E+01  4.396E-18  1.468E-09  6.926E-10  7.755E-10
1.247E+01  4.500E-18  1.489E-09  6.967E-10  7.921E-10
1.236E+01  4.601E-18  1.509E-09  7.008E-10  8.078E-10
1.225E+01  4.697E-18  1.526E-09  7.045E-10  8.213E-10
1.213E+01  4.800E-18  1.545E-09  7.082E-10  8.366E-10
1.202E+01  4.911E-18  1.566E-09  7.119E-10  8.543E-10
1.191E+01  5.021E-18  1.587E-09  7.155E-10  8.713E-10
1.180E+01  5.131E-18  1.606E-09  7.189E-10  8.875E-10
1.169E+01  5.236E-18  1.624E-09  7.222E-10  9.019E-10
1.159E+01  5.346E-18  1.643E-09  7.309E-10  9.122E-10
1.148E+01  5.629E-18  1.714E-09  7.931E-10  9.213E-10
1.138E+01  5.553E-18  1.676E-09  7.440E-10  9.318E-10
1.127E+01  5.639E-18  1.686E-09  7.433E-10  9.428E-10
1.117E+01  5.738E-18  1.700E-09  7.451E-10  9.547E-10
1.107E+01  5.838E-18  1.714E-09  7.473E-10  9.662E-10
1.096E+01  5.932E-18  1.725E-09  7.500E-10  9.754E-10
1.086E+01  6.030E-18  1.738E-09  7.528E-10  9.849E-10
1.076E+01  6.138E-18  1.753E-09  7.555E-10  9.971E-10
1.067E+01  6.255E-18  1.770E-09  7.581E-10  1.012E-09
1.057E+01  6.380E-18  1.789E-09  7.607E-10  1.028E-09
1.047E+01  6.495E-18  1.804E-09  7.631E-10  1.041E-09
1.038E+01  6.582E-18  1.811E-09  7.654E-10  1.046E-09
1.028E+01  6.635E-18  1.809E-09  7.675E-10  1.042E-09
1.019E+01  6.658E-18  1.799E-09  7.695E-10  1.029E-09
1.009E+01  6.666E-18  1.785E-09  7.713E-10  1.013E-09
1.000E+01  6.671E-18  1.769E-09  7.730E-10  9.964E-10
9.908E+00  6.680E-18  1.756E-09  7.745E-10  9.813E-10
9.817E+00  6.692E-18  1.743E-09  7.758E-10  9.668E-10
9.727E+00  6.702E-18  1.729E-09  7.769E-10  9.523E-10
9.638E+00  6.705E-18  1.714E-09  7.779E-10  9.364E-10
9.550E+00  6.681E-18  1.692E-09  7.787E-10  9.137E-10
9.462E+00  6.620E-18  1.662E-09  7.793E-10  8.823E-10
9.376E+00  6.515E-18  1.620E-09  7.797E-10  8.406E-10
9.290E+00  6.365E-18  1.568E-09  7.798E-10  7.885E-10
9.204E+00  6.174E-18  1.508E-09  7.798E-10  7.277E-10
9.120E+00  5.957E-18  1.441E-09  7.796E-10  6.616E-10
9.036E+00  5.727E-18  1.373E-09  7.792E-10  5.937E-10
8.954E+00  5.502E-18  1.307E-09  7.785E-10  5.282E-10
8.872E+00  5.294E-18  1.246E-09  7.777E-10  4.680E-10
8.790E+00  5.109E-18  1.191E-09  7.768E-10  4.145E-10
8.710E+00  4.950E-18  1.144E-09  7.756E-10  3.680E-10
8.630E+00  4.815E-18  1.102E-09  7.741E-10  3.281E-10
8.551E+00  4.699E-18  1.066E-09  7.723E-10  2.936E-10
8.472E+00  4.594E-18  1.032E-09  7.702E-10  2.623E-10
8.395E+00  4.491E-18  1.000E-09  7.678E-10  2.323E-10
8.318E+00  4.386E-18  9.676E-10  7.652E-10  2.024E-10
8.241E+00  4.278E-18  9.353E-10  7.624E-10  1.729E-10
8.166E+00  4.173E-18  9.039E-10  7.594E-10  1.444E-10
8.091E+00  4.082E-18  8.760E-10  7.562E-10  1.197E-10
8.017E+00  4.004E-18  8.514E-10  7.529E-10  9.850E-11
7.943E+00  3.940E-18  8.301E-10  7.493E-10  8.078E-11
7.870E+00  3.887E-18  8.115E-10  7.454E-10  6.608E-11
7.798E+00  3.843E-18  7.950E-10  7.410E-10  5.403E-11
7.727E+00  3.809E-18  7.806E-10  7.362E-10  4.440E-11
7.656E+00  3.782E-18  7.680E-10  7.313E-10  3.679E-11
7.586E+00  3.761E-18  7.567E-10  7.259E-10  3.080E-11
7.516E+00  3.743E-18  7.463E-10  7.200E-10  2.624E-11
7.447E+00  3.729E-18  7.367E-10  7.139E-10  2.284E-11
7.379E+00  3.718E-18  7.278E-10  7.076E-10  2.018E-11
7.311E+00  3.710E-18  7.195E-10  7.013E-10  1.820E-11
7.244E+00  3.702E-18  7.113E-10  6.947E-10  1.659E-11
7.178E+00  3.694E-18  7.033E-10  6.881E-10  1.523E-11
7.112E+00  3.686E-18  6.953E-10  6.812E-10  1.413E-11
7.047E+00  3.677E-18  6.873E-10  6.741E-10  1.319E-11
6.982E+00  3.667E-18  6.791E-10  6.668E-10  1.232E-11
6.918E+00  3.656E-18  6.709E-10  6.593E-10  1.153E-11
6.855E+00  3.644E-18  6.625E-10  6.517E-10  1.080E-11
6.792E+00  3.630E-18  6.541E-10  6.439E-10  1.011E-11
6.730E+00  3.616E-18  6.454E-10  6.360E-10  9.459E-12
6.668E+00  3.599E-18  6.366E-10  6.278E-10  8.845E-12
6.607E+00  3.581E-18  6.277E-10  6.194E-10  8.260E-12
6.546E+00  3.562E-18  6.185E-10  6.108E-10  7.706E-12
6.486E+00  3.541E-18  6.092E-10  6.020E-10  7.181E-12
6.427E+00  3.518E-18  5.998E-10  5.931E-10  6.683E-12
6.368E+00  3.494E-18  5.902E-10  5.840E-10  6.212E-12
6.310E+00  3.452E-18  5.777E-10  5.719E-10  5.766E-12
6.252E+00  3.455E-18  5.729E-10  5.675E-10  5.345E-12
6.194E+00  3.426E-18  5.629E-10  5.580E-10  4.948E-12
6.138E+00  3.393E-18  5.524E-10  5.478E-10  4.571E-12
6.081E+00  3.360E-18  5.420E-10  5.378E-10  4.219E-12
6.026E+00  3.327E-18  5.318E-10  5.279E-10  3.891E-12
5.970E+00  3.294E-18  5.216E-10  5.180E-10  3.586E-12
5.916E+00  3.259E-18  5.114E-10  5.081E-10  3.303E-12
5.861E+00  3.224E-18  5.013E-10  4.982E-10  3.041E-12
5.808E+00  3.188E-18  4.911E-10  4.883E-10  2.798E-12
5.754E+00  3.150E-18  4.809E-10  4.783E-10  2.573E-12
5.702E+00  3.112E-18  4.706E-10  4.683E-10  2.364E-12
5.649E+00  3.072E-18  4.603E-10  4.582E-10  2.171E-12
5.598E+00  3.031E-18  4.500E-10  4.480E-10  1.993E-12
5.546E+00  2.989E-18  4.397E-10  4.379E-10  1.829E-12
5.495E+00  2.946E-18  4.294E-10  4.278E-10  1.677E-12
5.445E+00  2.902E-18  4.192E-10  4.177E-10  1.537E-12
5.395E+00  2.858E-18  4.090E-10  4.076E-10  1.408E-12
5.346E+00  2.813E-18  3.988E-10  3.975E-10  1.289E-12
5.297E+00  2.767E-18  3.887E-10  3.875E-10  1.179E-12
5.248E+00  2.720E-18  3.786E-10  3.775E-10  1.078E-12
5.200E+00  2.672E-18  3.685E-10  3.675E-10  9.845E-13
5.152E+00  2.623E-18  3.585E-10  3.576E-10  8.988E-13
5.105E+00  2.574E-18  3.485E-10  3.477E-10  8.200E-13
5.058E+00  2.524E-18  3.387E-10  3.379E-10  7.477E-13
5.012E+00  2.474E-18  3.288E-10  3.282E-10  6.812E-13
4.966E+00  2.422E-18  3.191E-10  3.185E-10  6.203E-13
4.920E+00  2.370E-18  3.094E-10  3.088E-10  5.643E-13
4.875E+00  2.318E-18  2.998E-10  2.993E-10  5.130E-13
4.831E+00  2.266E-18  2.904E-10  2.899E-10  4.658E-13
4.786E+00  2.214E-18  2.811E-10  2.806E-10  4.227E-13
4.742E+00  2.161E-18  2.719E-10  2.715E-10  3.832E-13
4.699E+00  2.109E-18  2.629E-10  2.625E-10  3.471E-13
4.656E+00  2.057E-18  2.540E-10  2.537E-10  3.141E-13
4.613E+00  2.004E-18  2.453E-10  2.450E-10  2.839E-13
4.571E+00  1.952E-18  2.367E-10  2.364E-10  2.564E-13
4.529E+00  1.900E-18  2.283E-10  2.280E-10  2.313E-13
4.487E+00  1.848E-18  2.200E-10  2.198E-10  2.085E-13
4.446E+00  1.796E-18  2.119E-10  2.117E-10  1.877E-13
4.406E+00  1.745E-18  2.039E-10  2.037E-10  1.689E-13
4.365E+00  1.694E-18  1.961E-10  1.960E-10  1.518E-13
4.325E+00  1.643E-18  1.885E-10  1.884E-10  1.362E-13
4.285E+00  1.593E-18  1.811E-10  1.809E-10  1.221E-13
4.246E+00  1.543E-18  1.738E-10  1.737E-10  1.094E-13
4.207E+00  1.494E-18  1.667E-10  1.666E-10  9.785E-14
4.169E+00  1.445E-18  1.597E-10  1.597E-10  8.743E-14
4.130E+00  1.396E-18  1.530E-10  1.529E-10  7.802E-14
4.093E+00  1.349E-18  1.464E-10  1.463E-10  6.949E-14
4.055E+00  1.302E-18  1.400E-10  1.399E-10  6.182E-14
4.018E+00  1.255E-18  1.338E-10  1.337E-10  5.493E-14
3.981E+00  1.210E-18  1.277E-10  1.277E-10  4.874E-14
3.945E+00  1.165E-18  1.219E-10  1.218E-10  4.319E-14
3.908E+00  1.121E-18  1.162E-10  1.162E-10  3.822E-14
3.873E+00  1.078E-18  1.107E-10  1.107E-10  3.378E-14
3.837E+00  1.035E-18  1.054E-10  1.053E-10  2.982E-14
3.802E+00  9.939E-19  1.002E-10  1.002E-10  2.629E-14
3.767E+00  9.534E-19  9.527E-11  9.524E-11  2.315E-14
3.733E+00  9.139E-19  9.048E-11  9.046E-11  2.036E-14
3.698E+00  8.753E-19  8.586E-11  8.585E-11  1.788E-14
3.664E+00  8.376E-19  8.142E-11  8.140E-11  1.568E-14
3.631E+00  8.010E-19  7.714E-11  7.713E-11  1.373E-14
3.597E+00  7.653E-19  7.303E-11  7.302E-11  1.201E-14
3.565E+00  7.306E-19  6.908E-11  6.907E-11  1.049E-14
3.532E+00  6.969E-19  6.529E-11  6.528E-11  9.143E-15
3.499E+00  6.642E-19  6.166E-11  6.165E-11  7.962E-15
3.467E+00  6.325E-19  5.818E-11  5.817E-11  6.923E-15
3.436E+00  6.018E-19  5.485E-11  5.484E-11  6.010E-15
3.404E+00  5.721E-19  5.166E-11  5.166E-11  5.211E-15
3.373E+00  5.434E-19  4.862E-11  4.861E-11  4.510E-15
3.342E+00  5.157E-19  4.571E-11  4.571E-11  3.897E-15
3.311E+00  4.890E-19  4.295E-11  4.294E-11  3.363E-15
3.281E+00  4.631E-19  4.031E-11  4.030E-11  2.897E-15
3.251E+00  4.382E-19  3.779E-11  3.779E-11  2.490E-15
3.221E+00  4.143E-19  3.540E-11  3.540E-11  2.137E-15
3.192E+00  3.913E-19  3.313E-11  3.312E-11  1.831E-15
3.162E+00  3.692E-19  3.097E-11  3.097E-11  1.567E-15
3.133E+00  3.481E-19  2.893E-11  2.893E-11  1.338E-15
3.105E+00  3.279E-19  2.700E-11  2.700E-11  1.142E-15
3.076E+00  3.085E-19  2.517E-11  2.517E-11  9.728E-16
3.048E+00  2.900E-19  2.345E-11  2.345E-11  8.277E-16
3.020E+00  2.724E-19  2.182E-11  2.182E-11  7.030E-16
2.992E+00  2.556E-19  2.029E-11  2.029E-11  5.962E-16
2.965E+00  2.396E-19  1.884E-11  1.884E-11  5.048E-16
2.938E+00  2.243E-19  1.748E-11  1.748E-11  4.266E-16
2.911E+00  2.098E-19  1.620E-11  1.620E-11  3.600E-16
2.884E+00  1.961E-19  1.500E-11  1.500E-11  3.032E-16
2.858E+00  1.830E-19  1.387E-11  1.387E-11  2.550E-16
2.831E+00  1.707E-19  1.282E-11  1.282E-11  2.140E-16
2.805E+00  1.590E-19  1.183E-11  1.183E-11  1.794E-16
2.780E+00  1.480E-19  1.091E-11  1.091E-11  1.500E-16
2.754E+00  1.375E-19  1.005E-11  1.005E-11  1.253E-16
2.729E+00  1.277E-19  9.243E-12  9.243E-12  1.044E-16
2.704E+00  1.184E-19  8.494E-12  8.494E-12  8.689E-17
2.679E+00  1.097E-19  7.797E-12  7.797E-12  7.216E-17
2.655E+00  1.015E-19  7.149E-12  7.148E-12  5.981E-17
2.630E+00  9.383E-20  6.547E-12  6.547E-12  4.949E-17
2.606E+00  8.663E-20  5.989E-12  5.989E-12  4.087E-17
2.582E+00  7.989E-20  5.472E-12  5.472E-12  3.369E-17
2.559E+00  7.358E-20  4.994E-12  4.994E-12  2.772E-17
2.535E+00  6.769E-20  4.552E-12  4.552E-12  2.276E-17
2.512E+00  6.220E-20  4.144E-12  4.144E-12  1.865E-17
2.489E+00  5.708E-20  3.769E-12  3.769E-12  1.526E-17
2.466E+00  5.232E-20  3.423E-12  3.423E-12  1.246E-17
2.443E+00  4.790E-20  3.104E-12  3.104E-12  1.015E-17
2.421E+00  4.379E-20  2.812E-12  2.812E-12  8.253E-18
2.399E+00  3.999E-20  2.545E-12  2.545E-12  6.696E-18
2.377E+00  3.648E-20  2.300E-12  2.300E-12  5.422E-18
2.355E+00  3.324E-20  2.076E-12  2.076E-12  4.381E-18
2.333E+00  3.024E-20  1.872E-12  1.872E-12  3.532E-18
2.312E+00  2.748E-20  1.685E-12  1.685E-12  2.842E-18
2.291E+00  2.494E-20  1.516E-12  1.516E-12  2.281E-18
2.270E+00  2.261E-20  1.361E-12  1.361E-12  1.827E-18
2.249E+00  2.047E-20  1.221E-12  1.221E-12  1.460E-18
2.228E+00  1.850E-20  1.094E-12  1.094E-12  1.165E-18
2.208E+00  1.670E-20  9.784E-13  9.784E-13  9.266E-19
2.188E+00  1.506E-20  8.741E-13  8.741E-13  7.356E-19
2.168E+00  1.356E-20  7.798E-13  7.798E-13  5.827E-19
2.148E+00  1.219E-20  6.947E-13  6.947E-13  4.604E-19
2.128E+00  1.095E-20  6.180E-13  6.180E-13  3.630E-19
2.109E+00  9.815E-21  5.490E-13  5.490E-13  2.855E-19
2.089E+00  8.787E-21  4.870E-13  4.870E-13  2.241E-19
2.070E+00  7.856E-21  4.314E-13  4.314E-13  1.754E-19
2.051E+00  7.012E-21  3.815E-13  3.815E-13  1.370E-19
2.032E+00  6.250E-21  3.370E-13  3.370E-13  1.067E-19
2.014E+00  5.563E-21  2.972E-13  2.972E-13  8.291E-20
1.995E+00  4.944E-21  2.617E-13  2.617E-13  6.426E-20
1.977E+00  4.388E-21  2.301E-13  2.301E-13  4.968E-20
1.959E+00  3.888E-21  2.020E-13  2.020E-13  3.831E-20
1.941E+00  3.440E-21  1.771E-13  1.771E-13  2.947E-20
1.923E+00  3.039E-21  1.550E-13  1.550E-13  2.261E-20
1.905E+00  2.680E-21  1.355E-13  1.355E-13  1.730E-20
1.888E+00  2.360E-21  1.182E-13  1.182E-13  1.320E-20
1.871E+00  2.075E-21  1.030E-13  1.030E-13  1.005E-20
1.854E+00  1.822E-21  8.958E-14  8.958E-14  7.626E-21
1.837E+00  1.597E-21  7.780E-14  7.780E-14  5.773E-21
1.820E+00  1.398E-21  6.746E-14  6.746E-14  4.358E-21
1.803E+00  1.221E-21  5.839E-14  5.839E-14  3.281E-21
1.786E+00  1.065E-21  5.046E-14  5.046E-14  2.463E-21
1.770E+00  9.272E-22  4.354E-14  4.354E-14  1.844E-21
1.754E+00  8.060E-22  3.750E-14  3.750E-14  1.377E-21
1.738E+00  6.994E-22  3.224E-14  3.224E-14  1.025E-21
1.722E+00  6.059E-22  2.767E-14  2.767E-14  7.609E-22
1.706E+00  5.240E-22  2.371E-14  2.371E-14  5.632E-22
1.690E+00  4.523E-22  2.028E-14  2.028E-14  4.156E-22
1.675E+00  3.897E-22  1.732E-14  1.732E-14  3.058E-22
1.660E+00  3.352E-22  1.476E-14  1.476E-14  2.243E-22
1.644E+00  2.878E-22  1.255E-14  1.255E-14  1.641E-22
1.629E+00  2.466E-22  1.066E-14  1.066E-14  1.196E-22
1.614E+00  2.109E-22  9.033E-15  9.033E-15  8.691E-23
1.600E+00  1.801E-22  7.641E-15  7.641E-15  6.296E-23
1.585E+00  1.535E-22  6.451E-15  6.451E-15  4.546E-23
1.570E+00  1.305E-22  5.437E-15  5.437E-15  3.272E-23
1.556E+00  1.108E-22  4.573E-15  4.573E-15  2.348E-23
1.542E+00  9.387E-23  3.839E-15  3.839E-15  1.679E-23
1.528E+00  7.939E-23  3.217E-15  3.217E-15  1.196E-23
1.514E+00  6.701E-23  2.690E-15  2.690E-15  8.496E-24
1.500E+00  5.645E-23  2.246E-15  2.246E-15  6.014E-24
1.486E+00  4.746E-23  1.871E-15  1.871E-15  4.242E-24
1.472E+00  3.983E-23  1.555E-15  1.555E-15  2.982E-24
1.459E+00  3.335E-23  1.291E-15  1.291E-15  2.089E-24
1.445E+00  2.788E-23  1.069E-15  1.069E-15  1.459E-24
1.432E+00  2.325E-23  8.833E-16  8.833E-16  1.015E-24
1.419E+00  1.935E-23  7.285E-16  7.285E-16  7.033E-25
1.406E+00  1.607E-23  5.995E-16  5.995E-16  4.858E-25
1.393E+00  1.332E-23  4.924E-16  4.924E-16  3.343E-25
1.380E+00  1.102E-23  4.035E-16  4.035E-16  2.292E-25
1.368E+00  9.095E-24  3.300E-16  3.300E-16  1.565E-25
1.355E+00  7.490E-24  2.692E-16  2.692E-16  1.065E-25
1.343E+00  6.154E-24  2.192E-16  2.192E-16  7.219E-26
1.330E+00  5.045E-24  1.781E-16  1.781E-16  4.875E-26
1.318E+00  4.127E-24  1.443E-16  1.443E-16  3.279E-26
1.306E+00  3.368E-24  1.167E-16  1.167E-16  2.197E-26
1.294E+00  2.742E-24  9.415E-17  9.415E-17  1.466E-26
1.282E+00  2.228E-24  7.578E-17  7.578E-17  9.747E-27
1.271E+00  1.805E-24  6.085E-17  6.085E-17  6.455E-27
1.259E+00  1.460E-24  4.874E-17  4.874E-17  4.257E-27
1.247E+00  1.177E-24  3.895E-17  3.895E-17  2.797E-27
1.236E+00  9.470E-25  3.105E-17  3.105E-17  1.830E-27
1.225E+00  7.599E-25  2.469E-17  2.469E-17  1.193E-27
1.213E+00  6.084E-25  1.958E-17  1.958E-17  7.739E-28
1.202E+00  4.858E-25  1.549E-17  1.549E-17  5.001E-28
1.191E+00  3.870E-25  1.223E-17  1.223E-17  3.218E-28
1.180E+00  3.076E-25  9.630E-18  9.630E-18  2.061E-28
1.169E+00  2.438E-25  7.563E-18  7.563E-18  1.315E-28
1.159E+00  1.928E-25  5.925E-18  5.925E-18  8.350E-29
1.148E+00  1.520E-25  4.630E-18  4.630E-18  5.279E-29
1.138E+00  1.196E-25  3.609E-18  3.609E-18  3.323E-29
1.127E+00  9.384E-26  2.806E-18  2.806E-18  2.082E-29
1.117E+00  7.345E-26  2.176E-18  2.176E-18  1.298E-29
1.107E+00  5.733E-26  1.683E-18  1.683E-18  8.060E-30
1.096E+00  4.464E-26  1.298E-18  1.298E-18  4.980E-30
1.086E+00  3.466E-26  9.989E-19  9.989E-19  3.063E-30
1.076E+00  2.685E-26  7.666E-19  7.666E-19  1.875E-30
1.067E+00  2.074E-26  5.868E-19  5.868E-19  1.142E-30
1.057E+00  1.598E-26  4.478E-19  4.478E-19  6.924E-31
1.047E+00  1.226E-26  3.407E-19  3.407E-19  4.177E-31
1.038E+00  9.383E-27  2.582E-19  2.582E-19  2.508E-31
1.028E+00  7.157E-27  1.952E-19  1.952E-19  1.498E-31
1.019E+00  5.443E-27  1.471E-19  1.471E-19  8.904E-32
1.009E+00  4.128E-27  1.105E-19  1.105E-19  5.265E-32
1.000E+00  3.122E-27  8.282E-20  8.282E-20  3.098E-32
