Dust emission spectrum from Draine,B.T., & Li, A. (2007), ApJ, in press [astro-ph/0608003]
==========================================================
         7 = grain model
 4.000E-08 4.000E-01 4.500E-05 = a_01 (cm) , sigma_1 , b_C1
 2.000E-07 5.500E-01 1.500E-05 = a_02 (cm) , sigma_2 , b_C2
 1.000E+03 1.000E+03 1.000E+00 = Umin , Umax, beta (dN/dU propto U^{-beta})
 1.000E+03 = <U>       mmp83 = radfield
 2.000E-07 2.000E-06 = a_{min} (cm), a_{max} (cm)
 6.908E-22 4.381E-22 2.526E-22 = P(tot)  P(carb)  P(sil) (erg s-1 H-1)
 band     <nu*P_nu> <j_nu(tot)><j_nu(carb)><j_nu(sil)>
 (um)   (erg s-1 H-1)(Jy/(sr*H))(Jy/(sr*H))(Jy/(sr*H))
1.270E+00  8.359E-40  2.816E-32  2.816E-32  1.320E-42 COBE-DIRBE
2.220E+00  2.606E-33  1.534E-25  1.534E-25  1.342E-32 COBE-DIRBE
3.530E+00  7.182E-29  6.725E-21  6.725E-21  4.144E-26 COBE-DIRBE
4.880E+00  1.524E-26  1.973E-18  1.973E-18  2.833E-23 COBE-DIRBE
1.229E+01  1.123E-22  3.660E-14  3.622E-14  3.800E-16 COBE-DIRBE
2.079E+01  2.475E-22  1.365E-13  1.114E-13  2.512E-14 COBE-DIRBE
5.599E+01  3.410E-22  5.065E-13  2.261E-13  2.804E-13 COBE-DIRBE
9.770E+01  7.412E-23  1.921E-13  5.088E-14  1.412E-13 COBE-DIRBE
1.479E+02  1.699E-23  6.666E-14  1.446E-14  5.220E-14 COBE-DIRBE
2.479E+02  2.136E-24  1.405E-14  2.797E-15  1.125E-14 COBE-DIRBE
1.200E+01  9.024E-23  2.872E-14  2.859E-14  1.282E-16 IRAS
2.500E+01  2.999E-22  1.989E-13  1.489E-13  4.999E-14 IRAS
6.000E+01  3.076E-22  4.895E-13  2.149E-13  2.747E-13 IRAS
1.000E+02  6.717E-23  1.782E-13  4.599E-14  1.322E-13 IRAS
3.550E+00  6.365E-29  5.994E-21  5.994E-21  2.917E-26 SST-IRAC
4.493E+00  3.484E-27  4.152E-19  4.152E-19  7.504E-24 SST-IRAC
5.731E+00  1.305E-24  1.984E-16  1.984E-16  8.879E-22 SST-IRAC
7.872E+00  3.632E-23  7.584E-15  7.582E-15  2.190E-18 SST-IRAC
2.368E+01  2.745E-22  1.724E-13  1.262E-13  4.621E-14 SST-MIPS
7.142E+01  1.703E-22  3.225E-13  1.068E-13  2.157E-13 SST-MIPS
1.559E+02  1.179E-23  4.874E-14  1.021E-14  3.853E-14 SST-MIPS
1.600E+01  1.810E-22  7.682E-14  7.318E-14  3.636E-15 SST-IRSPU
2.200E+01  2.686E-22  1.567E-13  1.188E-13  3.793E-14 SST-IRSPU
7.500E+01  1.477E-22  2.938E-13  9.678E-14  1.971E-13 Herschel-PACS
1.100E+02  4.594E-23  1.340E-13  3.386E-14  1.002E-13 Herschel-PACS
1.700E+02  9.101E-24  4.104E-14  8.646E-15  3.239E-14 Herschel-PACS
2.500E+02  1.662E-24  1.102E-14  2.183E-15  8.841E-15 Herschel-SPIRE
3.600E+02  3.024E-25  2.888E-15  6.027E-16  2.285E-15 Herschel-SPIRE
5.200E+02  5.663E-26  7.811E-16  1.648E-16  6.162E-16 Herschel-SPIRE
2.400E+00  2.572E-28  1.637E-20  1.637E-20  1.893E-25 Akari IRC NIR N2
3.200E+00  1.794E-28  1.523E-20  1.523E-20  1.693E-25 Akari IRC NIR N3
4.100E+00  1.097E-26  1.193E-18  1.193E-18  1.534E-23 Akari IRC NIR N4
7.000E+00  3.106E-23  5.766E-15  5.755E-15  1.138E-17 Akari IRC MIR-S S7
9.000E+00  4.500E-23  1.074E-14  1.072E-14  1.913E-17 Akari IRC MIR-S S9W
1.100E+01  7.702E-23  2.247E-14  2.239E-14  8.517E-17 Akari IRC MIR-S S11
1.500E+01  1.787E-22  7.109E-14  6.798E-14  3.114E-15 Akari IRC MIR-L L15
1.800E+01  2.196E-22  1.049E-13  8.919E-14  1.567E-14 Akari IRC MIR-L L18W
2.400E+01  2.727E-22  1.736E-13  1.288E-13  4.484E-14 Akari IRC MIR-L L24
6.500E+01  2.272E-22  3.917E-13  1.407E-13  2.510E-13 Akari FIS N60
8.000E+01  1.181E-22  2.507E-13  7.789E-14  1.728E-13 Akari FIS WIDE-S
1.400E+02  1.647E-23  6.118E-14  1.317E-14  4.800E-14 Akari FIS WIDE-L
1.600E+02  1.035E-23  4.393E-14  9.096E-15  3.483E-14 Akari FIS N160
 
 
 
 


lambda    nu*dP/dnu     j_nu    j_nu(carb.) j_nu(sil)
 (um)    (erg/(s*H)) (Jy/(sr*H) (Jy/(sr*H)) (Jy/(sr*H)
1.000E+04  1.664E-31  4.415E-20  3.674E-21  4.048E-20
9.908E+03  1.725E-31  4.535E-20  3.785E-21  4.156E-20
9.817E+03  1.788E-31  4.657E-20  3.899E-21  4.267E-20
9.727E+03  1.854E-31  4.783E-20  4.016E-21  4.381E-20
9.638E+03  1.921E-31  4.912E-20  4.137E-21  4.498E-20
9.550E+03  1.991E-31  5.045E-20  4.262E-21  4.619E-20
9.462E+03  2.064E-31  5.181E-20  4.390E-21  4.742E-20
9.376E+03  2.140E-31  5.321E-20  4.523E-21  4.869E-20
9.290E+03  2.218E-31  5.465E-20  4.659E-21  4.999E-20
9.204E+03  2.299E-31  5.613E-20  4.800E-21  5.133E-20
9.120E+03  2.383E-31  5.764E-20  4.945E-21  5.270E-20
9.036E+03  2.470E-31  5.920E-20  5.095E-21  5.411E-20
8.954E+03  2.560E-31  6.079E-20  5.249E-21  5.554E-20
8.872E+03  2.653E-31  6.242E-20  5.408E-21  5.701E-20
8.790E+03  2.749E-31  6.410E-20  5.572E-21  5.853E-20
8.710E+03  2.849E-31  6.582E-20  5.741E-21  6.008E-20
8.630E+03  2.953E-31  6.759E-20  5.915E-21  6.167E-20
8.551E+03  3.060E-31  6.941E-20  6.095E-21  6.331E-20
8.472E+03  3.172E-31  7.128E-20  6.280E-21  6.500E-20
8.395E+03  3.287E-31  7.320E-20  6.471E-21  6.673E-20
8.318E+03  3.407E-31  7.517E-20  6.668E-21  6.850E-20
8.241E+03  3.532E-31  7.720E-20  6.871E-21  7.033E-20
8.166E+03  3.661E-31  7.929E-20  7.080E-21  7.221E-20
8.091E+03  3.794E-31  8.144E-20  7.296E-21  7.414E-20
8.017E+03  3.933E-31  8.364E-20  7.518E-21  7.612E-20
7.943E+03  4.077E-31  8.591E-20  7.748E-21  7.816E-20
7.870E+03  4.227E-31  8.824E-20  7.985E-21  8.026E-20
7.798E+03  4.382E-31  9.064E-20  8.229E-21  8.241E-20
7.727E+03  4.543E-31  9.310E-20  8.480E-21  8.462E-20
7.656E+03  4.709E-31  9.564E-20  8.740E-21  8.690E-20
7.586E+03  4.882E-31  9.824E-20  9.007E-21  8.923E-20
7.516E+03  5.062E-31  1.009E-19  9.283E-21  9.164E-20
7.447E+03  5.248E-31  1.037E-19  9.568E-21  9.411E-20
7.379E+03  5.441E-31  1.065E-19  9.862E-21  9.665E-20
7.311E+03  5.642E-31  1.094E-19  1.016E-20  9.925E-20
7.244E+03  5.850E-31  1.124E-19  1.048E-20  1.019E-19
7.178E+03  6.066E-31  1.155E-19  1.080E-20  1.047E-19
7.112E+03  6.290E-31  1.187E-19  1.113E-20  1.075E-19
7.047E+03  6.522E-31  1.219E-19  1.147E-20  1.104E-19
6.982E+03  6.763E-31  1.253E-19  1.183E-20  1.134E-19
6.918E+03  7.013E-31  1.287E-19  1.219E-20  1.165E-19
6.855E+03  7.272E-31  1.322E-19  1.257E-20  1.197E-19
6.792E+03  7.541E-31  1.359E-19  1.296E-20  1.229E-19
6.730E+03  7.820E-31  1.396E-19  1.336E-20  1.262E-19
6.668E+03  8.109E-31  1.434E-19  1.377E-20  1.297E-19
6.607E+03  8.410E-31  1.474E-19  1.420E-20  1.332E-19
6.546E+03  8.722E-31  1.514E-19  1.464E-20  1.368E-19
6.486E+03  9.045E-31  1.556E-19  1.509E-20  1.405E-19
6.427E+03  9.381E-31  1.599E-19  1.556E-20  1.444E-19
6.368E+03  9.730E-31  1.644E-19  1.604E-20  1.483E-19
6.310E+03  1.009E-30  1.689E-19  1.654E-20  1.524E-19
6.252E+03  1.047E-30  1.736E-19  1.705E-20  1.565E-19
6.194E+03  1.086E-30  1.784E-19  1.758E-20  1.608E-19
6.138E+03  1.126E-30  1.834E-19  1.813E-20  1.652E-19
6.081E+03  1.168E-30  1.885E-19  1.870E-20  1.698E-19
6.026E+03  1.212E-30  1.937E-19  1.928E-20  1.744E-19
5.970E+03  1.257E-30  1.991E-19  1.988E-20  1.792E-19
5.916E+03  1.304E-30  2.047E-19  2.050E-20  1.842E-19
5.861E+03  1.353E-30  2.104E-19  2.114E-20  1.892E-19
5.808E+03  1.404E-30  2.163E-19  2.181E-20  1.944E-19
5.754E+03  1.456E-30  2.223E-19  2.249E-20  1.998E-19
5.702E+03  1.511E-30  2.285E-19  2.319E-20  2.053E-19
5.649E+03  1.568E-30  2.349E-19  2.392E-20  2.110E-19
5.598E+03  1.627E-30  2.415E-19  2.467E-20  2.169E-19
5.546E+03  1.688E-30  2.483E-19  2.545E-20  2.229E-19
5.495E+03  1.751E-30  2.553E-19  2.625E-20  2.290E-19
5.445E+03  1.817E-30  2.625E-19  2.707E-20  2.354E-19
5.395E+03  1.886E-30  2.699E-19  2.792E-20  2.419E-19
5.346E+03  1.957E-30  2.775E-19  2.880E-20  2.487E-19
5.297E+03  2.031E-30  2.853E-19  2.971E-20  2.556E-19
5.248E+03  2.107E-30  2.934E-19  3.065E-20  2.627E-19
5.200E+03  2.187E-30  3.017E-19  3.162E-20  2.700E-19
5.152E+03  2.270E-30  3.102E-19  3.262E-20  2.776E-19
5.105E+03  2.356E-30  3.190E-19  3.365E-20  2.853E-19
5.058E+03  2.445E-30  3.280E-19  3.472E-20  2.933E-19
5.012E+03  2.537E-30  3.373E-19  3.582E-20  3.015E-19
4.966E+03  2.634E-30  3.469E-19  3.695E-20  3.099E-19
4.920E+03  2.733E-30  3.568E-19  3.813E-20  3.186E-19
4.875E+03  2.837E-30  3.669E-19  3.934E-20  3.276E-19
4.831E+03  2.945E-30  3.773E-19  4.059E-20  3.367E-19
4.786E+03  3.057E-30  3.881E-19  4.188E-20  3.462E-19
4.742E+03  3.173E-30  3.992E-19  4.322E-20  3.559E-19
4.699E+03  3.294E-30  4.106E-19  4.459E-20  3.660E-19
4.656E+03  3.419E-30  4.223E-19  4.602E-20  3.763E-19
4.613E+03  3.550E-30  4.344E-19  4.749E-20  3.869E-19
4.571E+03  3.685E-30  4.468E-19  4.901E-20  3.978E-19
4.529E+03  3.826E-30  4.597E-19  5.058E-20  4.091E-19
4.487E+03  3.972E-30  4.729E-19  5.220E-20  4.207E-19
4.446E+03  4.124E-30  4.864E-19  5.387E-20  4.326E-19
4.406E+03  4.282E-30  5.004E-19  5.560E-20  4.449E-19
4.365E+03  4.447E-30  5.149E-19  5.738E-20  4.575E-19
4.325E+03  4.617E-30  5.297E-19  5.923E-20  4.705E-19
4.285E+03  4.794E-30  5.450E-19  6.113E-20  4.839E-19
4.246E+03  4.979E-30  5.608E-19  6.310E-20  4.977E-19
4.207E+03  5.170E-30  5.770E-19  6.514E-20  5.119E-19
4.169E+03  5.369E-30  5.937E-19  6.724E-20  5.265E-19
4.130E+03  5.576E-30  6.109E-19  6.941E-20  5.415E-19
4.093E+03  5.791E-30  6.287E-19  7.165E-20  5.570E-19
4.055E+03  6.014E-30  6.469E-19  7.397E-20  5.730E-19
4.018E+03  6.247E-30  6.658E-19  7.636E-20  5.894E-19
3.981E+03  6.488E-30  6.851E-19  7.884E-20  6.063E-19
3.945E+03  6.738E-30  7.050E-19  8.140E-20  6.237E-19
3.908E+03  6.999E-30  7.256E-19  8.404E-20  6.415E-19
3.873E+03  7.269E-30  7.467E-19  8.677E-20  6.600E-19
3.837E+03  7.551E-30  7.685E-19  8.959E-20  6.789E-19
3.802E+03  7.843E-30  7.910E-19  9.251E-20  6.985E-19
3.767E+03  8.148E-30  8.141E-19  9.552E-20  7.186E-19
3.733E+03  8.464E-30  8.380E-19  9.864E-20  7.394E-19
3.698E+03  8.793E-30  8.626E-19  1.019E-19  7.607E-19
3.664E+03  9.135E-30  8.879E-19  1.052E-19  7.827E-19
3.631E+03  9.491E-30  9.141E-19  1.086E-19  8.054E-19
3.597E+03  9.861E-30  9.410E-19  1.122E-19  8.288E-19
3.565E+03  1.025E-29  9.687E-19  1.159E-19  8.529E-19
3.532E+03  1.065E-29  9.973E-19  1.197E-19  8.777E-19
3.499E+03  1.106E-29  1.027E-18  1.236E-19  9.032E-19
3.467E+03  1.149E-29  1.057E-18  1.277E-19  9.296E-19
3.436E+03  1.195E-29  1.089E-18  1.319E-19  9.567E-19
3.404E+03  1.241E-29  1.121E-18  1.362E-19  9.847E-19
3.373E+03  1.290E-29  1.154E-18  1.407E-19  1.014E-18
3.342E+03  1.341E-29  1.189E-18  1.453E-19  1.043E-18
3.311E+03  1.393E-29  1.224E-18  1.501E-19  1.074E-18
3.281E+03  1.448E-29  1.260E-18  1.551E-19  1.105E-18
3.251E+03  1.505E-29  1.298E-18  1.602E-19  1.138E-18
3.221E+03  1.565E-29  1.337E-18  1.655E-19  1.171E-18
3.192E+03  1.626E-29  1.377E-18  1.710E-19  1.206E-18
3.162E+03  1.691E-29  1.418E-18  1.767E-19  1.242E-18
3.133E+03  1.758E-29  1.461E-18  1.825E-19  1.278E-18
3.105E+03  1.827E-29  1.505E-18  1.886E-19  1.316E-18
3.076E+03  1.899E-29  1.550E-18  1.949E-19  1.355E-18
3.048E+03  1.975E-29  1.597E-18  2.014E-19  1.395E-18
3.020E+03  2.053E-29  1.645E-18  2.081E-19  1.437E-18
2.992E+03  2.135E-29  1.694E-18  2.150E-19  1.479E-18
2.965E+03  2.219E-29  1.745E-18  2.222E-19  1.523E-18
2.938E+03  2.307E-29  1.798E-18  2.296E-19  1.568E-18
2.911E+03  2.399E-29  1.852E-18  2.373E-19  1.615E-18
2.884E+03  2.494E-29  1.908E-18  2.452E-19  1.663E-18
2.858E+03  2.593E-29  1.965E-18  2.535E-19  1.712E-18
2.831E+03  2.696E-29  2.025E-18  2.620E-19  1.763E-18
2.805E+03  2.804E-29  2.086E-18  2.708E-19  1.816E-18
2.780E+03  2.915E-29  2.150E-18  2.799E-19  1.870E-18
2.754E+03  3.032E-29  2.215E-18  2.893E-19  1.926E-18
2.729E+03  3.153E-29  2.282E-18  2.990E-19  1.983E-18
2.704E+03  3.279E-29  2.352E-18  3.091E-19  2.043E-18
2.679E+03  3.410E-29  2.424E-18  3.195E-19  2.104E-18
2.655E+03  3.547E-29  2.498E-18  3.303E-19  2.167E-18
2.630E+03  3.689E-29  2.574E-18  3.415E-19  2.233E-18
2.606E+03  3.837E-29  2.653E-18  3.530E-19  2.300E-18
2.582E+03  3.992E-29  2.734E-18  3.650E-19  2.369E-18
2.559E+03  4.152E-29  2.818E-18  3.773E-19  2.441E-18
2.535E+03  4.319E-29  2.905E-18  3.901E-19  2.515E-18
2.512E+03  4.494E-29  2.994E-18  4.034E-19  2.591E-18
2.489E+03  4.675E-29  3.086E-18  4.171E-19  2.669E-18
2.466E+03  4.864E-29  3.181E-18  4.313E-19  2.750E-18
2.443E+03  5.060E-29  3.280E-18  4.459E-19  2.834E-18
2.421E+03  5.265E-29  3.381E-18  4.611E-19  2.920E-18
2.399E+03  5.478E-29  3.486E-18  4.768E-19  3.009E-18
2.377E+03  5.700E-29  3.594E-18  4.931E-19  3.101E-18
2.355E+03  5.931E-29  3.705E-18  5.099E-19  3.195E-18
2.333E+03  6.172E-29  3.820E-18  5.274E-19  3.293E-18
2.312E+03  6.423E-29  3.939E-18  5.454E-19  3.394E-18
2.291E+03  6.684E-29  4.062E-18  5.641E-19  3.497E-18
2.270E+03  6.956E-29  4.188E-18  5.834E-19  3.605E-18
2.249E+03  7.239E-29  4.319E-18  6.034E-19  3.715E-18
2.228E+03  7.534E-29  4.453E-18  6.241E-19  3.829E-18
2.208E+03  7.841E-29  4.593E-18  6.456E-19  3.947E-18
2.188E+03  8.162E-29  4.736E-18  6.678E-19  4.069E-18
2.168E+03  8.495E-29  4.885E-18  6.908E-19  4.194E-18
2.148E+03  8.842E-29  5.038E-18  7.145E-19  4.323E-18
2.128E+03  9.204E-29  5.196E-18  7.392E-19  4.457E-18
2.109E+03  9.581E-29  5.359E-18  7.647E-19  4.594E-18
2.089E+03  9.974E-29  5.527E-18  7.911E-19  4.736E-18
2.070E+03  1.038E-28  5.701E-18  8.184E-19  4.883E-18
2.051E+03  1.081E-28  5.881E-18  8.467E-19  5.034E-18
2.032E+03  1.125E-28  6.066E-18  8.760E-19  5.190E-18
2.014E+03  1.172E-28  6.258E-18  9.063E-19  5.351E-18
1.995E+03  1.220E-28  6.455E-18  9.377E-19  5.518E-18
1.977E+03  1.270E-28  6.659E-18  9.702E-19  5.689E-18
1.959E+03  1.322E-28  6.870E-18  1.004E-18  5.866E-18
1.941E+03  1.377E-28  7.087E-18  1.039E-18  6.048E-18
1.923E+03  1.433E-28  7.312E-18  1.075E-18  6.237E-18
1.905E+03  1.492E-28  7.543E-18  1.112E-18  6.431E-18
1.888E+03  1.554E-28  7.783E-18  1.151E-18  6.632E-18
1.871E+03  1.618E-28  8.030E-18  1.191E-18  6.839E-18
1.854E+03  1.685E-28  8.285E-18  1.233E-18  7.053E-18
1.837E+03  1.755E-28  8.549E-18  1.276E-18  7.273E-18
1.820E+03  1.827E-28  8.821E-18  1.320E-18  7.501E-18
1.803E+03  1.903E-28  9.102E-18  1.366E-18  7.736E-18
1.786E+03  1.982E-28  9.393E-18  1.414E-18  7.979E-18
1.770E+03  2.064E-28  9.692E-18  1.463E-18  8.229E-18
1.754E+03  2.150E-28  1.000E-17  1.515E-18  8.488E-18
1.738E+03  2.239E-28  1.032E-17  1.568E-18  8.754E-18
1.722E+03  2.332E-28  1.065E-17  1.623E-18  9.030E-18
1.706E+03  2.429E-28  1.099E-17  1.679E-18  9.314E-18
1.690E+03  2.530E-28  1.135E-17  1.738E-18  9.608E-18
1.675E+03  2.636E-28  1.171E-17  1.799E-18  9.911E-18
1.660E+03  2.745E-28  1.209E-17  1.863E-18  1.022E-17
1.644E+03  2.860E-28  1.247E-17  1.928E-18  1.055E-17
1.629E+03  2.979E-28  1.287E-17  1.996E-18  1.088E-17
1.614E+03  3.103E-28  1.329E-17  2.066E-18  1.122E-17
1.600E+03  3.233E-28  1.372E-17  2.139E-18  1.158E-17
1.585E+03  3.368E-28  1.416E-17  2.214E-18  1.194E-17
1.570E+03  3.508E-28  1.461E-17  2.292E-18  1.232E-17
1.556E+03  3.655E-28  1.509E-17  2.373E-18  1.271E-17
1.542E+03  3.808E-28  1.557E-17  2.457E-18  1.312E-17
1.528E+03  3.967E-28  1.607E-17  2.543E-18  1.353E-17
1.514E+03  4.133E-28  1.659E-17  2.633E-18  1.396E-17
1.500E+03  4.306E-28  1.713E-17  2.726E-18  1.440E-17
1.486E+03  4.487E-28  1.768E-17  2.822E-18  1.486E-17
1.472E+03  4.675E-28  1.826E-17  2.922E-18  1.534E-17
1.459E+03  4.871E-28  1.885E-17  3.025E-18  1.582E-17
1.445E+03  5.076E-28  1.946E-17  3.132E-18  1.633E-17
1.432E+03  5.289E-28  2.009E-17  3.243E-18  1.685E-17
1.419E+03  5.511E-28  2.074E-17  3.358E-18  1.739E-17
1.406E+03  5.743E-28  2.142E-17  3.477E-18  1.794E-17
1.393E+03  5.984E-28  2.211E-17  3.600E-18  1.851E-17
1.380E+03  6.236E-28  2.283E-17  3.728E-18  1.911E-17
1.368E+03  6.498E-28  2.358E-17  3.860E-18  1.972E-17
1.355E+03  6.772E-28  2.434E-17  3.997E-18  2.035E-17
1.343E+03  7.057E-28  2.514E-17  4.139E-18  2.100E-17
1.330E+03  7.355E-28  2.596E-17  4.286E-18  2.167E-17
1.318E+03  7.665E-28  2.680E-17  4.438E-18  2.236E-17
1.306E+03  7.988E-28  2.768E-17  4.596E-18  2.308E-17
1.294E+03  8.325E-28  2.858E-17  4.759E-18  2.382E-17
1.282E+03  8.676E-28  2.951E-17  4.928E-18  2.458E-17
1.271E+03  9.042E-28  3.047E-17  5.103E-18  2.537E-17
1.259E+03  9.424E-28  3.147E-17  5.284E-18  2.618E-17
1.247E+03  9.821E-28  3.250E-17  5.472E-18  2.702E-17
1.236E+03  1.024E-27  3.356E-17  5.667E-18  2.789E-17
1.225E+03  1.067E-27  3.466E-17  5.869E-18  2.879E-17
1.213E+03  1.112E-27  3.579E-17  6.077E-18  2.971E-17
1.202E+03  1.159E-27  3.696E-17  6.294E-18  3.066E-17
1.191E+03  1.208E-27  3.817E-17  6.518E-18  3.165E-17
1.180E+03  1.259E-27  3.942E-17  6.750E-18  3.267E-17
1.169E+03  1.312E-27  4.071E-17  6.990E-18  3.372E-17
1.159E+03  1.368E-27  4.204E-17  7.239E-18  3.480E-17
1.148E+03  1.425E-27  4.341E-17  7.496E-18  3.592E-17
1.138E+03  1.486E-27  4.483E-17  7.763E-18  3.707E-17
1.127E+03  1.549E-27  4.630E-17  8.040E-18  3.826E-17
1.117E+03  1.614E-27  4.782E-17  8.326E-18  3.949E-17
1.107E+03  1.682E-27  4.939E-17  8.623E-18  4.076E-17
1.096E+03  1.754E-27  5.100E-17  8.930E-18  4.207E-17
1.086E+03  1.828E-27  5.267E-17  9.248E-18  4.343E-17
1.076E+03  1.905E-27  5.440E-17  9.577E-18  4.482E-17
1.067E+03  1.986E-27  5.618E-17  9.918E-18  4.626E-17
1.057E+03  2.070E-27  5.802E-17  1.027E-17  4.775E-17
1.047E+03  2.157E-27  5.992E-17  1.064E-17  4.929E-17
1.038E+03  2.249E-27  6.189E-17  1.102E-17  5.087E-17
1.028E+03  2.344E-27  6.391E-17  1.141E-17  5.251E-17
1.019E+03  2.443E-27  6.601E-17  1.181E-17  5.419E-17
1.009E+03  2.546E-27  6.817E-17  1.224E-17  5.593E-17
1.000E+03  2.654E-27  7.040E-17  1.267E-17  5.773E-17
9.908E+02  2.767E-27  7.271E-17  1.312E-17  5.959E-17
9.817E+02  2.884E-27  7.510E-17  1.359E-17  6.151E-17
9.727E+02  3.006E-27  7.757E-17  1.407E-17  6.349E-17
9.638E+02  3.134E-27  8.011E-17  1.457E-17  6.554E-17
9.550E+02  3.266E-27  8.274E-17  1.509E-17  6.765E-17
9.462E+02  3.405E-27  8.546E-17  1.563E-17  6.983E-17
9.376E+02  3.549E-27  8.826E-17  1.618E-17  7.208E-17
9.290E+02  3.699E-27  9.116E-17  1.676E-17  7.440E-17
9.204E+02  3.856E-27  9.415E-17  1.736E-17  7.680E-17
9.120E+02  4.020E-27  9.724E-17  1.797E-17  7.927E-17
9.036E+02  4.190E-27  1.004E-16  1.861E-17  8.182E-17
8.954E+02  4.367E-27  1.037E-16  1.927E-17  8.445E-17
8.872E+02  4.552E-27  1.071E-16  1.996E-17  8.716E-17
8.790E+02  4.745E-27  1.106E-16  2.067E-17  8.996E-17
8.710E+02  4.945E-27  1.143E-16  2.140E-17  9.285E-17
8.630E+02  5.154E-27  1.180E-16  2.216E-17  9.583E-17
8.551E+02  5.372E-27  1.218E-16  2.295E-17  9.890E-17
8.472E+02  5.599E-27  1.258E-16  2.376E-17  1.021E-16
8.395E+02  5.836E-27  1.299E-16  2.460E-17  1.053E-16
8.318E+02  6.082E-27  1.342E-16  2.547E-17  1.087E-16
8.241E+02  6.339E-27  1.386E-16  2.638E-17  1.122E-16
8.166E+02  6.606E-27  1.431E-16  2.731E-17  1.158E-16
8.091E+02  6.885E-27  1.478E-16  2.828E-17  1.195E-16
8.017E+02  7.175E-27  1.526E-16  2.928E-17  1.233E-16
7.943E+02  7.477E-27  1.575E-16  3.031E-17  1.272E-16
7.870E+02  7.792E-27  1.627E-16  3.139E-17  1.313E-16
7.798E+02  8.121E-27  1.680E-16  3.250E-17  1.355E-16
7.727E+02  8.463E-27  1.735E-16  3.365E-17  1.398E-16
7.656E+02  8.819E-27  1.791E-16  3.483E-17  1.443E-16
7.586E+02  9.190E-27  1.849E-16  3.606E-17  1.489E-16
7.516E+02  9.577E-27  1.909E-16  3.734E-17  1.536E-16
7.447E+02  9.981E-27  1.972E-16  3.865E-17  1.585E-16
7.379E+02  1.040E-26  2.036E-16  4.002E-17  1.636E-16
7.311E+02  1.084E-26  2.103E-16  4.143E-17  1.688E-16
7.244E+02  1.130E-26  2.171E-16  4.289E-17  1.742E-16
7.178E+02  1.178E-26  2.242E-16  4.440E-17  1.798E-16
7.112E+02  1.227E-26  2.316E-16  4.596E-17  1.856E-16
7.047E+02  1.279E-26  2.391E-16  4.758E-17  1.916E-16
6.982E+02  1.333E-26  2.470E-16  4.925E-17  1.977E-16
6.918E+02  1.390E-26  2.551E-16  5.099E-17  2.041E-16
6.855E+02  1.449E-26  2.634E-16  5.278E-17  2.106E-16
6.792E+02  1.510E-26  2.721E-16  5.463E-17  2.174E-16
6.730E+02  1.574E-26  2.809E-16  5.655E-17  2.244E-16
6.668E+02  1.640E-26  2.901E-16  5.853E-17  2.316E-16
6.607E+02  1.710E-26  2.996E-16  6.058E-17  2.390E-16
6.546E+02  1.782E-26  3.094E-16  6.271E-17  2.467E-16
6.486E+02  1.858E-26  3.196E-16  6.490E-17  2.547E-16
6.427E+02  1.937E-26  3.302E-16  6.718E-17  2.630E-16
6.368E+02  2.019E-26  3.411E-16  6.953E-17  2.715E-16
6.310E+02  2.105E-26  3.523E-16  7.196E-17  2.804E-16
6.252E+02  2.195E-26  3.640E-16  7.447E-17  2.895E-16
6.194E+02  2.288E-26  3.760E-16  7.708E-17  2.989E-16
6.138E+02  2.386E-26  3.884E-16  7.977E-17  3.087E-16
6.081E+02  2.488E-26  4.013E-16  8.255E-17  3.187E-16
6.026E+02  2.594E-26  4.146E-16  8.543E-17  3.292E-16
5.970E+02  2.705E-26  4.283E-16  8.841E-17  3.399E-16
5.916E+02  2.820E-26  4.426E-16  9.149E-17  3.511E-16
5.861E+02  2.941E-26  4.573E-16  9.467E-17  3.626E-16
5.808E+02  3.067E-26  4.724E-16  9.796E-17  3.745E-16
5.754E+02  3.198E-26  4.882E-16  1.014E-16  3.868E-16
5.702E+02  3.335E-26  5.044E-16  1.049E-16  3.995E-16
5.649E+02  3.478E-26  5.212E-16  1.085E-16  4.127E-16
5.598E+02  3.627E-26  5.386E-16  1.123E-16  4.263E-16
5.546E+02  3.783E-26  5.566E-16  1.162E-16  4.404E-16
5.495E+02  3.946E-26  5.751E-16  1.202E-16  4.549E-16
5.445E+02  4.115E-26  5.944E-16  1.244E-16  4.700E-16
5.395E+02  4.292E-26  6.143E-16  1.287E-16  4.856E-16
5.346E+02  4.477E-26  6.348E-16  1.331E-16  5.017E-16
5.297E+02  4.670E-26  6.561E-16  1.378E-16  5.184E-16
5.248E+02  4.871E-26  6.781E-16  1.425E-16  5.356E-16
5.200E+02  5.081E-26  7.009E-16  1.474E-16  5.534E-16
5.152E+02  5.300E-26  7.244E-16  1.525E-16  5.719E-16
5.105E+02  5.529E-26  7.488E-16  1.578E-16  5.910E-16
5.058E+02  5.768E-26  7.739E-16  1.632E-16  6.107E-16
5.012E+02  6.018E-26  8.000E-16  1.688E-16  6.312E-16
4.966E+02  6.278E-26  8.269E-16  1.746E-16  6.523E-16
4.920E+02  6.549E-26  8.548E-16  1.807E-16  6.742E-16
4.875E+02  6.833E-26  8.836E-16  1.869E-16  6.968E-16
4.831E+02  7.129E-26  9.135E-16  1.933E-16  7.202E-16
4.786E+02  7.438E-26  9.443E-16  1.999E-16  7.444E-16
4.742E+02  7.760E-26  9.762E-16  2.068E-16  7.695E-16
4.699E+02  8.097E-26  1.009E-15  2.139E-16  7.954E-16
4.656E+02  8.448E-26  1.043E-15  2.212E-16  8.222E-16
4.613E+02  8.815E-26  1.079E-15  2.287E-16  8.500E-16
4.571E+02  9.198E-26  1.115E-15  2.366E-16  8.787E-16
4.529E+02  9.598E-26  1.153E-15  2.447E-16  9.084E-16
4.487E+02  1.002E-25  1.192E-15  2.530E-16  9.392E-16
4.446E+02  1.045E-25  1.233E-15  2.616E-16  9.710E-16
4.406E+02  1.091E-25  1.274E-15  2.706E-16  1.004E-15
4.365E+02  1.138E-25  1.318E-15  2.798E-16  1.038E-15
4.325E+02  1.188E-25  1.363E-15  2.893E-16  1.073E-15
4.285E+02  1.239E-25  1.409E-15  2.991E-16  1.110E-15
4.246E+02  1.294E-25  1.457E-15  3.093E-16  1.148E-15
4.207E+02  1.350E-25  1.507E-15  3.198E-16  1.187E-15
4.169E+02  1.409E-25  1.558E-15  3.307E-16  1.227E-15
4.130E+02  1.470E-25  1.611E-15  3.419E-16  1.269E-15
4.093E+02  1.535E-25  1.666E-15  3.535E-16  1.313E-15
4.055E+02  1.602E-25  1.723E-15  3.655E-16  1.358E-15
4.018E+02  1.672E-25  1.782E-15  3.778E-16  1.404E-15
3.981E+02  1.745E-25  1.843E-15  3.906E-16  1.452E-15
3.945E+02  1.822E-25  1.906E-15  4.038E-16  1.502E-15
3.908E+02  1.902E-25  1.972E-15  4.175E-16  1.554E-15
3.873E+02  1.985E-25  2.039E-15  4.316E-16  1.608E-15
3.837E+02  2.072E-25  2.109E-15  4.461E-16  1.663E-15
3.802E+02  2.163E-25  2.182E-15  4.611E-16  1.721E-15
3.767E+02  2.258E-25  2.257E-15  4.767E-16  1.780E-15
3.733E+02  2.358E-25  2.334E-15  4.927E-16  1.842E-15
3.698E+02  2.461E-25  2.415E-15  5.093E-16  1.905E-15
3.664E+02  2.570E-25  2.498E-15  5.264E-16  1.971E-15
3.631E+02  2.683E-25  2.584E-15  5.440E-16  2.040E-15
3.597E+02  2.801E-25  2.673E-15  5.623E-16  2.111E-15
3.565E+02  2.924E-25  2.765E-15  5.811E-16  2.184E-15
3.532E+02  3.053E-25  2.861E-15  6.006E-16  2.260E-15
3.499E+02  3.188E-25  2.959E-15  6.207E-16  2.339E-15
3.467E+02  3.329E-25  3.062E-15  6.414E-16  2.420E-15
3.436E+02  3.476E-25  3.167E-15  6.628E-16  2.504E-15
3.404E+02  3.629E-25  3.277E-15  6.850E-16  2.592E-15
3.373E+02  3.789E-25  3.390E-15  7.078E-16  2.682E-15
3.342E+02  3.957E-25  3.507E-15  7.314E-16  2.776E-15
3.311E+02  4.131E-25  3.629E-15  7.557E-16  2.873E-15
3.281E+02  4.314E-25  3.754E-15  7.809E-16  2.974E-15
3.251E+02  4.505E-25  3.884E-15  8.068E-16  3.078E-15
3.221E+02  4.704E-25  4.019E-15  8.336E-16  3.185E-15
3.192E+02  4.912E-25  4.158E-15  8.613E-16  3.297E-15
3.162E+02  5.129E-25  4.302E-15  8.898E-16  3.413E-15
3.133E+02  5.356E-25  4.452E-15  9.193E-16  3.532E-15
3.105E+02  5.593E-25  4.606E-15  9.497E-16  3.656E-15
3.076E+02  5.841E-25  4.766E-15  9.811E-16  3.785E-15
3.048E+02  6.099E-25  4.931E-15  1.013E-15  3.918E-15
3.020E+02  6.369E-25  5.102E-15  1.047E-15  4.055E-15
2.992E+02  6.652E-25  5.279E-15  1.081E-15  4.198E-15
2.965E+02  6.946E-25  5.463E-15  1.117E-15  4.346E-15
2.938E+02  7.254E-25  5.652E-15  1.154E-15  4.498E-15
2.911E+02  7.575E-25  5.849E-15  1.192E-15  4.657E-15
2.884E+02  7.910E-25  6.052E-15  1.231E-15  4.821E-15
2.858E+02  8.261E-25  6.262E-15  1.271E-15  4.991E-15
2.831E+02  8.627E-25  6.479E-15  1.313E-15  5.166E-15
2.805E+02  9.009E-25  6.704E-15  1.356E-15  5.348E-15
2.780E+02  9.408E-25  6.937E-15  1.400E-15  5.537E-15
2.754E+02  9.825E-25  7.178E-15  1.446E-15  5.732E-15
2.729E+02  1.026E-24  7.428E-15  1.493E-15  5.935E-15
2.704E+02  1.072E-24  7.688E-15  1.542E-15  6.146E-15
2.679E+02  1.120E-24  7.956E-15  1.592E-15  6.364E-15
2.655E+02  1.169E-24  8.234E-15  1.644E-15  6.590E-15
2.630E+02  1.221E-24  8.522E-15  1.698E-15  6.824E-15
2.606E+02  1.276E-24  8.820E-15  1.753E-15  7.067E-15
2.582E+02  1.333E-24  9.128E-15  1.810E-15  7.318E-15
2.559E+02  1.392E-24  9.445E-15  1.868E-15  7.577E-15
2.535E+02  1.453E-24  9.772E-15  1.929E-15  7.843E-15
2.512E+02  1.517E-24  1.011E-14  1.991E-15  8.117E-15
2.489E+02  1.583E-24  1.045E-14  2.056E-15  8.393E-15
2.466E+02  1.650E-24  1.079E-14  2.122E-15  8.672E-15
2.443E+02  1.720E-24  1.115E-14  2.190E-15  8.958E-15
2.421E+02  1.792E-24  1.151E-14  2.261E-15  9.250E-15
2.399E+02  1.867E-24  1.188E-14  2.334E-15  9.548E-15
2.377E+02  1.944E-24  1.226E-14  2.409E-15  9.849E-15
2.355E+02  2.024E-24  1.264E-14  2.486E-15  1.016E-14
2.333E+02  2.107E-24  1.304E-14  2.566E-15  1.048E-14
2.312E+02  2.194E-24  1.345E-14  2.648E-15  1.081E-14
2.291E+02  2.283E-24  1.388E-14  2.733E-15  1.114E-14
2.270E+02  2.377E-24  1.431E-14  2.820E-15  1.149E-14
2.249E+02  2.474E-24  1.476E-14  2.910E-15  1.185E-14
2.228E+02  2.575E-24  1.522E-14  3.003E-15  1.222E-14
2.208E+02  2.680E-24  1.569E-14  3.099E-15  1.260E-14
2.188E+02  2.789E-24  1.618E-14  3.197E-15  1.299E-14
2.168E+02  2.902E-24  1.669E-14  3.299E-15  1.339E-14
2.148E+02  3.020E-24  1.720E-14  3.404E-15  1.380E-14
2.128E+02  3.142E-24  1.774E-14  3.512E-15  1.422E-14
2.109E+02  3.269E-24  1.828E-14  3.623E-15  1.466E-14
2.089E+02  3.401E-24  1.885E-14  3.738E-15  1.511E-14
2.070E+02  3.538E-24  1.943E-14  3.856E-15  1.557E-14
2.051E+02  3.680E-24  2.002E-14  3.978E-15  1.604E-14
2.032E+02  3.828E-24  2.063E-14  4.103E-15  1.653E-14
2.014E+02  3.981E-24  2.126E-14  4.232E-15  1.703E-14
1.995E+02  4.140E-24  2.191E-14  4.365E-15  1.755E-14
1.977E+02  4.305E-24  2.258E-14  4.502E-15  1.807E-14
1.959E+02  4.477E-24  2.326E-14  4.643E-15  1.862E-14
1.941E+02  4.655E-24  2.396E-14  4.789E-15  1.917E-14
1.923E+02  4.839E-24  2.469E-14  4.939E-15  1.975E-14
1.905E+02  5.031E-24  2.543E-14  5.093E-15  2.033E-14
1.888E+02  5.230E-24  2.619E-14  5.252E-15  2.094E-14
1.871E+02  5.436E-24  2.697E-14  5.416E-15  2.156E-14
1.854E+02  5.650E-24  2.778E-14  5.584E-15  2.219E-14
1.837E+02  5.872E-24  2.860E-14  5.758E-15  2.285E-14
1.820E+02  6.102E-24  2.945E-14  5.937E-15  2.352E-14
1.803E+02  6.341E-24  3.033E-14  6.121E-15  2.420E-14
1.786E+02  6.588E-24  3.122E-14  6.310E-15  2.491E-14
1.770E+02  6.845E-24  3.214E-14  6.506E-15  2.563E-14
1.754E+02  7.111E-24  3.308E-14  6.707E-15  2.638E-14
1.738E+02  7.387E-24  3.405E-14  6.913E-15  2.714E-14
1.722E+02  7.673E-24  3.504E-14  7.127E-15  2.792E-14
1.706E+02  7.969E-24  3.606E-14  7.346E-15  2.872E-14
1.690E+02  8.276E-24  3.711E-14  7.572E-15  2.954E-14
1.675E+02  8.594E-24  3.818E-14  7.804E-15  3.038E-14
1.660E+02  8.924E-24  3.929E-14  8.043E-15  3.124E-14
1.644E+02  9.266E-24  4.042E-14  8.290E-15  3.213E-14
1.629E+02  9.620E-24  4.158E-14  8.543E-15  3.303E-14
1.614E+02  9.986E-24  4.276E-14  8.804E-15  3.396E-14
1.600E+02  1.037E-23  4.398E-14  9.073E-15  3.491E-14
1.585E+02  1.076E-23  4.523E-14  9.349E-15  3.588E-14
1.570E+02  1.117E-23  4.651E-14  9.634E-15  3.688E-14
1.556E+02  1.159E-23  4.783E-14  9.926E-15  3.790E-14
1.542E+02  1.202E-23  4.918E-14  1.023E-14  3.895E-14
1.528E+02  1.248E-23  5.056E-14  1.054E-14  4.002E-14
1.514E+02  1.294E-23  5.197E-14  1.086E-14  4.111E-14
1.500E+02  1.343E-23  5.342E-14  1.118E-14  4.223E-14
1.486E+02  1.393E-23  5.490E-14  1.152E-14  4.338E-14
1.472E+02  1.445E-23  5.643E-14  1.187E-14  4.456E-14
1.459E+02  1.498E-23  5.799E-14  1.223E-14  4.576E-14
1.445E+02  1.554E-23  5.958E-14  1.259E-14  4.699E-14
1.432E+02  1.611E-23  6.122E-14  1.297E-14  4.824E-14
1.419E+02  1.671E-23  6.289E-14  1.336E-14  4.953E-14
1.406E+02  1.732E-23  6.460E-14  1.376E-14  5.084E-14
1.393E+02  1.796E-23  6.636E-14  1.417E-14  5.218E-14
1.380E+02  1.861E-23  6.815E-14  1.460E-14  5.356E-14
1.368E+02  1.929E-23  6.999E-14  1.503E-14  5.496E-14
1.355E+02  1.999E-23  7.187E-14  1.548E-14  5.639E-14
1.343E+02  2.072E-23  7.379E-14  1.594E-14  5.785E-14
1.330E+02  2.147E-23  7.575E-14  1.641E-14  5.934E-14
1.318E+02  2.224E-23  7.776E-14  1.690E-14  6.086E-14
1.306E+02  2.304E-23  7.981E-14  1.740E-14  6.241E-14
1.294E+02  2.386E-23  8.191E-14  1.792E-14  6.399E-14
1.282E+02  2.471E-23  8.405E-14  1.845E-14  6.561E-14
1.271E+02  2.559E-23  8.624E-14  1.899E-14  6.725E-14
1.259E+02  2.650E-23  8.848E-14  1.955E-14  6.893E-14
1.247E+02  2.743E-23  9.077E-14  2.013E-14  7.064E-14
1.236E+02  2.840E-23  9.310E-14  2.072E-14  7.238E-14
1.225E+02  2.940E-23  9.549E-14  2.133E-14  7.416E-14
1.213E+02  3.042E-23  9.792E-14  2.195E-14  7.597E-14
1.202E+02  3.149E-23  1.004E-13  2.260E-14  7.781E-14
1.191E+02  3.258E-23  1.029E-13  2.326E-14  7.969E-14
1.180E+02  3.371E-23  1.055E-13  2.394E-14  8.160E-14
1.169E+02  3.487E-23  1.082E-13  2.464E-14  8.353E-14
1.159E+02  3.606E-23  1.109E-13  2.535E-14  8.550E-14
1.148E+02  3.730E-23  1.136E-13  2.609E-14  8.750E-14
1.138E+02  3.857E-23  1.164E-13  2.685E-14  8.954E-14
1.127E+02  3.988E-23  1.192E-13  2.762E-14  9.162E-14
1.117E+02  4.123E-23  1.222E-13  2.842E-14  9.373E-14
1.107E+02  4.262E-23  1.251E-13  2.924E-14  9.588E-14
1.096E+02  4.406E-23  1.281E-13  3.009E-14  9.806E-14
1.086E+02  4.554E-23  1.312E-13  3.095E-14  1.003E-13
1.076E+02  4.706E-23  1.344E-13  3.184E-14  1.025E-13
1.067E+02  4.863E-23  1.376E-13  3.275E-14  1.048E-13
1.057E+02  5.024E-23  1.408E-13  3.369E-14  1.072E-13
1.047E+02  5.190E-23  1.442E-13  3.465E-14  1.095E-13
1.038E+02  5.361E-23  1.475E-13  3.564E-14  1.119E-13
1.028E+02  5.537E-23  1.510E-13  3.665E-14  1.143E-13
1.019E+02  5.717E-23  1.545E-13  3.769E-14  1.168E-13
1.009E+02  5.902E-23  1.580E-13  3.875E-14  1.193E-13
1.000E+02  6.093E-23  1.616E-13  3.985E-14  1.218E-13
9.908E+01  6.288E-23  1.653E-13  4.097E-14  1.243E-13
9.817E+01  6.490E-23  1.690E-13  4.212E-14  1.269E-13
9.727E+01  6.696E-23  1.728E-13  4.330E-14  1.295E-13
9.638E+01  6.909E-23  1.766E-13  4.450E-14  1.321E-13
9.550E+01  7.127E-23  1.805E-13  4.574E-14  1.348E-13
9.462E+01  7.350E-23  1.845E-13  4.701E-14  1.375E-13
9.376E+01  7.580E-23  1.885E-13  4.831E-14  1.402E-13
9.290E+01  7.816E-23  1.926E-13  4.964E-14  1.430E-13
9.204E+01  8.057E-23  1.967E-13  5.100E-14  1.457E-13
9.120E+01  8.305E-23  2.009E-13  5.239E-14  1.485E-13
9.036E+01  8.559E-23  2.052E-13  5.382E-14  1.513E-13
8.954E+01  8.819E-23  2.095E-13  5.528E-14  1.542E-13
8.872E+01  9.086E-23  2.138E-13  5.678E-14  1.570E-13
8.790E+01  9.360E-23  2.182E-13  5.831E-14  1.599E-13
8.710E+01  9.641E-23  2.227E-13  5.988E-14  1.629E-13
8.630E+01  9.928E-23  2.273E-13  6.148E-14  1.658E-13
8.551E+01  1.022E-22  2.319E-13  6.313E-14  1.687E-13
8.472E+01  1.052E-22  2.365E-13  6.481E-14  1.717E-13
8.395E+01  1.083E-22  2.412E-13  6.653E-14  1.746E-13
8.318E+01  1.115E-22  2.459E-13  6.830E-14  1.776E-13
8.241E+01  1.147E-22  2.507E-13  7.010E-14  1.806E-13
8.166E+01  1.180E-22  2.556E-13  7.195E-14  1.836E-13
8.091E+01  1.214E-22  2.605E-13  7.384E-14  1.866E-13
8.017E+01  1.248E-22  2.654E-13  7.577E-14  1.897E-13
7.943E+01  1.283E-22  2.704E-13  7.775E-14  1.927E-13
7.870E+01  1.319E-22  2.755E-13  7.977E-14  1.957E-13
7.798E+01  1.356E-22  2.805E-13  8.184E-14  1.987E-13
7.727E+01  1.394E-22  2.857E-13  8.395E-14  2.017E-13
7.656E+01  1.432E-22  2.909E-13  8.611E-14  2.047E-13
7.586E+01  1.471E-22  2.961E-13  8.831E-14  2.078E-13
7.516E+01  1.512E-22  3.014E-13  9.057E-14  2.108E-13
7.447E+01  1.552E-22  3.067E-13  9.287E-14  2.138E-13
7.379E+01  1.594E-22  3.120E-13  9.523E-14  2.168E-13
7.311E+01  1.636E-22  3.173E-13  9.763E-14  2.197E-13
7.244E+01  1.679E-22  3.227E-13  1.001E-13  2.226E-13
7.178E+01  1.723E-22  3.281E-13  1.026E-13  2.255E-13
7.112E+01  1.768E-22  3.335E-13  1.052E-13  2.284E-13
7.047E+01  1.814E-22  3.390E-13  1.078E-13  2.313E-13
6.982E+01  1.861E-22  3.446E-13  1.104E-13  2.342E-13
6.918E+01  1.908E-22  3.502E-13  1.132E-13  2.370E-13
6.855E+01  1.956E-22  3.557E-13  1.159E-13  2.398E-13
6.792E+01  2.005E-22  3.613E-13  1.188E-13  2.425E-13
6.730E+01  2.055E-22  3.668E-13  1.217E-13  2.452E-13
6.668E+01  2.106E-22  3.724E-13  1.246E-13  2.478E-13
6.607E+01  2.157E-22  3.781E-13  1.276E-13  2.504E-13
6.546E+01  2.210E-22  3.837E-13  1.307E-13  2.530E-13
6.486E+01  2.263E-22  3.894E-13  1.338E-13  2.555E-13
6.427E+01  2.317E-22  3.950E-13  1.370E-13  2.580E-13
6.368E+01  2.372E-22  4.006E-13  1.403E-13  2.603E-13
6.310E+01  2.428E-22  4.063E-13  1.436E-13  2.627E-13
6.252E+01  2.484E-22  4.120E-13  1.470E-13  2.650E-13
6.194E+01  2.542E-22  4.177E-13  1.504E-13  2.672E-13
6.138E+01  2.600E-22  4.233E-13  1.540E-13  2.694E-13
6.081E+01  2.659E-22  4.290E-13  1.575E-13  2.715E-13
6.026E+01  2.719E-22  4.347E-13  1.612E-13  2.735E-13
5.970E+01  2.780E-22  4.403E-13  1.649E-13  2.754E-13
5.916E+01  2.842E-22  4.459E-13  1.687E-13  2.772E-13
5.861E+01  2.904E-22  4.515E-13  1.725E-13  2.789E-13
5.808E+01  2.966E-22  4.570E-13  1.764E-13  2.805E-13
5.754E+01  3.030E-22  4.625E-13  1.804E-13  2.821E-13
5.702E+01  3.094E-22  4.680E-13  1.845E-13  2.835E-13
5.649E+01  3.159E-22  4.734E-13  1.886E-13  2.848E-13
5.598E+01  3.225E-22  4.789E-13  1.928E-13  2.861E-13
5.546E+01  3.292E-22  4.843E-13  1.971E-13  2.873E-13
5.495E+01  3.360E-22  4.897E-13  2.014E-13  2.883E-13
5.445E+01  3.428E-22  4.951E-13  2.058E-13  2.893E-13
5.395E+01  3.497E-22  5.004E-13  2.103E-13  2.902E-13
5.346E+01  3.566E-22  5.057E-13  2.148E-13  2.909E-13
5.297E+01  3.637E-22  5.109E-13  2.194E-13  2.915E-13
5.248E+01  3.707E-22  5.161E-13  2.241E-13  2.921E-13
5.200E+01  3.779E-22  5.212E-13  2.288E-13  2.925E-13
5.152E+01  3.851E-22  5.263E-13  2.336E-13  2.927E-13
5.105E+01  3.923E-22  5.313E-13  2.384E-13  2.928E-13
5.058E+01  3.996E-22  5.362E-13  2.434E-13  2.928E-13
5.012E+01  4.070E-22  5.411E-13  2.483E-13  2.927E-13
4.966E+01  4.144E-22  5.459E-13  2.534E-13  2.925E-13
4.920E+01  4.218E-22  5.506E-13  2.585E-13  2.921E-13
4.875E+01  4.293E-22  5.552E-13  2.636E-13  2.916E-13
4.831E+01  4.368E-22  5.597E-13  2.688E-13  2.909E-13
4.786E+01  4.444E-22  5.642E-13  2.741E-13  2.901E-13
4.742E+01  4.520E-22  5.686E-13  2.793E-13  2.892E-13
4.699E+01  4.596E-22  5.729E-13  2.846E-13  2.882E-13
4.656E+01  4.673E-22  5.771E-13  2.900E-13  2.871E-13
4.613E+01  4.749E-22  5.811E-13  2.953E-13  2.858E-13
4.571E+01  4.826E-22  5.851E-13  3.007E-13  2.844E-13
4.529E+01  4.902E-22  5.890E-13  3.060E-13  2.829E-13
4.487E+01  4.979E-22  5.927E-13  3.114E-13  2.813E-13
4.446E+01  5.056E-22  5.963E-13  3.167E-13  2.796E-13
4.406E+01  5.132E-22  5.998E-13  3.220E-13  2.777E-13
4.365E+01  5.208E-22  6.030E-13  3.273E-13  2.757E-13
4.325E+01  5.283E-22  6.062E-13  3.325E-13  2.736E-13
4.285E+01  5.358E-22  6.091E-13  3.377E-13  2.714E-13
4.246E+01  5.432E-22  6.118E-13  3.428E-13  2.691E-13
4.207E+01  5.505E-22  6.143E-13  3.477E-13  2.666E-13
4.169E+01  5.576E-22  6.166E-13  3.526E-13  2.640E-13
4.130E+01  5.646E-22  6.186E-13  3.573E-13  2.613E-13
4.093E+01  5.714E-22  6.203E-13  3.618E-13  2.585E-13
4.055E+01  5.780E-22  6.217E-13  3.662E-13  2.555E-13
4.018E+01  5.844E-22  6.229E-13  3.704E-13  2.525E-13
3.981E+01  5.906E-22  6.236E-13  3.743E-13  2.493E-13
3.945E+01  5.964E-22  6.241E-13  3.780E-13  2.461E-13
3.908E+01  6.020E-22  6.241E-13  3.814E-13  2.427E-13
3.873E+01  6.072E-22  6.238E-13  3.845E-13  2.393E-13
3.837E+01  6.121E-22  6.230E-13  3.873E-13  2.358E-13
3.802E+01  6.166E-22  6.218E-13  3.897E-13  2.321E-13
3.767E+01  6.206E-22  6.201E-13  3.917E-13  2.284E-13
3.733E+01  6.240E-22  6.178E-13  3.933E-13  2.245E-13
3.698E+01  6.269E-22  6.150E-13  3.944E-13  2.206E-13
3.664E+01  6.293E-22  6.117E-13  3.951E-13  2.165E-13
3.631E+01  6.311E-22  6.078E-13  3.953E-13  2.125E-13
3.597E+01  6.323E-22  6.034E-13  3.950E-13  2.084E-13
3.565E+01  6.329E-22  5.984E-13  3.942E-13  2.043E-13
3.532E+01  6.329E-22  5.929E-13  3.928E-13  2.001E-13
3.499E+01  6.321E-22  5.868E-13  3.908E-13  1.959E-13
3.467E+01  6.307E-22  5.801E-13  3.883E-13  1.918E-13
3.436E+01  6.286E-22  5.728E-13  3.853E-13  1.876E-13
3.404E+01  6.257E-22  5.650E-13  3.816E-13  1.834E-13
3.373E+01  6.221E-22  5.566E-13  3.774E-13  1.792E-13
3.342E+01  6.178E-22  5.477E-13  3.727E-13  1.750E-13
3.311E+01  6.129E-22  5.383E-13  3.674E-13  1.709E-13
3.281E+01  6.072E-22  5.285E-13  3.616E-13  1.668E-13
3.251E+01  6.009E-22  5.181E-13  3.554E-13  1.627E-13
3.221E+01  5.938E-22  5.074E-13  3.487E-13  1.587E-13
3.192E+01  5.862E-22  4.962E-13  3.416E-13  1.546E-13
3.162E+01  5.779E-22  4.848E-13  3.342E-13  1.506E-13
3.133E+01  5.691E-22  4.730E-13  3.264E-13  1.466E-13
3.105E+01  5.598E-22  4.610E-13  3.184E-13  1.426E-13
3.076E+01  5.500E-22  4.488E-13  3.102E-13  1.386E-13
3.048E+01  5.399E-22  4.365E-13  3.018E-13  1.347E-13
3.020E+01  5.294E-22  4.241E-13  2.932E-13  1.308E-13
2.992E+01  5.186E-22  4.116E-13  2.846E-13  1.270E-13
2.965E+01  5.075E-22  3.991E-13  2.760E-13  1.231E-13
2.938E+01  4.962E-22  3.867E-13  2.674E-13  1.193E-13
2.911E+01  4.849E-22  3.744E-13  2.588E-13  1.156E-13
2.884E+01  4.734E-22  3.622E-13  2.503E-13  1.118E-13
2.858E+01  4.620E-22  3.502E-13  2.420E-13  1.082E-13
2.831E+01  4.506E-22  3.384E-13  2.339E-13  1.046E-13
2.805E+01  4.393E-22  3.269E-13  2.259E-13  1.010E-13
2.780E+01  4.281E-22  3.157E-13  2.182E-13  9.752E-14
2.754E+01  4.171E-22  3.047E-13  2.106E-13  9.409E-14
2.729E+01  4.063E-22  2.941E-13  2.034E-13  9.073E-14
2.704E+01  3.957E-22  2.838E-13  1.964E-13  8.743E-14
2.679E+01  3.854E-22  2.739E-13  1.897E-13  8.420E-14
2.655E+01  3.753E-22  2.643E-13  1.833E-13  8.103E-14
2.630E+01  3.656E-22  2.551E-13  1.771E-13  7.794E-14
2.606E+01  3.561E-22  2.462E-13  1.713E-13  7.491E-14
2.582E+01  3.470E-22  2.377E-13  1.657E-13  7.195E-14
2.559E+01  3.381E-22  2.295E-13  1.604E-13  6.907E-14
2.535E+01  3.296E-22  2.217E-13  1.554E-13  6.625E-14
2.512E+01  3.215E-22  2.142E-13  1.507E-13  6.351E-14
2.489E+01  3.136E-22  2.071E-13  1.462E-13  6.084E-14
2.466E+01  3.061E-22  2.002E-13  1.420E-13  5.822E-14
2.443E+01  2.989E-22  1.937E-13  1.380E-13  5.568E-14
2.421E+01  2.920E-22  1.875E-13  1.343E-13  5.319E-14
2.399E+01  2.853E-22  1.816E-13  1.308E-13  5.074E-14
2.377E+01  2.790E-22  1.759E-13  1.275E-13  4.840E-14
2.355E+01  2.731E-22  1.706E-13  1.244E-13  4.619E-14
2.333E+01  2.675E-22  1.656E-13  1.215E-13  4.401E-14
2.312E+01  2.620E-22  1.607E-13  1.188E-13  4.186E-14
2.291E+01  2.569E-22  1.561E-13  1.163E-13  3.979E-14
2.270E+01  2.522E-22  1.518E-13  1.140E-13  3.787E-14
2.249E+01  2.477E-22  1.478E-13  1.117E-13  3.606E-14
2.228E+01  2.436E-22  1.440E-13  1.097E-13  3.433E-14
2.208E+01  2.397E-22  1.404E-13  1.077E-13  3.264E-14
2.188E+01  2.359E-22  1.369E-13  1.059E-13  3.096E-14
2.168E+01  2.323E-22  1.336E-13  1.043E-13  2.931E-14
2.148E+01  2.289E-22  1.304E-13  1.027E-13  2.773E-14
2.128E+01  2.258E-22  1.274E-13  1.012E-13  2.625E-14
2.109E+01  2.229E-22  1.247E-13  9.980E-14  2.486E-14
2.089E+01  2.202E-22  1.220E-13  9.850E-14  2.351E-14
2.070E+01  2.176E-22  1.195E-13  9.728E-14  2.220E-14
2.051E+01  2.152E-22  1.171E-13  9.614E-14  2.094E-14
2.032E+01  2.130E-22  1.148E-13  9.508E-14  1.975E-14
2.014E+01  2.112E-22  1.128E-13  9.410E-14  1.869E-14
1.995E+01  2.095E-22  1.109E-13  9.321E-14  1.766E-14
1.977E+01  2.080E-22  1.091E-13  9.242E-14  1.666E-14
1.959E+01  2.069E-22  1.075E-13  9.181E-14  1.568E-14
1.941E+01  2.063E-22  1.062E-13  9.150E-14  1.471E-14
1.923E+01  2.073E-22  1.057E-13  9.198E-14  1.376E-14
1.905E+01  2.130E-22  1.076E-13  9.480E-14  1.283E-14
1.888E+01  2.173E-22  1.088E-13  9.688E-14  1.193E-14
1.871E+01  2.072E-22  1.028E-13  9.176E-14  1.105E-14
1.854E+01  2.031E-22  9.984E-14  8.963E-14  1.020E-14
1.837E+01  2.024E-22  9.860E-14  8.921E-14  9.388E-15
1.820E+01  2.040E-22  9.847E-14  8.987E-14  8.607E-15
1.803E+01  2.095E-22  1.002E-13  9.234E-14  7.868E-15
1.786E+01  2.201E-22  1.043E-13  9.716E-14  7.169E-15
1.770E+01  2.205E-22  1.035E-13  9.703E-14  6.510E-15
1.754E+01  2.312E-22  1.076E-13  1.017E-13  5.888E-15
1.738E+01  2.586E-22  1.192E-13  1.139E-13  5.309E-15
1.722E+01  2.532E-22  1.156E-13  1.109E-13  4.773E-15
1.706E+01  2.526E-22  1.143E-13  1.100E-13  4.285E-15
1.690E+01  2.446E-22  1.097E-13  1.058E-13  3.838E-15
1.675E+01  2.323E-22  1.032E-13  9.980E-14  3.430E-15
1.660E+01  2.334E-22  1.027E-13  9.968E-14  3.056E-15
1.644E+01  2.650E-22  1.156E-13  1.129E-13  2.717E-15
1.629E+01  2.043E-22  8.830E-14  8.589E-14  2.411E-15
1.614E+01  1.785E-22  7.645E-14  7.431E-14  2.138E-15
1.600E+01  1.683E-22  7.139E-14  6.949E-14  1.893E-15
1.585E+01  1.611E-22  6.772E-14  6.604E-14  1.676E-15
1.570E+01  1.532E-22  6.382E-14  6.233E-14  1.482E-15
1.556E+01  1.475E-22  6.086E-14  5.955E-14  1.310E-15
1.542E+01  1.429E-22  5.842E-14  5.727E-14  1.157E-15
1.528E+01  1.389E-22  5.627E-14  5.525E-14  1.022E-15
1.514E+01  1.353E-22  5.433E-14  5.343E-14  9.036E-16
1.500E+01  1.322E-22  5.258E-14  5.178E-14  7.995E-16
1.486E+01  1.294E-22  5.101E-14  5.030E-14  7.069E-16
1.472E+01  1.273E-22  4.970E-14  4.907E-14  6.251E-16
1.459E+01  1.261E-22  4.878E-14  4.823E-14  5.530E-16
1.445E+01  1.269E-22  4.865E-14  4.816E-14  4.914E-16
1.432E+01  1.320E-22  5.016E-14  4.972E-14  4.388E-16
1.419E+01  1.379E-22  5.192E-14  5.152E-14  3.946E-16
1.406E+01  1.302E-22  4.858E-14  4.822E-14  3.579E-16
1.393E+01  1.252E-22  4.627E-14  4.594E-14  3.280E-16
1.380E+01  1.273E-22  4.660E-14  4.629E-14  3.031E-16
1.368E+01  1.355E-22  4.915E-14  4.886E-14  2.828E-16
1.355E+01  1.461E-22  5.252E-14  5.225E-14  2.652E-16
1.343E+01  1.460E-22  5.200E-14  5.175E-14  2.496E-16
1.330E+01  1.350E-22  4.763E-14  4.740E-14  2.350E-16
1.318E+01  1.278E-22  4.469E-14  4.447E-14  2.215E-16
1.306E+01  1.295E-22  4.488E-14  4.467E-14  2.085E-16
1.294E+01  1.414E-22  4.853E-14  4.834E-14  1.965E-16
1.282E+01  1.651E-22  5.615E-14  5.597E-14  1.857E-16
1.271E+01  1.944E-22  6.551E-14  6.534E-14  1.756E-16
1.259E+01  1.994E-22  6.660E-14  6.643E-14  1.660E-16
1.247E+01  1.706E-22  5.646E-14  5.631E-14  1.568E-16
1.236E+01  1.426E-22  4.676E-14  4.661E-14  1.479E-16
1.225E+01  1.304E-22  4.237E-14  4.224E-14  1.391E-16
1.213E+01  1.313E-22  4.225E-14  4.212E-14  1.311E-16
1.202E+01  1.342E-22  4.281E-14  4.268E-14  1.239E-16
1.191E+01  1.256E-22  3.968E-14  3.957E-14  1.170E-16
1.180E+01  1.114E-22  3.489E-14  3.478E-14  1.103E-16
1.169E+01  1.056E-22  3.275E-14  3.264E-14  1.038E-16
1.159E+01  1.145E-22  3.518E-14  3.508E-14  9.726E-17
1.148E+01  1.456E-22  4.433E-14  4.424E-14  9.099E-17
1.138E+01  1.966E-22  5.932E-14  5.924E-14  8.526E-17
1.127E+01  2.481E-22  7.419E-14  7.411E-14  7.994E-17
1.117E+01  1.711E-22  5.069E-14  5.061E-14  7.501E-17
1.107E+01  8.940E-23  2.624E-14  2.617E-14  7.036E-17
1.096E+01  6.213E-23  1.807E-14  1.800E-14  6.583E-17
1.086E+01  4.931E-23  1.421E-14  1.415E-14  6.162E-17
1.076E+01  4.222E-23  1.206E-14  1.200E-14  5.784E-17
1.067E+01  3.773E-23  1.067E-14  1.062E-14  5.440E-17
1.057E+01  3.392E-23  9.509E-15  9.457E-15  5.126E-17
1.047E+01  3.119E-23  8.664E-15  8.616E-15  4.813E-17
1.038E+01  2.917E-23  8.027E-15  7.982E-15  4.485E-17
1.028E+01  2.757E-23  7.519E-15  7.477E-15  4.142E-17
1.019E+01  2.628E-23  7.101E-15  7.063E-15  3.796E-17
1.009E+01  2.522E-23  6.752E-15  6.717E-15  3.465E-17
1.000E+01  2.435E-23  6.459E-15  6.428E-15  3.159E-17
9.908E+00  2.365E-23  6.215E-15  6.186E-15  2.884E-17
9.817E+00  2.309E-23  6.012E-15  5.986E-15  2.635E-17
9.727E+00  2.267E-23  5.850E-15  5.826E-15  2.406E-17
9.638E+00  2.240E-23  5.726E-15  5.704E-15  2.193E-17
9.550E+00  2.227E-23  5.642E-15  5.622E-15  1.984E-17
9.462E+00  2.232E-23  5.601E-15  5.583E-15  1.776E-17
9.376E+00  2.255E-23  5.609E-15  5.593E-15  1.568E-17
9.290E+00  2.304E-23  5.676E-15  5.663E-15  1.363E-17
9.204E+00  2.384E-23  5.821E-15  5.809E-15  1.165E-17
9.120E+00  2.510E-23  6.072E-15  6.062E-15  9.813E-18
9.036E+00  2.703E-23  6.480E-15  6.472E-15  8.154E-18
8.954E+00  3.005E-23  7.138E-15  7.131E-15  6.715E-18
8.872E+00  3.489E-23  8.210E-15  8.204E-15  5.507E-18
8.790E+00  4.273E-23  9.963E-15  9.959E-15  4.513E-18
8.710E+00  5.421E-23  1.252E-14  1.252E-14  3.706E-18
8.630E+00  6.336E-23  1.450E-14  1.450E-14  3.056E-18
8.551E+00  5.874E-23  1.332E-14  1.332E-14  2.528E-18
8.472E+00  4.856E-23  1.091E-14  1.091E-14  2.088E-18
8.395E+00  4.283E-23  9.538E-15  9.536E-15  1.709E-18
8.318E+00  4.085E-23  9.013E-15  9.012E-15  1.376E-18
8.241E+00  4.095E-23  8.953E-15  8.952E-15  1.086E-18
8.166E+00  4.348E-23  9.417E-15  9.416E-15  8.374E-19
8.091E+00  4.915E-23  1.055E-14  1.055E-14  6.408E-19
8.017E+00  5.821E-23  1.238E-14  1.238E-14  4.865E-19
7.943E+00  6.919E-23  1.458E-14  1.458E-14  3.680E-19
7.870E+00  7.664E-23  1.600E-14  1.600E-14  2.776E-19
7.798E+00  7.553E-23  1.562E-14  1.562E-14  2.093E-19
7.727E+00  7.086E-23  1.452E-14  1.452E-14  1.585E-19
7.656E+00  6.809E-23  1.383E-14  1.383E-14  1.210E-19
7.586E+00  6.162E-23  1.240E-14  1.240E-14  9.332E-20
7.516E+00  4.797E-23  9.565E-15  9.564E-15  7.322E-20
7.447E+00  3.486E-23  6.886E-15  6.886E-15  5.864E-20
7.379E+00  2.574E-23  5.039E-15  5.039E-15  4.770E-20
7.311E+00  1.963E-23  3.807E-15  3.807E-15  3.956E-20
7.244E+00  1.531E-23  2.942E-15  2.942E-15  3.317E-20
7.178E+00  1.214E-23  2.312E-15  2.312E-15  2.800E-20
7.112E+00  9.787E-24  1.846E-15  1.846E-15  2.388E-20
7.047E+00  8.050E-24  1.505E-15  1.505E-15  2.048E-20
6.982E+00  6.801E-24  1.260E-15  1.260E-15  1.756E-20
6.918E+00  5.942E-24  1.090E-15  1.090E-15  1.510E-20
6.855E+00  5.378E-24  9.778E-16  9.778E-16  1.298E-20
6.792E+00  4.995E-24  9.000E-16  9.000E-16  1.115E-20
6.730E+00  4.639E-24  8.282E-16  8.282E-16  9.569E-21
6.668E+00  4.181E-24  7.395E-16  7.395E-16  8.205E-21
6.607E+00  3.650E-24  6.397E-16  6.397E-16  7.023E-21
6.546E+00  3.205E-24  5.566E-16  5.566E-16  6.004E-21
6.486E+00  2.987E-24  5.139E-16  5.139E-16  5.125E-21
6.427E+00  3.101E-24  5.286E-16  5.286E-16  4.368E-21
6.368E+00  3.728E-24  6.298E-16  6.298E-16  3.717E-21
6.310E+00  5.238E-24  8.766E-16  8.766E-16  3.157E-21
6.252E+00  7.472E-24  1.239E-15  1.239E-15  2.677E-21
6.194E+00  6.871E-24  1.129E-15  1.129E-15  2.266E-21
6.138E+00  3.844E-24  6.259E-16  6.259E-16  1.913E-21
6.081E+00  2.038E-24  3.288E-16  3.288E-16  1.614E-21
6.026E+00  1.202E-24  1.921E-16  1.921E-16  1.360E-21
5.970E+00  7.920E-25  1.254E-16  1.254E-16  1.144E-21
5.916E+00  5.767E-25  9.049E-17  9.049E-17  9.622E-22
5.861E+00  4.650E-25  7.229E-17  7.229E-17  8.083E-22
5.808E+00  4.233E-25  6.520E-17  6.520E-17  6.784E-22
5.754E+00  4.335E-25  6.617E-17  6.617E-17  5.688E-22
5.702E+00  4.232E-25  6.400E-17  6.400E-17  4.765E-22
5.649E+00  3.147E-25  4.717E-17  4.716E-17  3.989E-22
5.598E+00  2.073E-25  3.077E-17  3.077E-17  3.336E-22
5.546E+00  1.443E-25  2.124E-17  2.124E-17  2.787E-22
5.495E+00  1.096E-25  1.598E-17  1.598E-17  2.326E-22
5.445E+00  9.055E-26  1.308E-17  1.308E-17  1.941E-22
5.395E+00  8.213E-26  1.175E-17  1.175E-17  1.617E-22
5.346E+00  8.332E-26  1.181E-17  1.181E-17  1.346E-22
5.297E+00  8.896E-26  1.250E-17  1.250E-17  1.120E-22
5.248E+00  7.717E-26  1.074E-17  1.074E-17  9.302E-23
5.200E+00  5.192E-26  7.161E-18  7.161E-18  7.721E-23
5.152E+00  3.457E-26  4.725E-18  4.725E-18  6.402E-23
5.105E+00  2.477E-26  3.354E-18  3.354E-18  5.304E-23
5.058E+00  1.882E-26  2.525E-18  2.525E-18  4.389E-23
5.012E+00  1.485E-26  1.974E-18  1.974E-18  3.629E-23
4.966E+00  1.200E-26  1.580E-18  1.580E-18  2.998E-23
4.920E+00  9.837E-27  1.284E-18  1.284E-18  2.474E-23
4.875E+00  8.150E-27  1.054E-18  1.054E-18  2.038E-23
4.831E+00  6.800E-27  8.714E-19  8.713E-19  1.678E-23
4.786E+00  5.704E-27  7.241E-19  7.241E-19  1.379E-23
4.742E+00  4.802E-27  6.041E-19  6.041E-19  1.133E-23
4.699E+00  4.055E-27  5.055E-19  5.055E-19  9.293E-24
4.656E+00  3.432E-27  4.239E-19  4.239E-19  7.613E-24
4.613E+00  2.911E-27  3.562E-19  3.562E-19  6.229E-24
4.571E+00  2.472E-27  2.997E-19  2.997E-19  5.090E-24
4.529E+00  2.101E-27  2.524E-19  2.524E-19  4.155E-24
4.487E+00  1.788E-27  2.128E-19  2.128E-19  3.386E-24
4.446E+00  1.523E-27  1.796E-19  1.796E-19  2.757E-24
4.406E+00  1.297E-27  1.516E-19  1.516E-19  2.242E-24
4.365E+00  1.106E-27  1.281E-19  1.281E-19  1.821E-24
4.325E+00  9.432E-28  1.082E-19  1.082E-19  1.477E-24
4.285E+00  8.046E-28  9.146E-20  9.146E-20  1.196E-24
4.246E+00  6.864E-28  7.731E-20  7.731E-20  9.671E-25
4.207E+00  5.857E-28  6.536E-20  6.536E-20  7.811E-25
4.169E+00  4.998E-28  5.527E-20  5.527E-20  6.299E-25
4.130E+00  4.265E-28  4.673E-20  4.673E-20  5.073E-25
4.093E+00  3.639E-28  3.951E-20  3.951E-20  4.077E-25
4.055E+00  3.105E-28  3.340E-20  3.340E-20  3.271E-25
4.018E+00  2.649E-28  2.824E-20  2.824E-20  2.621E-25
3.981E+00  2.260E-28  2.387E-20  2.387E-20  2.097E-25
3.945E+00  1.928E-28  2.018E-20  2.018E-20  1.675E-25
3.908E+00  1.645E-28  1.705E-20  1.705E-20  1.336E-25
3.873E+00  1.403E-28  1.442E-20  1.442E-20  1.064E-25
3.837E+00  1.198E-28  1.219E-20  1.219E-20  8.460E-26
3.802E+00  1.022E-28  1.031E-20  1.031E-20  6.718E-26
3.767E+00  8.728E-29  8.721E-21  8.721E-21  5.326E-26
3.733E+00  7.458E-29  7.384E-21  7.384E-21  4.216E-26
3.698E+00  6.379E-29  6.258E-21  6.258E-21  3.333E-26
3.664E+00  5.465E-29  5.312E-21  5.312E-21  2.630E-26
3.631E+00  4.694E-29  4.521E-21  4.521E-21  2.072E-26
3.597E+00  4.046E-29  3.861E-21  3.861E-21  1.630E-26
3.565E+00  3.507E-29  3.316E-21  3.316E-21  1.280E-26
3.532E+00  3.066E-29  2.872E-21  2.872E-21  1.003E-26
3.499E+00  2.718E-29  2.523E-21  2.523E-21  7.853E-27
3.467E+00  2.467E-29  2.269E-21  2.269E-21  6.136E-27
3.436E+00  2.334E-29  2.127E-21  2.127E-21  4.786E-27
3.404E+00  2.386E-29  2.155E-21  2.155E-21  3.727E-27
3.373E+00  2.853E-29  2.553E-21  2.553E-21  2.897E-27
3.342E+00  4.761E-29  4.220E-21  4.220E-21  2.247E-27
3.311E+00  1.390E-28  1.221E-20  1.221E-20  1.740E-27
3.281E+00  8.183E-29  7.122E-21  7.122E-21  1.345E-27
3.251E+00  2.227E-29  1.920E-21  1.920E-21  1.037E-27
3.221E+00  1.050E-29  8.968E-22  8.968E-22  7.984E-28
3.192E+00  6.520E-30  5.519E-22  5.519E-22  6.133E-28
3.162E+00  4.615E-30  3.872E-22  3.872E-22  4.703E-28
3.133E+00  3.490E-30  2.901E-22  2.900E-22  3.600E-28
3.105E+00  2.734E-30  2.251E-22  2.251E-22  2.751E-28
3.076E+00  2.185E-30  1.783E-22  1.783E-22  2.099E-28
3.048E+00  1.767E-30  1.429E-22  1.429E-22  1.599E-28
3.020E+00  1.439E-30  1.153E-22  1.153E-22  1.216E-28
2.992E+00  1.178E-30  9.348E-23  9.348E-23  9.225E-29
2.965E+00  9.664E-31  7.600E-23  7.600E-23  6.986E-29
2.938E+00  7.942E-31  6.188E-23  6.188E-23  5.280E-29
2.911E+00  6.532E-31  5.043E-23  5.043E-23  3.982E-29
2.884E+00  5.375E-31  4.112E-23  4.112E-23  2.998E-29
2.858E+00  4.422E-31  3.352E-23  3.352E-23  2.252E-29
2.831E+00  3.637E-31  2.732E-23  2.732E-23  1.688E-29
2.805E+00  2.990E-31  2.225E-23  2.225E-23  1.263E-29
2.780E+00  2.456E-31  1.811E-23  1.811E-23  9.428E-30
2.754E+00  2.016E-31  1.473E-23  1.473E-23  7.024E-30
2.729E+00  1.653E-31  1.197E-23  1.197E-23  5.221E-30
2.704E+00  1.355E-31  9.717E-24  9.717E-24  3.873E-30
2.679E+00  1.109E-31  7.879E-24  7.879E-24  2.867E-30
2.655E+00  9.064E-32  6.383E-24  6.383E-24  2.117E-30
2.630E+00  7.401E-32  5.164E-24  5.164E-24  1.560E-30
2.606E+00  6.036E-32  4.173E-24  4.173E-24  1.147E-30
2.582E+00  4.917E-32  3.368E-24  3.368E-24  8.418E-31
2.559E+00  4.000E-32  2.715E-24  2.715E-24  6.162E-31
2.535E+00  3.249E-32  2.185E-24  2.185E-24  4.501E-31
2.512E+00  2.636E-32  1.757E-24  1.757E-24  3.280E-31
2.489E+00  2.136E-32  1.410E-24  1.410E-24  2.385E-31
2.466E+00  1.728E-32  1.130E-24  1.130E-24  1.730E-31
2.443E+00  1.395E-32  9.043E-25  9.043E-25  1.253E-31
2.421E+00  1.125E-32  7.226E-25  7.226E-25  9.047E-32
2.399E+00  9.062E-33  5.766E-25  5.766E-25  6.518E-32
2.377E+00  7.286E-33  4.594E-25  4.594E-25  4.685E-32
2.355E+00  5.849E-33  3.654E-25  3.654E-25  3.359E-32
2.333E+00  4.688E-33  2.902E-25  2.902E-25  2.403E-32
2.312E+00  3.751E-33  2.300E-25  2.300E-25  1.714E-32
2.291E+00  2.996E-33  1.821E-25  1.821E-25  1.220E-32
2.270E+00  2.388E-33  1.438E-25  1.438E-25  8.665E-33
2.249E+00  1.900E-33  1.134E-25  1.134E-25  6.138E-33
2.228E+00  1.509E-33  8.918E-26  8.918E-26  4.337E-33
2.208E+00  1.195E-33  7.000E-26  7.000E-26  3.057E-33
2.188E+00  9.446E-34  5.482E-26  5.482E-26  2.150E-33
2.168E+00  7.445E-34  4.281E-26  4.281E-26  1.508E-33
2.148E+00  5.851E-34  3.333E-26  3.333E-26  1.055E-33
2.128E+00  4.582E-34  2.587E-26  2.587E-26  7.366E-34
2.109E+00  3.575E-34  1.999E-26  1.999E-26  5.129E-34
2.089E+00  2.776E-34  1.538E-26  1.538E-26  3.562E-34
2.070E+00  2.144E-34  1.177E-26  1.177E-26  2.468E-34
2.051E+00  1.644E-34  8.947E-27  8.947E-27  1.705E-34
2.032E+00  1.250E-34  6.741E-27  6.741E-27  1.175E-34
2.014E+00  9.407E-35  5.025E-27  5.025E-27  8.081E-35
1.995E+00  6.982E-35  3.695E-27  3.695E-27  5.542E-35
1.977E+00  5.103E-35  2.676E-27  2.676E-27  3.791E-35
1.959E+00  3.676E-35  1.910E-27  1.910E-27  2.586E-35
1.941E+00  2.636E-35  1.357E-27  1.357E-27  1.760E-35
1.923E+00  1.928E-35  9.833E-28  9.833E-28  1.194E-35
1.905E+00  1.485E-35  7.504E-28  7.504E-28  8.085E-36
1.888E+00  1.216E-35  6.089E-28  6.089E-28  5.458E-36
1.871E+00  1.032E-35  5.120E-28  5.120E-28  3.675E-36
1.854E+00  8.772E-36  4.313E-28  4.313E-28  2.468E-36
1.837E+00  7.337E-36  3.574E-28  3.574E-28  1.653E-36
1.820E+00  6.014E-36  2.903E-28  2.903E-28  1.104E-36
1.803E+00  4.843E-36  2.316E-28  2.316E-28  7.358E-37
1.786E+00  3.845E-36  1.822E-28  1.822E-28  4.889E-37
1.770E+00  3.021E-36  1.419E-28  1.419E-28  3.240E-37
1.754E+00  2.354E-36  1.095E-28  1.095E-28  2.141E-37
1.738E+00  1.823E-36  8.405E-29  8.405E-29  1.411E-37
1.722E+00  1.405E-36  6.417E-29  6.417E-29  9.276E-38
1.706E+00  1.078E-36  4.879E-29  4.879E-29  6.080E-38
1.690E+00  8.245E-37  3.697E-29  3.697E-29  3.974E-38
1.675E+00  6.286E-37  2.793E-29  2.793E-29  2.590E-38
1.660E+00  4.780E-37  2.104E-29  2.104E-29  1.683E-38
1.644E+00  3.627E-37  1.582E-29  1.582E-29  1.091E-38
1.629E+00  2.746E-37  1.187E-29  1.187E-29  7.045E-39
1.614E+00  2.075E-37  8.886E-30  8.886E-30  4.537E-39
1.600E+00  1.565E-37  6.642E-30  6.642E-30  2.914E-39
1.585E+00  1.179E-37  4.958E-30  4.958E-30  1.865E-39
1.570E+00  8.871E-38  3.695E-30  3.695E-30  1.190E-39
1.556E+00  6.666E-38  2.751E-30  2.751E-30  7.573E-40
1.542E+00  5.004E-38  2.046E-30  2.046E-30  4.803E-40
1.528E+00  3.754E-38  1.521E-30  1.521E-30  3.036E-40
1.514E+00  2.814E-38  1.130E-30  1.130E-30  1.913E-40
1.500E+00  2.109E-38  8.392E-31  8.392E-31  1.202E-40
1.486E+00  1.581E-38  6.232E-31  6.232E-31  7.523E-41
1.472E+00  1.186E-38  4.630E-31  4.630E-31  4.694E-41
1.459E+00  8.896E-39  3.442E-31  3.442E-31  2.919E-41
1.445E+00  6.683E-39  2.562E-31  2.562E-31  1.810E-41
1.432E+00  5.028E-39  1.910E-31  1.910E-31  1.118E-41
1.419E+00  3.791E-39  1.427E-31  1.427E-31  6.882E-42
1.406E+00  2.866E-39  1.069E-31  1.069E-31  4.222E-42
1.393E+00  2.174E-39  8.034E-32  8.034E-32  2.581E-42
1.380E+00  1.655E-39  6.062E-32  6.062E-32  1.572E-42
1.368E+00  1.266E-39  4.593E-32  4.593E-32  9.544E-43
1.355E+00  9.725E-40  3.496E-32  3.496E-32  5.772E-43
1.343E+00  7.503E-40  2.672E-32  2.672E-32  3.478E-43
1.330E+00  5.806E-40  2.049E-32  2.049E-32  2.088E-43
1.318E+00  4.495E-40  1.572E-32  1.572E-32  1.249E-43
1.306E+00  3.465E-40  1.201E-32  1.201E-32  7.440E-44
1.294E+00  2.640E-40  9.062E-33  9.062E-33  4.417E-44
1.282E+00  1.967E-40  6.691E-33  6.691E-33  2.612E-44
1.271E+00  1.418E-40  4.779E-33  4.779E-33  1.539E-44
1.259E+00  9.804E-41  3.274E-33  3.274E-33  9.032E-45
1.247E+00  6.492E-41  2.148E-33  2.148E-33  5.281E-45
1.236E+00  4.145E-41  1.359E-33  1.359E-33  3.076E-45
1.225E+00  2.583E-41  8.392E-34  8.392E-34  1.784E-45
1.213E+00  1.594E-41  5.131E-34  5.131E-34  1.031E-45
1.202E+00  9.855E-42  3.143E-34  3.143E-34  5.933E-46
1.191E+00  6.158E-42  1.946E-34  1.946E-34  3.400E-46
1.180E+00  3.909E-42  1.224E-34  1.224E-34  1.940E-46
1.169E+00  2.530E-42  7.849E-35  7.849E-35  1.103E-46
1.159E+00  1.672E-42  5.140E-35  5.140E-35  6.240E-47
1.148E+00  1.130E-42  3.440E-35  3.440E-35  3.516E-47
1.138E+00  7.807E-43  2.356E-35  2.356E-35  1.972E-47
1.127E+00  5.529E-43  1.653E-35  1.653E-35  1.102E-47
1.117E+00  4.023E-43  1.192E-35  1.192E-35  6.125E-48
1.107E+00  3.016E-43  8.854E-36  8.854E-36  3.391E-48
1.096E+00  2.339E-43  6.804E-36  6.804E-36  1.869E-48
1.086E+00  1.880E-43  5.418E-36  5.418E-36  1.025E-48
1.076E+00  1.555E-43  4.441E-36  4.441E-36  5.596E-49
1.067E+00  1.286E-43  3.639E-36  3.639E-36  3.041E-49
1.057E+00  9.929E-44  2.783E-36  2.783E-36  1.645E-49
1.047E+00  6.535E-44  1.815E-36  1.815E-36  8.855E-50
1.038E+00  3.594E-44  9.890E-37  9.890E-37  4.744E-50
1.028E+00  1.789E-44  4.877E-37  4.877E-37  2.529E-50
1.019E+00  8.808E-45  2.380E-37  2.380E-37  1.341E-50
1.009E+00  4.498E-45  1.204E-37  1.204E-37  7.080E-51
1.000E+00  2.419E-45  6.416E-38  6.416E-38  3.718E-51
