Dust emission spectrum from Draine,B.T., & Li, A. (2007), ApJ, in press [astro-ph/0608003]
==========================================================
         7 = grain model
 4.000E-08 4.000E-01 4.500E-05 = a_01 (cm) , sigma_1 , b_C1
 2.000E-07 5.500E-01 1.500E-05 = a_02 (cm) , sigma_2 , b_C2
 1.000E+05 1.000E+05 1.000E+00 = Umin , Umax, beta (dN/dU propto U^{-beta})
 1.000E+05 = <U>       mmp83 = radfield
 2.000E-07 2.000E-06 = a_{min} (cm), a_{max} (cm)
 6.910E-20 4.374E-20 2.537E-20 = P(tot)  P(carb)  P(sil) (erg s-1 H-1)
 band     <nu*P_nu> <j_nu(tot)><j_nu(carb)><j_nu(sil)>
 (um)   (erg s-1 H-1)(Jy/(sr*H))(Jy/(sr*H))(Jy/(sr*H))
1.270E+00  3.817E-30  1.286E-22  1.286E-22  5.520E-34 COBE-DIRBE
2.220E+00  1.280E-25  7.536E-18  7.536E-18  6.526E-26 COBE-DIRBE
3.530E+00  5.890E-23  5.515E-15  5.515E-15  1.430E-20 COBE-DIRBE
4.880E+00  6.099E-22  7.895E-14  7.894E-14  5.437E-18 COBE-DIRBE
1.229E+01  2.724E-20  8.881E-12  6.739E-12  2.142E-12 COBE-DIRBE
2.079E+01  4.386E-20  2.419E-11  9.727E-12  1.446E-11 COBE-DIRBE
5.599E+01  6.173E-21  9.168E-12  3.966E-12  5.201E-12 COBE-DIRBE
9.770E+01  5.002E-22  1.296E-12  3.551E-13  9.413E-13 COBE-DIRBE
1.479E+02  7.687E-23  3.015E-13  7.121E-14  2.303E-13 COBE-DIRBE
2.479E+02  7.320E-24  4.812E-14  1.085E-14  3.727E-14 COBE-DIRBE
1.200E+01  2.761E-20  8.788E-12  7.357E-12  1.432E-12 IRAS
2.500E+01  4.422E-20  2.933E-11  1.259E-11  1.673E-11 IRAS
6.000E+01  5.612E-21  8.932E-12  3.938E-12  4.993E-12 IRAS
1.000E+02  4.313E-22  1.144E-12  3.062E-13  8.378E-13 IRAS
3.550E+00  6.343E-23  5.973E-15  5.973E-15  1.089E-20 SST-IRAC
4.493E+00  2.874E-22  3.426E-14  3.425E-14  1.588E-18 SST-IRAC
5.731E+00  7.311E-21  1.111E-12  1.111E-12  1.145E-16 SST-IRAC
7.872E+00  3.564E-20  7.441E-12  7.340E-12  1.007E-13 SST-IRAC
2.368E+01  4.297E-20  2.699E-11  1.133E-11  1.566E-11 SST-MIPS
7.142E+01  1.723E-21  3.265E-12  1.059E-12  2.205E-12 SST-MIPS
1.559E+02  4.909E-23  2.030E-13  4.680E-14  1.562E-13 SST-MIPS
1.600E+01  3.257E-20  1.382E-11  7.310E-12  6.514E-12 SST-IRSPU
2.200E+01  4.496E-20  2.624E-11  1.056E-11  1.568E-11 SST-IRSPU
7.500E+01  1.477E-21  2.939E-12  9.453E-13  1.994E-12 Herschel-PACS
1.100E+02  2.829E-22  8.253E-13  2.166E-13  6.087E-13 Herschel-PACS
1.700E+02  3.837E-23  1.730E-13  4.006E-14  1.330E-13 Herschel-PACS
2.500E+02  5.527E-24  3.665E-14  8.255E-15  2.839E-14 Herschel-SPIRE
3.600E+02  8.973E-25  8.568E-15  2.062E-15  6.506E-15 Herschel-SPIRE
5.200E+02  1.566E-25  2.160E-15  5.303E-16  1.630E-15 Herschel-SPIRE
2.400E+00  7.137E-24  4.544E-16  4.543E-16  3.292E-20 Akari IRC NIR N2
3.200E+00  3.894E-23  3.306E-15  3.306E-15  3.226E-20 Akari IRC NIR N3
4.100E+00  3.700E-22  4.024E-14  4.023E-14  2.777E-18 Akari IRC NIR N4
7.000E+00  3.673E-20  6.819E-12  6.787E-12  3.210E-14 Akari IRC MIR-S S7
9.000E+00  2.946E-20  7.033E-12  6.530E-12  5.030E-13 Akari IRC MIR-S S9W
1.100E+01  2.471E-20  7.210E-12  5.974E-12  1.236E-12 Akari IRC MIR-S S11
1.500E+01  3.330E-20  1.325E-11  6.962E-12  6.289E-12 Akari IRC MIR-L L15
1.800E+01  3.973E-20  1.897E-11  8.230E-12  1.074E-11 Akari IRC MIR-L L18W
2.400E+01  4.485E-20  2.856E-11  1.170E-11  1.685E-11 Akari IRC MIR-L L24
6.500E+01  2.675E-21  4.612E-12  1.617E-12  2.995E-12 Akari FIS N60
8.000E+01  1.085E-21  2.303E-12  7.403E-13  1.563E-12 Akari FIS WIDE-S
1.400E+02  7.334E-23  2.723E-13  6.393E-14  2.084E-13 Akari FIS WIDE-L
1.600E+02  4.177E-23  1.773E-13  4.057E-14  1.367E-13 Akari FIS N160
 
 
 
 


lambda    nu*dP/dnu     j_nu    j_nu(carb.) j_nu(sil)
 (um)    (erg/(s*H)) (Jy/(sr*H) (Jy/(sr*H)) (Jy/(sr*H)
1.000E+04  3.836E-31  1.017E-19  1.031E-20  9.144E-20
9.908E+03  3.976E-31  1.045E-19  1.062E-20  9.389E-20
9.817E+03  4.122E-31  1.073E-19  1.094E-20  9.641E-20
9.727E+03  4.273E-31  1.103E-19  1.127E-20  9.899E-20
9.638E+03  4.430E-31  1.133E-19  1.161E-20  1.016E-19
9.550E+03  4.592E-31  1.163E-19  1.196E-20  1.044E-19
9.462E+03  4.760E-31  1.195E-19  1.232E-20  1.072E-19
9.376E+03  4.935E-31  1.227E-19  1.269E-20  1.100E-19
9.290E+03  5.116E-31  1.261E-19  1.307E-20  1.130E-19
9.204E+03  5.304E-31  1.295E-19  1.347E-20  1.160E-19
9.120E+03  5.498E-31  1.330E-19  1.388E-20  1.191E-19
9.036E+03  5.700E-31  1.366E-19  1.430E-20  1.223E-19
8.954E+03  5.908E-31  1.403E-19  1.473E-20  1.256E-19
8.872E+03  6.124E-31  1.441E-19  1.518E-20  1.289E-19
8.790E+03  6.347E-31  1.480E-19  1.564E-20  1.323E-19
8.710E+03  6.579E-31  1.520E-19  1.612E-20  1.359E-19
8.630E+03  6.819E-31  1.561E-19  1.661E-20  1.395E-19
8.551E+03  7.068E-31  1.603E-19  1.711E-20  1.432E-19
8.472E+03  7.327E-31  1.647E-19  1.763E-20  1.470E-19
8.395E+03  7.595E-31  1.691E-19  1.817E-20  1.510E-19
8.318E+03  7.874E-31  1.737E-19  1.873E-20  1.550E-19
8.241E+03  8.162E-31  1.784E-19  1.930E-20  1.591E-19
8.166E+03  8.462E-31  1.833E-19  1.989E-20  1.634E-19
8.091E+03  8.773E-31  1.883E-19  2.049E-20  1.678E-19
8.017E+03  9.095E-31  1.934E-19  2.112E-20  1.723E-19
7.943E+03  9.429E-31  1.987E-19  2.177E-20  1.769E-19
7.870E+03  9.777E-31  2.041E-19  2.243E-20  1.817E-19
7.798E+03  1.014E-30  2.097E-19  2.312E-20  1.866E-19
7.727E+03  1.051E-30  2.154E-19  2.383E-20  1.916E-19
7.656E+03  1.090E-30  2.213E-19  2.456E-20  1.968E-19
7.586E+03  1.130E-30  2.274E-19  2.532E-20  2.021E-19
7.516E+03  1.172E-30  2.336E-19  2.609E-20  2.075E-19
7.447E+03  1.215E-30  2.400E-19  2.690E-20  2.131E-19
7.379E+03  1.260E-30  2.466E-19  2.772E-20  2.189E-19
7.311E+03  1.307E-30  2.534E-19  2.858E-20  2.248E-19
7.244E+03  1.355E-30  2.604E-19  2.946E-20  2.309E-19
7.178E+03  1.405E-30  2.676E-19  3.037E-20  2.372E-19
7.112E+03  1.457E-30  2.750E-19  3.130E-20  2.436E-19
7.047E+03  1.512E-30  2.825E-19  3.227E-20  2.503E-19
6.982E+03  1.568E-30  2.903E-19  3.327E-20  2.571E-19
6.918E+03  1.626E-30  2.984E-19  3.430E-20  2.641E-19
6.855E+03  1.686E-30  3.066E-19  3.536E-20  2.712E-19
6.792E+03  1.749E-30  3.151E-19  3.645E-20  2.786E-19
6.730E+03  1.814E-30  3.238E-19  3.758E-20  2.862E-19
6.668E+03  1.881E-30  3.328E-19  3.875E-20  2.940E-19
6.607E+03  1.951E-30  3.420E-19  3.995E-20  3.020E-19
6.546E+03  2.024E-30  3.515E-19  4.119E-20  3.103E-19
6.486E+03  2.100E-30  3.613E-19  4.247E-20  3.188E-19
6.427E+03  2.178E-30  3.713E-19  4.379E-20  3.275E-19
6.368E+03  2.259E-30  3.816E-19  4.516E-20  3.365E-19
6.310E+03  2.344E-30  3.923E-19  4.657E-20  3.457E-19
6.252E+03  2.432E-30  4.032E-19  4.802E-20  3.552E-19
6.194E+03  2.523E-30  4.145E-19  4.952E-20  3.650E-19
6.138E+03  2.617E-30  4.261E-19  5.106E-20  3.750E-19
6.081E+03  2.715E-30  4.380E-19  5.266E-20  3.854E-19
6.026E+03  2.817E-30  4.503E-19  5.431E-20  3.960E-19
5.970E+03  2.923E-30  4.629E-19  5.601E-20  4.069E-19
5.916E+03  3.033E-30  4.759E-19  5.776E-20  4.182E-19
5.861E+03  3.147E-30  4.893E-19  5.958E-20  4.297E-19
5.808E+03  3.266E-30  5.031E-19  6.145E-20  4.416E-19
5.754E+03  3.389E-30  5.173E-19  6.338E-20  4.539E-19
5.702E+03  3.517E-30  5.319E-19  6.537E-20  4.665E-19
5.649E+03  3.649E-30  5.469E-19  6.743E-20  4.794E-19
5.598E+03  3.787E-30  5.623E-19  6.955E-20  4.928E-19
5.546E+03  3.930E-30  5.782E-19  7.174E-20  5.065E-19
5.495E+03  4.079E-30  5.946E-19  7.401E-20  5.206E-19
5.445E+03  4.234E-30  6.115E-19  7.635E-20  5.351E-19
5.395E+03  4.394E-30  6.288E-19  7.876E-20  5.501E-19
5.346E+03  4.561E-30  6.467E-19  8.125E-20  5.654E-19
5.297E+03  4.734E-30  6.651E-19  8.382E-20  5.813E-19
5.248E+03  4.913E-30  6.840E-19  8.648E-20  5.975E-19
5.200E+03  5.100E-30  7.035E-19  8.922E-20  6.143E-19
5.152E+03  5.294E-30  7.235E-19  9.205E-20  6.315E-19
5.105E+03  5.496E-30  7.442E-19  9.498E-20  6.492E-19
5.058E+03  5.705E-30  7.655E-19  9.800E-20  6.675E-19
5.012E+03  5.922E-30  7.874E-19  1.011E-19  6.862E-19
4.966E+03  6.148E-30  8.099E-19  1.043E-19  7.055E-19
4.920E+03  6.383E-30  8.331E-19  1.077E-19  7.254E-19
4.875E+03  6.626E-30  8.569E-19  1.111E-19  7.458E-19
4.831E+03  6.880E-30  8.815E-19  1.146E-19  7.669E-19
4.786E+03  7.143E-30  9.068E-19  1.183E-19  7.885E-19
4.742E+03  7.416E-30  9.329E-19  1.221E-19  8.108E-19
4.699E+03  7.700E-30  9.598E-19  1.260E-19  8.338E-19
4.656E+03  7.995E-30  9.874E-19  1.300E-19  8.574E-19
4.613E+03  8.302E-30  1.016E-18  1.342E-19  8.817E-19
4.571E+03  8.621E-30  1.045E-18  1.385E-19  9.068E-19
4.529E+03  8.953E-30  1.076E-18  1.430E-19  9.325E-19
4.487E+03  9.297E-30  1.107E-18  1.476E-19  9.591E-19
4.446E+03  9.655E-30  1.139E-18  1.523E-19  9.864E-19
4.406E+03  1.003E-29  1.172E-18  1.572E-19  1.015E-18
4.365E+03  1.041E-29  1.206E-18  1.623E-19  1.044E-18
4.325E+03  1.082E-29  1.241E-18  1.676E-19  1.073E-18
4.285E+03  1.123E-29  1.277E-18  1.730E-19  1.104E-18
4.246E+03  1.167E-29  1.314E-18  1.786E-19  1.136E-18
4.207E+03  1.212E-29  1.353E-18  1.844E-19  1.168E-18
4.169E+03  1.259E-29  1.392E-18  1.903E-19  1.202E-18
4.130E+03  1.308E-29  1.433E-18  1.965E-19  1.236E-18
4.093E+03  1.359E-29  1.475E-18  2.029E-19  1.272E-18
4.055E+03  1.411E-29  1.518E-18  2.095E-19  1.309E-18
4.018E+03  1.466E-29  1.563E-18  2.163E-19  1.346E-18
3.981E+03  1.523E-29  1.609E-18  2.233E-19  1.385E-18
3.945E+03  1.583E-29  1.656E-18  2.306E-19  1.425E-18
3.908E+03  1.644E-29  1.704E-18  2.381E-19  1.466E-18
3.873E+03  1.708E-29  1.755E-18  2.459E-19  1.509E-18
3.837E+03  1.775E-29  1.806E-18  2.540E-19  1.552E-18
3.802E+03  1.844E-29  1.860E-18  2.623E-19  1.597E-18
3.767E+03  1.916E-29  1.915E-18  2.709E-19  1.644E-18
3.733E+03  1.991E-29  1.971E-18  2.797E-19  1.691E-18
3.698E+03  2.069E-29  2.030E-18  2.889E-19  1.741E-18
3.664E+03  2.150E-29  2.090E-18  2.984E-19  1.791E-18
3.631E+03  2.234E-29  2.152E-18  3.082E-19  1.844E-18
3.597E+03  2.322E-29  2.216E-18  3.184E-19  1.898E-18
3.565E+03  2.413E-29  2.282E-18  3.289E-19  1.953E-18
3.532E+03  2.508E-29  2.350E-18  3.397E-19  2.010E-18
3.499E+03  2.607E-29  2.420E-18  3.509E-19  2.069E-18
3.467E+03  2.710E-29  2.492E-18  3.625E-19  2.130E-18
3.436E+03  2.817E-29  2.567E-18  3.745E-19  2.193E-18
3.404E+03  2.928E-29  2.644E-18  3.869E-19  2.257E-18
3.373E+03  3.044E-29  2.723E-18  3.997E-19  2.324E-18
3.342E+03  3.165E-29  2.805E-18  4.130E-19  2.392E-18
3.311E+03  3.290E-29  2.890E-18  4.267E-19  2.463E-18
3.281E+03  3.420E-29  2.977E-18  4.409E-19  2.536E-18
3.251E+03  3.556E-29  3.067E-18  4.556E-19  2.611E-18
3.221E+03  3.698E-29  3.159E-18  4.707E-19  2.688E-18
3.192E+03  3.845E-29  3.255E-18  4.864E-19  2.768E-18
3.162E+03  3.998E-29  3.353E-18  5.027E-19  2.851E-18
3.133E+03  4.157E-29  3.455E-18  5.195E-19  2.936E-18
3.105E+03  4.323E-29  3.560E-18  5.368E-19  3.023E-18
3.076E+03  4.495E-29  3.668E-18  5.548E-19  3.113E-18
3.048E+03  4.675E-29  3.780E-18  5.734E-19  3.206E-18
3.020E+03  4.862E-29  3.895E-18  5.926E-19  3.302E-18
2.992E+03  5.057E-29  4.014E-18  6.125E-19  3.401E-18
2.965E+03  5.259E-29  4.136E-18  6.331E-19  3.503E-18
2.938E+03  5.469E-29  4.262E-18  6.544E-19  3.607E-18
2.911E+03  5.688E-29  4.392E-18  6.764E-19  3.715E-18
2.884E+03  5.916E-29  4.526E-18  6.992E-19  3.826E-18
2.858E+03  6.153E-29  4.664E-18  7.228E-19  3.941E-18
2.831E+03  6.400E-29  4.807E-18  7.472E-19  4.060E-18
2.805E+03  6.657E-29  4.954E-18  7.725E-19  4.182E-18
2.780E+03  6.925E-29  5.106E-18  7.986E-19  4.308E-18
2.754E+03  7.204E-29  5.263E-18  8.257E-19  4.438E-18
2.729E+03  7.495E-29  5.425E-18  8.536E-19  4.572E-18
2.704E+03  7.797E-29  5.592E-18  8.826E-19  4.710E-18
2.679E+03  8.112E-29  5.765E-18  9.126E-19  4.852E-18
2.655E+03  8.440E-29  5.943E-18  9.436E-19  5.000E-18
2.630E+03  8.782E-29  6.127E-18  9.757E-19  5.151E-18
2.606E+03  9.138E-29  6.317E-18  1.009E-18  5.308E-18
2.582E+03  9.508E-29  6.513E-18  1.043E-18  5.470E-18
2.559E+03  9.895E-29  6.715E-18  1.079E-18  5.636E-18
2.535E+03  1.030E-28  6.924E-18  1.116E-18  5.808E-18
2.512E+03  1.072E-28  7.140E-18  1.154E-18  5.986E-18
2.489E+03  1.115E-28  7.362E-18  1.194E-18  6.169E-18
2.466E+03  1.161E-28  7.592E-18  1.234E-18  6.358E-18
2.443E+03  1.208E-28  7.830E-18  1.277E-18  6.553E-18
2.421E+03  1.257E-28  8.075E-18  1.321E-18  6.754E-18
2.399E+03  1.309E-28  8.328E-18  1.366E-18  6.962E-18
2.377E+03  1.362E-28  8.589E-18  1.413E-18  7.176E-18
2.355E+03  1.418E-28  8.859E-18  1.462E-18  7.398E-18
2.333E+03  1.476E-28  9.138E-18  1.512E-18  7.626E-18
2.312E+03  1.537E-28  9.425E-18  1.564E-18  7.861E-18
2.291E+03  1.600E-28  9.723E-18  1.618E-18  8.105E-18
2.270E+03  1.666E-28  1.003E-17  1.674E-18  8.356E-18
2.249E+03  1.734E-28  1.035E-17  1.732E-18  8.615E-18
2.228E+03  1.806E-28  1.067E-17  1.792E-18  8.882E-18
2.208E+03  1.880E-28  1.101E-17  1.854E-18  9.158E-18
2.188E+03  1.958E-28  1.136E-17  1.918E-18  9.443E-18
2.168E+03  2.039E-28  1.172E-17  1.985E-18  9.737E-18
2.148E+03  2.123E-28  1.209E-17  2.054E-18  1.004E-17
2.128E+03  2.211E-28  1.248E-17  2.125E-18  1.035E-17
2.109E+03  2.302E-28  1.288E-17  2.199E-18  1.068E-17
2.089E+03  2.397E-28  1.329E-17  2.276E-18  1.101E-17
2.070E+03  2.497E-28  1.371E-17  2.355E-18  1.136E-17
2.051E+03  2.600E-28  1.415E-17  2.437E-18  1.171E-17
2.032E+03  2.708E-28  1.460E-17  2.522E-18  1.208E-17
2.014E+03  2.821E-28  1.507E-17  2.610E-18  1.246E-17
1.995E+03  2.938E-28  1.555E-17  2.702E-18  1.285E-17
1.977E+03  3.060E-28  1.605E-17  2.796E-18  1.325E-17
1.959E+03  3.188E-28  1.656E-17  2.894E-18  1.367E-17
1.941E+03  3.321E-28  1.710E-17  2.996E-18  1.410E-17
1.923E+03  3.459E-28  1.765E-17  3.101E-18  1.454E-17
1.905E+03  3.603E-28  1.821E-17  3.210E-18  1.500E-17
1.888E+03  3.754E-28  1.880E-17  3.322E-18  1.548E-17
1.871E+03  3.911E-28  1.941E-17  3.439E-18  1.597E-17
1.854E+03  4.074E-28  2.003E-17  3.560E-18  1.647E-17
1.837E+03  4.245E-28  2.068E-17  3.686E-18  1.699E-17
1.820E+03  4.423E-28  2.135E-17  3.816E-18  1.753E-17
1.803E+03  4.608E-28  2.204E-17  3.950E-18  1.809E-17
1.786E+03  4.802E-28  2.275E-17  4.090E-18  1.866E-17
1.770E+03  5.003E-28  2.349E-17  4.234E-18  1.926E-17
1.754E+03  5.214E-28  2.426E-17  4.384E-18  1.987E-17
1.738E+03  5.433E-28  2.504E-17  4.539E-18  2.050E-17
1.722E+03  5.661E-28  2.586E-17  4.700E-18  2.116E-17
1.706E+03  5.900E-28  2.670E-17  4.866E-18  2.183E-17
1.690E+03  6.148E-28  2.757E-17  5.039E-18  2.253E-17
1.675E+03  6.408E-28  2.847E-17  5.218E-18  2.325E-17
1.660E+03  6.678E-28  2.940E-17  5.403E-18  2.399E-17
1.644E+03  6.960E-28  3.036E-17  5.595E-18  2.476E-17
1.629E+03  7.254E-28  3.135E-17  5.794E-18  2.556E-17
1.614E+03  7.560E-28  3.238E-17  6.000E-18  2.638E-17
1.600E+03  7.880E-28  3.344E-17  6.214E-18  2.722E-17
1.585E+03  8.214E-28  3.453E-17  6.435E-18  2.810E-17
1.570E+03  8.561E-28  3.566E-17  6.665E-18  2.900E-17
1.556E+03  8.924E-28  3.683E-17  6.902E-18  2.993E-17
1.542E+03  9.302E-28  3.804E-17  7.149E-18  3.089E-17
1.528E+03  9.697E-28  3.929E-17  7.404E-18  3.189E-17
1.514E+03  1.011E-27  4.058E-17  7.669E-18  3.292E-17
1.500E+03  1.054E-27  4.192E-17  7.943E-18  3.398E-17
1.486E+03  1.099E-27  4.330E-17  8.227E-18  3.507E-17
1.472E+03  1.145E-27  4.473E-17  8.521E-18  3.621E-17
1.459E+03  1.194E-27  4.620E-17  8.826E-18  3.738E-17
1.445E+03  1.245E-27  4.773E-17  9.143E-18  3.859E-17
1.432E+03  1.298E-27  4.931E-17  9.470E-18  3.984E-17
1.419E+03  1.353E-27  5.094E-17  9.810E-18  4.113E-17
1.406E+03  1.411E-27  5.263E-17  1.016E-17  4.246E-17
1.393E+03  1.471E-27  5.437E-17  1.053E-17  4.384E-17
1.380E+03  1.534E-27  5.617E-17  1.091E-17  4.527E-17
1.368E+03  1.600E-27  5.804E-17  1.130E-17  4.674E-17
1.355E+03  1.668E-27  5.996E-17  1.170E-17  4.826E-17
1.343E+03  1.739E-27  6.195E-17  1.212E-17  4.983E-17
1.330E+03  1.814E-27  6.401E-17  1.256E-17  5.145E-17
1.318E+03  1.891E-27  6.614E-17  1.301E-17  5.313E-17
1.306E+03  1.972E-27  6.834E-17  1.348E-17  5.486E-17
1.294E+03  2.057E-27  7.062E-17  1.397E-17  5.665E-17
1.282E+03  2.145E-27  7.297E-17  1.447E-17  5.850E-17
1.271E+03  2.237E-27  7.540E-17  1.499E-17  6.041E-17
1.259E+03  2.333E-27  7.791E-17  1.553E-17  6.238E-17
1.247E+03  2.433E-27  8.051E-17  1.609E-17  6.442E-17
1.236E+03  2.538E-27  8.320E-17  1.667E-17  6.652E-17
1.225E+03  2.647E-27  8.597E-17  1.728E-17  6.870E-17
1.213E+03  2.760E-27  8.884E-17  1.790E-17  7.094E-17
1.202E+03  2.879E-27  9.181E-17  1.855E-17  7.327E-17
1.191E+03  3.003E-27  9.488E-17  1.922E-17  7.566E-17
1.180E+03  3.132E-27  9.805E-17  1.991E-17  7.814E-17
1.169E+03  3.266E-27  1.013E-16  2.063E-17  8.070E-17
1.159E+03  3.407E-27  1.047E-16  2.138E-17  8.335E-17
1.148E+03  3.554E-27  1.082E-16  2.215E-17  8.608E-17
1.138E+03  3.707E-27  1.119E-16  2.295E-17  8.890E-17
1.127E+03  3.866E-27  1.156E-16  2.378E-17  9.182E-17
1.117E+03  4.033E-27  1.195E-16  2.464E-17  9.483E-17
1.107E+03  4.207E-27  1.235E-16  2.553E-17  9.794E-17
1.096E+03  4.388E-27  1.276E-16  2.646E-17  1.012E-16
1.086E+03  4.577E-27  1.319E-16  2.742E-17  1.045E-16
1.076E+03  4.774E-27  1.363E-16  2.841E-17  1.079E-16
1.067E+03  4.980E-27  1.409E-16  2.944E-17  1.115E-16
1.057E+03  5.195E-27  1.456E-16  3.051E-17  1.151E-16
1.047E+03  5.419E-27  1.505E-16  3.161E-17  1.189E-16
1.038E+03  5.653E-27  1.556E-16  3.276E-17  1.228E-16
1.028E+03  5.897E-27  1.608E-16  3.395E-17  1.268E-16
1.019E+03  6.151E-27  1.662E-16  3.518E-17  1.310E-16
1.009E+03  6.416E-27  1.718E-16  3.645E-17  1.353E-16
1.000E+03  6.693E-27  1.775E-16  3.777E-17  1.398E-16
9.908E+02  6.983E-27  1.835E-16  3.914E-17  1.444E-16
9.817E+02  7.285E-27  1.897E-16  4.056E-17  1.491E-16
9.727E+02  7.600E-27  1.961E-16  4.203E-17  1.541E-16
9.638E+02  7.929E-27  2.027E-16  4.356E-17  1.591E-16
9.550E+02  8.272E-27  2.095E-16  4.514E-17  1.644E-16
9.462E+02  8.630E-27  2.166E-16  4.677E-17  1.698E-16
9.376E+02  9.003E-27  2.239E-16  4.847E-17  1.754E-16
9.290E+02  9.393E-27  2.315E-16  5.023E-17  1.812E-16
9.204E+02  9.799E-27  2.393E-16  5.205E-17  1.872E-16
9.120E+02  1.022E-26  2.473E-16  5.394E-17  1.934E-16
9.036E+02  1.067E-26  2.557E-16  5.589E-17  1.998E-16
8.954E+02  1.113E-26  2.643E-16  5.792E-17  2.064E-16
8.872E+02  1.161E-26  2.732E-16  6.002E-17  2.132E-16
8.790E+02  1.211E-26  2.824E-16  6.220E-17  2.202E-16
8.710E+02  1.264E-26  2.919E-16  6.445E-17  2.275E-16
8.630E+02  1.318E-26  3.017E-16  6.679E-17  2.350E-16
8.551E+02  1.375E-26  3.119E-16  6.921E-17  2.427E-16
8.472E+02  1.435E-26  3.224E-16  7.172E-17  2.507E-16
8.395E+02  1.497E-26  3.333E-16  7.431E-17  2.590E-16
8.318E+02  1.561E-26  3.445E-16  7.701E-17  2.675E-16
8.241E+02  1.629E-26  3.561E-16  7.980E-17  2.763E-16
8.166E+02  1.699E-26  3.681E-16  8.269E-17  2.854E-16
8.091E+02  1.773E-26  3.804E-16  8.568E-17  2.948E-16
8.017E+02  1.849E-26  3.932E-16  8.879E-17  3.045E-16
7.943E+02  1.929E-26  4.065E-16  9.200E-17  3.145E-16
7.870E+02  2.012E-26  4.201E-16  9.533E-17  3.248E-16
7.798E+02  2.099E-26  4.343E-16  9.879E-17  3.355E-16
7.727E+02  2.190E-26  4.489E-16  1.024E-16  3.465E-16
7.656E+02  2.285E-26  4.640E-16  1.061E-16  3.579E-16
7.586E+02  2.383E-26  4.796E-16  1.099E-16  3.697E-16
7.516E+02  2.486E-26  4.957E-16  1.139E-16  3.818E-16
7.447E+02  2.594E-26  5.124E-16  1.180E-16  3.944E-16
7.379E+02  2.706E-26  5.297E-16  1.223E-16  4.075E-16
7.311E+02  2.824E-26  5.476E-16  1.267E-16  4.209E-16
7.244E+02  2.946E-26  5.661E-16  1.313E-16  4.349E-16
7.178E+02  3.074E-26  5.853E-16  1.360E-16  4.493E-16
7.112E+02  3.208E-26  6.051E-16  1.409E-16  4.642E-16
7.047E+02  3.347E-26  6.256E-16  1.460E-16  4.796E-16
6.982E+02  3.492E-26  6.468E-16  1.513E-16  4.956E-16
6.918E+02  3.644E-26  6.688E-16  1.568E-16  5.120E-16
6.855E+02  3.803E-26  6.915E-16  1.624E-16  5.291E-16
6.792E+02  3.968E-26  7.150E-16  1.683E-16  5.467E-16
6.730E+02  4.141E-26  7.392E-16  1.744E-16  5.648E-16
6.668E+02  4.321E-26  7.643E-16  1.806E-16  5.836E-16
6.607E+02  4.509E-26  7.902E-16  1.872E-16  6.030E-16
6.546E+02  4.706E-26  8.171E-16  1.939E-16  6.232E-16
6.486E+02  4.911E-26  8.450E-16  2.009E-16  6.441E-16
6.427E+02  5.127E-26  8.740E-16  2.081E-16  6.658E-16
6.368E+02  5.351E-26  9.039E-16  2.156E-16  6.883E-16
6.310E+02  5.586E-26  9.349E-16  2.234E-16  7.115E-16
6.252E+02  5.831E-26  9.670E-16  2.315E-16  7.355E-16
6.194E+02  6.087E-26  1.000E-15  2.398E-16  7.604E-16
6.138E+02  6.355E-26  1.035E-15  2.484E-16  7.861E-16
6.081E+02  6.634E-26  1.070E-15  2.574E-16  8.128E-16
6.026E+02  6.926E-26  1.107E-15  2.666E-16  8.404E-16
5.970E+02  7.231E-26  1.145E-15  2.762E-16  8.690E-16
5.916E+02  7.550E-26  1.185E-15  2.861E-16  8.986E-16
5.861E+02  7.883E-26  1.226E-15  2.964E-16  9.293E-16
5.808E+02  8.232E-26  1.268E-15  3.071E-16  9.610E-16
5.754E+02  8.596E-26  1.312E-15  3.181E-16  9.939E-16
5.702E+02  8.976E-26  1.358E-15  3.295E-16  1.028E-15
5.649E+02  9.373E-26  1.405E-15  3.414E-16  1.063E-15
5.598E+02  9.789E-26  1.453E-15  3.536E-16  1.100E-15
5.546E+02  1.022E-25  1.504E-15  3.663E-16  1.138E-15
5.495E+02  1.068E-25  1.556E-15  3.795E-16  1.177E-15
5.445E+02  1.115E-25  1.611E-15  3.931E-16  1.218E-15
5.395E+02  1.165E-25  1.667E-15  4.072E-16  1.260E-15
5.346E+02  1.217E-25  1.725E-15  4.218E-16  1.303E-15
5.297E+02  1.271E-25  1.786E-15  4.369E-16  1.349E-15
5.248E+02  1.328E-25  1.848E-15  4.525E-16  1.396E-15
5.200E+02  1.387E-25  1.913E-15  4.688E-16  1.444E-15
5.152E+02  1.449E-25  1.980E-15  4.855E-16  1.494E-15
5.105E+02  1.514E-25  2.050E-15  5.029E-16  1.547E-15
5.058E+02  1.581E-25  2.122E-15  5.209E-16  1.601E-15
5.012E+02  1.652E-25  2.196E-15  5.396E-16  1.657E-15
4.966E+02  1.726E-25  2.274E-15  5.589E-16  1.715E-15
4.920E+02  1.804E-25  2.354E-15  5.789E-16  1.775E-15
4.875E+02  1.885E-25  2.437E-15  5.995E-16  1.838E-15
4.831E+02  1.969E-25  2.523E-15  6.210E-16  1.902E-15
4.786E+02  2.058E-25  2.613E-15  6.432E-16  1.970E-15
4.742E+02  2.151E-25  2.705E-15  6.661E-16  2.039E-15
4.699E+02  2.247E-25  2.801E-15  6.899E-16  2.111E-15
4.656E+02  2.349E-25  2.901E-15  7.145E-16  2.186E-15
4.613E+02  2.455E-25  3.004E-15  7.400E-16  2.264E-15
4.571E+02  2.566E-25  3.111E-15  7.665E-16  2.344E-15
4.529E+02  2.682E-25  3.222E-15  7.938E-16  2.428E-15
4.487E+02  2.803E-25  3.336E-15  8.221E-16  2.514E-15
4.446E+02  2.930E-25  3.455E-15  8.514E-16  2.604E-15
4.406E+02  3.062E-25  3.579E-15  8.818E-16  2.697E-15
4.365E+02  3.201E-25  3.707E-15  9.132E-16  2.794E-15
4.325E+02  3.346E-25  3.839E-15  9.457E-16  2.894E-15
4.285E+02  3.498E-25  3.977E-15  9.794E-16  2.998E-15
4.246E+02  3.658E-25  4.120E-15  1.014E-15  3.105E-15
4.207E+02  3.824E-25  4.268E-15  1.050E-15  3.217E-15
4.169E+02  3.998E-25  4.421E-15  1.088E-15  3.333E-15
4.130E+02  4.180E-25  4.580E-15  1.126E-15  3.454E-15
4.093E+02  4.371E-25  4.745E-15  1.167E-15  3.579E-15
4.055E+02  4.571E-25  4.916E-15  1.208E-15  3.708E-15
4.018E+02  4.780E-25  5.094E-15  1.251E-15  3.843E-15
3.981E+02  4.998E-25  5.278E-15  1.295E-15  3.983E-15
3.945E+02  5.227E-25  5.470E-15  1.341E-15  4.128E-15
3.908E+02  5.467E-25  5.668E-15  1.389E-15  4.279E-15
3.873E+02  5.718E-25  5.874E-15  1.438E-15  4.435E-15
3.837E+02  5.981E-25  6.088E-15  1.490E-15  4.598E-15
3.802E+02  6.256E-25  6.309E-15  1.542E-15  4.767E-15
3.767E+02  6.544E-25  6.539E-15  1.597E-15  4.942E-15
3.733E+02  6.845E-25  6.778E-15  1.654E-15  5.124E-15
3.698E+02  7.161E-25  7.025E-15  1.713E-15  5.313E-15
3.664E+02  7.492E-25  7.282E-15  1.773E-15  5.509E-15
3.631E+02  7.838E-25  7.548E-15  1.836E-15  5.712E-15
3.597E+02  8.200E-25  7.825E-15  1.901E-15  5.924E-15
3.565E+02  8.579E-25  8.112E-15  1.969E-15  6.143E-15
3.532E+02  8.977E-25  8.410E-15  2.038E-15  6.371E-15
3.499E+02  9.393E-25  8.719E-15  2.111E-15  6.608E-15
3.467E+02  9.828E-25  9.040E-15  2.185E-15  6.854E-15
3.436E+02  1.028E-24  9.373E-15  2.263E-15  7.110E-15
3.404E+02  1.076E-24  9.718E-15  2.343E-15  7.375E-15
3.373E+02  1.126E-24  1.008E-14  2.426E-15  7.651E-15
3.342E+02  1.179E-24  1.045E-14  2.512E-15  7.937E-15
3.311E+02  1.234E-24  1.084E-14  2.601E-15  8.235E-15
3.281E+02  1.291E-24  1.124E-14  2.693E-15  8.544E-15
3.251E+02  1.351E-24  1.165E-14  2.788E-15  8.865E-15
3.221E+02  1.414E-24  1.208E-14  2.887E-15  9.198E-15
3.192E+02  1.480E-24  1.253E-14  2.989E-15  9.545E-15
3.162E+02  1.550E-24  1.300E-14  3.094E-15  9.905E-15
3.133E+02  1.622E-24  1.348E-14  3.204E-15  1.028E-14
3.105E+02  1.698E-24  1.398E-14  3.317E-15  1.067E-14
3.076E+02  1.778E-24  1.451E-14  3.434E-15  1.107E-14
3.048E+02  1.861E-24  1.505E-14  3.556E-15  1.149E-14
3.020E+02  1.948E-24  1.561E-14  3.681E-15  1.193E-14
2.992E+02  2.040E-24  1.619E-14  3.811E-15  1.238E-14
2.965E+02  2.136E-24  1.680E-14  3.946E-15  1.285E-14
2.938E+02  2.236E-24  1.743E-14  4.085E-15  1.334E-14
2.911E+02  2.341E-24  1.808E-14  4.230E-15  1.385E-14
2.884E+02  2.452E-24  1.876E-14  4.379E-15  1.438E-14
2.858E+02  2.567E-24  1.946E-14  4.533E-15  1.493E-14
2.831E+02  2.688E-24  2.019E-14  4.693E-15  1.550E-14
2.805E+02  2.815E-24  2.095E-14  4.859E-15  1.609E-14
2.780E+02  2.948E-24  2.174E-14  5.030E-15  1.671E-14
2.754E+02  3.087E-24  2.256E-14  5.208E-15  1.735E-14
2.729E+02  3.234E-24  2.341E-14  5.391E-15  1.802E-14
2.704E+02  3.387E-24  2.430E-14  5.582E-15  1.871E-14
2.679E+02  3.548E-24  2.522E-14  5.778E-15  1.944E-14
2.655E+02  3.717E-24  2.618E-14  5.982E-15  2.019E-14
2.630E+02  3.894E-24  2.717E-14  6.193E-15  2.098E-14
2.606E+02  4.080E-24  2.820E-14  6.411E-15  2.179E-14
2.582E+02  4.274E-24  2.928E-14  6.637E-15  2.264E-14
2.559E+02  4.478E-24  3.039E-14  6.871E-15  2.352E-14
2.535E+02  4.690E-24  3.154E-14  7.113E-15  2.443E-14
2.512E+02  4.912E-24  3.273E-14  7.363E-15  2.536E-14
2.489E+02  5.141E-24  3.394E-14  7.623E-15  2.632E-14
2.466E+02  5.377E-24  3.517E-14  7.891E-15  2.728E-14
2.443E+02  5.623E-24  3.645E-14  8.169E-15  2.828E-14
2.421E+02  5.880E-24  3.776E-14  8.457E-15  2.930E-14
2.399E+02  6.147E-24  3.911E-14  8.755E-15  3.036E-14
2.377E+02  6.422E-24  4.049E-14  9.063E-15  3.142E-14
2.355E+02  6.709E-24  4.191E-14  9.382E-15  3.253E-14
2.333E+02  7.009E-24  4.339E-14  9.712E-15  3.367E-14
2.312E+02  7.323E-24  4.491E-14  1.005E-14  3.486E-14
2.291E+02  7.650E-24  4.649E-14  1.041E-14  3.608E-14
2.270E+02  7.992E-24  4.812E-14  1.077E-14  3.734E-14
2.249E+02  8.349E-24  4.981E-14  1.115E-14  3.865E-14
2.228E+02  8.722E-24  5.156E-14  1.155E-14  4.001E-14
2.208E+02  9.112E-24  5.337E-14  1.195E-14  4.141E-14
2.188E+02  9.519E-24  5.524E-14  1.237E-14  4.287E-14
2.168E+02  9.944E-24  5.718E-14  1.281E-14  4.437E-14
2.148E+02  1.039E-23  5.918E-14  1.326E-14  4.592E-14
2.128E+02  1.085E-23  6.125E-14  1.373E-14  4.753E-14
2.109E+02  1.133E-23  6.339E-14  1.421E-14  4.919E-14
2.089E+02  1.184E-23  6.561E-14  1.471E-14  5.090E-14
2.070E+02  1.237E-23  6.790E-14  1.523E-14  5.268E-14
2.051E+02  1.292E-23  7.027E-14  1.576E-14  5.451E-14
2.032E+02  1.349E-23  7.273E-14  1.632E-14  5.641E-14
2.014E+02  1.409E-23  7.526E-14  1.689E-14  5.837E-14
1.995E+02  1.472E-23  7.789E-14  1.748E-14  6.040E-14
1.977E+02  1.537E-23  8.060E-14  1.810E-14  6.250E-14
1.959E+02  1.605E-23  8.340E-14  1.874E-14  6.466E-14
1.941E+02  1.676E-23  8.630E-14  1.940E-14  6.690E-14
1.923E+02  1.750E-23  8.929E-14  2.008E-14  6.922E-14
1.905E+02  1.828E-23  9.239E-14  2.078E-14  7.161E-14
1.888E+02  1.909E-23  9.560E-14  2.152E-14  7.408E-14
1.871E+02  1.993E-23  9.891E-14  2.227E-14  7.664E-14
1.854E+02  2.081E-23  1.023E-13  2.306E-14  7.928E-14
1.837E+02  2.173E-23  1.059E-13  2.387E-14  8.201E-14
1.820E+02  2.269E-23  1.095E-13  2.471E-14  8.483E-14
1.803E+02  2.369E-23  1.133E-13  2.558E-14  8.774E-14
1.786E+02  2.474E-23  1.172E-13  2.648E-14  9.076E-14
1.770E+02  2.583E-23  1.213E-13  2.741E-14  9.387E-14
1.754E+02  2.697E-23  1.255E-13  2.838E-14  9.709E-14
1.738E+02  2.816E-23  1.298E-13  2.938E-14  1.004E-13
1.722E+02  2.939E-23  1.343E-13  3.041E-14  1.038E-13
1.706E+02  3.069E-23  1.389E-13  3.149E-14  1.074E-13
1.690E+02  3.204E-23  1.437E-13  3.260E-14  1.111E-13
1.675E+02  3.344E-23  1.486E-13  3.375E-14  1.148E-13
1.660E+02  3.491E-23  1.537E-13  3.494E-14  1.187E-13
1.644E+02  3.644E-23  1.590E-13  3.617E-14  1.228E-13
1.629E+02  3.804E-23  1.644E-13  3.745E-14  1.270E-13
1.614E+02  3.971E-23  1.700E-13  3.877E-14  1.313E-13
1.600E+02  4.145E-23  1.759E-13  4.014E-14  1.357E-13
1.585E+02  4.327E-23  1.819E-13  4.156E-14  1.403E-13
1.570E+02  4.516E-23  1.881E-13  4.303E-14  1.451E-13
1.556E+02  4.713E-23  1.945E-13  4.456E-14  1.500E-13
1.542E+02  4.919E-23  2.012E-13  4.614E-14  1.550E-13
1.528E+02  5.134E-23  2.080E-13  4.777E-14  1.603E-13
1.514E+02  5.359E-23  2.151E-13  4.946E-14  1.657E-13
1.500E+02  5.593E-23  2.225E-13  5.122E-14  1.713E-13
1.486E+02  5.837E-23  2.301E-13  5.303E-14  1.770E-13
1.472E+02  6.091E-23  2.379E-13  5.491E-14  1.830E-13
1.459E+02  6.357E-23  2.460E-13  5.686E-14  1.891E-13
1.445E+02  6.634E-23  2.544E-13  5.889E-14  1.955E-13
1.432E+02  6.923E-23  2.630E-13  6.098E-14  2.020E-13
1.419E+02  7.225E-23  2.719E-13  6.315E-14  2.088E-13
1.406E+02  7.539E-23  2.812E-13  6.540E-14  2.158E-13
1.393E+02  7.867E-23  2.907E-13  6.773E-14  2.230E-13
1.380E+02  8.209E-23  3.006E-13  7.014E-14  2.304E-13
1.368E+02  8.566E-23  3.108E-13  7.264E-14  2.381E-13
1.355E+02  8.937E-23  3.213E-13  7.523E-14  2.460E-13
1.343E+02  9.325E-23  3.321E-13  7.792E-14  2.542E-13
1.330E+02  9.729E-23  3.434E-13  8.071E-14  2.627E-13
1.318E+02  1.015E-22  3.550E-13  8.360E-14  2.714E-13
1.306E+02  1.059E-22  3.669E-13  8.659E-14  2.803E-13
1.294E+02  1.105E-22  3.793E-13  8.970E-14  2.896E-13
1.282E+02  1.153E-22  3.921E-13  9.292E-14  2.991E-13
1.271E+02  1.202E-22  4.052E-13  9.626E-14  3.090E-13
1.259E+02  1.254E-22  4.189E-13  9.972E-14  3.191E-13
1.247E+02  1.308E-22  4.329E-13  1.033E-13  3.296E-13
1.236E+02  1.365E-22  4.475E-13  1.070E-13  3.404E-13
1.225E+02  1.424E-22  4.625E-13  1.109E-13  3.516E-13
1.213E+02  1.485E-22  4.780E-13  1.149E-13  3.631E-13
1.202E+02  1.549E-22  4.940E-13  1.190E-13  3.749E-13
1.191E+02  1.616E-22  5.105E-13  1.233E-13  3.872E-13
1.180E+02  1.685E-22  5.276E-13  1.278E-13  3.998E-13
1.169E+02  1.757E-22  5.452E-13  1.324E-13  4.127E-13
1.159E+02  1.833E-22  5.633E-13  1.372E-13  4.261E-13
1.148E+02  1.911E-22  5.821E-13  1.422E-13  4.398E-13
1.138E+02  1.993E-22  6.014E-13  1.474E-13  4.540E-13
1.127E+02  2.078E-22  6.214E-13  1.528E-13  4.687E-13
1.117E+02  2.167E-22  6.421E-13  1.583E-13  4.838E-13
1.107E+02  2.260E-22  6.635E-13  1.641E-13  4.994E-13
1.096E+02  2.357E-22  6.855E-13  1.701E-13  5.155E-13
1.086E+02  2.458E-22  7.083E-13  1.763E-13  5.320E-13
1.076E+02  2.563E-22  7.318E-13  1.827E-13  5.491E-13
1.067E+02  2.673E-22  7.561E-13  1.894E-13  5.667E-13
1.057E+02  2.787E-22  7.812E-13  1.963E-13  5.848E-13
1.047E+02  2.906E-22  8.071E-13  2.035E-13  6.035E-13
1.038E+02  3.030E-22  8.338E-13  2.110E-13  6.228E-13
1.028E+02  3.159E-22  8.614E-13  2.188E-13  6.426E-13
1.019E+02  3.293E-22  8.898E-13  2.268E-13  6.630E-13
1.009E+02  3.433E-22  9.191E-13  2.351E-13  6.840E-13
1.000E+02  3.579E-22  9.493E-13  2.438E-13  7.056E-13
9.908E+01  3.731E-22  9.806E-13  2.528E-13  7.278E-13
9.817E+01  3.889E-22  1.013E-12  2.621E-13  7.507E-13
9.727E+01  4.054E-22  1.046E-12  2.717E-13  7.743E-13
9.638E+01  4.226E-22  1.080E-12  2.817E-13  7.986E-13
9.550E+01  4.404E-22  1.116E-12  2.921E-13  8.236E-13
9.462E+01  4.591E-22  1.152E-12  3.029E-13  8.493E-13
9.376E+01  4.785E-22  1.190E-12  3.141E-13  8.758E-13
9.290E+01  4.986E-22  1.229E-12  3.257E-13  9.031E-13
9.204E+01  5.197E-22  1.269E-12  3.377E-13  9.311E-13
9.120E+01  5.415E-22  1.310E-12  3.502E-13  9.599E-13
9.036E+01  5.643E-22  1.353E-12  3.631E-13  9.896E-13
8.954E+01  5.880E-22  1.397E-12  3.766E-13  1.020E-12
8.872E+01  6.127E-22  1.442E-12  3.905E-13  1.051E-12
8.790E+01  6.385E-22  1.489E-12  4.050E-13  1.084E-12
8.710E+01  6.653E-22  1.537E-12  4.200E-13  1.117E-12
8.630E+01  6.932E-22  1.587E-12  4.356E-13  1.151E-12
8.551E+01  7.222E-22  1.638E-12  4.517E-13  1.186E-12
8.472E+01  7.524E-22  1.691E-12  4.685E-13  1.222E-12
8.395E+01  7.838E-22  1.745E-12  4.860E-13  1.259E-12
8.318E+01  8.165E-22  1.801E-12  5.041E-13  1.297E-12
8.241E+01  8.505E-22  1.859E-12  5.229E-13  1.336E-12
8.166E+01  8.860E-22  1.919E-12  5.424E-13  1.377E-12
8.091E+01  9.229E-22  1.981E-12  5.627E-13  1.418E-12
8.017E+01  9.613E-22  2.044E-12  5.838E-13  1.461E-12
7.943E+01  1.001E-21  2.110E-12  6.057E-13  1.504E-12
7.870E+01  1.043E-21  2.177E-12  6.284E-13  1.549E-12
7.798E+01  1.086E-21  2.247E-12  6.520E-13  1.595E-12
7.727E+01  1.131E-21  2.318E-12  6.765E-13  1.642E-12
7.656E+01  1.178E-21  2.392E-12  7.020E-13  1.690E-12
7.586E+01  1.227E-21  2.469E-12  7.284E-13  1.740E-12
7.516E+01  1.278E-21  2.547E-12  7.559E-13  1.791E-12
7.447E+01  1.330E-21  2.628E-12  7.844E-13  1.844E-12
7.379E+01  1.385E-21  2.712E-12  8.141E-13  1.897E-12
7.311E+01  1.442E-21  2.797E-12  8.449E-13  1.952E-12
7.244E+01  1.502E-21  2.886E-12  8.769E-13  2.009E-12
7.178E+01  1.563E-21  2.977E-12  9.102E-13  2.066E-12
7.112E+01  1.627E-21  3.070E-12  9.448E-13  2.125E-12
7.047E+01  1.694E-21  3.167E-12  9.807E-13  2.186E-12
6.982E+01  1.764E-21  3.268E-12  1.018E-12  2.249E-12
6.918E+01  1.837E-21  3.371E-12  1.057E-12  2.314E-12
6.855E+01  1.912E-21  3.476E-12  1.097E-12  2.379E-12
6.792E+01  1.990E-21  3.585E-12  1.139E-12  2.446E-12
6.730E+01  2.071E-21  3.697E-12  1.183E-12  2.514E-12
6.668E+01  2.156E-21  3.813E-12  1.228E-12  2.585E-12
6.607E+01  2.244E-21  3.932E-12  1.276E-12  2.657E-12
6.546E+01  2.335E-21  4.055E-12  1.325E-12  2.731E-12
6.486E+01  2.430E-21  4.182E-12  1.376E-12  2.806E-12
6.427E+01  2.529E-21  4.312E-12  1.429E-12  2.883E-12
6.368E+01  2.632E-21  4.446E-12  1.484E-12  2.961E-12
6.310E+01  2.739E-21  4.584E-12  1.542E-12  3.042E-12
6.252E+01  2.850E-21  4.727E-12  1.602E-12  3.125E-12
6.194E+01  2.966E-21  4.874E-12  1.664E-12  3.210E-12
6.138E+01  3.087E-21  5.025E-12  1.729E-12  3.296E-12
6.081E+01  3.212E-21  5.181E-12  1.796E-12  3.385E-12
6.026E+01  3.342E-21  5.342E-12  1.867E-12  3.475E-12
5.970E+01  3.477E-21  5.507E-12  1.940E-12  3.567E-12
5.916E+01  3.618E-21  5.677E-12  2.016E-12  3.661E-12
5.861E+01  3.764E-21  5.852E-12  2.095E-12  3.756E-12
5.808E+01  3.915E-21  6.032E-12  2.178E-12  3.854E-12
5.754E+01  4.073E-21  6.217E-12  2.264E-12  3.953E-12
5.702E+01  4.237E-21  6.407E-12  2.353E-12  4.054E-12
5.649E+01  4.407E-21  6.604E-12  2.446E-12  4.157E-12
5.598E+01  4.584E-21  6.806E-12  2.544E-12  4.263E-12
5.546E+01  4.768E-21  7.015E-12  2.645E-12  4.370E-12
5.495E+01  4.960E-21  7.230E-12  2.750E-12  4.480E-12
5.445E+01  5.159E-21  7.452E-12  2.860E-12  4.592E-12
5.395E+01  5.367E-21  7.680E-12  2.974E-12  4.706E-12
5.346E+01  5.582E-21  7.915E-12  3.093E-12  4.822E-12
5.297E+01  5.806E-21  8.157E-12  3.217E-12  4.940E-12
5.248E+01  6.039E-21  8.406E-12  3.346E-12  5.060E-12
5.200E+01  6.280E-21  8.663E-12  3.481E-12  5.182E-12
5.152E+01  6.532E-21  8.927E-12  3.621E-12  5.306E-12
5.105E+01  6.792E-21  9.198E-12  3.767E-12  5.431E-12
5.058E+01  7.063E-21  9.477E-12  3.919E-12  5.559E-12
5.012E+01  7.345E-21  9.765E-12  4.077E-12  5.688E-12
4.966E+01  7.638E-21  1.006E-11  4.242E-12  5.819E-12
4.920E+01  7.942E-21  1.037E-11  4.413E-12  5.952E-12
4.875E+01  8.258E-21  1.068E-11  4.592E-12  6.087E-12
4.831E+01  8.586E-21  1.100E-11  4.778E-12  6.223E-12
4.786E+01  8.927E-21  1.133E-11  4.972E-12  6.362E-12
4.742E+01  9.281E-21  1.168E-11  5.173E-12  6.502E-12
4.699E+01  9.649E-21  1.203E-11  5.382E-12  6.644E-12
4.656E+01  1.003E-20  1.239E-11  5.600E-12  6.788E-12
4.613E+01  1.043E-20  1.276E-11  5.826E-12  6.934E-12
4.571E+01  1.084E-20  1.314E-11  6.061E-12  7.082E-12
4.529E+01  1.127E-20  1.354E-11  6.304E-12  7.231E-12
4.487E+01  1.171E-20  1.394E-11  6.557E-12  7.382E-12
4.446E+01  1.217E-20  1.436E-11  6.819E-12  7.536E-12
4.406E+01  1.265E-20  1.478E-11  7.091E-12  7.691E-12
4.365E+01  1.314E-20  1.522E-11  7.372E-12  7.847E-12
4.325E+01  1.366E-20  1.567E-11  7.663E-12  8.005E-12
4.285E+01  1.419E-20  1.613E-11  7.964E-12  8.163E-12
4.246E+01  1.474E-20  1.660E-11  8.275E-12  8.324E-12
4.207E+01  1.530E-20  1.708E-11  8.595E-12  8.485E-12
4.169E+01  1.589E-20  1.757E-11  8.925E-12  8.647E-12
4.130E+01  1.650E-20  1.807E-11  9.264E-12  8.810E-12
4.093E+01  1.712E-20  1.858E-11  9.612E-12  8.972E-12
4.055E+01  1.776E-20  1.911E-11  9.969E-12  9.136E-12
4.018E+01  1.842E-20  1.963E-11  1.033E-11  9.299E-12
3.981E+01  1.910E-20  2.017E-11  1.071E-11  9.464E-12
3.945E+01  1.980E-20  2.072E-11  1.109E-11  9.628E-12
3.908E+01  2.051E-20  2.127E-11  1.148E-11  9.792E-12
3.873E+01  2.125E-20  2.183E-11  1.187E-11  9.957E-12
3.837E+01  2.199E-20  2.239E-11  1.226E-11  1.012E-11
3.802E+01  2.276E-20  2.295E-11  1.266E-11  1.029E-11
3.767E+01  2.353E-20  2.352E-11  1.307E-11  1.045E-11
3.733E+01  2.432E-20  2.408E-11  1.347E-11  1.061E-11
3.698E+01  2.511E-20  2.463E-11  1.387E-11  1.076E-11
3.664E+01  2.591E-20  2.518E-11  1.427E-11  1.092E-11
3.631E+01  2.672E-20  2.573E-11  1.466E-11  1.107E-11
3.597E+01  2.753E-20  2.627E-11  1.505E-11  1.123E-11
3.565E+01  2.835E-20  2.681E-11  1.542E-11  1.138E-11
3.532E+01  2.917E-20  2.733E-11  1.579E-11  1.154E-11
3.499E+01  2.998E-20  2.783E-11  1.614E-11  1.169E-11
3.467E+01  3.080E-20  2.832E-11  1.648E-11  1.184E-11
3.436E+01  3.160E-20  2.880E-11  1.680E-11  1.200E-11
3.404E+01  3.239E-20  2.925E-11  1.710E-11  1.215E-11
3.373E+01  3.317E-20  2.967E-11  1.737E-11  1.230E-11
3.342E+01  3.393E-20  3.008E-11  1.763E-11  1.245E-11
3.311E+01  3.468E-20  3.046E-11  1.785E-11  1.261E-11
3.281E+01  3.541E-20  3.082E-11  1.805E-11  1.276E-11
3.251E+01  3.611E-20  3.114E-11  1.822E-11  1.292E-11
3.221E+01  3.679E-20  3.143E-11  1.836E-11  1.307E-11
3.192E+01  3.744E-20  3.170E-11  1.847E-11  1.323E-11
3.162E+01  3.806E-20  3.192E-11  1.855E-11  1.338E-11
3.133E+01  3.865E-20  3.212E-11  1.859E-11  1.353E-11
3.105E+01  3.920E-20  3.228E-11  1.861E-11  1.368E-11
3.076E+01  3.973E-20  3.241E-11  1.859E-11  1.382E-11
3.048E+01  4.022E-20  3.251E-11  1.854E-11  1.397E-11
3.020E+01  4.067E-20  3.258E-11  1.847E-11  1.411E-11
2.992E+01  4.109E-20  3.262E-11  1.836E-11  1.425E-11
2.965E+01  4.148E-20  3.262E-11  1.823E-11  1.439E-11
2.938E+01  4.183E-20  3.260E-11  1.808E-11  1.452E-11
2.911E+01  4.215E-20  3.255E-11  1.790E-11  1.465E-11
2.884E+01  4.244E-20  3.247E-11  1.770E-11  1.477E-11
2.858E+01  4.271E-20  3.237E-11  1.748E-11  1.489E-11
2.831E+01  4.295E-20  3.226E-11  1.725E-11  1.501E-11
2.805E+01  4.316E-20  3.212E-11  1.700E-11  1.512E-11
2.780E+01  4.336E-20  3.197E-11  1.673E-11  1.523E-11
2.754E+01  4.353E-20  3.180E-11  1.646E-11  1.534E-11
2.729E+01  4.369E-20  3.162E-11  1.618E-11  1.545E-11
2.704E+01  4.383E-20  3.144E-11  1.589E-11  1.555E-11
2.679E+01  4.395E-20  3.124E-11  1.559E-11  1.564E-11
2.655E+01  4.407E-20  3.103E-11  1.530E-11  1.574E-11
2.630E+01  4.417E-20  3.082E-11  1.500E-11  1.582E-11
2.606E+01  4.427E-20  3.060E-11  1.469E-11  1.591E-11
2.582E+01  4.435E-20  3.038E-11  1.439E-11  1.598E-11
2.559E+01  4.443E-20  3.015E-11  1.410E-11  1.606E-11
2.535E+01  4.450E-20  2.993E-11  1.380E-11  1.613E-11
2.512E+01  4.457E-20  2.970E-11  1.351E-11  1.619E-11
2.489E+01  4.463E-20  2.947E-11  1.322E-11  1.625E-11
2.466E+01  4.469E-20  2.923E-11  1.294E-11  1.629E-11
2.443E+01  4.474E-20  2.900E-11  1.266E-11  1.634E-11
2.421E+01  4.477E-20  2.875E-11  1.239E-11  1.636E-11
2.399E+01  4.479E-20  2.850E-11  1.212E-11  1.638E-11
2.377E+01  4.482E-20  2.826E-11  1.186E-11  1.639E-11
2.355E+01  4.487E-20  2.803E-11  1.161E-11  1.642E-11
2.333E+01  4.491E-20  2.780E-11  1.137E-11  1.643E-11
2.312E+01  4.490E-20  2.754E-11  1.113E-11  1.641E-11
2.291E+01  4.491E-20  2.729E-11  1.090E-11  1.639E-11
2.270E+01  4.497E-20  2.707E-11  1.068E-11  1.639E-11
2.249E+01  4.505E-20  2.688E-11  1.047E-11  1.641E-11
2.228E+01  4.516E-20  2.669E-11  1.027E-11  1.643E-11
2.208E+01  4.525E-20  2.650E-11  1.007E-11  1.643E-11
2.188E+01  4.528E-20  2.628E-11  9.882E-12  1.640E-11
2.168E+01  4.529E-20  2.604E-11  9.702E-12  1.634E-11
2.148E+01  4.529E-20  2.581E-11  9.530E-12  1.628E-11
2.128E+01  4.533E-20  2.559E-11  9.366E-12  1.622E-11
2.109E+01  4.540E-20  2.539E-11  9.210E-12  1.618E-11
2.089E+01  4.545E-20  2.519E-11  9.062E-12  1.613E-11
2.070E+01  4.547E-20  2.497E-11  8.921E-12  1.605E-11
2.051E+01  4.547E-20  2.474E-11  8.787E-12  1.595E-11
2.032E+01  4.550E-20  2.453E-11  8.660E-12  1.587E-11
2.014E+01  4.564E-20  2.438E-11  8.542E-12  1.584E-11
1.995E+01  4.575E-20  2.422E-11  8.431E-12  1.578E-11
1.977E+01  4.584E-20  2.404E-11  8.327E-12  1.571E-11
1.959E+01  4.587E-20  2.383E-11  8.233E-12  1.560E-11
1.941E+01  4.584E-20  2.360E-11  8.151E-12  1.545E-11
1.923E+01  4.578E-20  2.335E-11  8.094E-12  1.526E-11
1.905E+01  4.576E-20  2.313E-11  8.105E-12  1.502E-11
1.888E+01  4.563E-20  2.285E-11  8.105E-12  1.475E-11
1.871E+01  4.503E-20  2.235E-11  7.916E-12  1.443E-11
1.854E+01  4.451E-20  2.188E-11  7.810E-12  1.407E-11
1.837E+01  4.400E-20  2.143E-11  7.757E-12  1.368E-11
1.820E+01  4.348E-20  2.099E-11  7.740E-12  1.325E-11
1.803E+01  4.303E-20  2.058E-11  7.785E-12  1.279E-11
1.786E+01  4.269E-20  2.023E-11  7.913E-12  1.232E-11
1.770E+01  4.199E-20  1.972E-11  7.896E-12  1.182E-11
1.754E+01  4.157E-20  1.934E-11  8.044E-12  1.130E-11
1.738E+01  4.172E-20  1.923E-11  8.466E-12  1.077E-11
1.722E+01  4.075E-20  1.861E-11  8.382E-12  1.023E-11
1.706E+01  3.996E-20  1.808E-11  8.379E-12  9.703E-12
1.690E+01  3.890E-20  1.744E-11  8.257E-12  9.184E-12
1.675E+01  3.767E-20  1.673E-11  8.063E-12  8.672E-12
1.660E+01  3.693E-20  1.626E-11  8.093E-12  8.163E-12
1.644E+01  3.745E-20  1.633E-11  8.666E-12  7.667E-12
1.629E+01  3.423E-20  1.480E-11  7.608E-12  7.187E-12
1.614E+01  3.242E-20  1.388E-11  7.150E-12  6.731E-12
1.600E+01  3.126E-20  1.326E-11  6.965E-12  6.297E-12
1.585E+01  3.025E-20  1.272E-11  6.835E-12  5.884E-12
1.570E+01  2.924E-20  1.218E-11  6.689E-12  5.493E-12
1.556E+01  2.836E-20  1.171E-11  6.582E-12  5.124E-12
1.542E+01  2.757E-20  1.127E-11  6.496E-12  4.778E-12
1.528E+01  2.684E-20  1.088E-11  6.422E-12  4.454E-12
1.514E+01  2.617E-20  1.051E-11  6.357E-12  4.151E-12
1.500E+01  2.557E-20  1.017E-11  6.301E-12  3.873E-12
1.486E+01  2.502E-20  9.863E-12  6.253E-12  3.610E-12
1.472E+01  2.454E-20  9.583E-12  6.220E-12  3.363E-12
1.459E+01  2.415E-20  9.345E-12  6.211E-12  3.134E-12
1.445E+01  2.395E-20  9.184E-12  6.252E-12  2.932E-12
1.432E+01  2.411E-20  9.159E-12  6.404E-12  2.756E-12
1.419E+01  2.442E-20  9.191E-12  6.583E-12  2.608E-12
1.406E+01  2.389E-20  8.910E-12  6.423E-12  2.487E-12
1.393E+01  2.360E-20  8.723E-12  6.327E-12  2.396E-12
1.380E+01  2.389E-20  8.746E-12  6.420E-12  2.327E-12
1.368E+01  2.473E-20  8.971E-12  6.691E-12  2.280E-12
1.355E+01  2.585E-20  9.294E-12  7.049E-12  2.244E-12
1.343E+01  2.619E-20  9.329E-12  7.113E-12  2.216E-12
1.330E+01  2.561E-20  9.040E-12  6.851E-12  2.189E-12
1.318E+01  2.534E-20  8.860E-12  6.698E-12  2.162E-12
1.306E+01  2.585E-20  8.955E-12  6.822E-12  2.132E-12
1.294E+01  2.736E-20  9.393E-12  7.289E-12  2.104E-12
1.282E+01  3.019E-20  1.027E-11  8.187E-12  2.081E-12
1.271E+01  3.380E-20  1.139E-11  9.334E-12  2.059E-12
1.259E+01  3.506E-20  1.171E-11  9.672E-12  2.035E-12
1.247E+01  3.258E-20  1.078E-11  8.771E-12  2.008E-12
1.236E+01  2.996E-20  9.821E-12  7.843E-12  1.978E-12
1.225E+01  2.901E-20  9.425E-12  7.483E-12  1.942E-12
1.213E+01  2.964E-20  9.540E-12  7.630E-12  1.910E-12
1.202E+01  3.059E-20  9.757E-12  7.875E-12  1.882E-12
1.191E+01  3.000E-20  9.480E-12  7.629E-12  1.851E-12
1.180E+01  2.854E-20  8.935E-12  7.117E-12  1.818E-12
1.169E+01  2.815E-20  8.733E-12  6.952E-12  1.782E-12
1.159E+01  3.005E-20  9.236E-12  7.499E-12  1.736E-12
1.148E+01  3.643E-20  1.110E-11  9.406E-12  1.689E-12
1.138E+01  4.505E-20  1.359E-11  1.195E-11  1.645E-12
1.127E+01  5.522E-20  1.651E-11  1.491E-11  1.603E-12
1.117E+01  4.286E-20  1.270E-11  1.114E-11  1.562E-12
1.107E+01  2.848E-20  8.360E-12  6.839E-12  1.521E-12
1.096E+01  2.360E-20  6.864E-12  5.388E-12  1.476E-12
1.086E+01  2.128E-20  6.132E-12  4.699E-12  1.433E-12
1.076E+01  2.000E-20  5.711E-12  4.317E-12  1.394E-12
1.067E+01  1.920E-20  5.433E-12  4.075E-12  1.359E-12
1.057E+01  1.850E-20  5.187E-12  3.862E-12  1.326E-12
1.047E+01  1.799E-20  4.997E-12  3.709E-12  1.289E-12
1.038E+01  1.758E-20  4.838E-12  3.596E-12  1.243E-12
1.028E+01  1.721E-20  4.694E-12  3.507E-12  1.187E-12
1.019E+01  1.688E-20  4.561E-12  3.436E-12  1.125E-12
1.009E+01  1.659E-20  4.441E-12  3.380E-12  1.061E-12
1.000E+01  1.634E-20  4.335E-12  3.335E-12  9.999E-13
9.908E+00  1.615E-20  4.245E-12  3.302E-12  9.431E-13
9.817E+00  1.601E-20  4.170E-12  3.280E-12  8.895E-13
9.727E+00  1.592E-20  4.108E-12  3.270E-12  8.384E-13
9.638E+00  1.589E-20  4.061E-12  3.273E-12  7.887E-13
9.550E+00  1.589E-20  4.026E-12  3.290E-12  7.360E-13
9.462E+00  1.596E-20  4.006E-12  3.326E-12  6.793E-13
9.376E+00  1.609E-20  4.003E-12  3.384E-12  6.184E-13
9.290E+00  1.633E-20  4.025E-12  3.471E-12  5.541E-13
9.204E+00  1.674E-20  4.086E-12  3.598E-12  4.882E-13
9.120E+00  1.739E-20  4.206E-12  3.783E-12  4.235E-13
9.036E+00  1.843E-20  4.418E-12  4.056E-12  3.624E-13
8.954E+00  2.012E-20  4.779E-12  4.471E-12  3.073E-13
8.872E+00  2.291E-20  5.390E-12  5.131E-12  2.594E-13
8.790E+00  2.756E-20  6.426E-12  6.207E-12  2.188E-13
8.710E+00  3.469E-20  8.013E-12  7.829E-12  1.848E-13
8.630E+00  4.123E-20  9.437E-12  9.280E-12  1.568E-13
8.551E+00  4.014E-20  9.105E-12  8.972E-12  1.334E-13
8.472E+00  3.536E-20  7.946E-12  7.833E-12  1.133E-13
8.395E+00  3.298E-20  7.343E-12  7.248E-12  9.529E-14
8.318E+00  3.292E-20  7.262E-12  7.183E-12  7.885E-14
8.241E+00  3.434E-20  7.507E-12  7.443E-12  6.392E-14
8.166E+00  3.775E-20  8.178E-12  8.127E-12  5.065E-14
8.091E+00  4.408E-20  9.460E-12  9.420E-12  3.981E-14
8.017E+00  5.397E-20  1.148E-11  1.145E-11  3.103E-14
7.943E+00  6.664E-20  1.404E-11  1.402E-11  2.410E-14
7.870E+00  7.723E-20  1.612E-11  1.610E-11  1.866E-14
7.798E+00  8.017E-20  1.658E-11  1.657E-11  1.444E-14
7.727E+00  7.943E-20  1.628E-11  1.627E-11  1.122E-14
7.656E+00  8.057E-20  1.636E-11  1.635E-11  8.786E-15
7.586E+00  7.718E-20  1.553E-11  1.552E-11  6.949E-15
7.516E+00  6.403E-20  1.277E-11  1.276E-11  5.591E-15
7.447E+00  4.984E-20  9.846E-12  9.841E-12  4.591E-15
7.379E+00  3.951E-20  7.734E-12  7.730E-12  3.828E-15
7.311E+00  3.235E-20  6.275E-12  6.271E-12  3.254E-15
7.244E+00  2.712E-20  5.212E-12  5.209E-12  2.795E-15
7.178E+00  2.312E-20  4.403E-12  4.400E-12  2.417E-15
7.112E+00  2.004E-20  3.781E-12  3.779E-12  2.111E-15
7.047E+00  1.771E-20  3.311E-12  3.309E-12  1.854E-15
6.982E+00  1.604E-20  2.971E-12  2.970E-12  1.628E-15
6.918E+00  1.497E-20  2.747E-12  2.745E-12  1.433E-15
6.855E+00  1.440E-20  2.619E-12  2.617E-12  1.260E-15
6.792E+00  1.418E-20  2.554E-12  2.553E-12  1.108E-15
6.730E+00  1.396E-20  2.492E-12  2.491E-12  9.729E-16
6.668E+00  1.339E-20  2.368E-12  2.367E-12  8.533E-16
6.607E+00  1.249E-20  2.190E-12  2.189E-12  7.470E-16
6.546E+00  1.173E-20  2.036E-12  2.035E-12  6.530E-16
6.486E+00  1.158E-20  1.993E-12  1.993E-12  5.698E-16
6.427E+00  1.259E-20  2.147E-12  2.146E-12  4.964E-16
6.368E+00  1.568E-20  2.648E-12  2.647E-12  4.316E-16
6.310E+00  2.273E-20  3.804E-12  3.803E-12  3.746E-16
6.252E+00  3.389E-20  5.619E-12  5.619E-12  3.245E-16
6.194E+00  3.323E-20  5.460E-12  5.460E-12  2.806E-16
6.138E+00  2.028E-20  3.302E-12  3.302E-12  2.419E-16
6.081E+00  1.193E-20  1.924E-12  1.924E-12  2.083E-16
6.026E+00  7.867E-21  1.257E-12  1.257E-12  1.792E-16
5.970E+00  5.797E-21  9.180E-13  9.178E-13  1.539E-16
5.916E+00  4.682E-21  7.346E-13  7.345E-13  1.321E-16
5.861E+00  4.119E-21  6.405E-13  6.404E-13  1.132E-16
5.808E+00  3.991E-21  6.148E-13  6.147E-13  9.692E-17
5.754E+00  4.252E-21  6.490E-13  6.490E-13  8.289E-17
5.702E+00  4.368E-21  6.606E-13  6.606E-13  7.081E-17
5.649E+00  3.593E-21  5.385E-13  5.384E-13  6.044E-17
5.598E+00  2.706E-21  4.018E-13  4.018E-13  5.153E-17
5.546E+00  2.153E-21  3.168E-13  3.168E-13  4.388E-17
5.495E+00  1.836E-21  2.677E-13  2.676E-13  3.734E-17
5.445E+00  1.661E-21  2.399E-13  2.399E-13  3.174E-17
5.395E+00  1.600E-21  2.289E-13  2.289E-13  2.695E-17
5.346E+00  1.664E-21  2.360E-13  2.360E-13  2.286E-17
5.297E+00  1.806E-21  2.538E-13  2.538E-13  1.936E-17
5.248E+00  1.687E-21  2.349E-13  2.349E-13  1.639E-17
5.200E+00  1.316E-21  1.815E-13  1.815E-13  1.385E-17
5.152E+00  1.034E-21  1.413E-13  1.413E-13  1.170E-17
5.105E+00  8.618E-22  1.167E-13  1.167E-13  9.871E-18
5.058E+00  7.481E-22  1.004E-13  1.004E-13  8.319E-18
5.012E+00  6.650E-22  8.840E-14  8.840E-14  7.003E-18
4.966E+00  5.992E-22  7.893E-14  7.892E-14  5.891E-18
4.920E+00  5.444E-22  7.106E-14  7.105E-14  4.949E-18
4.875E+00  4.974E-22  6.432E-14  6.432E-14  4.153E-18
4.831E+00  4.560E-22  5.843E-14  5.843E-14  3.481E-18
4.786E+00  4.191E-22  5.321E-14  5.321E-14  2.914E-18
4.742E+00  3.859E-22  4.854E-14  4.854E-14  2.437E-18
4.699E+00  3.557E-22  4.434E-14  4.434E-14  2.036E-18
4.656E+00  3.282E-22  4.053E-14  4.053E-14  1.699E-18
4.613E+00  3.030E-22  3.708E-14  3.708E-14  1.416E-18
4.571E+00  2.799E-22  3.393E-14  3.393E-14  1.179E-18
4.529E+00  2.586E-22  3.106E-14  3.106E-14  9.806E-19
4.487E+00  2.389E-22  2.844E-14  2.844E-14  8.146E-19
4.446E+00  2.208E-22  2.604E-14  2.604E-14  6.761E-19
4.406E+00  2.040E-22  2.384E-14  2.384E-14  5.606E-19
4.365E+00  1.885E-22  2.183E-14  2.183E-14  4.644E-19
4.325E+00  1.742E-22  1.999E-14  1.999E-14  3.843E-19
4.285E+00  1.609E-22  1.829E-14  1.829E-14  3.177E-19
4.246E+00  1.487E-22  1.674E-14  1.674E-14  2.623E-19
4.207E+00  1.373E-22  1.532E-14  1.532E-14  2.164E-19
4.169E+00  1.268E-22  1.402E-14  1.402E-14  1.784E-19
4.130E+00  1.170E-22  1.282E-14  1.282E-14  1.469E-19
4.093E+00  1.080E-22  1.172E-14  1.172E-14  1.207E-19
4.055E+00  9.964E-23  1.072E-14  1.072E-14  9.916E-20
4.018E+00  9.193E-23  9.798E-15  9.798E-15  8.136E-20
3.981E+00  8.480E-23  8.955E-15  8.955E-15  6.669E-20
3.945E+00  7.823E-23  8.185E-15  8.185E-15  5.462E-20
3.908E+00  7.216E-23  7.481E-15  7.481E-15  4.469E-20
3.873E+00  6.657E-23  6.838E-15  6.838E-15  3.654E-20
3.837E+00  6.143E-23  6.252E-15  6.252E-15  2.986E-20
3.802E+00  5.671E-23  5.720E-15  5.720E-15  2.438E-20
3.767E+00  5.240E-23  5.236E-15  5.236E-15  1.989E-20
3.733E+00  4.846E-23  4.798E-15  4.798E-15  1.621E-20
3.698E+00  4.488E-23  4.403E-15  4.403E-15  1.321E-20
3.664E+00  4.167E-23  4.050E-15  4.050E-15  1.075E-20
3.631E+00  3.880E-23  3.737E-15  3.737E-15  8.743E-21
3.597E+00  3.631E-23  3.465E-15  3.465E-15  7.105E-21
3.565E+00  3.421E-23  3.235E-15  3.235E-15  5.770E-21
3.532E+00  3.259E-23  3.053E-15  3.053E-15  4.682E-21
3.499E+00  3.158E-23  2.931E-15  2.931E-15  3.796E-21
3.467E+00  3.147E-23  2.895E-15  2.895E-15  3.076E-21
3.436E+00  3.293E-23  3.001E-15  3.001E-15  2.490E-21
3.404E+00  3.761E-23  3.396E-15  3.396E-15  2.014E-21
3.373E+00  5.086E-23  4.550E-15  4.550E-15  1.627E-21
3.342E+00  9.680E-23  8.581E-15  8.581E-15  1.314E-21
3.311E+00  3.189E-22  2.801E-14  2.801E-14  1.060E-21
3.281E+00  2.039E-22  1.775E-14  1.775E-14  8.539E-22
3.251E+00  5.810E-23  5.010E-15  5.010E-15  6.872E-22
3.221E+00  2.835E-23  2.422E-15  2.422E-15  5.523E-22
3.192E+00  1.834E-23  1.553E-15  1.553E-15  4.435E-22
3.162E+00  1.366E-23  1.146E-15  1.146E-15  3.559E-22
3.133E+00  1.096E-23  9.105E-16  9.105E-16  2.852E-22
3.105E+00  9.163E-24  7.545E-16  7.545E-16  2.284E-22
3.076E+00  7.854E-24  6.408E-16  6.408E-16  1.828E-22
3.048E+00  6.834E-24  5.525E-16  5.525E-16  1.462E-22
3.020E+00  6.004E-24  4.810E-16  4.810E-16  1.168E-22
2.992E+00  5.307E-24  4.213E-16  4.213E-16  9.315E-23
2.965E+00  4.711E-24  3.705E-16  3.705E-16  7.423E-23
2.938E+00  4.192E-24  3.267E-16  3.267E-16  5.908E-23
2.911E+00  3.737E-24  2.886E-16  2.886E-16  4.696E-23
2.884E+00  3.335E-24  2.552E-16  2.552E-16  3.729E-23
2.858E+00  2.979E-24  2.258E-16  2.258E-16  2.956E-23
2.831E+00  2.660E-24  1.998E-16  1.998E-16  2.341E-23
2.805E+00  2.376E-24  1.768E-16  1.768E-16  1.851E-23
2.780E+00  2.122E-24  1.565E-16  1.565E-16  1.462E-23
2.754E+00  1.894E-24  1.384E-16  1.384E-16  1.153E-23
2.729E+00  1.690E-24  1.223E-16  1.223E-16  9.078E-24
2.704E+00  1.507E-24  1.081E-16  1.081E-16  7.138E-24
2.679E+00  1.343E-24  9.542E-17  9.542E-17  5.604E-24
2.655E+00  1.195E-24  8.418E-17  8.418E-17  4.393E-24
2.630E+00  1.063E-24  7.420E-17  7.420E-17  3.439E-24
2.606E+00  9.452E-25  6.534E-17  6.534E-17  2.688E-24
2.582E+00  8.393E-25  5.749E-17  5.749E-17  2.097E-24
2.559E+00  7.445E-25  5.053E-17  5.053E-17  1.634E-24
2.535E+00  6.597E-25  4.437E-17  4.437E-17  1.271E-24
2.512E+00  5.840E-25  3.891E-17  3.891E-17  9.869E-25
2.489E+00  5.164E-25  3.409E-17  3.409E-17  7.651E-25
2.466E+00  4.560E-25  2.983E-17  2.983E-17  5.922E-25
2.443E+00  4.022E-25  2.607E-17  2.607E-17  4.577E-25
2.421E+00  3.543E-25  2.275E-17  2.275E-17  3.531E-25
2.399E+00  3.118E-25  1.984E-17  1.984E-17  2.719E-25
2.377E+00  2.741E-25  1.728E-17  1.728E-17  2.090E-25
2.355E+00  2.406E-25  1.503E-17  1.503E-17  1.603E-25
2.333E+00  2.110E-25  1.306E-17  1.306E-17  1.228E-25
2.312E+00  1.847E-25  1.133E-17  1.133E-17  9.388E-26
2.291E+00  1.616E-25  9.818E-18  9.818E-18  7.163E-26
2.270E+00  1.411E-25  8.496E-18  8.496E-18  5.456E-26
2.249E+00  1.231E-25  7.342E-18  7.342E-18  4.147E-26
2.228E+00  1.072E-25  6.336E-18  6.336E-18  3.147E-26
2.208E+00  9.321E-26  5.459E-18  5.459E-18  2.383E-26
2.188E+00  8.094E-26  4.697E-18  4.697E-18  1.801E-26
2.168E+00  7.017E-26  4.035E-18  4.035E-18  1.359E-26
2.148E+00  6.074E-26  3.460E-18  3.460E-18  1.023E-26
2.128E+00  5.248E-26  2.963E-18  2.963E-18  7.689E-27
2.109E+00  4.527E-26  2.532E-18  2.532E-18  5.767E-27
2.089E+00  3.897E-26  2.160E-18  2.160E-18  4.317E-27
2.070E+00  3.349E-26  1.839E-18  1.839E-18  3.225E-27
2.051E+00  2.871E-26  1.562E-18  1.562E-18  2.404E-27
2.032E+00  2.456E-26  1.324E-18  1.324E-18  1.789E-27
2.014E+00  2.096E-26  1.120E-18  1.120E-18  1.328E-27
1.995E+00  1.785E-26  9.447E-19  9.447E-19  9.838E-28
1.977E+00  1.516E-26  7.950E-19  7.950E-19  7.273E-28
1.959E+00  1.285E-26  6.676E-19  6.676E-19  5.366E-28
1.941E+00  1.088E-26  5.600E-19  5.600E-19  3.951E-28
1.923E+00  9.216E-27  4.701E-19  4.701E-19  2.902E-28
1.905E+00  7.827E-27  3.956E-19  3.956E-19  2.128E-28
1.888E+00  6.667E-27  3.339E-19  3.339E-19  1.556E-28
1.871E+00  5.685E-27  2.821E-19  2.821E-19  1.136E-28
1.854E+00  4.843E-27  2.381E-19  2.381E-19  8.272E-29
1.837E+00  4.114E-27  2.004E-19  2.004E-19  6.011E-29
1.820E+00  3.483E-27  1.681E-19  1.681E-19  4.358E-29
1.803E+00  2.940E-27  1.406E-19  1.406E-19  3.153E-29
1.786E+00  2.473E-27  1.172E-19  1.172E-19  2.276E-29
1.770E+00  2.076E-27  9.746E-20  9.746E-20  1.639E-29
1.754E+00  1.737E-27  8.083E-20  8.083E-20  1.178E-29
1.738E+00  1.451E-27  6.689E-20  6.689E-20  8.448E-30
1.722E+00  1.209E-27  5.522E-20  5.522E-20  6.044E-30
1.706E+00  1.005E-27  4.550E-20  4.550E-20  4.314E-30
1.690E+00  8.341E-28  3.740E-20  3.740E-20  3.072E-30
1.675E+00  6.906E-28  3.068E-20  3.068E-20  2.182E-30
1.660E+00  5.707E-28  2.512E-20  2.512E-20  1.547E-30
1.644E+00  4.706E-28  2.053E-20  2.053E-20  1.094E-30
1.629E+00  3.872E-28  1.673E-20  1.673E-20  7.712E-31
1.614E+00  3.179E-28  1.361E-20  1.361E-20  5.426E-31
1.600E+00  2.605E-28  1.105E-20  1.105E-20  3.808E-31
1.585E+00  2.131E-28  8.958E-21  8.958E-21  2.665E-31
1.570E+00  1.739E-28  7.245E-21  7.245E-21  1.861E-31
1.556E+00  1.417E-28  5.847E-21  5.847E-21  1.296E-31
1.542E+00  1.152E-28  4.710E-21  4.710E-21  9.006E-32
1.528E+00  9.345E-29  3.787E-21  3.787E-21  6.240E-32
1.514E+00  7.568E-29  3.038E-21  3.038E-21  4.313E-32
1.500E+00  6.116E-29  2.433E-21  2.433E-21  2.973E-32
1.486E+00  4.934E-29  1.945E-21  1.945E-21  2.044E-32
1.472E+00  3.972E-29  1.551E-21  1.551E-21  1.401E-32
1.459E+00  3.192E-29  1.235E-21  1.235E-21  9.584E-33
1.445E+00  2.561E-29  9.818E-22  9.818E-22  6.538E-33
1.432E+00  2.050E-29  7.789E-22  7.789E-22  4.448E-33
1.419E+00  1.639E-29  6.168E-22  6.168E-22  3.017E-33
1.406E+00  1.307E-29  4.876E-22  4.876E-22  2.042E-33
1.393E+00  1.041E-29  3.848E-22  3.848E-22  1.378E-33
1.380E+00  8.281E-30  3.032E-22  3.032E-22  9.269E-34
1.368E+00  6.574E-30  2.385E-22  2.385E-22  6.219E-34
1.355E+00  5.212E-30  1.873E-22  1.873E-22  4.161E-34
1.343E+00  4.126E-30  1.469E-22  1.469E-22  2.776E-34
1.330E+00  3.261E-30  1.151E-22  1.151E-22  1.847E-34
1.318E+00  2.573E-30  8.999E-23  8.999E-23  1.225E-34
1.306E+00  2.027E-30  7.022E-23  7.022E-23  8.103E-35
1.294E+00  1.591E-30  5.463E-23  5.463E-23  5.345E-35
1.282E+00  1.244E-30  4.232E-23  4.232E-23  3.515E-35
1.271E+00  9.670E-31  3.259E-23  3.259E-23  2.305E-35
1.259E+00  7.468E-31  2.494E-23  2.494E-23  1.507E-35
1.247E+00  5.730E-31  1.896E-23  1.896E-23  9.829E-36
1.236E+00  4.375E-31  1.434E-23  1.434E-23  6.391E-36
1.225E+00  3.332E-31  1.082E-23  1.082E-23  4.143E-36
1.213E+00  2.535E-31  8.158E-24  8.158E-24  2.678E-36
1.202E+00  1.928E-31  6.148E-24  6.148E-24  1.725E-36
1.191E+00  1.467E-31  4.634E-24  4.634E-24  1.108E-36
1.180E+00  1.116E-31  3.494E-24  3.494E-24  7.097E-37
1.169E+00  8.491E-32  2.634E-24  2.634E-24  4.530E-37
1.159E+00  6.462E-32  1.986E-24  1.986E-24  2.883E-37
1.148E+00  4.917E-32  1.498E-24  1.498E-24  1.828E-37
1.138E+00  3.743E-32  1.130E-24  1.130E-24  1.156E-37
1.127E+00  2.852E-32  8.526E-25  8.526E-25  7.286E-38
1.117E+00  2.175E-32  6.444E-25  6.444E-25  4.577E-38
1.107E+00  1.662E-32  4.880E-25  4.880E-25  2.866E-38
1.096E+00  1.274E-32  3.707E-25  3.707E-25  1.789E-38
1.086E+00  9.813E-33  2.828E-25  2.828E-25  1.113E-38
1.076E+00  7.599E-33  2.170E-25  2.170E-25  6.897E-39
1.067E+00  5.917E-33  1.674E-25  1.674E-25  4.261E-39
1.057E+00  4.610E-33  1.292E-25  1.292E-25  2.624E-39
1.047E+00  3.568E-33  9.909E-26  9.909E-26  1.610E-39
1.038E+00  2.750E-33  7.569E-26  7.569E-26  9.846E-40
1.028E+00  2.138E-33  5.830E-26  5.830E-26  6.000E-40
1.019E+00  1.688E-33  4.560E-26  4.560E-26  3.644E-40
1.009E+00  1.352E-33  3.619E-26  3.619E-26  2.205E-40
1.000E+00  1.096E-33  2.906E-26  2.906E-26  1.329E-40
