Dust emission spectrum from Draine,B.T., & Li, A. (2007), ApJ, in press [astro-ph/0608003]
==========================================================
         7 = grain model
 4.000E-08 4.000E-01 4.500E-05 = a_01 (cm) , sigma_1 , b_C1
 2.000E-07 5.500E-01 1.500E-05 = a_02 (cm) , sigma_2 , b_C2
 1.000E+02 1.000E+02 1.000E+00 = Umin , Umax, beta (dN/dU propto U^{-beta})
 1.000E+02 = <U>       mmp83 = radfield
 0.000E+00 2.000E-07 = a_{min} (cm), a_{max} (cm)
 1.049E-22 1.017E-22 3.192E-24 = P(tot)  P(carb)  P(sil) (erg s-1 H-1)
 band     <nu*P_nu> <j_nu(tot)><j_nu(carb)><j_nu(sil)>
 (um)   (erg s-1 H-1)(Jy/(sr*H))(Jy/(sr*H))(Jy/(sr*H))
1.270E+00  1.842E-24  6.204E-17  6.003E-17  2.016E-18 COBE-DIRBE
2.220E+00  2.352E-24  1.385E-16  1.322E-16  6.296E-18 COBE-DIRBE
3.530E+00  1.529E-23  1.432E-15  1.420E-15  1.156E-17 COBE-DIRBE
4.880E+00  6.865E-24  8.886E-16  8.728E-16  1.583E-17 COBE-DIRBE
1.229E+01  5.802E-23  1.891E-14  1.846E-14  4.585E-16 COBE-DIRBE
2.079E+01  2.805E-23  1.547E-14  1.442E-14  1.046E-15 COBE-DIRBE
5.599E+01  3.490E-24  5.183E-15  4.314E-15  8.691E-16 COBE-DIRBE
9.770E+01  8.065E-25  2.090E-15  1.650E-15  4.398E-16 COBE-DIRBE
1.479E+02  2.439E-25  9.566E-16  7.167E-16  2.399E-16 COBE-DIRBE
2.479E+02  4.212E-26  2.769E-16  1.765E-16  1.005E-16 COBE-DIRBE
1.200E+01  6.465E-23  2.058E-14  2.013E-14  4.495E-16 IRAS
2.500E+01  2.145E-23  1.422E-14  1.302E-14  1.200E-15 IRAS
6.000E+01  3.183E-24  5.066E-15  4.211E-15  8.551E-16 IRAS
1.000E+02  7.450E-25  1.976E-15  1.557E-15  4.197E-16 IRAS
3.550E+00  1.778E-23  1.674E-15  1.662E-15  1.165E-17 SST-IRAC
4.493E+00  4.993E-24  5.951E-16  5.804E-16  1.462E-17 SST-IRAC
5.731E+00  3.979E-23  6.048E-15  6.028E-15  1.968E-17 SST-IRAC
7.872E+00  9.632E-23  2.011E-14  1.995E-14  1.669E-16 SST-IRAC
2.368E+01  1.823E-23  1.145E-14  1.036E-14  1.093E-15 SST-MIPS
7.142E+01  1.637E-24  3.101E-15  2.501E-15  5.996E-16 SST-MIPS
1.559E+02  1.829E-25  7.564E-16  5.564E-16  2.000E-16 SST-MIPS
1.600E+01  4.087E-23  1.734E-14  1.677E-14  5.741E-16 SST-IRSPU
2.200E+01  2.140E-23  1.249E-14  1.138E-14  1.103E-15 SST-IRSPU
7.500E+01  1.416E-24  2.817E-15  2.271E-15  5.455E-16 Herschel-PACS
1.100E+02  5.173E-25  1.509E-15  1.187E-15  3.225E-16 Herschel-PACS
1.700E+02  1.398E-25  6.305E-16  4.626E-16  1.679E-16 Herschel-PACS
2.500E+02  3.396E-26  2.252E-16  1.395E-16  8.571E-17 Herschel-SPIRE
3.600E+02  7.591E-27  7.249E-17  3.920E-17  3.329E-17 Herschel-SPIRE
5.200E+02  1.614E-27  2.226E-17  1.070E-17  1.157E-17 Herschel-SPIRE
2.400E+00  2.601E-24  1.656E-16  1.586E-16  6.988E-18 Akari IRC NIR N2
3.200E+00  1.168E-23  9.914E-16  9.811E-16  1.032E-17 Akari IRC NIR N3
4.100E+00  5.717E-24  6.218E-16  6.084E-16  1.339E-17 Akari IRC NIR N4
7.000E+00  1.094E-22  2.032E-14  2.026E-14  5.977E-17 Akari IRC MIR-S S7
9.000E+00  7.734E-23  1.846E-14  1.814E-14  3.203E-16 Akari IRC MIR-S S9W
1.100E+01  5.866E-23  1.712E-14  1.662E-14  4.997E-16 Akari IRC MIR-S S11
1.500E+01  4.281E-23  1.703E-14  1.648E-14  5.530E-16 Akari IRC MIR-L L15
1.800E+01  3.102E-23  1.481E-14  1.400E-14  8.119E-16 Akari IRC MIR-L L18W
2.400E+01  1.985E-23  1.263E-14  1.146E-14  1.174E-15 Akari IRC MIR-L L24
6.500E+01  2.181E-24  3.761E-15  3.057E-15  7.038E-16 Akari FIS N60
8.000E+01  1.205E-24  2.558E-15  2.049E-15  5.087E-16 Akari FIS WIDE-S
1.400E+02  2.390E-25  8.874E-16  6.635E-16  2.239E-16 Akari FIS WIDE-L
1.600E+02  1.667E-25  7.073E-16  5.152E-16  1.921E-16 Akari FIS N160
 
 
 
 


lambda    nu*dP/dnu     j_nu    j_nu(carb.) j_nu(sil)
 (um)    (erg/(s*H)) (Jy/(sr*H) (Jy/(sr*H)) (Jy/(sr*H)
1.000E+04  6.661E-33  1.767E-21  4.304E-22  1.337E-21
9.908E+03  6.904E-33  1.814E-21  4.424E-22  1.372E-21
9.817E+03  7.155E-33  1.863E-21  4.548E-22  1.408E-21
9.727E+03  7.415E-33  1.913E-21  4.676E-22  1.446E-21
9.638E+03  7.684E-33  1.965E-21  4.807E-22  1.484E-21
9.550E+03  7.964E-33  2.017E-21  4.942E-22  1.523E-21
9.462E+03  8.253E-33  2.071E-21  5.080E-22  1.563E-21
9.376E+03  8.553E-33  2.127E-21  5.223E-22  1.605E-21
9.290E+03  8.864E-33  2.184E-21  5.369E-22  1.647E-21
9.204E+03  9.186E-33  2.243E-21  5.520E-22  1.691E-21
9.120E+03  9.520E-33  2.303E-21  5.674E-22  1.736E-21
9.036E+03  9.866E-33  2.365E-21  5.833E-22  1.781E-21
8.954E+03  1.022E-32  2.428E-21  5.997E-22  1.828E-21
8.872E+03  1.059E-32  2.493E-21  6.165E-22  1.876E-21
8.790E+03  1.098E-32  2.559E-21  6.338E-22  1.925E-21
8.710E+03  1.137E-32  2.627E-21  6.515E-22  1.976E-21
8.630E+03  1.178E-32  2.698E-21  6.698E-22  2.028E-21
8.551E+03  1.221E-32  2.770E-21  6.885E-22  2.081E-21
8.472E+03  1.265E-32  2.844E-21  7.078E-22  2.136E-21
8.395E+03  1.311E-32  2.920E-21  7.276E-22  2.192E-21
8.318E+03  1.359E-32  2.998E-21  7.480E-22  2.250E-21
8.241E+03  1.408E-32  3.078E-21  7.689E-22  2.309E-21
8.166E+03  1.459E-32  3.161E-21  7.905E-22  2.370E-21
8.091E+03  1.512E-32  3.245E-21  8.126E-22  2.433E-21
8.017E+03  1.567E-32  3.332E-21  8.354E-22  2.497E-21
7.943E+03  1.624E-32  3.422E-21  8.588E-22  2.563E-21
7.870E+03  1.683E-32  3.514E-21  8.828E-22  2.631E-21
7.798E+03  1.744E-32  3.608E-21  9.075E-22  2.701E-21
7.727E+03  1.808E-32  3.705E-21  9.329E-22  2.772E-21
7.656E+03  1.874E-32  3.805E-21  9.591E-22  2.846E-21
7.586E+03  1.942E-32  3.907E-21  9.859E-22  2.921E-21
7.516E+03  2.013E-32  4.013E-21  1.014E-21  2.999E-21
7.447E+03  2.086E-32  4.121E-21  1.042E-21  3.079E-21
7.379E+03  2.162E-32  4.232E-21  1.071E-21  3.161E-21
7.311E+03  2.241E-32  4.346E-21  1.101E-21  3.245E-21
7.244E+03  2.323E-32  4.464E-21  1.132E-21  3.332E-21
7.178E+03  2.408E-32  4.584E-21  1.164E-21  3.421E-21
7.112E+03  2.496E-32  4.708E-21  1.196E-21  3.512E-21
7.047E+03  2.587E-32  4.836E-21  1.230E-21  3.606E-21
6.982E+03  2.681E-32  4.966E-21  1.264E-21  3.702E-21
6.918E+03  2.779E-32  5.101E-21  1.300E-21  3.801E-21
6.855E+03  2.881E-32  5.239E-21  1.336E-21  3.902E-21
6.792E+03  2.986E-32  5.380E-21  1.374E-21  4.007E-21
6.730E+03  3.096E-32  5.526E-21  1.412E-21  4.114E-21
6.668E+03  3.209E-32  5.676E-21  1.452E-21  4.224E-21
6.607E+03  3.326E-32  5.830E-21  1.492E-21  4.337E-21
6.546E+03  3.448E-32  5.988E-21  1.534E-21  4.454E-21
6.486E+03  3.575E-32  6.151E-21  1.577E-21  4.573E-21
6.427E+03  3.706E-32  6.318E-21  1.622E-21  4.696E-21
6.368E+03  3.842E-32  6.490E-21  1.667E-21  4.823E-21
6.310E+03  3.983E-32  6.667E-21  1.714E-21  4.952E-21
6.252E+03  4.130E-32  6.848E-21  1.762E-21  5.086E-21
6.194E+03  4.281E-32  7.035E-21  1.812E-21  5.223E-21
6.138E+03  4.439E-32  7.227E-21  1.863E-21  5.364E-21
6.081E+03  4.602E-32  7.424E-21  1.915E-21  5.509E-21
6.026E+03  4.772E-32  7.627E-21  1.969E-21  5.658E-21
5.970E+03  4.948E-32  7.836E-21  2.024E-21  5.811E-21
5.916E+03  5.130E-32  8.050E-21  2.082E-21  5.968E-21
5.861E+03  5.319E-32  8.270E-21  2.140E-21  6.130E-21
5.808E+03  5.516E-32  8.497E-21  2.200E-21  6.297E-21
5.754E+03  5.719E-32  8.730E-21  2.263E-21  6.468E-21
5.702E+03  5.931E-32  8.970E-21  2.326E-21  6.643E-21
5.649E+03  6.150E-32  9.216E-21  2.392E-21  6.824E-21
5.598E+03  6.378E-32  9.469E-21  2.460E-21  7.010E-21
5.546E+03  6.614E-32  9.730E-21  2.529E-21  7.201E-21
5.495E+03  6.859E-32  9.998E-21  2.600E-21  7.397E-21
5.445E+03  7.113E-32  1.027E-20  2.674E-21  7.599E-21
5.395E+03  7.376E-32  1.056E-20  2.750E-21  7.807E-21
5.346E+03  7.650E-32  1.085E-20  2.828E-21  8.020E-21
5.297E+03  7.934E-32  1.115E-20  2.908E-21  8.239E-21
5.248E+03  8.228E-32  1.145E-20  2.990E-21  8.465E-21
5.200E+03  8.534E-32  1.177E-20  3.075E-21  8.697E-21
5.152E+03  8.851E-32  1.210E-20  3.162E-21  8.935E-21
5.105E+03  9.181E-32  1.243E-20  3.252E-21  9.180E-21
5.058E+03  9.522E-32  1.278E-20  3.344E-21  9.432E-21
5.012E+03  9.877E-32  1.313E-20  3.439E-21  9.691E-21
4.966E+03  1.024E-31  1.349E-20  3.537E-21  9.957E-21
4.920E+03  1.063E-31  1.387E-20  3.638E-21  1.023E-20
4.875E+03  1.102E-31  1.425E-20  3.742E-21  1.051E-20
4.831E+03  1.143E-31  1.465E-20  3.848E-21  1.080E-20
4.786E+03  1.186E-31  1.506E-20  3.958E-21  1.110E-20
4.742E+03  1.230E-31  1.548E-20  4.071E-21  1.141E-20
4.699E+03  1.276E-31  1.591E-20  4.188E-21  1.172E-20
4.656E+03  1.324E-31  1.635E-20  4.307E-21  1.204E-20
4.613E+03  1.374E-31  1.681E-20  4.431E-21  1.238E-20
4.571E+03  1.425E-31  1.728E-20  4.558E-21  1.272E-20
4.529E+03  1.478E-31  1.776E-20  4.688E-21  1.307E-20
4.487E+03  1.534E-31  1.826E-20  4.823E-21  1.344E-20
4.446E+03  1.591E-31  1.877E-20  4.962E-21  1.381E-20
4.406E+03  1.651E-31  1.930E-20  5.104E-21  1.419E-20
4.365E+03  1.713E-31  1.984E-20  5.251E-21  1.459E-20
4.325E+03  1.778E-31  2.040E-20  5.403E-21  1.499E-20
4.285E+03  1.845E-31  2.097E-20  5.558E-21  1.541E-20
4.246E+03  1.914E-31  2.156E-20  5.719E-21  1.584E-20
4.207E+03  1.986E-31  2.217E-20  5.884E-21  1.628E-20
4.169E+03  2.061E-31  2.279E-20  6.054E-21  1.674E-20
4.130E+03  2.139E-31  2.343E-20  6.230E-21  1.720E-20
4.093E+03  2.220E-31  2.410E-20  6.410E-21  1.769E-20
4.055E+03  2.304E-31  2.478E-20  6.597E-21  1.818E-20
4.018E+03  2.391E-31  2.548E-20  6.788E-21  1.869E-20
3.981E+03  2.481E-31  2.620E-20  6.986E-21  1.921E-20
3.945E+03  2.575E-31  2.694E-20  7.189E-21  1.975E-20
3.908E+03  2.672E-31  2.770E-20  7.399E-21  2.031E-20
3.873E+03  2.773E-31  2.849E-20  7.615E-21  2.088E-20
3.837E+03  2.879E-31  2.930E-20  7.837E-21  2.146E-20
3.802E+03  2.988E-31  3.013E-20  8.067E-21  2.206E-20
3.767E+03  3.101E-31  3.099E-20  8.303E-21  2.269E-20
3.733E+03  3.219E-31  3.187E-20  8.547E-21  2.332E-20
3.698E+03  3.341E-31  3.278E-20  8.798E-21  2.398E-20
3.664E+03  3.469E-31  3.372E-20  9.056E-21  2.466E-20
3.631E+03  3.601E-31  3.468E-20  9.323E-21  2.536E-20
3.597E+03  3.738E-31  3.567E-20  9.598E-21  2.607E-20
3.565E+03  3.881E-31  3.669E-20  9.881E-21  2.681E-20
3.532E+03  4.029E-31  3.775E-20  1.017E-20  2.757E-20
3.499E+03  4.183E-31  3.883E-20  1.047E-20  2.836E-20
3.467E+03  4.343E-31  3.995E-20  1.078E-20  2.916E-20
3.436E+03  4.509E-31  4.110E-20  1.110E-20  2.999E-20
3.404E+03  4.682E-31  4.228E-20  1.143E-20  3.084E-20
3.373E+03  4.862E-31  4.350E-20  1.178E-20  3.172E-20
3.342E+03  5.049E-31  4.475E-20  1.213E-20  3.263E-20
3.311E+03  5.243E-31  4.605E-20  1.249E-20  3.356E-20
3.281E+03  5.444E-31  4.738E-20  1.286E-20  3.452E-20
3.251E+03  5.654E-31  4.875E-20  1.325E-20  3.551E-20
3.221E+03  5.872E-31  5.017E-20  1.364E-20  3.652E-20
3.192E+03  6.098E-31  5.162E-20  1.405E-20  3.757E-20
3.162E+03  6.333E-31  5.312E-20  1.447E-20  3.865E-20
3.133E+03  6.578E-31  5.467E-20  1.491E-20  3.976E-20
3.105E+03  6.832E-31  5.626E-20  1.536E-20  4.090E-20
3.076E+03  7.096E-31  5.790E-20  1.582E-20  4.208E-20
3.048E+03  7.371E-31  5.959E-20  1.630E-20  4.329E-20
3.020E+03  7.657E-31  6.133E-20  1.680E-20  4.454E-20
2.992E+03  7.953E-31  6.313E-20  1.731E-20  4.582E-20
2.965E+03  8.261E-31  6.497E-20  1.783E-20  4.714E-20
2.938E+03  8.581E-31  6.687E-20  1.837E-20  4.849E-20
2.911E+03  8.913E-31  6.882E-20  1.893E-20  4.989E-20
2.884E+03  9.259E-31  7.083E-20  1.951E-20  5.132E-20
2.858E+03  9.619E-31  7.291E-20  2.011E-20  5.280E-20
2.831E+03  9.993E-31  7.505E-20  2.072E-20  5.433E-20
2.805E+03  1.038E-30  7.726E-20  2.136E-20  5.590E-20
2.780E+03  1.079E-30  7.953E-20  2.201E-20  5.751E-20
2.754E+03  1.121E-30  8.187E-20  2.269E-20  5.918E-20
2.729E+03  1.164E-30  8.428E-20  2.339E-20  6.089E-20
2.704E+03  1.210E-30  8.677E-20  2.411E-20  6.266E-20
2.679E+03  1.257E-30  8.934E-20  2.486E-20  6.448E-20
2.655E+03  1.306E-30  9.198E-20  2.563E-20  6.635E-20
2.630E+03  1.357E-30  9.471E-20  2.642E-20  6.829E-20
2.606E+03  1.411E-30  9.751E-20  2.724E-20  7.027E-20
2.582E+03  1.466E-30  1.004E-19  2.809E-20  7.232E-20
2.559E+03  1.523E-30  1.034E-19  2.896E-20  7.443E-20
2.535E+03  1.583E-30  1.065E-19  2.987E-20  7.661E-20
2.512E+03  1.646E-30  1.096E-19  3.080E-20  7.885E-20
2.489E+03  1.710E-30  1.129E-19  3.176E-20  8.115E-20
2.466E+03  1.778E-30  1.163E-19  3.276E-20  8.353E-20
2.443E+03  1.848E-30  1.198E-19  3.379E-20  8.598E-20
2.421E+03  1.921E-30  1.233E-19  3.485E-20  8.850E-20
2.399E+03  1.997E-30  1.270E-19  3.595E-20  9.110E-20
2.377E+03  2.075E-30  1.309E-19  3.708E-20  9.377E-20
2.355E+03  2.158E-30  1.348E-19  3.825E-20  9.653E-20
2.333E+03  2.243E-30  1.388E-19  3.946E-20  9.937E-20
2.312E+03  2.332E-30  1.430E-19  4.072E-20  1.023E-19
2.291E+03  2.424E-30  1.473E-19  4.201E-20  1.053E-19
2.270E+03  2.521E-30  1.518E-19  4.334E-20  1.084E-19
2.249E+03  2.621E-30  1.563E-19  4.473E-20  1.116E-19
2.228E+03  2.725E-30  1.611E-19  4.615E-20  1.149E-19
2.208E+03  2.833E-30  1.659E-19  4.763E-20  1.183E-19
2.188E+03  2.946E-30  1.710E-19  4.915E-20  1.218E-19
2.168E+03  3.063E-30  1.761E-19  5.073E-20  1.254E-19
2.148E+03  3.185E-30  1.815E-19  5.235E-20  1.291E-19
2.128E+03  3.312E-30  1.870E-19  5.404E-20  1.330E-19
2.109E+03  3.445E-30  1.927E-19  5.578E-20  1.369E-19
2.089E+03  3.582E-30  1.985E-19  5.758E-20  1.410E-19
2.070E+03  3.725E-30  2.046E-19  5.944E-20  1.451E-19
2.051E+03  3.874E-30  2.108E-19  6.136E-20  1.494E-19
2.032E+03  4.030E-30  2.172E-19  6.335E-20  1.539E-19
2.014E+03  4.191E-30  2.239E-19  6.540E-20  1.585E-19
1.995E+03  4.359E-30  2.307E-19  6.753E-20  1.632E-19
1.977E+03  4.534E-30  2.377E-19  6.973E-20  1.680E-19
1.959E+03  4.715E-30  2.450E-19  7.200E-20  1.730E-19
1.941E+03  4.905E-30  2.525E-19  7.435E-20  1.782E-19
1.923E+03  5.102E-30  2.602E-19  7.678E-20  1.835E-19
1.905E+03  5.307E-30  2.682E-19  7.930E-20  1.889E-19
1.888E+03  5.520E-30  2.765E-19  8.190E-20  1.946E-19
1.871E+03  5.742E-30  2.849E-19  8.459E-20  2.004E-19
1.854E+03  5.974E-30  2.937E-19  8.737E-20  2.063E-19
1.837E+03  6.214E-30  3.027E-19  9.025E-20  2.125E-19
1.820E+03  6.465E-30  3.121E-19  9.322E-20  2.188E-19
1.803E+03  6.726E-30  3.217E-19  9.630E-20  2.254E-19
1.786E+03  6.997E-30  3.316E-19  9.949E-20  2.321E-19
1.770E+03  7.280E-30  3.418E-19  1.028E-19  2.390E-19
1.754E+03  7.574E-30  3.524E-19  1.062E-19  2.462E-19
1.738E+03  7.881E-30  3.633E-19  1.097E-19  2.536E-19
1.722E+03  8.199E-30  3.745E-19  1.134E-19  2.611E-19
1.706E+03  8.531E-30  3.861E-19  1.171E-19  2.690E-19
1.690E+03  8.877E-30  3.980E-19  1.210E-19  2.770E-19
1.675E+03  9.237E-30  4.104E-19  1.251E-19  2.853E-19
1.660E+03  9.611E-30  4.231E-19  1.293E-19  2.938E-19
1.644E+03  1.000E-29  4.362E-19  1.336E-19  3.026E-19
1.629E+03  1.041E-29  4.498E-19  1.381E-19  3.117E-19
1.614E+03  1.083E-29  4.637E-19  1.427E-19  3.210E-19
1.600E+03  1.127E-29  4.782E-19  1.475E-19  3.307E-19
1.585E+03  1.173E-29  4.930E-19  1.525E-19  3.406E-19
1.570E+03  1.220E-29  5.084E-19  1.576E-19  3.508E-19
1.556E+03  1.270E-29  5.242E-19  1.629E-19  3.613E-19
1.542E+03  1.322E-29  5.405E-19  1.684E-19  3.721E-19
1.528E+03  1.376E-29  5.574E-19  1.741E-19  3.833E-19
1.514E+03  1.432E-29  5.747E-19  1.800E-19  3.947E-19
1.500E+03  1.490E-29  5.927E-19  1.861E-19  4.066E-19
1.486E+03  1.551E-29  6.112E-19  1.924E-19  4.188E-19
1.472E+03  1.614E-29  6.303E-19  1.989E-19  4.313E-19
1.459E+03  1.680E-29  6.500E-19  2.057E-19  4.443E-19
1.445E+03  1.748E-29  6.703E-19  2.127E-19  4.576E-19
1.432E+03  1.820E-29  6.913E-19  2.199E-19  4.713E-19
1.419E+03  1.894E-29  7.129E-19  2.274E-19  4.855E-19
1.406E+03  1.971E-29  7.353E-19  2.352E-19  5.001E-19
1.393E+03  2.052E-29  7.583E-19  2.432E-19  5.151E-19
1.380E+03  2.136E-29  7.821E-19  2.515E-19  5.305E-19
1.368E+03  2.223E-29  8.066E-19  2.602E-19  5.464E-19
1.355E+03  2.314E-29  8.319E-19  2.691E-19  5.628E-19
1.343E+03  2.409E-29  8.580E-19  2.783E-19  5.797E-19
1.330E+03  2.508E-29  8.850E-19  2.879E-19  5.971E-19
1.318E+03  2.610E-29  9.127E-19  2.977E-19  6.150E-19
1.306E+03  2.717E-29  9.414E-19  3.080E-19  6.334E-19
1.294E+03  2.828E-29  9.710E-19  3.186E-19  6.524E-19
1.282E+03  2.944E-29  1.002E-18  3.296E-19  6.720E-19
1.271E+03  3.065E-29  1.033E-18  3.409E-19  6.921E-19
1.259E+03  3.191E-29  1.065E-18  3.527E-19  7.128E-19
1.247E+03  3.321E-29  1.099E-18  3.649E-19  7.341E-19
1.236E+03  3.458E-29  1.134E-18  3.775E-19  7.561E-19
1.225E+03  3.599E-29  1.169E-18  3.905E-19  7.787E-19
1.213E+03  3.747E-29  1.206E-18  4.040E-19  8.019E-19
1.202E+03  3.900E-29  1.244E-18  4.180E-19  8.259E-19
1.191E+03  4.060E-29  1.283E-18  4.325E-19  8.505E-19
1.180E+03  4.227E-29  1.323E-18  4.475E-19  8.759E-19
1.169E+03  4.400E-29  1.365E-18  4.631E-19  9.020E-19
1.159E+03  4.581E-29  1.408E-18  4.792E-19  9.289E-19
1.148E+03  4.769E-29  1.452E-18  4.958E-19  9.565E-19
1.138E+03  4.964E-29  1.498E-18  5.131E-19  9.850E-19
1.127E+03  5.168E-29  1.545E-18  5.309E-19  1.014E-18
1.117E+03  5.380E-29  1.594E-18  5.494E-19  1.044E-18
1.107E+03  5.601E-29  1.644E-18  5.685E-19  1.075E-18
1.096E+03  5.830E-29  1.696E-18  5.884E-19  1.107E-18
1.086E+03  6.069E-29  1.749E-18  6.089E-19  1.140E-18
1.076E+03  6.318E-29  1.804E-18  6.301E-19  1.174E-18
1.067E+03  6.577E-29  1.861E-18  6.521E-19  1.209E-18
1.057E+03  6.847E-29  1.919E-18  6.749E-19  1.245E-18
1.047E+03  7.128E-29  1.980E-18  6.985E-19  1.281E-18
1.038E+03  7.420E-29  2.042E-18  7.229E-19  1.319E-18
1.028E+03  7.724E-29  2.106E-18  7.482E-19  1.358E-18
1.019E+03  8.041E-29  2.172E-18  7.744E-19  1.398E-18
1.009E+03  8.370E-29  2.241E-18  8.015E-19  1.439E-18
1.000E+03  8.713E-29  2.311E-18  8.296E-19  1.482E-18
9.908E+02  9.070E-29  2.384E-18  8.586E-19  1.525E-18
9.817E+02  9.442E-29  2.459E-18  8.887E-19  1.570E-18
9.727E+02  9.829E-29  2.536E-18  9.199E-19  1.616E-18
9.638E+02  1.023E-28  2.616E-18  9.521E-19  1.664E-18
9.550E+02  1.065E-28  2.698E-18  9.855E-19  1.713E-18
9.462E+02  1.109E-28  2.783E-18  1.020E-18  1.763E-18
9.376E+02  1.154E-28  2.871E-18  1.056E-18  1.815E-18
9.290E+02  1.202E-28  2.961E-18  1.093E-18  1.868E-18
9.204E+02  1.251E-28  3.054E-18  1.131E-18  1.922E-18
9.120E+02  1.302E-28  3.150E-18  1.171E-18  1.979E-18
9.036E+02  1.355E-28  3.248E-18  1.212E-18  2.036E-18
8.954E+02  1.411E-28  3.350E-18  1.255E-18  2.096E-18
8.872E+02  1.468E-28  3.455E-18  1.299E-18  2.156E-18
8.790E+02  1.528E-28  3.563E-18  1.344E-18  2.219E-18
8.710E+02  1.591E-28  3.675E-18  1.392E-18  2.283E-18
8.630E+02  1.656E-28  3.790E-18  1.441E-18  2.349E-18
8.551E+02  1.723E-28  3.908E-18  1.491E-18  2.417E-18
8.472E+02  1.793E-28  4.030E-18  1.544E-18  2.487E-18
8.395E+02  1.867E-28  4.156E-18  1.598E-18  2.558E-18
8.318E+02  1.943E-28  4.286E-18  1.654E-18  2.632E-18
8.241E+02  2.022E-28  4.420E-18  1.712E-18  2.707E-18
8.166E+02  2.104E-28  4.557E-18  1.773E-18  2.785E-18
8.091E+02  2.190E-28  4.699E-18  1.835E-18  2.864E-18
8.017E+02  2.279E-28  4.845E-18  1.899E-18  2.946E-18
7.943E+02  2.371E-28  4.996E-18  1.966E-18  3.030E-18
7.870E+02  2.467E-28  5.151E-18  2.035E-18  3.116E-18
7.798E+02  2.568E-28  5.311E-18  2.107E-18  3.205E-18
7.727E+02  2.672E-28  5.476E-18  2.181E-18  3.295E-18
7.656E+02  2.780E-28  5.646E-18  2.258E-18  3.389E-18
7.586E+02  2.893E-28  5.821E-18  2.337E-18  3.485E-18
7.516E+02  3.010E-28  6.002E-18  2.419E-18  3.583E-18
7.447E+02  3.133E-28  6.188E-18  2.504E-18  3.684E-18
7.379E+02  3.260E-28  6.380E-18  2.592E-18  3.788E-18
7.311E+02  3.392E-28  6.579E-18  2.683E-18  3.896E-18
7.244E+02  3.530E-28  6.783E-18  2.777E-18  4.006E-18
7.178E+02  3.673E-28  6.994E-18  2.875E-18  4.119E-18
7.112E+02  3.822E-28  7.211E-18  2.976E-18  4.235E-18
7.047E+02  3.978E-28  7.435E-18  3.080E-18  4.355E-18
6.982E+02  4.139E-28  7.666E-18  3.188E-18  4.478E-18
6.918E+02  4.307E-28  7.904E-18  3.300E-18  4.604E-18
6.855E+02  4.482E-28  8.150E-18  3.416E-18  4.734E-18
6.792E+02  4.664E-28  8.403E-18  3.536E-18  4.867E-18
6.730E+02  4.853E-28  8.663E-18  3.660E-18  5.003E-18
6.668E+02  5.049E-28  8.931E-18  3.788E-18  5.143E-18
6.607E+02  5.254E-28  9.207E-18  3.921E-18  5.286E-18
6.546E+02  5.467E-28  9.493E-18  4.058E-18  5.435E-18
6.486E+02  5.689E-28  9.788E-18  4.200E-18  5.588E-18
6.427E+02  5.920E-28  1.009E-17  4.347E-18  5.746E-18
6.368E+02  6.161E-28  1.041E-17  4.500E-18  5.907E-18
6.310E+02  6.412E-28  1.073E-17  4.657E-18  6.074E-18
6.252E+02  6.672E-28  1.106E-17  4.820E-18  6.245E-18
6.194E+02  6.943E-28  1.141E-17  4.988E-18  6.420E-18
6.138E+02  7.226E-28  1.176E-17  5.163E-18  6.601E-18
6.081E+02  7.520E-28  1.213E-17  5.343E-18  6.787E-18
6.026E+02  7.825E-28  1.251E-17  5.530E-18  6.978E-18
5.970E+02  8.144E-28  1.290E-17  5.723E-18  7.174E-18
5.916E+02  8.475E-28  1.330E-17  5.922E-18  7.376E-18
5.861E+02  8.819E-28  1.371E-17  6.129E-18  7.583E-18
5.808E+02  9.178E-28  1.414E-17  6.343E-18  7.796E-18
5.754E+02  9.551E-28  1.458E-17  6.564E-18  8.015E-18
5.702E+02  9.940E-28  1.503E-17  6.792E-18  8.240E-18
5.649E+02  1.034E-27  1.550E-17  7.029E-18  8.471E-18
5.598E+02  1.076E-27  1.598E-17  7.273E-18  8.709E-18
5.546E+02  1.120E-27  1.648E-17  7.526E-18  8.954E-18
5.495E+02  1.166E-27  1.699E-17  7.788E-18  9.205E-18
5.445E+02  1.213E-27  1.752E-17  8.059E-18  9.464E-18
5.395E+02  1.262E-27  1.807E-17  8.338E-18  9.728E-18
5.346E+02  1.314E-27  1.863E-17  8.628E-18  1.000E-17
5.297E+02  1.367E-27  1.921E-17  8.927E-18  1.028E-17
5.248E+02  1.423E-27  1.981E-17  9.237E-18  1.057E-17
5.200E+02  1.481E-27  2.042E-17  9.557E-18  1.087E-17
5.152E+02  1.541E-27  2.106E-17  9.888E-18  1.117E-17
5.105E+02  1.604E-27  2.171E-17  1.023E-17  1.149E-17
5.058E+02  1.669E-27  2.239E-17  1.058E-17  1.181E-17
5.012E+02  1.736E-27  2.308E-17  1.095E-17  1.214E-17
4.966E+02  1.807E-27  2.380E-17  1.133E-17  1.247E-17
4.920E+02  1.880E-27  2.454E-17  1.172E-17  1.282E-17
4.875E+02  1.957E-27  2.531E-17  1.212E-17  1.318E-17
4.831E+02  2.036E-27  2.609E-17  1.254E-17  1.355E-17
4.786E+02  2.119E-27  2.690E-17  1.297E-17  1.393E-17
4.742E+02  2.205E-27  2.773E-17  1.342E-17  1.431E-17
4.699E+02  2.294E-27  2.859E-17  1.388E-17  1.471E-17
4.656E+02  2.387E-27  2.948E-17  1.436E-17  1.512E-17
4.613E+02  2.484E-27  3.039E-17  1.485E-17  1.554E-17
4.571E+02  2.585E-27  3.134E-17  1.536E-17  1.598E-17
4.529E+02  2.689E-27  3.231E-17  1.589E-17  1.642E-17
4.487E+02  2.798E-27  3.330E-17  1.643E-17  1.687E-17
4.446E+02  2.911E-27  3.433E-17  1.700E-17  1.734E-17
4.406E+02  3.029E-27  3.540E-17  1.758E-17  1.782E-17
4.365E+02  3.152E-27  3.649E-17  1.818E-17  1.831E-17
4.325E+02  3.279E-27  3.762E-17  1.880E-17  1.882E-17
4.285E+02  3.412E-27  3.878E-17  1.944E-17  1.934E-17
4.246E+02  3.550E-27  3.998E-17  2.011E-17  1.988E-17
4.207E+02  3.692E-27  4.120E-17  2.079E-17  2.041E-17
4.169E+02  3.841E-27  4.247E-17  2.150E-17  2.098E-17
4.130E+02  3.995E-27  4.377E-17  2.223E-17  2.154E-17
4.093E+02  4.156E-27  4.512E-17  2.299E-17  2.213E-17
4.055E+02  4.324E-27  4.651E-17  2.377E-17  2.275E-17
4.018E+02  4.499E-27  4.795E-17  2.457E-17  2.337E-17
3.981E+02  4.677E-27  4.939E-17  2.541E-17  2.399E-17
3.945E+02  4.866E-27  5.092E-17  2.627E-17  2.465E-17
3.908E+02  5.063E-27  5.249E-17  2.716E-17  2.533E-17
3.873E+02  5.267E-27  5.411E-17  2.807E-17  2.603E-17
3.837E+02  5.480E-27  5.578E-17  2.902E-17  2.675E-17
3.802E+02  5.701E-27  5.749E-17  3.000E-17  2.749E-17
3.767E+02  5.929E-27  5.924E-17  3.101E-17  2.823E-17
3.733E+02  6.162E-27  6.101E-17  3.206E-17  2.895E-17
3.698E+02  6.410E-27  6.288E-17  3.314E-17  2.975E-17
3.664E+02  6.668E-27  6.482E-17  3.425E-17  3.057E-17
3.631E+02  6.937E-27  6.681E-17  3.540E-17  3.141E-17
3.597E+02  7.208E-27  6.879E-17  3.659E-17  3.220E-17
3.565E+02  7.498E-27  7.089E-17  3.781E-17  3.308E-17
3.532E+02  7.789E-27  7.297E-17  3.908E-17  3.389E-17
3.499E+02  8.103E-27  7.521E-17  4.039E-17  3.483E-17
3.467E+02  8.426E-27  7.750E-17  4.174E-17  3.576E-17
3.436E+02  8.764E-27  7.987E-17  4.313E-17  3.674E-17
3.404E+02  9.116E-27  8.231E-17  4.457E-17  3.775E-17
3.373E+02  9.481E-27  8.483E-17  4.605E-17  3.878E-17
3.342E+02  9.861E-27  8.741E-17  4.758E-17  3.984E-17
3.311E+02  1.026E-26  9.008E-17  4.916E-17  4.093E-17
3.281E+02  1.065E-26  9.267E-17  5.079E-17  4.188E-17
3.251E+02  1.106E-26  9.540E-17  5.247E-17  4.293E-17
3.221E+02  1.151E-26  9.830E-17  5.421E-17  4.410E-17
3.192E+02  1.197E-26  1.013E-16  5.600E-17  4.530E-17
3.162E+02  1.244E-26  1.044E-16  5.785E-17  4.653E-17
3.133E+02  1.288E-26  1.071E-16  5.975E-17  4.733E-17
3.105E+02  1.340E-26  1.103E-16  6.172E-17  4.861E-17
3.076E+02  1.393E-26  1.137E-16  6.375E-17  4.993E-17
3.048E+02  1.448E-26  1.171E-16  6.584E-17  5.126E-17
3.020E+02  1.506E-26  1.207E-16  6.800E-17  5.265E-17
2.992E+02  1.565E-26  1.242E-16  7.023E-17  5.400E-17
2.965E+02  1.627E-26  1.280E-16  7.250E-17  5.546E-17
2.938E+02  1.692E-26  1.318E-16  7.487E-17  5.695E-17
2.911E+02  1.759E-26  1.358E-16  7.731E-17  5.849E-17
2.884E+02  1.823E-26  1.395E-16  7.983E-17  5.964E-17
2.858E+02  1.895E-26  1.437E-16  8.242E-17  6.124E-17
2.831E+02  1.970E-26  1.480E-16  8.510E-17  6.289E-17
2.805E+02  2.046E-26  1.522E-16  8.786E-17  6.437E-17
2.780E+02  2.119E-26  1.562E-16  9.070E-17  6.553E-17
2.754E+02  2.202E-26  1.609E-16  9.364E-17  6.725E-17
2.729E+02  2.281E-26  1.651E-16  9.666E-17  6.844E-17
2.704E+02  2.371E-26  1.701E-16  9.977E-17  7.029E-17
2.679E+02  2.465E-26  1.752E-16  1.030E-16  7.219E-17
2.655E+02  2.562E-26  1.804E-16  1.063E-16  7.411E-17
2.630E+02  2.660E-26  1.856E-16  1.096E-16  7.603E-17
2.606E+02  2.765E-26  1.912E-16  1.131E-16  7.808E-17
2.582E+02  2.871E-26  1.967E-16  1.167E-16  7.996E-17
2.559E+02  2.972E-26  2.017E-16  1.204E-16  8.130E-17
2.535E+02  3.088E-26  2.076E-16  1.242E-16  8.342E-17
2.512E+02  3.208E-26  2.138E-16  1.282E-16  8.560E-17
2.489E+02  3.331E-26  2.199E-16  1.322E-16  8.769E-17
2.466E+02  3.446E-26  2.254E-16  1.364E-16  8.896E-17
2.443E+02  3.577E-26  2.318E-16  1.408E-16  9.107E-17
2.421E+02  3.705E-26  2.379E-16  1.452E-16  9.273E-17
2.399E+02  3.842E-26  2.445E-16  1.498E-16  9.468E-17
2.377E+02  3.986E-26  2.513E-16  1.545E-16  9.682E-17
2.355E+02  4.112E-26  2.569E-16  1.594E-16  9.751E-17
2.333E+02  4.266E-26  2.640E-16  1.644E-16  9.968E-17
2.312E+02  4.417E-26  2.709E-16  1.690E-16  1.019E-16
2.291E+02  4.582E-26  2.784E-16  1.742E-16  1.042E-16
2.270E+02  4.753E-26  2.862E-16  1.797E-16  1.065E-16
2.249E+02  4.925E-26  2.938E-16  1.853E-16  1.085E-16
2.228E+02  5.074E-26  3.000E-16  1.908E-16  1.092E-16
2.208E+02  5.264E-26  3.083E-16  1.967E-16  1.116E-16
2.188E+02  5.439E-26  3.157E-16  2.028E-16  1.129E-16
2.168E+02  5.640E-26  3.243E-16  2.090E-16  1.152E-16
2.148E+02  5.849E-26  3.332E-16  2.154E-16  1.178E-16
2.128E+02  6.062E-26  3.422E-16  2.221E-16  1.201E-16
2.109E+02  6.286E-26  3.516E-16  2.289E-16  1.227E-16
2.089E+02  6.500E-26  3.602E-16  2.359E-16  1.243E-16
2.070E+02  6.738E-26  3.700E-16  2.431E-16  1.269E-16
2.051E+02  6.898E-26  3.753E-16  2.486E-16  1.267E-16
2.032E+02  7.152E-26  3.856E-16  2.562E-16  1.294E-16
2.014E+02  7.412E-26  3.959E-16  2.640E-16  1.319E-16
1.995E+02  7.683E-26  4.066E-16  2.720E-16  1.346E-16
1.977E+02  7.965E-26  4.177E-16  2.802E-16  1.375E-16
1.959E+02  8.225E-26  4.274E-16  2.887E-16  1.387E-16
1.941E+02  8.503E-26  4.377E-16  2.962E-16  1.416E-16
1.923E+02  8.775E-26  4.477E-16  3.051E-16  1.426E-16
1.905E+02  9.079E-26  4.589E-16  3.142E-16  1.447E-16
1.888E+02  9.411E-26  4.713E-16  3.236E-16  1.477E-16
1.871E+02  9.754E-26  4.840E-16  3.333E-16  1.507E-16
1.854E+02  1.010E-25  4.965E-16  3.429E-16  1.537E-16
1.837E+02  1.046E-25  5.097E-16  3.531E-16  1.566E-16
1.820E+02  1.084E-25  5.230E-16  3.635E-16  1.595E-16
1.803E+02  1.107E-25  5.297E-16  3.685E-16  1.611E-16
1.786E+02  1.147E-25  5.437E-16  3.794E-16  1.643E-16
1.770E+02  1.181E-25  5.545E-16  3.906E-16  1.639E-16
1.754E+02  1.222E-25  5.685E-16  4.021E-16  1.665E-16
1.738E+02  1.266E-25  5.836E-16  4.138E-16  1.698E-16
1.722E+02  1.307E-25  5.970E-16  4.259E-16  1.710E-16
1.706E+02  1.351E-25  6.115E-16  4.383E-16  1.731E-16
1.690E+02  1.390E-25  6.231E-16  4.468E-16  1.763E-16
1.675E+02  1.439E-25  6.395E-16  4.597E-16  1.797E-16
1.660E+02  1.491E-25  6.563E-16  4.731E-16  1.832E-16
1.644E+02  1.542E-25  6.726E-16  4.867E-16  1.860E-16
1.629E+02  1.594E-25  6.890E-16  5.007E-16  1.883E-16
1.614E+02  1.651E-25  7.069E-16  5.150E-16  1.919E-16
1.600E+02  1.677E-25  7.117E-16  5.162E-16  1.955E-16
1.585E+02  1.733E-25  7.284E-16  5.292E-16  1.993E-16
1.570E+02  1.792E-25  7.466E-16  5.440E-16  2.026E-16
1.556E+02  1.851E-25  7.641E-16  5.594E-16  2.047E-16
1.542E+02  1.916E-25  7.834E-16  5.753E-16  2.081E-16
1.528E+02  1.973E-25  7.994E-16  5.916E-16  2.078E-16
1.514E+02  2.039E-25  8.186E-16  6.083E-16  2.104E-16
1.500E+02  2.104E-25  8.369E-16  6.253E-16  2.116E-16
1.486E+02  2.121E-25  8.359E-16  6.204E-16  2.155E-16
1.472E+02  2.195E-25  8.572E-16  6.378E-16  2.194E-16
1.459E+02  2.238E-25  8.659E-16  6.430E-16  2.230E-16
1.445E+02  2.316E-25  8.880E-16  6.609E-16  2.271E-16
1.432E+02  2.396E-25  9.102E-16  6.792E-16  2.310E-16
1.419E+02  2.409E-25  9.067E-16  6.716E-16  2.352E-16
1.406E+02  2.491E-25  9.289E-16  6.901E-16  2.387E-16
1.393E+02  2.572E-25  9.503E-16  7.088E-16  2.415E-16
1.380E+02  2.660E-25  9.739E-16  7.282E-16  2.457E-16
1.368E+02  2.751E-25  9.982E-16  7.482E-16  2.500E-16
1.355E+02  2.825E-25  1.015E-15  7.609E-16  2.544E-16
1.343E+02  2.917E-25  1.039E-15  7.800E-16  2.589E-16
1.330E+02  3.011E-25  1.063E-15  8.012E-16  2.613E-16
1.318E+02  3.105E-25  1.086E-15  8.229E-16  2.627E-16
1.306E+02  3.199E-25  1.108E-15  8.451E-16  2.631E-16
1.294E+02  3.308E-25  1.135E-15  8.679E-16  2.676E-16
1.282E+02  3.417E-25  1.162E-15  8.911E-16  2.712E-16
1.271E+02  3.447E-25  1.162E-15  8.862E-16  2.756E-16
1.259E+02  3.564E-25  1.190E-15  9.099E-16  2.803E-16
1.247E+02  3.683E-25  1.219E-15  9.341E-16  2.846E-16
1.236E+02  3.807E-25  1.248E-15  9.589E-16  2.893E-16
1.225E+02  3.832E-25  1.245E-15  9.508E-16  2.940E-16
1.213E+02  3.960E-25  1.275E-15  9.759E-16  2.988E-16
1.202E+02  4.093E-25  1.305E-15  1.001E-15  3.037E-16
1.191E+02  4.218E-25  1.333E-15  1.026E-15  3.071E-16
1.180E+02  4.356E-25  1.364E-15  1.052E-15  3.118E-16
1.169E+02  4.499E-25  1.396E-15  1.079E-15  3.162E-16
1.159E+02  4.566E-25  1.404E-15  1.082E-15  3.212E-16
1.148E+02  4.696E-25  1.430E-15  1.104E-15  3.263E-16
1.138E+02  4.841E-25  1.461E-15  1.132E-15  3.286E-16
1.127E+02  4.838E-25  1.447E-15  1.117E-15  3.298E-16
1.117E+02  4.996E-25  1.480E-15  1.146E-15  3.345E-16
1.107E+02  5.160E-25  1.515E-15  1.175E-15  3.398E-16
1.096E+02  5.327E-25  1.549E-15  1.205E-15  3.444E-16
1.086E+02  5.501E-25  1.585E-15  1.236E-15  3.496E-16
1.076E+02  5.672E-25  1.619E-15  1.265E-15  3.549E-16
1.067E+02  5.856E-25  1.657E-15  1.296E-15  3.604E-16
1.057E+02  6.045E-25  1.695E-15  1.329E-15  3.657E-16
1.047E+02  6.241E-25  1.733E-15  1.362E-15  3.712E-16
1.038E+02  6.441E-25  1.773E-15  1.396E-15  3.767E-16
1.028E+02  6.528E-25  1.780E-15  1.398E-15  3.824E-16
1.019E+02  6.563E-25  1.773E-15  1.386E-15  3.868E-16
1.009E+02  6.746E-25  1.806E-15  1.414E-15  3.922E-16
1.000E+02  6.962E-25  1.847E-15  1.449E-15  3.981E-16
9.908E+01  6.947E-25  1.826E-15  1.423E-15  4.032E-16
9.817E+01  7.169E-25  1.867E-15  1.458E-15  4.091E-16
9.727E+01  7.300E-25  1.884E-15  1.473E-15  4.105E-16
9.638E+01  7.532E-25  1.926E-15  1.509E-15  4.164E-16
9.550E+01  7.768E-25  1.968E-15  1.546E-15  4.218E-16
9.462E+01  8.013E-25  2.011E-15  1.583E-15  4.278E-16
9.376E+01  8.248E-25  2.051E-15  1.617E-15  4.339E-16
9.290E+01  8.503E-25  2.095E-15  1.656E-15  4.396E-16
9.204E+01  8.763E-25  2.139E-15  1.694E-15  4.457E-16
9.120E+01  9.035E-25  2.186E-15  1.734E-15  4.517E-16
9.036E+01  9.316E-25  2.233E-15  1.775E-15  4.580E-16
8.954E+01  9.604E-25  2.281E-15  1.817E-15  4.641E-16
8.872E+01  9.898E-25  2.329E-15  1.859E-15  4.704E-16
8.790E+01  1.018E-24  2.374E-15  1.897E-15  4.768E-16
8.710E+01  1.024E-24  2.366E-15  1.883E-15  4.826E-16
8.630E+01  1.055E-24  2.414E-15  1.925E-15  4.892E-16
8.551E+01  1.086E-24  2.464E-15  1.969E-15  4.951E-16
8.472E+01  1.067E-24  2.398E-15  1.896E-15  5.018E-16
8.395E+01  1.098E-24  2.445E-15  1.936E-15  5.083E-16
8.318E+01  1.131E-24  2.495E-15  1.981E-15  5.139E-16
8.241E+01  1.147E-24  2.509E-15  1.991E-15  5.179E-16
8.166E+01  1.181E-24  2.558E-15  2.034E-15  5.247E-16
8.091E+01  1.212E-24  2.602E-15  2.071E-15  5.312E-16
8.017E+01  1.249E-24  2.656E-15  2.118E-15  5.379E-16
7.943E+01  1.286E-24  2.710E-15  2.166E-15  5.442E-16
7.870E+01  1.325E-24  2.766E-15  2.215E-15  5.512E-16
7.798E+01  1.362E-24  2.816E-15  2.258E-15  5.582E-16
7.727E+01  1.401E-24  2.872E-15  2.307E-15  5.649E-16
7.656E+01  1.439E-24  2.921E-15  2.349E-15  5.720E-16
7.586E+01  1.473E-24  2.963E-15  2.385E-15  5.790E-16
7.516E+01  1.516E-24  3.023E-15  2.436E-15  5.861E-16
7.447E+01  1.559E-24  3.079E-15  2.486E-15  5.933E-16
7.379E+01  1.545E-24  3.024E-15  2.424E-15  5.998E-16
7.311E+01  1.589E-24  3.082E-15  2.475E-15  6.066E-16
7.244E+01  1.584E-24  3.045E-15  2.431E-15  6.139E-16
7.178E+01  1.609E-24  3.063E-15  2.442E-15  6.209E-16
7.112E+01  1.648E-24  3.109E-15  2.481E-15  6.280E-16
7.047E+01  1.696E-24  3.170E-15  2.535E-15  6.343E-16
6.982E+01  1.733E-24  3.210E-15  2.569E-15  6.410E-16
6.918E+01  1.784E-24  3.273E-15  2.625E-15  6.484E-16
6.855E+01  1.835E-24  3.336E-15  2.681E-15  6.554E-16
6.792E+01  1.885E-24  3.397E-15  2.734E-15  6.627E-16
6.730E+01  1.939E-24  3.462E-15  2.792E-15  6.697E-16
6.668E+01  1.994E-24  3.527E-15  2.849E-15  6.772E-16
6.607E+01  2.045E-24  3.584E-15  2.899E-15  6.848E-16
6.546E+01  2.065E-24  3.585E-15  2.893E-15  6.922E-16
6.486E+01  2.123E-24  3.653E-15  2.954E-15  6.996E-16
6.427E+01  2.183E-24  3.722E-15  3.015E-15  7.070E-16
6.368E+01  2.241E-24  3.785E-15  3.070E-15  7.146E-16
6.310E+01  2.275E-24  3.807E-15  3.085E-15  7.221E-16
6.252E+01  2.338E-24  3.878E-15  3.148E-15  7.297E-16
6.194E+01  2.403E-24  3.949E-15  3.212E-15  7.366E-16
6.138E+01  2.467E-24  4.016E-15  3.272E-15  7.443E-16
6.081E+01  2.534E-24  4.088E-15  3.336E-15  7.518E-16
6.026E+01  2.591E-24  4.141E-15  3.382E-15  7.595E-16
5.970E+01  2.641E-24  4.183E-15  3.416E-15  7.667E-16
5.916E+01  2.714E-24  4.259E-15  3.484E-15  7.744E-16
5.861E+01  2.763E-24  4.295E-15  3.513E-15  7.819E-16
5.808E+01  2.821E-24  4.346E-15  3.557E-15  7.891E-16
5.754E+01  2.895E-24  4.419E-15  3.622E-15  7.966E-16
5.702E+01  2.967E-24  4.487E-15  3.683E-15  8.040E-16
5.649E+01  3.045E-24  4.563E-15  3.751E-15  8.115E-16
5.598E+01  3.123E-24  4.636E-15  3.818E-15  8.186E-16
5.546E+01  3.193E-24  4.697E-15  3.871E-15  8.261E-16
5.495E+01  3.277E-24  4.778E-15  3.944E-15  8.336E-16
5.445E+01  3.362E-24  4.857E-15  4.016E-15  8.409E-16
5.395E+01  3.441E-24  4.924E-15  4.075E-15  8.485E-16
5.346E+01  3.531E-24  5.007E-15  4.151E-15  8.560E-16
5.297E+01  3.601E-24  5.059E-15  4.196E-15  8.630E-16
5.248E+01  3.690E-24  5.137E-15  4.267E-15  8.704E-16
5.200E+01  3.769E-24  5.199E-15  4.321E-15  8.778E-16
5.152E+01  3.866E-24  5.284E-15  4.399E-15  8.847E-16
5.105E+01  3.927E-24  5.318E-15  4.426E-15  8.918E-16
5.058E+01  4.027E-24  5.404E-15  4.505E-15  8.989E-16
5.012E+01  4.108E-24  5.461E-15  4.555E-15  9.059E-16
4.966E+01  4.207E-24  5.542E-15  4.629E-15  9.129E-16
4.920E+01  4.313E-24  5.629E-15  4.710E-15  9.197E-16
4.875E+01  4.408E-24  5.700E-15  4.773E-15  9.265E-16
4.831E+01  4.514E-24  5.785E-15  4.852E-15  9.331E-16
4.786E+01  4.625E-24  5.871E-15  4.932E-15  9.397E-16
4.742E+01  4.738E-24  5.961E-15  5.014E-15  9.463E-16
4.699E+01  4.851E-24  6.046E-15  5.093E-15  9.529E-16
4.656E+01  4.951E-24  6.115E-15  5.155E-15  9.593E-16
4.613E+01  5.065E-24  6.197E-15  5.232E-15  9.658E-16
4.571E+01  5.183E-24  6.284E-15  5.312E-15  9.722E-16
4.529E+01  5.295E-24  6.361E-15  5.382E-15  9.784E-16
4.487E+01  5.420E-24  6.452E-15  5.467E-15  9.847E-16
4.446E+01  5.539E-24  6.533E-15  5.542E-15  9.909E-16
4.406E+01  5.644E-24  6.595E-15  5.598E-15  9.970E-16
4.365E+01  5.767E-24  6.677E-15  5.674E-15  1.003E-15
4.325E+01  5.897E-24  6.766E-15  5.757E-15  1.009E-15
4.285E+01  6.014E-24  6.837E-15  5.822E-15  1.015E-15
4.246E+01  6.134E-24  6.909E-15  5.889E-15  1.021E-15
4.207E+01  6.255E-24  6.981E-15  5.955E-15  1.026E-15
4.169E+01  6.393E-24  7.069E-15  6.037E-15  1.032E-15
4.130E+01  6.525E-24  7.149E-15  6.112E-15  1.037E-15
4.093E+01  6.655E-24  7.224E-15  6.182E-15  1.042E-15
4.055E+01  6.791E-24  7.305E-15  6.258E-15  1.047E-15
4.018E+01  6.929E-24  7.385E-15  6.333E-15  1.052E-15
3.981E+01  7.076E-24  7.472E-15  6.416E-15  1.057E-15
3.945E+01  7.223E-24  7.558E-15  6.497E-15  1.061E-15
3.908E+01  7.370E-24  7.641E-15  6.575E-15  1.065E-15
3.873E+01  7.519E-24  7.724E-15  6.655E-15  1.070E-15
3.837E+01  7.664E-24  7.800E-15  6.727E-15  1.074E-15
3.802E+01  7.809E-24  7.875E-15  6.797E-15  1.078E-15
3.767E+01  7.951E-24  7.945E-15  6.864E-15  1.081E-15
3.733E+01  8.095E-24  8.015E-15  6.931E-15  1.084E-15
3.698E+01  8.252E-24  8.095E-15  7.009E-15  1.087E-15
3.664E+01  8.413E-24  8.178E-15  7.089E-15  1.089E-15
3.631E+01  8.573E-24  8.256E-15  7.165E-15  1.092E-15
3.597E+01  8.704E-24  8.306E-15  7.212E-15  1.094E-15
3.565E+01  8.868E-24  8.385E-15  7.289E-15  1.096E-15
3.532E+01  9.034E-24  8.463E-15  7.365E-15  1.099E-15
3.499E+01  9.191E-24  8.532E-15  7.431E-15  1.101E-15
3.467E+01  9.344E-24  8.594E-15  7.491E-15  1.103E-15
3.436E+01  9.516E-24  8.672E-15  7.567E-15  1.105E-15
3.404E+01  9.679E-24  8.740E-15  7.633E-15  1.107E-15
3.373E+01  9.841E-24  8.805E-15  7.696E-15  1.109E-15
3.342E+01  1.002E-23  8.880E-15  7.769E-15  1.111E-15
3.311E+01  1.019E-23  8.954E-15  7.842E-15  1.113E-15
3.281E+01  1.037E-23  9.029E-15  7.914E-15  1.115E-15
3.251E+01  1.054E-23  9.087E-15  7.970E-15  1.117E-15
3.221E+01  1.072E-23  9.161E-15  8.041E-15  1.119E-15
3.192E+01  1.090E-23  9.227E-15  8.106E-15  1.122E-15
3.162E+01  1.107E-23  9.288E-15  8.165E-15  1.124E-15
3.133E+01  1.126E-23  9.361E-15  8.236E-15  1.125E-15
3.105E+01  1.144E-23  9.419E-15  8.292E-15  1.127E-15
3.076E+01  1.163E-23  9.486E-15  8.356E-15  1.129E-15
3.048E+01  1.182E-23  9.555E-15  8.424E-15  1.131E-15
3.020E+01  1.201E-23  9.621E-15  8.488E-15  1.133E-15
2.992E+01  1.221E-23  9.694E-15  8.560E-15  1.135E-15
2.965E+01  1.240E-23  9.755E-15  8.619E-15  1.136E-15
2.938E+01  1.261E-23  9.825E-15  8.688E-15  1.137E-15
2.911E+01  1.281E-23  9.890E-15  8.752E-15  1.138E-15
2.884E+01  1.301E-23  9.956E-15  8.818E-15  1.139E-15
2.858E+01  1.322E-23  1.002E-14  8.885E-15  1.139E-15
2.831E+01  1.344E-23  1.009E-14  8.955E-15  1.140E-15
2.805E+01  1.366E-23  1.017E-14  9.027E-15  1.141E-15
2.780E+01  1.389E-23  1.024E-14  9.102E-15  1.141E-15
2.754E+01  1.412E-23  1.032E-14  9.174E-15  1.142E-15
2.729E+01  1.434E-23  1.038E-14  9.235E-15  1.142E-15
2.704E+01  1.458E-23  1.046E-14  9.314E-15  1.142E-15
2.679E+01  1.483E-23  1.054E-14  9.393E-15  1.143E-15
2.655E+01  1.507E-23  1.061E-14  9.466E-15  1.143E-15
2.630E+01  1.532E-23  1.069E-14  9.545E-15  1.143E-15
2.606E+01  1.556E-23  1.076E-14  9.616E-15  1.143E-15
2.582E+01  1.583E-23  1.084E-14  9.699E-15  1.143E-15
2.559E+01  1.610E-23  1.093E-14  9.783E-15  1.143E-15
2.535E+01  1.637E-23  1.101E-14  9.868E-15  1.143E-15
2.512E+01  1.666E-23  1.110E-14  9.956E-15  1.142E-15
2.489E+01  1.694E-23  1.118E-14  1.004E-14  1.142E-15
2.466E+01  1.723E-23  1.127E-14  1.013E-14  1.141E-15
2.443E+01  1.752E-23  1.135E-14  1.021E-14  1.140E-15
2.421E+01  1.782E-23  1.145E-14  1.031E-14  1.139E-15
2.399E+01  1.814E-23  1.154E-14  1.040E-14  1.136E-15
2.377E+01  1.845E-23  1.163E-14  1.050E-14  1.134E-15
2.355E+01  1.877E-23  1.173E-14  1.059E-14  1.134E-15
2.333E+01  1.910E-23  1.183E-14  1.069E-14  1.132E-15
2.312E+01  1.945E-23  1.193E-14  1.080E-14  1.129E-15
2.291E+01  1.979E-23  1.202E-14  1.090E-14  1.126E-15
2.270E+01  2.014E-23  1.212E-14  1.100E-14  1.125E-15
2.249E+01  2.051E-23  1.224E-14  1.111E-14  1.126E-15
2.228E+01  2.088E-23  1.235E-14  1.122E-14  1.127E-15
2.208E+01  2.127E-23  1.246E-14  1.133E-14  1.127E-15
2.188E+01  2.165E-23  1.257E-14  1.144E-14  1.125E-15
2.168E+01  2.204E-23  1.267E-14  1.155E-14  1.122E-15
2.148E+01  2.245E-23  1.279E-14  1.167E-14  1.119E-15
2.128E+01  2.286E-23  1.291E-14  1.179E-14  1.117E-15
2.109E+01  2.329E-23  1.303E-14  1.191E-14  1.116E-15
2.089E+01  2.373E-23  1.315E-14  1.203E-14  1.115E-15
2.070E+01  2.417E-23  1.327E-14  1.216E-14  1.112E-15
2.051E+01  2.463E-23  1.340E-14  1.229E-14  1.109E-15
2.032E+01  2.510E-23  1.353E-14  1.243E-14  1.107E-15
2.014E+01  2.560E-23  1.368E-14  1.257E-14  1.109E-15
1.995E+01  2.613E-23  1.383E-14  1.272E-14  1.110E-15
1.977E+01  2.669E-23  1.399E-14  1.288E-14  1.110E-15
1.959E+01  2.728E-23  1.417E-14  1.307E-14  1.107E-15
1.941E+01  2.799E-23  1.441E-14  1.331E-14  1.103E-15
1.923E+01  2.896E-23  1.477E-14  1.368E-14  1.095E-15
1.905E+01  3.074E-23  1.554E-14  1.445E-14  1.086E-15
1.888E+01  3.232E-23  1.619E-14  1.511E-14  1.073E-15
1.871E+01  3.139E-23  1.557E-14  1.452E-14  1.057E-15
1.854E+01  3.147E-23  1.547E-14  1.443E-14  1.039E-15
1.837E+01  3.217E-23  1.567E-14  1.466E-14  1.018E-15
1.820E+01  3.330E-23  1.608E-14  1.508E-14  9.949E-16
1.803E+01  3.518E-23  1.683E-14  1.586E-14  9.698E-16
1.786E+01  3.807E-23  1.804E-14  1.710E-14  9.428E-16
1.770E+01  3.905E-23  1.833E-14  1.742E-14  9.139E-16
1.754E+01  4.207E-23  1.957E-14  1.869E-14  8.830E-16
1.738E+01  4.854E-23  2.238E-14  2.153E-14  8.510E-16
1.722E+01  4.851E-23  2.216E-14  2.134E-14  8.181E-16
1.706E+01  4.947E-23  2.239E-14  2.160E-14  7.858E-16
1.690E+01  4.888E-23  2.192E-14  2.116E-14  7.534E-16
1.675E+01  4.734E-23  2.103E-14  2.031E-14  7.211E-16
1.660E+01  4.865E-23  2.142E-14  2.073E-14  6.884E-16
1.644E+01  5.683E-23  2.479E-14  2.413E-14  6.561E-16
1.629E+01  4.425E-23  1.912E-14  1.850E-14  6.245E-16
1.614E+01  3.928E-23  1.682E-14  1.623E-14  5.943E-16
1.600E+01  3.778E-23  1.603E-14  1.547E-14  5.652E-16
1.585E+01  3.694E-23  1.553E-14  1.499E-14  5.372E-16
1.570E+01  3.590E-23  1.495E-14  1.444E-14  5.105E-16
1.556E+01  3.534E-23  1.458E-14  1.410E-14  4.850E-16
1.542E+01  3.503E-23  1.433E-14  1.387E-14  4.610E-16
1.528E+01  3.487E-23  1.413E-14  1.369E-14  4.382E-16
1.514E+01  3.481E-23  1.397E-14  1.356E-14  4.169E-16
1.500E+01  3.485E-23  1.386E-14  1.347E-14  3.972E-16
1.486E+01  3.500E-23  1.379E-14  1.342E-14  3.784E-16
1.472E+01  3.532E-23  1.380E-14  1.344E-14  3.606E-16
1.459E+01  3.596E-23  1.391E-14  1.357E-14  3.439E-16
1.445E+01  3.725E-23  1.428E-14  1.395E-14  3.296E-16
1.432E+01  3.999E-23  1.519E-14  1.488E-14  3.175E-16
1.419E+01  4.314E-23  1.624E-14  1.593E-14  3.081E-16
1.406E+01  4.192E-23  1.564E-14  1.533E-14  3.017E-16
1.393E+01  4.160E-23  1.537E-14  1.507E-14  2.986E-16
1.380E+01  4.386E-23  1.606E-14  1.576E-14  2.981E-16
1.368E+01  4.863E-23  1.764E-14  1.734E-14  3.005E-16
1.355E+01  5.468E-23  1.965E-14  1.935E-14  3.047E-16
1.343E+01  5.662E-23  2.017E-14  1.986E-14  3.101E-16
1.330E+01  5.395E-23  1.904E-14  1.872E-14  3.158E-16
1.318E+01  5.287E-23  1.849E-14  1.817E-14  3.221E-16
1.306E+01  5.592E-23  1.938E-14  1.905E-14  3.282E-16
1.294E+01  6.421E-23  2.204E-14  2.171E-14  3.348E-16
1.282E+01  7.924E-23  2.696E-14  2.661E-14  3.427E-16
1.271E+01  9.837E-23  3.315E-14  3.280E-14  3.512E-16
1.259E+01  1.051E-22  3.510E-14  3.474E-14  3.599E-16
1.247E+01  9.244E-23  3.059E-14  3.022E-14  3.686E-16
1.236E+01  7.918E-23  2.596E-14  2.558E-14  3.771E-16
1.225E+01  7.491E-23  2.433E-14  2.395E-14  3.849E-16
1.213E+01  7.883E-23  2.537E-14  2.498E-14  3.938E-16
1.202E+01  8.435E-23  2.690E-14  2.649E-14  4.042E-16
1.191E+01  8.166E-23  2.580E-14  2.539E-14  4.145E-16
1.180E+01  7.432E-23  2.327E-14  2.284E-14  4.249E-16
1.169E+01  7.262E-23  2.253E-14  2.209E-14  4.348E-16
1.159E+01  8.249E-23  2.536E-14  2.491E-14  4.431E-16
1.148E+01  1.115E-22  3.396E-14  3.351E-14  4.512E-16
1.138E+01  1.602E-22  4.835E-14  4.789E-14  4.604E-16
1.127E+01  2.137E-22  6.389E-14  6.342E-14  4.702E-16
1.117E+01  1.514E-22  4.484E-14  4.436E-14  4.810E-16
1.107E+01  7.834E-23  2.300E-14  2.250E-14  4.921E-16
1.096E+01  5.410E-23  1.574E-14  1.523E-14  5.024E-16
1.086E+01  4.296E-23  1.238E-14  1.187E-14  5.135E-16
1.076E+01  3.712E-23  1.060E-14  1.007E-14  5.266E-16
1.067E+01  3.369E-23  9.531E-15  8.990E-15  5.416E-16
1.057E+01  3.072E-23  8.611E-15  8.053E-15  5.582E-16
1.047E+01  2.877E-23  7.990E-15  7.416E-15  5.738E-16
1.038E+01  2.748E-23  7.562E-15  6.977E-15  5.857E-16
1.028E+01  2.658E-23  7.249E-15  6.656E-15  5.929E-16
1.019E+01  2.595E-23  7.011E-15  6.415E-15  5.961E-16
1.009E+01  2.553E-23  6.833E-15  6.236E-15  5.973E-16
1.000E+01  2.528E-23  6.705E-15  6.107E-15  5.983E-16
9.908E+00  2.519E-23  6.621E-15  6.020E-15  6.007E-16
9.817E+00  2.526E-23  6.578E-15  5.974E-15  6.038E-16
9.727E+00  2.548E-23  6.574E-15  5.967E-15  6.072E-16
9.638E+00  2.586E-23  6.611E-15  6.000E-15  6.100E-16
9.550E+00  2.640E-23  6.688E-15  6.079E-15  6.087E-16
9.462E+00  2.714E-23  6.812E-15  6.210E-15  6.015E-16
9.376E+00  2.811E-23  6.992E-15  6.405E-15  5.869E-16
9.290E+00  2.941E-23  7.247E-15  6.682E-15  5.643E-16
9.204E+00  3.116E-23  7.607E-15  7.073E-15  5.341E-16
9.120E+00  3.358E-23  8.123E-15  7.625E-15  4.984E-16
9.036E+00  3.706E-23  8.884E-15  8.425E-15  4.593E-16
8.954E+00  4.231E-23  1.005E-14  9.628E-15  4.199E-16
8.872E+00  5.061E-23  1.191E-14  1.153E-14  3.827E-16
8.790E+00  6.424E-23  1.498E-14  1.463E-14  3.488E-16
8.710E+00  8.507E-23  1.965E-14  1.933E-14  3.189E-16
8.630E+00  1.046E-22  2.395E-14  2.366E-14  2.931E-16
8.551E+00  1.024E-22  2.323E-14  2.296E-14  2.705E-16
8.472E+00  8.913E-23  2.003E-14  1.978E-14  2.495E-16
8.395E+00  8.237E-23  1.834E-14  1.811E-14  2.283E-16
8.318E+00  8.205E-23  1.810E-14  1.790E-14  2.057E-16
8.241E+00  8.570E-23  1.873E-14  1.855E-14  1.818E-16
8.166E+00  9.477E-23  2.053E-14  2.037E-14  1.573E-16
8.091E+00  1.120E-22  2.404E-14  2.390E-14  1.351E-16
8.017E+00  1.394E-22  2.965E-14  2.954E-14  1.153E-16
7.943E+00  1.754E-22  3.695E-14  3.686E-14  9.814E-17
7.870E+00  2.069E-22  4.320E-14  4.312E-14  8.339E-17
7.798E+00  2.185E-22  4.519E-14  4.512E-14  7.088E-17
7.727E+00  2.201E-22  4.511E-14  4.505E-14  6.061E-17
7.656E+00  2.273E-22  4.615E-14  4.610E-14  5.229E-17
7.586E+00  2.215E-22  4.457E-14  4.453E-14  4.562E-17
7.516E+00  1.866E-22  3.721E-14  3.717E-14  4.055E-17
7.447E+00  1.472E-22  2.909E-14  2.905E-14  3.683E-17
7.379E+00  1.183E-22  2.316E-14  2.313E-14  3.401E-17
7.311E+00  9.827E-23  1.906E-14  1.903E-14  3.206E-17
7.244E+00  8.361E-23  1.607E-14  1.604E-14  3.059E-17
7.178E+00  7.241E-23  1.379E-14  1.376E-14  2.942E-17
7.112E+00  6.381E-23  1.204E-14  1.201E-14  2.861E-17
7.047E+00  5.744E-23  1.074E-14  1.071E-14  2.803E-17
6.982E+00  5.313E-23  9.840E-15  9.813E-15  2.749E-17
6.918E+00  5.077E-23  9.318E-15  9.291E-15  2.705E-17
6.855E+00  5.022E-23  9.131E-15  9.105E-15  2.665E-17
6.792E+00  5.093E-23  9.176E-15  9.150E-15  2.626E-17
6.730E+00  5.167E-23  9.224E-15  9.198E-15  2.590E-17
6.668E+00  5.098E-23  9.017E-15  8.991E-15  2.554E-17
6.607E+00  4.884E-23  8.560E-15  8.535E-15  2.518E-17
6.546E+00  4.710E-23  8.179E-15  8.154E-15  2.482E-17
6.486E+00  4.807E-23  8.270E-15  8.246E-15  2.447E-17
6.427E+00  5.439E-23  9.272E-15  9.248E-15  2.410E-17
6.368E+00  7.099E-23  1.199E-14  1.197E-14  2.374E-17
6.310E+00  1.082E-22  1.810E-14  1.808E-14  2.336E-17
6.252E+00  1.684E-22  2.792E-14  2.790E-14  2.299E-17
6.194E+00  1.706E-22  2.803E-14  2.801E-14  2.261E-17
6.138E+00  1.063E-22  1.731E-14  1.729E-14  2.221E-17
6.081E+00  6.335E-23  1.022E-14  1.020E-14  2.181E-17
6.026E+00  4.221E-23  6.746E-15  6.724E-15  2.143E-17
5.970E+00  3.148E-23  4.986E-15  4.965E-15  2.106E-17
5.916E+00  2.589E-23  4.062E-15  4.041E-15  2.071E-17
5.861E+00  2.341E-23  3.640E-15  3.619E-15  2.036E-17
5.808E+00  2.362E-23  3.638E-15  3.618E-15  2.003E-17
5.754E+00  2.651E-23  4.047E-15  4.027E-15  1.971E-17
5.702E+00  2.856E-23  4.319E-15  4.300E-15  1.941E-17
5.649E+00  2.408E-23  3.608E-15  3.589E-15  1.912E-17
5.598E+00  1.833E-23  2.722E-15  2.703E-15  1.884E-17
5.546E+00  1.479E-23  2.176E-15  2.158E-15  1.857E-17
5.495E+00  1.291E-23  1.882E-15  1.864E-15  1.831E-17
5.445E+00  1.210E-23  1.748E-15  1.730E-15  1.806E-17
5.395E+00  1.224E-23  1.751E-15  1.734E-15  1.783E-17
5.346E+00  1.357E-23  1.924E-15  1.906E-15  1.760E-17
5.297E+00  1.576E-23  2.214E-15  2.197E-15  1.738E-17
5.248E+00  1.540E-23  2.144E-15  2.127E-15  1.717E-17
5.200E+00  1.222E-23  1.686E-15  1.669E-15  1.697E-17
5.152E+00  9.745E-24  1.332E-15  1.315E-15  1.678E-17
5.105E+00  8.309E-24  1.125E-15  1.109E-15  1.660E-17
5.058E+00  7.445E-24  9.989E-16  9.825E-16  1.642E-17
5.012E+00  6.876E-24  9.141E-16  8.978E-16  1.625E-17
4.966E+00  6.467E-24  8.519E-16  8.358E-16  1.609E-17
4.920E+00  6.155E-24  8.033E-16  7.874E-16  1.593E-17
4.875E+00  5.905E-24  7.636E-16  7.478E-16  1.578E-17
4.831E+00  5.698E-24  7.301E-16  7.144E-16  1.563E-17
4.786E+00  5.522E-24  7.010E-16  6.856E-16  1.549E-17
4.742E+00  5.370E-24  6.755E-16  6.601E-16  1.535E-17
4.699E+00  5.236E-24  6.526E-16  6.374E-16  1.521E-17
4.656E+00  5.117E-24  6.320E-16  6.169E-16  1.508E-17
4.613E+00  5.011E-24  6.132E-16  5.982E-16  1.495E-17
4.571E+00  4.915E-24  5.959E-16  5.811E-16  1.482E-17
4.529E+00  4.828E-24  5.800E-16  5.653E-16  1.470E-17
4.487E+00  4.748E-24  5.652E-16  5.506E-16  1.457E-17
4.446E+00  4.676E-24  5.515E-16  5.370E-16  1.445E-17
4.406E+00  4.609E-24  5.387E-16  5.243E-16  1.434E-17
4.365E+00  4.549E-24  5.267E-16  5.125E-16  1.423E-17
4.325E+00  4.493E-24  5.155E-16  5.013E-16  1.411E-17
4.285E+00  4.442E-24  5.049E-16  4.909E-16  1.400E-17
4.246E+00  4.395E-24  4.950E-16  4.811E-16  1.389E-17
4.207E+00  4.352E-24  4.857E-16  4.719E-16  1.378E-17
4.169E+00  4.313E-24  4.770E-16  4.633E-16  1.367E-17
4.130E+00  4.279E-24  4.688E-16  4.552E-16  1.356E-17
4.093E+00  4.247E-24  4.611E-16  4.476E-16  1.345E-17
4.055E+00  4.220E-24  4.539E-16  4.406E-16  1.333E-17
4.018E+00  4.197E-24  4.473E-16  4.341E-16  1.321E-17
3.981E+00  4.178E-24  4.412E-16  4.281E-16  1.310E-17
3.945E+00  4.164E-24  4.357E-16  4.227E-16  1.298E-17
3.908E+00  4.155E-24  4.308E-16  4.179E-16  1.286E-17
3.873E+00  4.153E-24  4.266E-16  4.138E-16  1.274E-17
3.837E+00  4.158E-24  4.232E-16  4.105E-16  1.263E-17
3.802E+00  4.171E-24  4.206E-16  4.081E-16  1.252E-17
3.767E+00  4.195E-24  4.192E-16  4.068E-16  1.240E-17
3.733E+00  4.233E-24  4.191E-16  4.068E-16  1.229E-17
3.698E+00  4.288E-24  4.207E-16  4.085E-16  1.218E-17
3.664E+00  4.367E-24  4.245E-16  4.124E-16  1.207E-17
3.631E+00  4.478E-24  4.313E-16  4.194E-16  1.195E-17
3.597E+00  4.636E-24  4.424E-16  4.305E-16  1.184E-17
3.565E+00  4.861E-24  4.596E-16  4.479E-16  1.173E-17
3.532E+00  5.193E-24  4.865E-16  4.749E-16  1.162E-17
3.499E+00  5.701E-24  5.292E-16  5.177E-16  1.151E-17
3.467E+00  6.522E-24  5.998E-16  5.885E-16  1.139E-17
3.436E+00  7.960E-24  7.254E-16  7.141E-16  1.128E-17
3.404E+00  1.080E-23  9.752E-16  9.640E-16  1.117E-17
3.373E+00  1.758E-23  1.573E-15  1.562E-15  1.106E-17
3.342E+00  4.006E-23  3.551E-15  3.540E-15  1.094E-17
3.311E+00  1.515E-22  1.331E-14  1.330E-14  1.083E-17
3.281E+00  1.035E-22  9.004E-15  8.993E-15  1.071E-17
3.251E+00  2.955E-23  2.548E-15  2.538E-15  1.059E-17
3.221E+00  1.411E-23  1.206E-15  1.195E-15  1.047E-17
3.192E+00  9.006E-24  7.624E-16  7.520E-16  1.035E-17
3.162E+00  6.749E-24  5.661E-16  5.559E-16  1.023E-17
3.133E+00  5.561E-24  4.622E-16  4.521E-16  1.011E-17
3.105E+00  4.859E-24  4.001E-16  3.901E-16  9.992E-18
3.076E+00  4.407E-24  3.596E-16  3.497E-16  9.880E-18
3.048E+00  4.097E-24  3.313E-16  3.215E-16  9.770E-18
3.020E+00  3.874E-24  3.103E-16  3.006E-16  9.661E-18
2.992E+00  3.705E-24  2.941E-16  2.846E-16  9.552E-18
2.965E+00  3.574E-24  2.811E-16  2.716E-16  9.443E-18
2.938E+00  3.468E-24  2.703E-16  2.609E-16  9.335E-18
2.911E+00  3.381E-24  2.611E-16  2.518E-16  9.227E-18
2.884E+00  3.307E-24  2.530E-16  2.439E-16  9.120E-18
2.858E+00  3.244E-24  2.459E-16  2.368E-16  9.013E-18
2.831E+00  3.187E-24  2.394E-16  2.305E-16  8.907E-18
2.805E+00  3.137E-24  2.335E-16  2.247E-16  8.802E-18
2.780E+00  3.092E-24  2.280E-16  2.193E-16  8.697E-18
2.754E+00  3.050E-24  2.228E-16  2.142E-16  8.592E-18
2.729E+00  3.011E-24  2.179E-16  2.095E-16  8.488E-18
2.704E+00  2.974E-24  2.133E-16  2.049E-16  8.384E-18
2.679E+00  2.939E-24  2.089E-16  2.006E-16  8.281E-18
2.655E+00  2.906E-24  2.046E-16  1.965E-16  8.179E-18
2.630E+00  2.874E-24  2.006E-16  1.925E-16  8.077E-18
2.606E+00  2.844E-24  1.966E-16  1.886E-16  7.975E-18
2.582E+00  2.814E-24  1.927E-16  1.849E-16  7.874E-18
2.559E+00  2.785E-24  1.890E-16  1.812E-16  7.774E-18
2.535E+00  2.756E-24  1.853E-16  1.777E-16  7.675E-18
2.512E+00  2.728E-24  1.817E-16  1.742E-16  7.576E-18
2.489E+00  2.700E-24  1.782E-16  1.708E-16  7.478E-18
2.466E+00  2.672E-24  1.748E-16  1.674E-16  7.382E-18
2.443E+00  2.644E-24  1.714E-16  1.641E-16  7.286E-18
2.421E+00  2.617E-24  1.681E-16  1.609E-16  7.191E-18
2.399E+00  2.590E-24  1.648E-16  1.577E-16  7.096E-18
2.377E+00  2.563E-24  1.616E-16  1.546E-16  7.001E-18
2.355E+00  2.537E-24  1.585E-16  1.516E-16  6.906E-18
2.333E+00  2.510E-24  1.554E-16  1.486E-16  6.812E-18
2.312E+00  2.484E-24  1.523E-16  1.456E-16  6.718E-18
2.291E+00  2.457E-24  1.493E-16  1.427E-16  6.625E-18
2.270E+00  2.431E-24  1.464E-16  1.398E-16  6.532E-18
2.249E+00  2.404E-24  1.434E-16  1.370E-16  6.439E-18
2.228E+00  2.377E-24  1.405E-16  1.342E-16  6.347E-18
2.208E+00  2.350E-24  1.376E-16  1.314E-16  6.256E-18
2.188E+00  2.322E-24  1.347E-16  1.286E-16  6.165E-18
2.168E+00  2.293E-24  1.319E-16  1.258E-16  6.075E-18
2.148E+00  2.264E-24  1.290E-16  1.230E-16  5.986E-18
2.128E+00  2.233E-24  1.260E-16  1.201E-16  5.897E-18
2.109E+00  2.200E-24  1.231E-16  1.173E-16  5.810E-18
2.089E+00  2.166E-24  1.200E-16  1.143E-16  5.722E-18
2.070E+00  2.128E-24  1.169E-16  1.112E-16  5.636E-18
2.051E+00  2.088E-24  1.136E-16  1.081E-16  5.550E-18
2.032E+00  2.043E-24  1.101E-16  1.047E-16  5.464E-18
2.014E+00  1.993E-24  1.065E-16  1.011E-16  5.379E-18
1.995E+00  1.937E-24  1.025E-16  9.724E-17  5.294E-18
1.977E+00  1.875E-24  9.834E-17  9.313E-17  5.210E-18
1.959E+00  1.809E-24  9.399E-17  8.886E-17  5.127E-18
1.941E+00  1.745E-24  8.983E-17  8.478E-17  5.045E-18
1.923E+00  1.694E-24  8.643E-17  8.146E-17  4.963E-18
1.905E+00  1.670E-24  8.439E-17  7.951E-17  4.881E-18
1.888E+00  1.675E-24  8.389E-17  7.909E-17  4.801E-18
1.871E+00  1.702E-24  8.445E-17  7.973E-17  4.721E-18
1.854E+00  1.736E-24  8.533E-17  8.069E-17  4.641E-18
1.837E+00  1.765E-24  8.600E-17  8.144E-17  4.563E-18
1.820E+00  1.787E-24  8.625E-17  8.177E-17  4.485E-18
1.803E+00  1.800E-24  8.608E-17  8.167E-17  4.408E-18
1.786E+00  1.805E-24  8.556E-17  8.122E-17  4.332E-18
1.770E+00  1.805E-24  8.477E-17  8.051E-17  4.257E-18
1.754E+00  1.801E-24  8.380E-17  7.962E-17  4.183E-18
1.738E+00  1.794E-24  8.270E-17  7.859E-17  4.110E-18
1.722E+00  1.785E-24  8.152E-17  7.748E-17  4.038E-18
1.706E+00  1.774E-24  8.028E-17  7.631E-17  3.966E-18
1.690E+00  1.762E-24  7.901E-17  7.512E-17  3.895E-18
1.675E+00  1.750E-24  7.773E-17  7.391E-17  3.825E-18
1.660E+00  1.737E-24  7.646E-17  7.270E-17  3.756E-18
1.644E+00  1.724E-24  7.519E-17  7.150E-17  3.687E-18
1.629E+00  1.711E-24  7.394E-17  7.032E-17  3.619E-18
1.614E+00  1.698E-24  7.273E-17  6.917E-17  3.552E-18
1.600E+00  1.686E-24  7.155E-17  6.806E-17  3.485E-18
1.585E+00  1.675E-24  7.041E-17  6.699E-17  3.418E-18
1.570E+00  1.664E-24  6.933E-17  6.597E-17  3.353E-18
1.556E+00  1.655E-24  6.830E-17  6.501E-17  3.288E-18
1.542E+00  1.647E-24  6.734E-17  6.412E-17  3.223E-18
1.528E+00  1.640E-24  6.646E-17  6.330E-17  3.159E-18
1.514E+00  1.635E-24  6.566E-17  6.256E-17  3.096E-18
1.500E+00  1.633E-24  6.495E-17  6.191E-17  3.034E-18
1.486E+00  1.632E-24  6.435E-17  6.137E-17  2.972E-18
1.472E+00  1.635E-24  6.386E-17  6.095E-17  2.911E-18
1.459E+00  1.641E-24  6.352E-17  6.067E-17  2.850E-18
1.445E+00  1.652E-24  6.334E-17  6.054E-17  2.791E-18
1.432E+00  1.667E-24  6.334E-17  6.060E-17  2.732E-18
1.419E+00  1.688E-24  6.355E-17  6.088E-17  2.674E-18
1.406E+00  1.717E-24  6.402E-17  6.140E-17  2.617E-18
1.393E+00  1.753E-24  6.479E-17  6.223E-17  2.560E-18
1.380E+00  1.800E-24  6.591E-17  6.340E-17  2.505E-18
1.368E+00  1.859E-24  6.743E-17  6.498E-17  2.449E-18
1.355E+00  1.932E-24  6.944E-17  6.704E-17  2.394E-18
1.343E+00  2.020E-24  7.196E-17  6.962E-17  2.340E-18
1.330E+00  2.126E-24  7.502E-17  7.273E-17  2.287E-18
1.318E+00  2.246E-24  7.853E-17  7.630E-17  2.235E-18
1.306E+00  2.374E-24  8.224E-17  8.006E-17  2.183E-18
1.294E+00  2.494E-24  8.562E-17  8.349E-17  2.132E-18
1.282E+00  2.582E-24  8.783E-17  8.575E-17  2.082E-18
1.271E+00  2.608E-24  8.789E-17  8.586E-17  2.033E-18
1.259E+00  2.550E-24  8.515E-17  8.317E-17  1.985E-18
1.247E+00  2.410E-24  7.975E-17  7.781E-17  1.937E-18
1.236E+00  2.215E-24  7.263E-17  7.074E-17  1.891E-18
1.225E+00  2.002E-24  6.504E-17  6.319E-17  1.846E-18
1.213E+00  1.800E-24  5.795E-17  5.615E-17  1.801E-18
1.202E+00  1.626E-24  5.186E-17  5.010E-17  1.757E-18
1.191E+00  1.485E-24  4.691E-17  4.520E-17  1.713E-18
1.180E+00  1.375E-24  4.305E-17  4.138E-17  1.670E-18
1.169E+00  1.294E-24  4.014E-17  3.851E-17  1.628E-18
1.159E+00  1.239E-24  3.807E-17  3.648E-17  1.587E-18
1.148E+00  1.207E-24  3.676E-17  3.521E-17  1.546E-18
1.138E+00  1.199E-24  3.618E-17  3.468E-17  1.506E-18
1.127E+00  1.217E-24  3.638E-17  3.492E-17  1.467E-18
1.117E+00  1.266E-24  3.750E-17  3.607E-17  1.428E-18
1.107E+00  1.356E-24  3.979E-17  3.840E-17  1.391E-18
1.096E+00  1.502E-24  4.369E-17  4.234E-17  1.353E-18
1.086E+00  1.729E-24  4.983E-17  4.851E-17  1.317E-18
1.076E+00  2.059E-24  5.879E-17  5.751E-17  1.281E-18
1.067E+00  2.473E-24  6.996E-17  6.871E-17  1.245E-18
1.057E+00  2.803E-24  7.859E-17  7.738E-17  1.211E-18
1.047E+00  2.747E-24  7.631E-17  7.513E-17  1.177E-18
1.038E+00  2.278E-24  6.270E-17  6.156E-17  1.144E-18
1.028E+00  1.726E-24  4.706E-17  4.595E-17  1.111E-18
1.019E+00  1.297E-24  3.505E-17  3.397E-17  1.079E-18
1.009E+00  1.007E-24  2.695E-17  2.591E-17  1.048E-18
1.000E+00  8.144E-25  2.160E-17  2.059E-17  1.017E-18
