Dust emission spectrum from Draine,B.T., & Li, A. (2007), ApJ, in press [astro-ph/0608003]
==========================================================
         7 = grain model
 4.000E-08 4.000E-01 4.500E-05 = a_01 (cm) , sigma_1 , b_C1
 2.000E-07 5.500E-01 1.500E-05 = a_02 (cm) , sigma_2 , b_C2
 3.000E+03 3.000E+03 1.000E+00 = Umin , Umax, beta (dN/dU propto U^{-beta})
 3.000E+03 = <U>       mmp83 = radfield
 2.000E-07 2.000E-06 = a_{min} (cm), a_{max} (cm)
 2.069E-21 1.312E-21 7.569E-22 = P(tot)  P(carb)  P(sil) (erg s-1 H-1)
 band     <nu*P_nu> <j_nu(tot)><j_nu(carb)><j_nu(sil)>
 (um)   (erg s-1 H-1)(Jy/(sr*H))(Jy/(sr*H))(Jy/(sr*H))
1.270E+00  5.064E-38  1.706E-30  1.706E-30  8.245E-41 COBE-DIRBE
2.220E+00  8.966E-32  5.280E-24  5.280E-24  3.026E-31 COBE-DIRBE
3.530E+00  1.715E-27  1.606E-19  1.606E-19  4.835E-25 COBE-DIRBE
4.880E+00  2.396E-25  3.101E-17  3.101E-17  2.474E-22 COBE-DIRBE
1.229E+01  4.438E-22  1.447E-13  1.412E-13  3.427E-15 COBE-DIRBE
2.079E+01  8.855E-22  4.884E-13  3.372E-13  1.511E-13 COBE-DIRBE
5.599E+01  7.657E-22  1.137E-12  4.848E-13  6.524E-13 COBE-DIRBE
9.770E+01  1.250E-22  3.240E-13  8.300E-14  2.410E-13 COBE-DIRBE
1.479E+02  2.533E-23  9.935E-14  2.118E-14  7.817E-14 COBE-DIRBE
2.479E+02  2.916E-24  1.917E-14  3.805E-15  1.537E-14 COBE-DIRBE
1.200E+01  3.930E-22  1.251E-13  1.239E-13  1.168E-15 IRAS
2.500E+01  1.087E-21  7.209E-13  4.602E-13  2.608E-13 IRAS
6.000E+01  6.853E-22  1.091E-12  4.624E-13  6.282E-13 IRAS
1.000E+02  1.117E-22  2.962E-13  7.398E-14  2.222E-13 IRAS
3.550E+00  1.567E-27  1.475E-19  1.475E-19  3.512E-25 SST-IRAC
4.493E+00  6.060E-26  7.223E-18  7.222E-18  6.902E-23 SST-IRAC
5.731E+00  1.465E-23  2.227E-15  2.227E-15  6.520E-21 SST-IRAC
7.872E+00  2.581E-22  5.389E-14  5.388E-14  1.476E-17 SST-IRAC
2.368E+01  1.024E-21  6.432E-13  3.921E-13  2.511E-13 SST-MIPS
7.142E+01  3.254E-22  6.164E-13  1.945E-13  4.219E-13 SST-MIPS
1.559E+02  1.712E-23  7.081E-14  1.463E-14  5.618E-14 SST-MIPS
1.600E+01  6.125E-22  2.600E-13  2.331E-13  2.683E-14 SST-IRSPU
2.200E+01  9.888E-22  5.770E-13  3.641E-13  2.129E-13 SST-IRSPU
7.500E+01  2.815E-22  5.601E-13  1.755E-13  3.846E-13 Herschel-PACS
1.100E+02  7.546E-23  2.202E-13  5.384E-14  1.663E-13 Herschel-PACS
1.700E+02  1.327E-23  5.984E-14  1.243E-14  4.741E-14 Herschel-PACS
2.500E+02  2.248E-24  1.491E-14  2.947E-15  1.196E-14 Herschel-SPIRE
3.600E+02  3.941E-25  3.763E-15  7.891E-16  2.974E-15 Herschel-SPIRE
5.200E+02  7.216E-26  9.953E-16  2.119E-16  7.835E-16 Herschel-SPIRE
2.400E+00  3.678E-27  2.342E-19  2.342E-19  1.574E-24 Akari IRC NIR N2
3.200E+00  2.939E-27  2.495E-19  2.495E-19  1.461E-24 Akari IRC NIR N3
4.100E+00  1.633E-25  1.776E-17  1.776E-17  1.300E-22 Akari IRC NIR N4
7.000E+00  2.333E-22  4.332E-14  4.323E-14  9.016E-17 Akari IRC MIR-S S7
9.000E+00  2.608E-22  6.227E-14  6.212E-14  1.482E-16 Akari IRC MIR-S S9W
1.100E+01  3.462E-22  1.010E-13  1.003E-13  7.314E-16 Akari IRC MIR-S S11
1.500E+01  6.112E-22  2.432E-13  2.180E-13  2.519E-14 Akari IRC MIR-L L15
1.800E+01  7.773E-22  3.711E-13  2.742E-13  9.699E-14 Akari IRC MIR-L L18W
2.400E+01  1.018E-21  6.484E-13  3.978E-13  2.505E-13 Akari IRC MIR-L L24
6.500E+01  4.532E-22  7.814E-13  2.673E-13  5.141E-13 Akari FIS N60
8.000E+01  2.170E-22  4.606E-13  1.388E-13  3.218E-13 Akari FIS WIDE-S
1.400E+02  2.444E-23  9.075E-14  1.921E-14  7.153E-14 Akari FIS WIDE-L
1.600E+02  1.489E-23  6.319E-14  1.292E-14  5.027E-14 Akari FIS N160
 
 
 
 


lambda    nu*dP/dnu     j_nu    j_nu(carb.) j_nu(sil)
 (um)    (erg/(s*H)) (Jy/(sr*H) (Jy/(sr*H)) (Jy/(sr*H)
1.000E+04  2.017E-31  5.351E-20  4.537E-21  4.897E-20
9.908E+03  2.091E-31  5.496E-20  4.674E-21  5.029E-20
9.817E+03  2.167E-31  5.644E-20  4.814E-21  5.163E-20
9.727E+03  2.247E-31  5.797E-20  4.960E-21  5.301E-20
9.638E+03  2.329E-31  5.954E-20  5.109E-21  5.443E-20
9.550E+03  2.414E-31  6.115E-20  5.263E-21  5.589E-20
9.462E+03  2.502E-31  6.280E-20  5.422E-21  5.738E-20
9.376E+03  2.594E-31  6.450E-20  5.586E-21  5.892E-20
9.290E+03  2.688E-31  6.625E-20  5.754E-21  6.049E-20
9.204E+03  2.787E-31  6.804E-20  5.928E-21  6.211E-20
9.120E+03  2.889E-31  6.988E-20  6.108E-21  6.377E-20
9.036E+03  2.994E-31  7.177E-20  6.293E-21  6.548E-20
8.954E+03  3.103E-31  7.370E-20  6.483E-21  6.722E-20
8.872E+03  3.216E-31  7.568E-20  6.680E-21  6.900E-20
8.790E+03  3.333E-31  7.772E-20  6.882E-21  7.083E-20
8.710E+03  3.454E-31  7.980E-20  7.091E-21  7.271E-20
8.630E+03  3.580E-31  8.195E-20  7.307E-21  7.465E-20
8.551E+03  3.711E-31  8.416E-20  7.529E-21  7.663E-20
8.472E+03  3.846E-31  8.643E-20  7.757E-21  7.867E-20
8.395E+03  3.986E-31  8.876E-20  7.993E-21  8.077E-20
8.318E+03  4.132E-31  9.116E-20  8.237E-21  8.292E-20
8.241E+03  4.283E-31  9.363E-20  8.488E-21  8.514E-20
8.166E+03  4.439E-31  9.616E-20  8.746E-21  8.741E-20
8.091E+03  4.602E-31  9.877E-20  9.013E-21  8.975E-20
8.017E+03  4.770E-31  1.014E-19  9.288E-21  9.216E-20
7.943E+03  4.945E-31  1.042E-19  9.572E-21  9.463E-20
7.870E+03  5.127E-31  1.070E-19  9.865E-21  9.716E-20
7.798E+03  5.315E-31  1.099E-19  1.017E-20  9.977E-20
7.727E+03  5.510E-31  1.129E-19  1.048E-20  1.025E-19
7.656E+03  5.713E-31  1.160E-19  1.080E-20  1.052E-19
7.586E+03  5.923E-31  1.192E-19  1.113E-20  1.080E-19
7.516E+03  6.141E-31  1.224E-19  1.147E-20  1.110E-19
7.447E+03  6.367E-31  1.258E-19  1.182E-20  1.140E-19
7.379E+03  6.601E-31  1.292E-19  1.219E-20  1.170E-19
7.311E+03  6.845E-31  1.328E-19  1.256E-20  1.202E-19
7.244E+03  7.098E-31  1.364E-19  1.295E-20  1.234E-19
7.178E+03  7.360E-31  1.401E-19  1.334E-20  1.268E-19
7.112E+03  7.632E-31  1.440E-19  1.376E-20  1.302E-19
7.047E+03  7.914E-31  1.479E-19  1.418E-20  1.338E-19
6.982E+03  8.207E-31  1.520E-19  1.462E-20  1.374E-19
6.918E+03  8.510E-31  1.562E-19  1.507E-20  1.411E-19
6.855E+03  8.825E-31  1.605E-19  1.553E-20  1.449E-19
6.792E+03  9.151E-31  1.649E-19  1.601E-20  1.489E-19
6.730E+03  9.490E-31  1.694E-19  1.651E-20  1.529E-19
6.668E+03  9.842E-31  1.741E-19  1.702E-20  1.571E-19
6.607E+03  1.021E-30  1.789E-19  1.755E-20  1.613E-19
6.546E+03  1.059E-30  1.838E-19  1.809E-20  1.657E-19
6.486E+03  1.098E-30  1.889E-19  1.865E-20  1.703E-19
6.427E+03  1.139E-30  1.941E-19  1.923E-20  1.749E-19
6.368E+03  1.181E-30  1.995E-19  1.983E-20  1.797E-19
6.310E+03  1.225E-30  2.050E-19  2.045E-20  1.846E-19
6.252E+03  1.271E-30  2.107E-19  2.108E-20  1.897E-19
6.194E+03  1.318E-30  2.166E-19  2.174E-20  1.949E-19
6.138E+03  1.367E-30  2.226E-19  2.242E-20  2.002E-19
6.081E+03  1.419E-30  2.288E-19  2.312E-20  2.057E-19
6.026E+03  1.472E-30  2.352E-19  2.384E-20  2.114E-19
5.970E+03  1.527E-30  2.418E-19  2.458E-20  2.172E-19
5.916E+03  1.584E-30  2.485E-19  2.535E-20  2.232E-19
5.861E+03  1.643E-30  2.555E-19  2.614E-20  2.293E-19
5.808E+03  1.705E-30  2.626E-19  2.696E-20  2.357E-19
5.754E+03  1.769E-30  2.700E-19  2.781E-20  2.422E-19
5.702E+03  1.835E-30  2.776E-19  2.868E-20  2.489E-19
5.649E+03  1.904E-30  2.853E-19  2.958E-20  2.558E-19
5.598E+03  1.976E-30  2.934E-19  3.051E-20  2.629E-19
5.546E+03  2.050E-30  3.016E-19  3.147E-20  2.701E-19
5.495E+03  2.127E-30  3.101E-19  3.246E-20  2.777E-19
5.445E+03  2.208E-30  3.189E-19  3.348E-20  2.854E-19
5.395E+03  2.291E-30  3.278E-19  3.454E-20  2.933E-19
5.346E+03  2.377E-30  3.371E-19  3.563E-20  3.015E-19
5.297E+03  2.467E-30  3.466E-19  3.675E-20  3.099E-19
5.248E+03  2.560E-30  3.564E-19  3.791E-20  3.185E-19
5.200E+03  2.657E-30  3.665E-19  3.911E-20  3.274E-19
5.152E+03  2.758E-30  3.769E-19  4.035E-20  3.366E-19
5.105E+03  2.862E-30  3.876E-19  4.163E-20  3.460E-19
5.058E+03  2.971E-30  3.986E-19  4.295E-20  3.557E-19
5.012E+03  3.084E-30  4.100E-19  4.431E-20  3.657E-19
4.966E+03  3.201E-30  4.216E-19  4.572E-20  3.759E-19
4.920E+03  3.322E-30  4.336E-19  4.717E-20  3.864E-19
4.875E+03  3.448E-30  4.460E-19  4.867E-20  3.973E-19
4.831E+03  3.580E-30  4.587E-19  5.022E-20  4.085E-19
4.786E+03  3.716E-30  4.718E-19  5.182E-20  4.199E-19
4.742E+03  3.857E-30  4.853E-19  5.348E-20  4.318E-19
4.699E+03  4.005E-30  4.991E-19  5.519E-20  4.440E-19
4.656E+03  4.157E-30  5.134E-19  5.695E-20  4.565E-19
4.613E+03  4.316E-30  5.282E-19  5.877E-20  4.694E-19
4.571E+03  4.481E-30  5.433E-19  6.065E-20  4.827E-19
4.529E+03  4.653E-30  5.589E-19  6.260E-20  4.963E-19
4.487E+03  4.831E-30  5.750E-19  6.460E-20  5.104E-19
4.446E+03  5.016E-30  5.916E-19  6.668E-20  5.249E-19
4.406E+03  5.208E-30  6.086E-19  6.882E-20  5.398E-19
4.365E+03  5.408E-30  6.262E-19  7.103E-20  5.552E-19
4.325E+03  5.616E-30  6.443E-19  7.332E-20  5.710E-19
4.285E+03  5.832E-30  6.630E-19  7.568E-20  5.873E-19
4.246E+03  6.057E-30  6.822E-19  7.812E-20  6.040E-19
4.207E+03  6.290E-30  7.019E-19  8.064E-20  6.213E-19
4.169E+03  6.532E-30  7.223E-19  8.325E-20  6.391E-19
4.130E+03  6.784E-30  7.433E-19  8.594E-20  6.574E-19
4.093E+03  7.046E-30  7.649E-19  8.872E-20  6.762E-19
4.055E+03  7.319E-30  7.872E-19  9.160E-20  6.956E-19
4.018E+03  7.602E-30  8.102E-19  9.457E-20  7.156E-19
3.981E+03  7.896E-30  8.338E-19  9.764E-20  7.361E-19
3.945E+03  8.201E-30  8.581E-19  1.008E-19  7.573E-19
3.908E+03  8.518E-30  8.831E-19  1.041E-19  7.790E-19
3.873E+03  8.848E-30  9.089E-19  1.075E-19  8.014E-19
3.837E+03  9.191E-30  9.355E-19  1.110E-19  8.245E-19
3.802E+03  9.548E-30  9.629E-19  1.146E-19  8.483E-19
3.767E+03  9.919E-30  9.912E-19  1.183E-19  8.728E-19
3.733E+03  1.030E-29  1.020E-18  1.222E-19  8.981E-19
3.698E+03  1.071E-29  1.050E-18  1.262E-19  9.241E-19
3.664E+03  1.112E-29  1.081E-18  1.303E-19  9.509E-19
3.631E+03  1.156E-29  1.113E-18  1.346E-19  9.785E-19
3.597E+03  1.201E-29  1.146E-18  1.390E-19  1.007E-18
3.565E+03  1.248E-29  1.180E-18  1.436E-19  1.036E-18
3.532E+03  1.297E-29  1.215E-18  1.483E-19  1.066E-18
3.499E+03  1.347E-29  1.251E-18  1.532E-19  1.098E-18
3.467E+03  1.400E-29  1.288E-18  1.582E-19  1.130E-18
3.436E+03  1.455E-29  1.326E-18  1.634E-19  1.163E-18
3.404E+03  1.512E-29  1.366E-18  1.688E-19  1.197E-18
3.373E+03  1.572E-29  1.406E-18  1.744E-19  1.232E-18
3.342E+03  1.634E-29  1.448E-18  1.801E-19  1.268E-18
3.311E+03  1.698E-29  1.491E-18  1.861E-19  1.305E-18
3.281E+03  1.765E-29  1.536E-18  1.923E-19  1.344E-18
3.251E+03  1.835E-29  1.582E-18  1.986E-19  1.383E-18
3.221E+03  1.907E-29  1.629E-18  2.052E-19  1.424E-18
3.192E+03  1.983E-29  1.678E-18  2.120E-19  1.466E-18
3.162E+03  2.061E-29  1.729E-18  2.191E-19  1.510E-18
3.133E+03  2.143E-29  1.781E-18  2.264E-19  1.554E-18
3.105E+03  2.228E-29  1.834E-18  2.339E-19  1.601E-18
3.076E+03  2.316E-29  1.890E-18  2.417E-19  1.648E-18
3.048E+03  2.408E-29  1.947E-18  2.497E-19  1.697E-18
3.020E+03  2.504E-29  2.006E-18  2.581E-19  1.748E-18
2.992E+03  2.603E-29  2.066E-18  2.667E-19  1.800E-18
2.965E+03  2.707E-29  2.129E-18  2.756E-19  1.853E-18
2.938E+03  2.814E-29  2.193E-18  2.849E-19  1.908E-18
2.911E+03  2.926E-29  2.259E-18  2.944E-19  1.965E-18
2.884E+03  3.042E-29  2.328E-18  3.043E-19  2.023E-18
2.858E+03  3.164E-29  2.398E-18  3.145E-19  2.084E-18
2.831E+03  3.290E-29  2.471E-18  3.251E-19  2.146E-18
2.805E+03  3.421E-29  2.546E-18  3.360E-19  2.210E-18
2.780E+03  3.558E-29  2.623E-18  3.473E-19  2.276E-18
2.754E+03  3.700E-29  2.703E-18  3.590E-19  2.344E-18
2.729E+03  3.849E-29  2.786E-18  3.711E-19  2.415E-18
2.704E+03  4.003E-29  2.871E-18  3.837E-19  2.487E-18
2.679E+03  4.163E-29  2.959E-18  3.966E-19  2.562E-18
2.655E+03  4.331E-29  3.049E-18  4.100E-19  2.639E-18
2.630E+03  4.505E-29  3.143E-18  4.239E-19  2.719E-18
2.606E+03  4.686E-29  3.240E-18  4.383E-19  2.801E-18
2.582E+03  4.875E-29  3.339E-18  4.532E-19  2.886E-18
2.559E+03  5.071E-29  3.442E-18  4.686E-19  2.973E-18
2.535E+03  5.276E-29  3.548E-18  4.845E-19  3.064E-18
2.512E+03  5.489E-29  3.657E-18  5.010E-19  3.157E-18
2.489E+03  5.711E-29  3.771E-18  5.180E-19  3.252E-18
2.466E+03  5.942E-29  3.887E-18  5.357E-19  3.351E-18
2.443E+03  6.183E-29  4.008E-18  5.539E-19  3.454E-18
2.421E+03  6.434E-29  4.132E-18  5.728E-19  3.559E-18
2.399E+03  6.695E-29  4.260E-18  5.924E-19  3.668E-18
2.377E+03  6.967E-29  4.393E-18  6.127E-19  3.780E-18
2.355E+03  7.250E-29  4.529E-18  6.336E-19  3.896E-18
2.333E+03  7.545E-29  4.670E-18  6.554E-19  4.015E-18
2.312E+03  7.853E-29  4.816E-18  6.778E-19  4.138E-18
2.291E+03  8.173E-29  4.966E-18  7.011E-19  4.265E-18
2.270E+03  8.506E-29  5.122E-18  7.252E-19  4.396E-18
2.249E+03  8.853E-29  5.282E-18  7.501E-19  4.532E-18
2.228E+03  9.215E-29  5.447E-18  7.759E-19  4.671E-18
2.208E+03  9.592E-29  5.618E-18  8.026E-19  4.815E-18
2.188E+03  9.985E-29  5.794E-18  8.303E-19  4.964E-18
2.168E+03  1.039E-28  5.977E-18  8.589E-19  5.118E-18
2.148E+03  1.082E-28  6.165E-18  8.886E-19  5.276E-18
2.128E+03  1.126E-28  6.359E-18  9.193E-19  5.439E-18
2.109E+03  1.173E-28  6.559E-18  9.511E-19  5.608E-18
2.089E+03  1.221E-28  6.766E-18  9.840E-19  5.782E-18
2.070E+03  1.271E-28  6.980E-18  1.018E-18  5.962E-18
2.051E+03  1.323E-28  7.200E-18  1.053E-18  6.147E-18
2.032E+03  1.378E-28  7.428E-18  1.090E-18  6.338E-18
2.014E+03  1.435E-28  7.663E-18  1.128E-18  6.536E-18
1.995E+03  1.494E-28  7.906E-18  1.167E-18  6.739E-18
1.977E+03  1.555E-28  8.157E-18  1.208E-18  6.949E-18
1.959E+03  1.620E-28  8.416E-18  1.250E-18  7.166E-18
1.941E+03  1.687E-28  8.683E-18  1.293E-18  7.390E-18
1.923E+03  1.756E-28  8.959E-18  1.338E-18  7.621E-18
1.905E+03  1.829E-28  9.244E-18  1.385E-18  7.859E-18
1.888E+03  1.905E-28  9.539E-18  1.433E-18  8.106E-18
1.871E+03  1.984E-28  9.843E-18  1.483E-18  8.360E-18
1.854E+03  2.066E-28  1.016E-17  1.535E-18  8.622E-18
1.837E+03  2.152E-28  1.048E-17  1.589E-18  8.893E-18
1.820E+03  2.241E-28  1.082E-17  1.644E-18  9.172E-18
1.803E+03  2.334E-28  1.116E-17  1.702E-18  9.461E-18
1.786E+03  2.431E-28  1.152E-17  1.762E-18  9.759E-18
1.770E+03  2.532E-28  1.189E-17  1.823E-18  1.007E-17
1.754E+03  2.638E-28  1.227E-17  1.887E-18  1.038E-17
1.738E+03  2.748E-28  1.267E-17  1.954E-18  1.071E-17
1.722E+03  2.862E-28  1.307E-17  2.022E-18  1.105E-17
1.706E+03  2.982E-28  1.349E-17  2.093E-18  1.140E-17
1.690E+03  3.106E-28  1.393E-17  2.167E-18  1.176E-17
1.675E+03  3.236E-28  1.438E-17  2.243E-18  1.213E-17
1.660E+03  3.371E-28  1.484E-17  2.322E-18  1.252E-17
1.644E+03  3.512E-28  1.532E-17  2.404E-18  1.291E-17
1.629E+03  3.659E-28  1.581E-17  2.489E-18  1.332E-17
1.614E+03  3.812E-28  1.632E-17  2.577E-18  1.375E-17
1.600E+03  3.972E-28  1.685E-17  2.668E-18  1.418E-17
1.585E+03  4.138E-28  1.740E-17  2.762E-18  1.463E-17
1.570E+03  4.312E-28  1.796E-17  2.860E-18  1.510E-17
1.556E+03  4.492E-28  1.854E-17  2.961E-18  1.558E-17
1.542E+03  4.681E-28  1.914E-17  3.066E-18  1.608E-17
1.528E+03  4.877E-28  1.976E-17  3.174E-18  1.659E-17
1.514E+03  5.082E-28  2.040E-17  3.287E-18  1.712E-17
1.500E+03  5.296E-28  2.107E-17  3.403E-18  1.766E-17
1.486E+03  5.519E-28  2.175E-17  3.524E-18  1.823E-17
1.472E+03  5.751E-28  2.246E-17  3.649E-18  1.881E-17
1.459E+03  5.993E-28  2.319E-17  3.779E-18  1.941E-17
1.445E+03  6.246E-28  2.395E-17  3.913E-18  2.004E-17
1.432E+03  6.509E-28  2.473E-17  4.052E-18  2.068E-17
1.419E+03  6.784E-28  2.554E-17  4.196E-18  2.134E-17
1.406E+03  7.070E-28  2.637E-17  4.345E-18  2.202E-17
1.393E+03  7.369E-28  2.723E-17  4.499E-18  2.273E-17
1.380E+03  7.680E-28  2.812E-17  4.660E-18  2.346E-17
1.368E+03  8.005E-28  2.904E-17  4.825E-18  2.422E-17
1.355E+03  8.343E-28  2.999E-17  4.997E-18  2.499E-17
1.343E+03  8.696E-28  3.097E-17  5.175E-18  2.580E-17
1.330E+03  9.064E-28  3.199E-17  5.360E-18  2.663E-17
1.318E+03  9.448E-28  3.304E-17  5.551E-18  2.749E-17
1.306E+03  9.848E-28  3.412E-17  5.749E-18  2.837E-17
1.294E+03  1.026E-27  3.524E-17  5.954E-18  2.929E-17
1.282E+03  1.070E-27  3.640E-17  6.166E-18  3.023E-17
1.271E+03  1.115E-27  3.759E-17  6.386E-18  3.120E-17
1.259E+03  1.163E-27  3.882E-17  6.614E-18  3.221E-17
1.247E+03  1.212E-27  4.010E-17  6.850E-18  3.325E-17
1.236E+03  1.263E-27  4.142E-17  7.095E-18  3.432E-17
1.225E+03  1.317E-27  4.278E-17  7.348E-18  3.543E-17
1.213E+03  1.373E-27  4.419E-17  7.611E-18  3.657E-17
1.202E+03  1.431E-27  4.564E-17  7.883E-18  3.776E-17
1.191E+03  1.492E-27  4.714E-17  8.165E-18  3.898E-17
1.180E+03  1.555E-27  4.869E-17  8.457E-18  4.023E-17
1.169E+03  1.621E-27  5.029E-17  8.759E-18  4.154E-17
1.159E+03  1.690E-27  5.195E-17  9.072E-18  4.288E-17
1.148E+03  1.762E-27  5.366E-17  9.397E-18  4.427E-17
1.138E+03  1.837E-27  5.543E-17  9.733E-18  4.570E-17
1.127E+03  1.915E-27  5.726E-17  1.008E-17  4.718E-17
1.117E+03  1.996E-27  5.914E-17  1.044E-17  4.870E-17
1.107E+03  2.081E-27  6.109E-17  1.082E-17  5.028E-17
1.096E+03  2.170E-27  6.311E-17  1.120E-17  5.191E-17
1.086E+03  2.262E-27  6.519E-17  1.160E-17  5.359E-17
1.076E+03  2.358E-27  6.734E-17  1.202E-17  5.532E-17
1.067E+03  2.459E-27  6.956E-17  1.245E-17  5.711E-17
1.057E+03  2.563E-27  7.185E-17  1.289E-17  5.896E-17
1.047E+03  2.672E-27  7.422E-17  1.336E-17  6.087E-17
1.038E+03  2.786E-27  7.667E-17  1.383E-17  6.284E-17
1.028E+03  2.904E-27  7.920E-17  1.433E-17  6.487E-17
1.019E+03  3.028E-27  8.181E-17  1.484E-17  6.697E-17
1.009E+03  3.157E-27  8.451E-17  1.537E-17  6.914E-17
1.000E+03  3.291E-27  8.730E-17  1.592E-17  7.138E-17
9.908E+02  3.431E-27  9.019E-17  1.649E-17  7.369E-17
9.817E+02  3.578E-27  9.317E-17  1.708E-17  7.609E-17
9.727E+02  3.730E-27  9.625E-17  1.770E-17  7.856E-17
9.638E+02  3.889E-27  9.943E-17  1.833E-17  8.111E-17
9.550E+02  4.055E-27  1.027E-16  1.898E-17  8.374E-17
9.462E+02  4.228E-27  1.061E-16  1.966E-17  8.646E-17
9.376E+02  4.408E-27  1.096E-16  2.037E-17  8.926E-17
9.290E+02  4.596E-27  1.133E-16  2.110E-17  9.216E-17
9.204E+02  4.792E-27  1.170E-16  2.185E-17  9.515E-17
9.120E+02  4.996E-27  1.209E-16  2.263E-17  9.824E-17
9.036E+02  5.209E-27  1.249E-16  2.344E-17  1.014E-16
8.954E+02  5.431E-27  1.290E-16  2.428E-17  1.047E-16
8.872E+02  5.663E-27  1.333E-16  2.514E-17  1.081E-16
8.790E+02  5.904E-27  1.377E-16  2.604E-17  1.116E-16
8.710E+02  6.155E-27  1.422E-16  2.697E-17  1.152E-16
8.630E+02  6.417E-27  1.469E-16  2.794E-17  1.190E-16
8.551E+02  6.690E-27  1.517E-16  2.893E-17  1.228E-16
8.472E+02  6.974E-27  1.567E-16  2.997E-17  1.268E-16
8.395E+02  7.271E-27  1.619E-16  3.104E-17  1.309E-16
8.318E+02  7.580E-27  1.672E-16  3.214E-17  1.351E-16
8.241E+02  7.902E-27  1.727E-16  3.329E-17  1.395E-16
8.166E+02  8.238E-27  1.784E-16  3.448E-17  1.440E-16
8.091E+02  8.587E-27  1.843E-16  3.571E-17  1.486E-16
8.017E+02  8.952E-27  1.904E-16  3.698E-17  1.534E-16
7.943E+02  9.332E-27  1.966E-16  3.830E-17  1.583E-16
7.870E+02  9.728E-27  2.031E-16  3.966E-17  1.634E-16
7.798E+02  1.014E-26  2.098E-16  4.107E-17  1.687E-16
7.727E+02  1.057E-26  2.167E-16  4.253E-17  1.741E-16
7.656E+02  1.102E-26  2.238E-16  4.405E-17  1.797E-16
7.586E+02  1.149E-26  2.311E-16  4.561E-17  1.855E-16
7.516E+02  1.197E-26  2.387E-16  4.724E-17  1.915E-16
7.447E+02  1.248E-26  2.466E-16  4.892E-17  1.977E-16
7.379E+02  1.301E-26  2.547E-16  5.065E-17  2.041E-16
7.311E+02  1.357E-26  2.631E-16  5.245E-17  2.107E-16
7.244E+02  1.414E-26  2.718E-16  5.431E-17  2.175E-16
7.178E+02  1.475E-26  2.808E-16  5.624E-17  2.245E-16
7.112E+02  1.538E-26  2.901E-16  5.824E-17  2.318E-16
7.047E+02  1.603E-26  2.997E-16  6.030E-17  2.394E-16
6.982E+02  1.671E-26  3.096E-16  6.244E-17  2.471E-16
6.918E+02  1.743E-26  3.198E-16  6.465E-17  2.552E-16
6.855E+02  1.817E-26  3.304E-16  6.694E-17  2.635E-16
6.792E+02  1.895E-26  3.413E-16  6.931E-17  2.720E-16
6.730E+02  1.975E-26  3.526E-16  7.177E-17  2.809E-16
6.668E+02  2.059E-26  3.643E-16  7.431E-17  2.900E-16
6.607E+02  2.147E-26  3.763E-16  7.693E-17  2.994E-16
6.546E+02  2.239E-26  3.888E-16  7.965E-17  3.091E-16
6.486E+02  2.335E-26  4.018E-16  8.247E-17  3.193E-16
6.427E+02  2.435E-26  4.151E-16  8.538E-17  3.298E-16
6.368E+02  2.540E-26  4.290E-16  8.839E-17  3.406E-16
6.310E+02  2.649E-26  4.433E-16  9.151E-17  3.518E-16
6.252E+02  2.763E-26  4.581E-16  9.474E-17  3.634E-16
6.194E+02  2.881E-26  4.735E-16  9.808E-17  3.754E-16
6.138E+02  3.005E-26  4.893E-16  1.015E-16  3.878E-16
6.081E+02  3.135E-26  5.057E-16  1.051E-16  4.006E-16
6.026E+02  3.270E-26  5.227E-16  1.088E-16  4.138E-16
5.970E+02  3.411E-26  5.402E-16  1.126E-16  4.276E-16
5.916E+02  3.558E-26  5.583E-16  1.166E-16  4.417E-16
5.861E+02  3.712E-26  5.771E-16  1.207E-16  4.564E-16
5.808E+02  3.872E-26  5.965E-16  1.249E-16  4.716E-16
5.754E+02  4.040E-26  6.166E-16  1.293E-16  4.873E-16
5.702E+02  4.214E-26  6.374E-16  1.339E-16  5.035E-16
5.649E+02  4.397E-26  6.589E-16  1.386E-16  5.203E-16
5.598E+02  4.587E-26  6.811E-16  1.434E-16  5.377E-16
5.546E+02  4.786E-26  7.042E-16  1.484E-16  5.557E-16
5.495E+02  4.994E-26  7.280E-16  1.536E-16  5.743E-16
5.445E+02  5.211E-26  7.526E-16  1.590E-16  5.936E-16
5.395E+02  5.437E-26  7.782E-16  1.646E-16  6.136E-16
5.346E+02  5.674E-26  8.046E-16  1.703E-16  6.342E-16
5.297E+02  5.921E-26  8.319E-16  1.763E-16  6.556E-16
5.248E+02  6.179E-26  8.602E-16  1.824E-16  6.777E-16
5.200E+02  6.448E-26  8.894E-16  1.888E-16  7.006E-16
5.152E+02  6.730E-26  9.197E-16  1.954E-16  7.243E-16
5.105E+02  7.023E-26  9.511E-16  2.022E-16  7.488E-16
5.058E+02  7.330E-26  9.835E-16  2.093E-16  7.742E-16
5.012E+02  7.651E-26  1.017E-15  2.166E-16  8.005E-16
4.966E+02  7.985E-26  1.052E-15  2.241E-16  8.277E-16
4.920E+02  8.335E-26  1.088E-15  2.319E-16  8.559E-16
4.875E+02  8.699E-26  1.125E-15  2.400E-16  8.851E-16
4.831E+02  9.081E-26  1.164E-15  2.483E-16  9.153E-16
4.786E+02  9.479E-26  1.203E-15  2.569E-16  9.465E-16
4.742E+02  9.895E-26  1.245E-15  2.658E-16  9.789E-16
4.699E+02  1.033E-25  1.287E-15  2.751E-16  1.012E-15
4.656E+02  1.078E-25  1.332E-15  2.846E-16  1.047E-15
4.613E+02  1.126E-25  1.378E-15  2.945E-16  1.083E-15
4.571E+02  1.175E-25  1.425E-15  3.047E-16  1.120E-15
4.529E+02  1.227E-25  1.474E-15  3.152E-16  1.159E-15
4.487E+02  1.281E-25  1.525E-15  3.261E-16  1.199E-15
4.446E+02  1.337E-25  1.577E-15  3.374E-16  1.240E-15
4.406E+02  1.396E-25  1.632E-15  3.491E-16  1.283E-15
4.365E+02  1.458E-25  1.688E-15  3.611E-16  1.327E-15
4.325E+02  1.522E-25  1.746E-15  3.736E-16  1.373E-15
4.285E+02  1.590E-25  1.807E-15  3.865E-16  1.420E-15
4.246E+02  1.660E-25  1.869E-15  3.998E-16  1.470E-15
4.207E+02  1.733E-25  1.934E-15  4.136E-16  1.521E-15
4.169E+02  1.810E-25  2.001E-15  4.278E-16  1.574E-15
4.130E+02  1.890E-25  2.071E-15  4.426E-16  1.628E-15
4.093E+02  1.974E-25  2.143E-15  4.578E-16  1.685E-15
4.055E+02  2.061E-25  2.217E-15  4.735E-16  1.744E-15
4.018E+02  2.153E-25  2.295E-15  4.898E-16  1.805E-15
3.981E+02  2.249E-25  2.374E-15  5.066E-16  1.868E-15
3.945E+02  2.349E-25  2.457E-15  5.240E-16  1.933E-15
3.908E+02  2.453E-25  2.543E-15  5.420E-16  2.001E-15
3.873E+02  2.562E-25  2.632E-15  5.606E-16  2.072E-15
3.837E+02  2.677E-25  2.724E-15  5.798E-16  2.144E-15
3.802E+02  2.796E-25  2.820E-15  5.996E-16  2.220E-15
3.767E+02  2.921E-25  2.918E-15  6.201E-16  2.298E-15
3.733E+02  3.051E-25  3.021E-15  6.414E-16  2.379E-15
3.698E+02  3.187E-25  3.127E-15  6.633E-16  2.463E-15
3.664E+02  3.330E-25  3.237E-15  6.859E-16  2.551E-15
3.631E+02  3.479E-25  3.350E-15  7.094E-16  2.641E-15
3.597E+02  3.634E-25  3.468E-15  7.336E-16  2.735E-15
3.565E+02  3.797E-25  3.590E-15  7.586E-16  2.832E-15
3.532E+02  3.967E-25  3.717E-15  7.844E-16  2.932E-15
3.499E+02  4.145E-25  3.848E-15  8.111E-16  3.037E-15
3.467E+02  4.331E-25  3.983E-15  8.387E-16  3.145E-15
3.436E+02  4.525E-25  4.124E-15  8.673E-16  3.257E-15
3.404E+02  4.728E-25  4.270E-15  8.967E-16  3.373E-15
3.373E+02  4.941E-25  4.420E-15  9.272E-16  3.493E-15
3.342E+02  5.163E-25  4.577E-15  9.587E-16  3.618E-15
3.311E+02  5.395E-25  4.739E-15  9.912E-16  3.747E-15
3.281E+02  5.638E-25  4.906E-15  1.025E-15  3.882E-15
3.251E+02  5.891E-25  5.080E-15  1.060E-15  4.021E-15
3.221E+02  6.157E-25  5.260E-15  1.095E-15  4.165E-15
3.192E+02  6.434E-25  5.447E-15  1.132E-15  4.314E-15
3.162E+02  6.724E-25  5.640E-15  1.171E-15  4.469E-15
3.133E+02  7.027E-25  5.840E-15  1.210E-15  4.630E-15
3.105E+02  7.344E-25  6.048E-15  1.251E-15  4.796E-15
3.076E+02  7.675E-25  6.262E-15  1.293E-15  4.969E-15
3.048E+02  8.021E-25  6.485E-15  1.337E-15  5.148E-15
3.020E+02  8.383E-25  6.716E-15  1.382E-15  5.334E-15
2.992E+02  8.762E-25  6.955E-15  1.429E-15  5.526E-15
2.965E+02  9.158E-25  7.202E-15  1.477E-15  5.725E-15
2.938E+02  9.571E-25  7.458E-15  1.526E-15  5.932E-15
2.911E+02  1.000E-24  7.724E-15  1.578E-15  6.146E-15
2.884E+02  1.046E-24  7.999E-15  1.631E-15  6.368E-15
2.858E+02  1.093E-24  8.284E-15  1.686E-15  6.599E-15
2.831E+02  1.142E-24  8.580E-15  1.742E-15  6.838E-15
2.805E+02  1.194E-24  8.886E-15  1.800E-15  7.085E-15
2.780E+02  1.248E-24  9.203E-15  1.861E-15  7.342E-15
2.754E+02  1.305E-24  9.531E-15  1.923E-15  7.608E-15
2.729E+02  1.364E-24  9.873E-15  1.987E-15  7.885E-15
2.704E+02  1.426E-24  1.023E-14  2.054E-15  8.173E-15
2.679E+02  1.491E-24  1.059E-14  2.122E-15  8.472E-15
2.655E+02  1.559E-24  1.097E-14  2.193E-15  8.782E-15
2.630E+02  1.630E-24  1.137E-14  2.266E-15  9.103E-15
2.606E+02  1.704E-24  1.178E-14  2.342E-15  9.437E-15
2.582E+02  1.781E-24  1.220E-14  2.420E-15  9.782E-15
2.559E+02  1.862E-24  1.264E-14  2.501E-15  1.014E-14
2.535E+02  1.947E-24  1.309E-14  2.584E-15  1.051E-14
2.512E+02  2.034E-24  1.355E-14  2.670E-15  1.088E-14
2.489E+02  2.125E-24  1.403E-14  2.758E-15  1.127E-14
2.466E+02  2.217E-24  1.450E-14  2.850E-15  1.165E-14
2.443E+02  2.314E-24  1.500E-14  2.944E-15  1.205E-14
2.421E+02  2.414E-24  1.550E-14  3.042E-15  1.246E-14
2.399E+02  2.517E-24  1.602E-14  3.143E-15  1.288E-14
2.377E+02  2.624E-24  1.654E-14  3.247E-15  1.330E-14
2.355E+02  2.735E-24  1.708E-14  3.354E-15  1.373E-14
2.333E+02  2.850E-24  1.764E-14  3.465E-15  1.418E-14
2.312E+02  2.971E-24  1.822E-14  3.579E-15  1.464E-14
2.291E+02  3.096E-24  1.881E-14  3.697E-15  1.511E-14
2.270E+02  3.226E-24  1.942E-14  3.819E-15  1.560E-14
2.249E+02  3.362E-24  2.006E-14  3.945E-15  1.611E-14
2.228E+02  3.503E-24  2.071E-14  4.075E-15  1.663E-14
2.208E+02  3.650E-24  2.138E-14  4.209E-15  1.717E-14
2.188E+02  3.803E-24  2.207E-14  4.347E-15  1.772E-14
2.168E+02  3.963E-24  2.279E-14  4.490E-15  1.830E-14
2.148E+02  4.129E-24  2.352E-14  4.637E-15  1.888E-14
2.128E+02  4.301E-24  2.428E-14  4.790E-15  1.949E-14
2.109E+02  4.481E-24  2.506E-14  4.946E-15  2.012E-14
2.089E+02  4.667E-24  2.587E-14  5.108E-15  2.076E-14
2.070E+02  4.862E-24  2.670E-14  5.275E-15  2.142E-14
2.051E+02  5.064E-24  2.755E-14  5.448E-15  2.210E-14
2.032E+02  5.274E-24  2.843E-14  5.626E-15  2.281E-14
2.014E+02  5.493E-24  2.934E-14  5.809E-15  2.353E-14
1.995E+02  5.720E-24  3.027E-14  5.999E-15  2.428E-14
1.977E+02  5.956E-24  3.124E-14  6.194E-15  2.504E-14
1.959E+02  6.202E-24  3.223E-14  6.396E-15  2.583E-14
1.941E+02  6.458E-24  3.325E-14  6.604E-15  2.664E-14
1.923E+02  6.724E-24  3.430E-14  6.818E-15  2.748E-14
1.905E+02  7.000E-24  3.538E-14  7.040E-15  2.834E-14
1.888E+02  7.287E-24  3.649E-14  7.268E-15  2.923E-14
1.871E+02  7.585E-24  3.764E-14  7.504E-15  3.014E-14
1.854E+02  7.896E-24  3.882E-14  7.747E-15  3.107E-14
1.837E+02  8.218E-24  4.004E-14  7.998E-15  3.204E-14
1.820E+02  8.553E-24  4.129E-14  8.256E-15  3.303E-14
1.803E+02  8.902E-24  4.257E-14  8.523E-15  3.405E-14
1.786E+02  9.264E-24  4.390E-14  8.798E-15  3.510E-14
1.770E+02  9.640E-24  4.526E-14  9.082E-15  3.618E-14
1.754E+02  1.003E-23  4.666E-14  9.375E-15  3.729E-14
1.738E+02  1.044E-23  4.811E-14  9.677E-15  3.843E-14
1.722E+02  1.086E-23  4.959E-14  9.989E-15  3.960E-14
1.706E+02  1.130E-23  5.112E-14  1.031E-14  4.081E-14
1.690E+02  1.175E-23  5.269E-14  1.064E-14  4.205E-14
1.675E+02  1.222E-23  5.430E-14  1.098E-14  4.332E-14
1.660E+02  1.271E-23  5.597E-14  1.134E-14  4.463E-14
1.644E+02  1.322E-23  5.768E-14  1.170E-14  4.598E-14
1.629E+02  1.375E-23  5.943E-14  1.208E-14  4.736E-14
1.614E+02  1.430E-23  6.124E-14  1.246E-14  4.878E-14
1.600E+02  1.487E-23  6.310E-14  1.286E-14  5.024E-14
1.585E+02  1.546E-23  6.501E-14  1.327E-14  5.173E-14
1.570E+02  1.608E-23  6.697E-14  1.370E-14  5.327E-14
1.556E+02  1.672E-23  6.899E-14  1.413E-14  5.485E-14
1.542E+02  1.738E-23  7.106E-14  1.459E-14  5.648E-14
1.528E+02  1.806E-23  7.319E-14  1.505E-14  5.814E-14
1.514E+02  1.878E-23  7.538E-14  1.553E-14  5.985E-14
1.500E+02  1.952E-23  7.763E-14  1.603E-14  6.161E-14
1.486E+02  2.028E-23  7.995E-14  1.654E-14  6.341E-14
1.472E+02  2.108E-23  8.233E-14  1.706E-14  6.526E-14
1.459E+02  2.191E-23  8.477E-14  1.760E-14  6.716E-14
1.445E+02  2.276E-23  8.728E-14  1.816E-14  6.911E-14
1.432E+02  2.365E-23  8.986E-14  1.874E-14  7.111E-14
1.419E+02  2.457E-23  9.250E-14  1.934E-14  7.317E-14
1.406E+02  2.553E-23  9.522E-14  1.995E-14  7.527E-14
1.393E+02  2.652E-23  9.801E-14  2.058E-14  7.743E-14
1.380E+02  2.755E-23  1.009E-13  2.123E-14  7.964E-14
1.368E+02  2.861E-23  1.038E-13  2.190E-14  8.191E-14
1.355E+02  2.972E-23  1.068E-13  2.260E-14  8.424E-14
1.343E+02  3.086E-23  1.099E-13  2.331E-14  8.662E-14
1.330E+02  3.205E-23  1.131E-13  2.405E-14  8.906E-14
1.318E+02  3.328E-23  1.164E-13  2.481E-14  9.155E-14
1.306E+02  3.455E-23  1.197E-13  2.559E-14  9.411E-14
1.294E+02  3.587E-23  1.231E-13  2.640E-14  9.673E-14
1.282E+02  3.723E-23  1.266E-13  2.723E-14  9.941E-14
1.271E+02  3.865E-23  1.302E-13  2.809E-14  1.022E-13
1.259E+02  4.011E-23  1.339E-13  2.898E-14  1.050E-13
1.247E+02  4.163E-23  1.377E-13  2.989E-14  1.078E-13
1.236E+02  4.320E-23  1.416E-13  3.083E-14  1.108E-13
1.225E+02  4.482E-23  1.456E-13  3.180E-14  1.138E-13
1.213E+02  4.651E-23  1.497E-13  3.280E-14  1.169E-13
1.202E+02  4.825E-23  1.539E-13  3.383E-14  1.200E-13
1.191E+02  5.005E-23  1.582E-13  3.490E-14  1.233E-13
1.180E+02  5.192E-23  1.625E-13  3.599E-14  1.266E-13
1.169E+02  5.384E-23  1.670E-13  3.712E-14  1.299E-13
1.159E+02  5.583E-23  1.716E-13  3.828E-14  1.333E-13
1.148E+02  5.790E-23  1.763E-13  3.948E-14  1.368E-13
1.138E+02  6.003E-23  1.811E-13  4.072E-14  1.404E-13
1.127E+02  6.224E-23  1.861E-13  4.199E-14  1.441E-13
1.117E+02  6.452E-23  1.912E-13  4.331E-14  1.478E-13
1.107E+02  6.689E-23  1.963E-13  4.466E-14  1.517E-13
1.096E+02  6.933E-23  2.016E-13  4.605E-14  1.556E-13
1.086E+02  7.186E-23  2.071E-13  4.749E-14  1.596E-13
1.076E+02  7.447E-23  2.126E-13  4.897E-14  1.637E-13
1.067E+02  7.717E-23  2.183E-13  5.050E-14  1.678E-13
1.057E+02  7.997E-23  2.242E-13  5.207E-14  1.721E-13
1.047E+02  8.285E-23  2.301E-13  5.369E-14  1.764E-13
1.038E+02  8.583E-23  2.362E-13  5.535E-14  1.809E-13
1.028E+02  8.891E-23  2.424E-13  5.707E-14  1.854E-13
1.019E+02  9.208E-23  2.488E-13  5.884E-14  1.900E-13
1.009E+02  9.536E-23  2.553E-13  6.066E-14  1.946E-13
1.000E+02  9.874E-23  2.619E-13  6.253E-14  1.994E-13
9.908E+01  1.022E-22  2.687E-13  6.446E-14  2.042E-13
9.817E+01  1.058E-22  2.756E-13  6.645E-14  2.092E-13
9.727E+01  1.096E-22  2.827E-13  6.849E-14  2.142E-13
9.638E+01  1.134E-22  2.899E-13  7.060E-14  2.193E-13
9.550E+01  1.174E-22  2.973E-13  7.276E-14  2.245E-13
9.462E+01  1.214E-22  3.048E-13  7.498E-14  2.298E-13
9.376E+01  1.257E-22  3.125E-13  7.727E-14  2.352E-13
9.290E+01  1.300E-22  3.203E-13  7.963E-14  2.407E-13
9.204E+01  1.345E-22  3.283E-13  8.205E-14  2.463E-13
9.120E+01  1.391E-22  3.365E-13  8.454E-14  2.519E-13
9.036E+01  1.438E-22  3.448E-13  8.710E-14  2.577E-13
8.954E+01  1.487E-22  3.532E-13  8.973E-14  2.635E-13
8.872E+01  1.538E-22  3.619E-13  9.244E-14  2.694E-13
8.790E+01  1.590E-22  3.707E-13  9.522E-14  2.755E-13
8.710E+01  1.643E-22  3.797E-13  9.809E-14  2.816E-13
8.630E+01  1.699E-22  3.888E-13  1.010E-13  2.878E-13
8.551E+01  1.755E-22  3.981E-13  1.041E-13  2.941E-13
8.472E+01  1.814E-22  4.076E-13  1.072E-13  3.004E-13
8.395E+01  1.874E-22  4.172E-13  1.104E-13  3.069E-13
8.318E+01  1.936E-22  4.271E-13  1.137E-13  3.134E-13
8.241E+01  1.999E-22  4.371E-13  1.171E-13  3.200E-13
8.166E+01  2.065E-22  4.473E-13  1.206E-13  3.267E-13
8.091E+01  2.132E-22  4.576E-13  1.242E-13  3.335E-13
8.017E+01  2.202E-22  4.682E-13  1.278E-13  3.404E-13
7.943E+01  2.273E-22  4.789E-13  1.316E-13  3.473E-13
7.870E+01  2.346E-22  4.898E-13  1.355E-13  3.543E-13
7.798E+01  2.421E-22  5.009E-13  1.395E-13  3.613E-13
7.727E+01  2.499E-22  5.121E-13  1.436E-13  3.685E-13
7.656E+01  2.578E-22  5.236E-13  1.479E-13  3.757E-13
7.586E+01  2.660E-22  5.353E-13  1.522E-13  3.830E-13
7.516E+01  2.744E-22  5.471E-13  1.567E-13  3.904E-13
7.447E+01  2.830E-22  5.591E-13  1.613E-13  3.978E-13
7.379E+01  2.919E-22  5.713E-13  1.660E-13  4.053E-13
7.311E+01  3.009E-22  5.836E-13  1.708E-13  4.128E-13
7.244E+01  3.102E-22  5.961E-13  1.758E-13  4.203E-13
7.178E+01  3.197E-22  6.088E-13  1.809E-13  4.278E-13
7.112E+01  3.295E-22  6.216E-13  1.862E-13  4.354E-13
7.047E+01  3.396E-22  6.347E-13  1.916E-13  4.432E-13
6.982E+01  3.499E-22  6.481E-13  1.971E-13  4.510E-13
6.918E+01  3.605E-22  6.616E-13  2.028E-13  4.589E-13
6.855E+01  3.713E-22  6.752E-13  2.086E-13  4.666E-13
6.792E+01  3.824E-22  6.890E-13  2.146E-13  4.744E-13
6.730E+01  3.938E-22  7.029E-13  2.208E-13  4.821E-13
6.668E+01  4.054E-22  7.171E-13  2.271E-13  4.900E-13
6.607E+01  4.173E-22  7.314E-13  2.336E-13  4.978E-13
6.546E+01  4.296E-22  7.460E-13  2.403E-13  5.057E-13
6.486E+01  4.421E-22  7.606E-13  2.471E-13  5.135E-13
6.427E+01  4.549E-22  7.754E-13  2.541E-13  5.213E-13
6.368E+01  4.679E-22  7.904E-13  2.613E-13  5.291E-13
6.310E+01  4.814E-22  8.056E-13  2.687E-13  5.369E-13
6.252E+01  4.951E-22  8.211E-13  2.763E-13  5.447E-13
6.194E+01  5.092E-22  8.366E-13  2.841E-13  5.525E-13
6.138E+01  5.236E-22  8.524E-13  2.921E-13  5.603E-13
6.081E+01  5.383E-22  8.683E-13  3.003E-13  5.680E-13
6.026E+01  5.533E-22  8.844E-13  3.088E-13  5.756E-13
5.970E+01  5.687E-22  9.006E-13  3.174E-13  5.831E-13
5.916E+01  5.843E-22  9.169E-13  3.263E-13  5.906E-13
5.861E+01  6.003E-22  9.333E-13  3.354E-13  5.979E-13
5.808E+01  6.166E-22  9.499E-13  3.447E-13  6.052E-13
5.754E+01  6.332E-22  9.666E-13  3.543E-13  6.123E-13
5.702E+01  6.502E-22  9.834E-13  3.641E-13  6.193E-13
5.649E+01  6.676E-22  1.000E-12  3.741E-13  6.262E-13
5.598E+01  6.853E-22  1.018E-12  3.844E-13  6.331E-13
5.546E+01  7.034E-22  1.035E-12  3.950E-13  6.399E-13
5.495E+01  7.219E-22  1.052E-12  4.058E-13  6.465E-13
5.445E+01  7.408E-22  1.070E-12  4.169E-13  6.530E-13
5.395E+01  7.601E-22  1.088E-12  4.283E-13  6.594E-13
5.346E+01  7.797E-22  1.106E-12  4.399E-13  6.656E-13
5.297E+01  7.997E-22  1.124E-12  4.518E-13  6.717E-13
5.248E+01  8.201E-22  1.142E-12  4.640E-13  6.776E-13
5.200E+01  8.408E-22  1.160E-12  4.765E-13  6.832E-13
5.152E+01  8.619E-22  1.178E-12  4.893E-13  6.887E-13
5.105E+01  8.834E-22  1.196E-12  5.023E-13  6.940E-13
5.058E+01  9.053E-22  1.215E-12  5.157E-13  6.990E-13
5.012E+01  9.276E-22  1.233E-12  5.293E-13  7.038E-13
4.966E+01  9.502E-22  1.252E-12  5.433E-13  7.083E-13
4.920E+01  9.732E-22  1.270E-12  5.576E-13  7.127E-13
4.875E+01  9.966E-22  1.289E-12  5.721E-13  7.167E-13
4.831E+01  1.020E-21  1.308E-12  5.870E-13  7.206E-13
4.786E+01  1.045E-21  1.326E-12  6.021E-13  7.242E-13
4.742E+01  1.069E-21  1.345E-12  6.175E-13  7.276E-13
4.699E+01  1.094E-21  1.364E-12  6.332E-13  7.307E-13
4.656E+01  1.120E-21  1.383E-12  6.491E-13  7.335E-13
4.613E+01  1.145E-21  1.401E-12  6.653E-13  7.361E-13
4.571E+01  1.171E-21  1.420E-12  6.817E-13  7.383E-13
4.529E+01  1.198E-21  1.439E-12  6.984E-13  7.404E-13
4.487E+01  1.224E-21  1.457E-12  7.153E-13  7.421E-13
4.446E+01  1.252E-21  1.476E-12  7.324E-13  7.437E-13
4.406E+01  1.279E-21  1.495E-12  7.497E-13  7.449E-13
4.365E+01  1.307E-21  1.513E-12  7.671E-13  7.458E-13
4.325E+01  1.334E-21  1.531E-12  7.846E-13  7.464E-13
4.285E+01  1.363E-21  1.549E-12  8.022E-13  7.466E-13
4.246E+01  1.391E-21  1.566E-12  8.199E-13  7.466E-13
4.207E+01  1.419E-21  1.584E-12  8.375E-13  7.462E-13
4.169E+01  1.448E-21  1.601E-12  8.552E-13  7.454E-13
4.130E+01  1.476E-21  1.617E-12  8.727E-13  7.444E-13
4.093E+01  1.504E-21  1.633E-12  8.901E-13  7.429E-13
4.055E+01  1.532E-21  1.648E-12  9.073E-13  7.410E-13
4.018E+01  1.560E-21  1.663E-12  9.243E-13  7.388E-13
3.981E+01  1.588E-21  1.677E-12  9.409E-13  7.363E-13
3.945E+01  1.616E-21  1.690E-12  9.571E-13  7.334E-13
3.908E+01  1.643E-21  1.703E-12  9.728E-13  7.301E-13
3.873E+01  1.669E-21  1.714E-12  9.879E-13  7.265E-13
3.837E+01  1.695E-21  1.725E-12  1.002E-12  7.226E-13
3.802E+01  1.720E-21  1.734E-12  1.016E-12  7.183E-13
3.767E+01  1.744E-21  1.743E-12  1.029E-12  7.137E-13
3.733E+01  1.767E-21  1.749E-12  1.041E-12  7.083E-13
3.698E+01  1.788E-21  1.754E-12  1.052E-12  7.025E-13
3.664E+01  1.809E-21  1.758E-12  1.061E-12  6.965E-13
3.631E+01  1.828E-21  1.760E-12  1.070E-12  6.903E-13
3.597E+01  1.845E-21  1.761E-12  1.077E-12  6.838E-13
3.565E+01  1.861E-21  1.760E-12  1.083E-12  6.770E-13
3.532E+01  1.875E-21  1.757E-12  1.087E-12  6.700E-13
3.499E+01  1.888E-21  1.752E-12  1.090E-12  6.628E-13
3.467E+01  1.898E-21  1.746E-12  1.090E-12  6.554E-13
3.436E+01  1.907E-21  1.738E-12  1.090E-12  6.478E-13
3.404E+01  1.913E-21  1.727E-12  1.087E-12  6.399E-13
3.373E+01  1.917E-21  1.715E-12  1.083E-12  6.319E-13
3.342E+01  1.919E-21  1.701E-12  1.077E-12  6.238E-13
3.311E+01  1.918E-21  1.685E-12  1.069E-12  6.157E-13
3.281E+01  1.915E-21  1.667E-12  1.060E-12  6.075E-13
3.251E+01  1.910E-21  1.647E-12  1.048E-12  5.991E-13
3.221E+01  1.903E-21  1.626E-12  1.035E-12  5.905E-13
3.192E+01  1.893E-21  1.603E-12  1.021E-12  5.818E-13
3.162E+01  1.881E-21  1.578E-12  1.005E-12  5.729E-13
3.133E+01  1.867E-21  1.551E-12  9.875E-13  5.639E-13
3.105E+01  1.850E-21  1.524E-12  9.688E-13  5.548E-13
3.076E+01  1.832E-21  1.495E-12  9.491E-13  5.456E-13
3.048E+01  1.812E-21  1.465E-12  9.283E-13  5.362E-13
3.020E+01  1.789E-21  1.434E-12  9.067E-13  5.268E-13
2.992E+01  1.766E-21  1.402E-12  8.844E-13  5.172E-13
2.965E+01  1.741E-21  1.369E-12  8.615E-13  5.074E-13
2.938E+01  1.714E-21  1.336E-12  8.381E-13  4.974E-13
2.911E+01  1.686E-21  1.302E-12  8.145E-13  4.874E-13
2.884E+01  1.658E-21  1.268E-12  7.907E-13  4.774E-13
2.858E+01  1.628E-21  1.234E-12  7.669E-13  4.673E-13
2.831E+01  1.598E-21  1.200E-12  7.432E-13  4.571E-13
2.805E+01  1.568E-21  1.167E-12  7.197E-13  4.469E-13
2.780E+01  1.537E-21  1.133E-12  6.965E-13  4.367E-13
2.754E+01  1.506E-21  1.100E-12  6.737E-13  4.265E-13
2.729E+01  1.475E-21  1.068E-12  6.513E-13  4.163E-13
2.704E+01  1.444E-21  1.036E-12  6.295E-13  4.062E-13
2.679E+01  1.413E-21  1.004E-12  6.083E-13  3.960E-13
2.655E+01  1.383E-21  9.736E-13  5.878E-13  3.859E-13
2.630E+01  1.353E-21  9.437E-13  5.679E-13  3.758E-13
2.606E+01  1.323E-21  9.145E-13  5.487E-13  3.657E-13
2.582E+01  1.294E-21  8.861E-13  5.303E-13  3.557E-13
2.559E+01  1.265E-21  8.585E-13  5.127E-13  3.458E-13
2.535E+01  1.237E-21  8.317E-13  4.958E-13  3.360E-13
2.512E+01  1.209E-21  8.058E-13  4.796E-13  3.262E-13
2.489E+01  1.182E-21  7.807E-13  4.642E-13  3.164E-13
2.466E+01  1.156E-21  7.563E-13  4.496E-13  3.068E-13
2.443E+01  1.131E-21  7.328E-13  4.357E-13  2.971E-13
2.421E+01  1.106E-21  7.100E-13  4.225E-13  2.875E-13
2.399E+01  1.081E-21  6.879E-13  4.100E-13  2.779E-13
2.377E+01  1.057E-21  6.667E-13  3.981E-13  2.685E-13
2.355E+01  1.035E-21  6.465E-13  3.870E-13  2.596E-13
2.333E+01  1.013E-21  6.270E-13  3.765E-13  2.506E-13
2.312E+01  9.913E-22  6.080E-13  3.666E-13  2.414E-13
2.291E+01  9.706E-22  5.898E-13  3.573E-13  2.325E-13
2.270E+01  9.513E-22  5.727E-13  3.486E-13  2.242E-13
2.249E+01  9.331E-22  5.567E-13  3.404E-13  2.162E-13
2.228E+01  9.158E-22  5.414E-13  3.328E-13  2.086E-13
2.208E+01  8.990E-22  5.265E-13  3.256E-13  2.009E-13
2.188E+01  8.823E-22  5.120E-13  3.190E-13  1.930E-13
2.168E+01  8.660E-22  4.979E-13  3.128E-13  1.852E-13
2.148E+01  8.503E-22  4.844E-13  3.070E-13  1.775E-13
2.128E+01  8.357E-22  4.718E-13  3.016E-13  1.702E-13
2.109E+01  8.221E-22  4.598E-13  2.966E-13  1.633E-13
2.089E+01  8.090E-22  4.483E-13  2.919E-13  1.564E-13
2.070E+01  7.962E-22  4.372E-13  2.876E-13  1.496E-13
2.051E+01  7.840E-22  4.266E-13  2.837E-13  1.429E-13
2.032E+01  7.726E-22  4.165E-13  2.800E-13  1.365E-13
2.014E+01  7.629E-22  4.075E-13  2.767E-13  1.308E-13
1.995E+01  7.538E-22  3.989E-13  2.738E-13  1.251E-13
1.977E+01  7.451E-22  3.908E-13  2.712E-13  1.195E-13
1.959E+01  7.372E-22  3.831E-13  2.692E-13  1.139E-13
1.941E+01  7.308E-22  3.763E-13  2.681E-13  1.082E-13
1.923E+01  7.283E-22  3.715E-13  2.691E-13  1.024E-13
1.905E+01  7.379E-22  3.730E-13  2.763E-13  9.665E-14
1.888E+01  7.443E-22  3.728E-13  2.819E-13  9.091E-14
1.871E+01  7.132E-22  3.539E-13  2.687E-13  8.521E-14
1.854E+01  6.975E-22  3.430E-13  2.634E-13  7.957E-14
1.837E+01  6.911E-22  3.367E-13  2.626E-13  7.403E-14
1.820E+01  6.909E-22  3.335E-13  2.649E-13  6.863E-14
1.803E+01  7.017E-22  3.356E-13  2.722E-13  6.342E-14
1.786E+01  7.268E-22  3.444E-13  2.860E-13  5.840E-14
1.770E+01  7.246E-22  3.402E-13  2.866E-13  5.359E-14
1.754E+01  7.514E-22  3.496E-13  3.006E-13  4.897E-14
1.738E+01  8.258E-22  3.807E-13  3.361E-13  4.459E-14
1.722E+01  8.092E-22  3.696E-13  3.291E-13  4.048E-14
1.706E+01  8.068E-22  3.651E-13  3.284E-13  3.668E-14
1.690E+01  7.834E-22  3.513E-13  3.181E-13  3.316E-14
1.675E+01  7.480E-22  3.324E-13  3.025E-13  2.989E-14
1.660E+01  7.511E-22  3.307E-13  3.038E-13  2.685E-14
1.644E+01  8.447E-22  3.684E-13  3.444E-13  2.407E-14
1.629E+01  6.665E-22  2.880E-13  2.665E-13  2.152E-14
1.614E+01  5.901E-22  2.527E-13  2.335E-13  1.922E-14
1.600E+01  5.595E-22  2.374E-13  2.203E-13  1.715E-14
1.585E+01  5.383E-22  2.263E-13  2.110E-13  1.527E-14
1.570E+01  5.148E-22  2.145E-13  2.009E-13  1.359E-14
1.556E+01  4.980E-22  2.055E-13  1.934E-13  1.208E-14
1.542E+01  4.847E-22  1.982E-13  1.875E-13  1.073E-14
1.528E+01  4.734E-22  1.918E-13  1.823E-13  9.524E-15
1.514E+01  4.636E-22  1.861E-13  1.777E-13  8.454E-15
1.500E+01  4.551E-22  1.810E-13  1.735E-13  7.509E-15
1.486E+01  4.480E-22  1.766E-13  1.699E-13  6.662E-15
1.472E+01  4.429E-22  1.730E-13  1.671E-13  5.907E-15
1.459E+01  4.412E-22  1.707E-13  1.655E-13  5.238E-15
1.445E+01  4.463E-22  1.711E-13  1.665E-13  4.663E-15
1.432E+01  4.665E-22  1.772E-13  1.730E-13  4.169E-15
1.419E+01  4.896E-22  1.843E-13  1.805E-13  3.752E-15
1.406E+01  4.666E-22  1.740E-13  1.706E-13  3.404E-15
1.393E+01  4.525E-22  1.672E-13  1.641E-13  3.118E-15
1.380E+01  4.632E-22  1.696E-13  1.667E-13  2.879E-15
1.368E+01  4.961E-22  1.800E-13  1.773E-13  2.682E-15
1.355E+01  5.385E-22  1.936E-13  1.911E-13  2.511E-15
1.343E+01  5.429E-22  1.934E-13  1.910E-13  2.357E-15
1.330E+01  5.073E-22  1.790E-13  1.768E-13  2.213E-15
1.318E+01  4.853E-22  1.697E-13  1.676E-13  2.078E-15
1.306E+01  4.963E-22  1.720E-13  1.700E-13  1.948E-15
1.294E+01  5.460E-22  1.874E-13  1.856E-13  1.828E-15
1.282E+01  6.423E-22  2.185E-13  2.167E-13  1.718E-15
1.271E+01  7.624E-22  2.570E-13  2.553E-13  1.616E-15
1.259E+01  7.901E-22  2.638E-13  2.623E-13  1.519E-15
1.247E+01  6.841E-22  2.263E-13  2.249E-13  1.426E-15
1.236E+01  5.787E-22  1.897E-13  1.884E-13  1.336E-15
1.225E+01  5.353E-22  1.739E-13  1.726E-13  1.247E-15
1.213E+01  5.444E-22  1.752E-13  1.740E-13  1.167E-15
1.202E+01  5.624E-22  1.794E-13  1.783E-13  1.094E-15
1.191E+01  5.321E-22  1.681E-13  1.671E-13  1.024E-15
1.180E+01  4.776E-22  1.495E-13  1.486E-13  9.576E-16
1.169E+01  4.574E-22  1.419E-13  1.410E-13  8.932E-16
1.159E+01  5.011E-22  1.540E-13  1.532E-13  8.291E-16
1.148E+01  6.438E-22  1.961E-13  1.953E-13  7.684E-16
1.138E+01  8.779E-22  2.649E-13  2.642E-13  7.132E-16
1.127E+01  1.120E-21  3.350E-13  3.343E-13  6.622E-16
1.117E+01  7.824E-22  2.318E-13  2.312E-13  6.153E-16
1.107E+01  4.145E-22  1.217E-13  1.211E-13  5.715E-16
1.096E+01  2.919E-22  8.490E-14  8.437E-14  5.294E-16
1.086E+01  2.346E-22  6.761E-14  6.712E-14  4.906E-16
1.076E+01  2.033E-22  5.805E-14  5.760E-14  4.558E-16
1.067E+01  1.838E-22  5.201E-14  5.159E-14  4.245E-16
1.057E+01  1.672E-22  4.688E-14  4.648E-14  3.960E-16
1.047E+01  1.556E-22  4.321E-14  4.284E-14  3.682E-16
1.038E+01  1.471E-22  4.050E-14  4.016E-14  3.398E-16
1.028E+01  1.407E-22  3.837E-14  3.806E-14  3.108E-16
1.019E+01  1.357E-22  3.665E-14  3.637E-14  2.821E-16
1.009E+01  1.317E-22  3.526E-14  3.500E-14  2.551E-16
1.000E+01  1.286E-22  3.412E-14  3.389E-14  2.305E-16
9.908E+00  1.264E-22  3.321E-14  3.300E-14  2.086E-16
9.817E+00  1.248E-22  3.251E-14  3.232E-14  1.890E-16
9.727E+00  1.240E-22  3.201E-14  3.184E-14  1.711E-16
9.638E+00  1.240E-22  3.170E-14  3.155E-14  1.548E-16
9.550E+00  1.248E-22  3.162E-14  3.148E-14  1.389E-16
9.462E+00  1.266E-22  3.177E-14  3.164E-14  1.234E-16
9.376E+00  1.295E-22  3.220E-14  3.209E-14  1.082E-16
9.290E+00  1.339E-22  3.299E-14  3.289E-14  9.347E-17
9.204E+00  1.403E-22  3.425E-14  3.417E-14  7.942E-17
9.120E+00  1.495E-22  3.617E-14  3.611E-14  6.649E-17
9.036E+00  1.631E-22  3.909E-14  3.904E-14  5.495E-17
8.954E+00  1.836E-22  4.361E-14  4.356E-14  4.503E-17
8.872E+00  2.159E-22  5.081E-14  5.077E-14  3.675E-17
8.790E+00  2.679E-22  6.247E-14  6.244E-14  2.999E-17
8.710E+00  3.444E-22  7.956E-14  7.954E-14  2.453E-17
8.630E+00  4.081E-22  9.341E-14  9.339E-14  2.016E-17
8.551E+00  3.837E-22  8.704E-14  8.702E-14  1.663E-17
8.472E+00  3.218E-22  7.232E-14  7.231E-14  1.369E-17
8.395E+00  2.880E-22  6.412E-14  6.411E-14  1.118E-17
8.318E+00  2.786E-22  6.146E-14  6.145E-14  8.988E-18
8.241E+00  2.833E-22  6.193E-14  6.192E-14  7.080E-18
8.166E+00  3.050E-22  6.607E-14  6.607E-14  5.455E-18
8.091E+00  3.498E-22  7.507E-14  7.507E-14  4.171E-18
8.017E+00  4.203E-22  8.938E-14  8.937E-14  3.166E-18
7.943E+00  5.069E-22  1.068E-13  1.068E-13  2.395E-18
7.870E+00  5.698E-22  1.189E-13  1.189E-13  1.807E-18
7.798E+00  5.700E-22  1.179E-13  1.179E-13  1.363E-18
7.727E+00  5.428E-22  1.112E-13  1.112E-13  1.034E-18
7.656E+00  5.295E-22  1.075E-13  1.075E-13  7.901E-19
7.586E+00  4.864E-22  9.788E-14  9.788E-14  6.103E-19
7.516E+00  3.845E-22  7.666E-14  7.666E-14  4.798E-19
7.447E+00  2.837E-22  5.605E-14  5.605E-14  3.852E-19
7.379E+00  2.128E-22  4.165E-14  4.165E-14  3.141E-19
7.311E+00  1.648E-22  3.196E-14  3.196E-14  2.612E-19
7.244E+00  1.306E-22  2.509E-14  2.509E-14  2.197E-19
7.178E+00  1.052E-22  2.002E-14  2.002E-14  1.861E-19
7.112E+00  8.610E-23  1.624E-14  1.624E-14  1.593E-19
7.047E+00  7.194E-23  1.345E-14  1.345E-14  1.371E-19
6.982E+00  6.174E-23  1.144E-14  1.144E-14  1.181E-19
6.918E+00  5.479E-23  1.005E-14  1.005E-14  1.020E-19
6.855E+00  5.037E-23  9.159E-15  9.159E-15  8.806E-20
6.792E+00  4.753E-23  8.563E-15  8.563E-15  7.600E-20
6.730E+00  4.483E-23  8.004E-15  8.004E-15  6.557E-20
6.668E+00  4.104E-23  7.260E-15  7.259E-15  5.652E-20
6.607E+00  3.640E-23  6.380E-15  6.380E-15  4.864E-20
6.546E+00  3.248E-23  5.640E-15  5.640E-15  4.182E-20
6.486E+00  3.074E-23  5.289E-15  5.289E-15  3.590E-20
6.427E+00  3.241E-23  5.525E-15  5.525E-15  3.078E-20
6.368E+00  3.958E-23  6.685E-15  6.685E-15  2.636E-20
6.310E+00  5.646E-23  9.449E-15  9.449E-15  2.253E-20
6.252E+00  8.180E-23  1.357E-14  1.357E-14  1.923E-20
6.194E+00  7.641E-23  1.256E-14  1.256E-14  1.639E-20
6.138E+00  4.344E-23  7.073E-15  7.073E-15  1.393E-20
6.081E+00  2.341E-23  3.777E-15  3.777E-15  1.183E-20
6.026E+00  1.403E-23  2.243E-15  2.243E-15  1.004E-20
5.970E+00  9.401E-24  1.489E-15  1.489E-15  8.514E-21
5.916E+00  6.958E-24  1.092E-15  1.092E-15  7.212E-21
5.861E+00  5.701E-24  8.863E-16  8.863E-16  6.105E-21
5.808E+00  5.271E-24  8.119E-16  8.119E-16  5.163E-21
5.754E+00  5.480E-24  8.365E-16  8.365E-16  4.364E-21
5.702E+00  5.432E-24  8.216E-16  8.216E-16  3.685E-21
5.649E+00  4.106E-24  6.153E-16  6.153E-16  3.110E-21
5.598E+00  2.749E-24  4.082E-16  4.082E-16  2.622E-21
5.546E+00  1.947E-24  2.865E-16  2.865E-16  2.209E-21
5.495E+00  1.503E-24  2.191E-16  2.191E-16  1.860E-21
5.445E+00  1.261E-24  1.822E-16  1.822E-16  1.565E-21
5.395E+00  1.161E-24  1.662E-16  1.662E-16  1.316E-21
5.346E+00  1.195E-24  1.695E-16  1.695E-16  1.105E-21
5.297E+00  1.294E-24  1.818E-16  1.818E-16  9.271E-22
5.248E+00  1.139E-24  1.586E-16  1.586E-16  7.773E-22
5.200E+00  7.795E-25  1.075E-16  1.075E-16  6.511E-22
5.152E+00  5.281E-25  7.218E-17  7.218E-17  5.450E-22
5.105E+00  3.848E-25  5.211E-17  5.211E-17  4.557E-22
5.058E+00  2.973E-25  3.989E-17  3.989E-17  3.807E-22
5.012E+00  2.384E-25  3.169E-17  3.169E-17  3.178E-22
4.966E+00  1.956E-25  2.577E-17  2.577E-17  2.651E-22
4.920E+00  1.629E-25  2.127E-17  2.127E-17  2.208E-22
4.875E+00  1.371E-25  1.773E-17  1.773E-17  1.838E-22
4.831E+00  1.161E-25  1.488E-17  1.488E-17  1.528E-22
4.786E+00  9.882E-26  1.255E-17  1.255E-17  1.269E-22
4.742E+00  8.443E-26  1.062E-17  1.062E-17  1.052E-22
4.699E+00  7.233E-26  9.016E-18  9.016E-18  8.720E-23
4.656E+00  6.210E-26  7.669E-18  7.669E-18  7.217E-23
4.613E+00  5.340E-26  6.534E-18  6.534E-18  5.965E-23
4.571E+00  4.597E-26  5.574E-18  5.574E-18  4.925E-23
4.529E+00  3.962E-26  4.760E-18  4.760E-18  4.061E-23
4.487E+00  3.417E-26  4.067E-18  4.067E-18  3.345E-23
4.446E+00  2.948E-26  3.477E-18  3.477E-18  2.751E-23
4.406E+00  2.545E-26  2.974E-18  2.974E-18  2.261E-23
4.365E+00  2.197E-26  2.544E-18  2.544E-18  1.856E-23
4.325E+00  1.898E-26  2.177E-18  2.177E-18  1.521E-23
4.285E+00  1.639E-26  1.863E-18  1.863E-18  1.245E-23
4.246E+00  1.415E-26  1.594E-18  1.594E-18  1.017E-23
4.207E+00  1.222E-26  1.364E-18  1.364E-18  8.305E-24
4.169E+00  1.055E-26  1.167E-18  1.167E-18  6.769E-24
4.130E+00  9.107E-27  9.977E-19  9.977E-19  5.510E-24
4.093E+00  7.858E-27  8.531E-19  8.531E-19  4.476E-24
4.055E+00  6.779E-27  7.292E-19  7.292E-19  3.630E-24
4.018E+00  5.847E-27  6.232E-19  6.232E-19  2.940E-24
3.981E+00  5.042E-27  5.324E-19  5.324E-19  2.377E-24
3.945E+00  4.346E-27  4.548E-19  4.548E-19  1.919E-24
3.908E+00  3.746E-27  3.883E-19  3.883E-19  1.547E-24
3.873E+00  3.228E-27  3.316E-19  3.316E-19  1.245E-24
3.837E+00  2.781E-27  2.831E-19  2.831E-19  1.001E-24
3.802E+00  2.397E-27  2.417E-19  2.417E-19  8.037E-25
3.767E+00  2.066E-27  2.065E-19  2.065E-19  6.441E-25
3.733E+00  1.782E-27  1.764E-19  1.764E-19  5.154E-25
3.698E+00  1.539E-27  1.509E-19  1.509E-19  4.118E-25
3.664E+00  1.330E-27  1.293E-19  1.293E-19  3.285E-25
3.631E+00  1.153E-27  1.110E-19  1.110E-19  2.616E-25
3.597E+00  1.003E-27  9.570E-20  9.570E-20  2.080E-25
3.565E+00  8.774E-28  8.296E-20  8.296E-20  1.651E-25
3.532E+00  7.744E-28  7.255E-20  7.255E-20  1.309E-25
3.499E+00  6.935E-28  6.438E-20  6.438E-20  1.035E-25
3.467E+00  6.364E-28  5.853E-20  5.853E-20  8.178E-26
3.436E+00  6.095E-28  5.555E-20  5.555E-20  6.449E-26
3.404E+00  6.325E-28  5.711E-20  5.711E-20  5.076E-26
3.373E+00  7.698E-28  6.887E-20  6.887E-20  3.989E-26
3.342E+00  1.310E-27  1.162E-19  1.162E-19  3.128E-26
3.311E+00  3.892E-27  3.419E-19  3.419E-19  2.449E-26
3.281E+00  2.307E-27  2.008E-19  2.008E-19  1.914E-26
3.251E+00  6.262E-28  5.400E-20  5.400E-20  1.493E-26
3.221E+00  2.936E-28  2.509E-20  2.509E-20  1.162E-26
3.192E+00  1.818E-28  1.539E-20  1.539E-20  9.023E-27
3.162E+00  1.286E-28  1.079E-20  1.079E-20  6.997E-27
3.133E+00  9.734E-29  8.090E-21  8.090E-21  5.417E-27
3.105E+00  7.645E-29  6.296E-21  6.296E-21  4.186E-27
3.076E+00  6.132E-29  5.003E-21  5.003E-21  3.231E-27
3.048E+00  4.980E-29  4.027E-21  4.027E-21  2.489E-27
3.020E+00  4.076E-29  3.265E-21  3.265E-21  1.914E-27
2.992E+00  3.352E-29  2.661E-21  2.661E-21  1.469E-27
2.965E+00  2.765E-29  2.174E-21  2.174E-21  1.126E-27
2.938E+00  2.285E-29  1.780E-21  1.780E-21  8.610E-28
2.911E+00  1.890E-29  1.459E-21  1.459E-21  6.572E-28
2.884E+00  1.564E-29  1.196E-21  1.196E-21  5.006E-28
2.858E+00  1.294E-29  9.809E-22  9.809E-22  3.807E-28
2.831E+00  1.071E-29  8.041E-22  8.041E-22  2.889E-28
2.805E+00  8.855E-30  6.590E-22  6.590E-22  2.188E-28
2.780E+00  7.319E-30  5.397E-22  5.397E-22  1.654E-28
2.754E+00  6.046E-30  4.417E-22  4.417E-22  1.248E-28
2.729E+00  4.990E-30  3.612E-22  3.612E-22  9.395E-29
2.704E+00  4.115E-30  2.951E-22  2.951E-22  7.059E-29
2.679E+00  3.390E-30  2.409E-22  2.409E-22  5.293E-29
2.655E+00  2.790E-30  1.964E-22  1.964E-22  3.961E-29
2.630E+00  2.293E-30  1.600E-22  1.600E-22  2.959E-29
2.606E+00  1.883E-30  1.302E-22  1.302E-22  2.205E-29
2.582E+00  1.545E-30  1.058E-22  1.058E-22  1.640E-29
2.559E+00  1.266E-30  8.592E-23  8.592E-23  1.217E-29
2.535E+00  1.036E-30  6.967E-23  6.967E-23  9.017E-30
2.512E+00  8.468E-31  5.642E-23  5.642E-23  6.665E-30
2.489E+00  6.913E-31  4.564E-23  4.564E-23  4.916E-30
2.466E+00  5.635E-31  3.686E-23  3.686E-23  3.619E-30
2.443E+00  4.587E-31  2.973E-23  2.973E-23  2.659E-30
2.421E+00  3.729E-31  2.395E-23  2.395E-23  1.949E-30
2.399E+00  3.028E-31  1.927E-23  1.927E-23  1.425E-30
2.377E+00  2.455E-31  1.548E-23  1.548E-23  1.040E-30
2.355E+00  1.988E-31  1.242E-23  1.242E-23  7.574E-31
2.333E+00  1.608E-31  9.950E-24  9.950E-24  5.502E-31
2.312E+00  1.298E-31  7.960E-24  7.960E-24  3.989E-31
2.291E+00  1.046E-31  6.357E-24  6.357E-24  2.885E-31
2.270E+00  8.419E-32  5.069E-24  5.069E-24  2.082E-31
2.249E+00  6.763E-32  4.035E-24  4.035E-24  1.499E-31
2.228E+00  5.423E-32  3.206E-24  3.206E-24  1.077E-31
2.208E+00  4.340E-32  2.542E-24  2.542E-24  7.716E-32
2.188E+00  3.466E-32  2.012E-24  2.012E-24  5.518E-32
2.168E+00  2.762E-32  1.588E-24  1.588E-24  3.936E-32
2.148E+00  2.195E-32  1.251E-24  1.251E-24  2.802E-32
2.128E+00  1.740E-32  9.820E-25  9.820E-25  1.990E-32
2.109E+00  1.374E-32  7.686E-25  7.686E-25  1.410E-32
2.089E+00  1.081E-32  5.992E-25  5.992E-25  9.964E-33
2.070E+00  8.469E-33  4.650E-25  4.650E-25  7.025E-33
2.051E+00  6.597E-33  3.589E-25  3.589E-25  4.942E-33
2.032E+00  5.104E-33  2.751E-25  2.751E-25  3.468E-33
2.014E+00  3.916E-33  2.091E-25  2.091E-25  2.427E-33
1.995E+00  2.974E-33  1.574E-25  1.574E-25  1.695E-33
1.977E+00  2.233E-33  1.171E-25  1.171E-25  1.181E-33
1.959E+00  1.660E-33  8.624E-26  8.624E-26  8.203E-34
1.941E+00  1.231E-33  6.337E-26  6.337E-26  5.686E-34
1.923E+00  9.268E-34  4.728E-26  4.728E-26  3.931E-34
1.905E+00  7.237E-34  3.658E-26  3.658E-26  2.711E-34
1.888E+00  5.899E-34  2.954E-26  2.954E-26  1.865E-34
1.871E+00  4.935E-34  2.449E-26  2.449E-26  1.279E-34
1.854E+00  4.139E-34  2.035E-26  2.035E-26  8.754E-35
1.837E+00  3.433E-34  1.672E-26  1.672E-26  5.975E-35
1.820E+00  2.805E-34  1.354E-26  1.354E-26  4.068E-35
1.803E+00  2.261E-34  1.081E-26  1.081E-26  2.762E-35
1.786E+00  1.802E-34  8.542E-27  8.542E-27  1.871E-35
1.770E+00  1.425E-34  6.690E-27  6.690E-27  1.263E-35
1.754E+00  1.119E-34  5.205E-27  5.205E-27  8.513E-36
1.738E+00  8.740E-35  4.029E-27  4.029E-27  5.720E-36
1.722E+00  6.798E-35  3.105E-27  3.105E-27  3.833E-36
1.706E+00  5.268E-35  2.384E-27  2.384E-27  2.561E-36
1.690E+00  4.070E-35  1.825E-27  1.825E-27  1.707E-36
1.675E+00  3.137E-35  1.394E-27  1.394E-27  1.134E-36
1.660E+00  2.411E-35  1.061E-27  1.061E-27  7.518E-37
1.644E+00  1.849E-35  8.067E-28  8.067E-28  4.968E-37
1.629E+00  1.416E-35  6.118E-28  6.118E-28  3.274E-37
1.614E+00  1.082E-35  4.632E-28  4.632E-28  2.151E-37
1.600E+00  8.252E-36  3.501E-28  3.501E-28  1.409E-37
1.585E+00  6.285E-36  2.642E-28  2.642E-28  9.203E-38
1.570E+00  4.781E-36  1.991E-28  1.991E-28  5.993E-38
1.556E+00  3.632E-36  1.499E-28  1.499E-28  3.891E-38
1.542E+00  2.756E-36  1.127E-28  1.127E-28  2.519E-38
1.528E+00  2.090E-36  8.467E-29  8.467E-29  1.625E-38
1.514E+00  1.583E-36  6.356E-29  6.356E-29  1.046E-38
1.500E+00  1.199E-36  4.769E-29  4.769E-29  6.707E-39
1.486E+00  9.078E-37  3.578E-29  3.578E-29  4.289E-39
1.472E+00  6.873E-37  2.684E-29  2.684E-29  2.734E-39
1.459E+00  5.207E-37  2.015E-29  2.015E-29  1.737E-39
1.445E+00  3.947E-37  1.513E-29  1.513E-29  1.100E-39
1.432E+00  2.996E-37  1.138E-29  1.138E-29  6.948E-40
1.419E+00  2.278E-37  8.574E-30  8.574E-30  4.373E-40
1.406E+00  1.736E-37  6.474E-30  6.474E-30  2.744E-40
1.393E+00  1.327E-37  4.902E-30  4.902E-30  1.716E-40
1.380E+00  1.017E-37  3.725E-30  3.725E-30  1.069E-40
1.368E+00  7.831E-38  2.841E-30  2.841E-30  6.642E-41
1.355E+00  6.054E-38  2.176E-30  2.176E-30  4.112E-41
1.343E+00  4.700E-38  1.674E-30  1.674E-30  2.537E-41
1.330E+00  3.660E-38  1.292E-30  1.292E-30  1.560E-41
1.318E+00  2.853E-38  9.977E-31  9.977E-31  9.560E-42
1.306E+00  2.217E-38  7.680E-31  7.680E-31  5.838E-42
1.294E+00  1.704E-38  5.850E-31  5.850E-31  3.553E-42
1.282E+00  1.284E-38  4.368E-31  4.368E-31  2.155E-42
1.271E+00  9.385E-39  3.163E-31  3.163E-31  1.303E-42
1.259E+00  6.599E-39  2.204E-31  2.204E-31  7.845E-43
1.247E+00  4.459E-39  1.475E-31  1.475E-31  4.708E-43
1.236E+00  2.914E-39  9.553E-32  9.553E-32  2.816E-43
1.225E+00  1.864E-39  6.055E-32  6.055E-32  1.678E-43
1.213E+00  1.183E-39  3.808E-32  3.808E-32  9.966E-44
1.202E+00  7.528E-40  2.401E-32  2.401E-32  5.895E-44
1.191E+00  4.840E-40  1.530E-32  1.530E-32  3.474E-44
1.180E+00  3.158E-40  9.888E-33  9.888E-33  2.040E-44
1.169E+00  2.096E-40  6.502E-33  6.502E-33  1.193E-44
1.159E+00  1.416E-40  4.352E-33  4.352E-33  6.948E-45
1.148E+00  9.746E-41  2.968E-33  2.968E-33  4.032E-45
1.138E+00  6.838E-41  2.064E-33  2.064E-33  2.330E-45
1.127E+00  4.898E-41  1.465E-33  1.465E-33  1.341E-45
1.117E+00  3.591E-41  1.064E-33  1.064E-33  7.688E-46
1.107E+00  2.704E-41  7.938E-34  7.938E-34  4.389E-46
1.096E+00  2.101E-41  6.110E-34  6.110E-34  2.495E-46
1.086E+00  1.688E-41  4.865E-34  4.865E-34  1.413E-46
1.076E+00  1.396E-41  3.987E-34  3.987E-34  7.964E-47
1.067E+00  1.159E-41  3.278E-34  3.278E-34  4.470E-47
1.057E+00  9.031E-42  2.532E-34  2.532E-34  2.498E-47
1.047E+00  6.065E-42  1.685E-34  1.685E-34  1.390E-47
1.038E+00  3.449E-42  9.493E-35  9.493E-35  7.699E-48
1.028E+00  1.801E-42  4.913E-35  4.913E-35  4.246E-48
1.019E+00  9.433E-43  2.549E-35  2.549E-35  2.330E-48
1.009E+00  5.175E-43  1.385E-35  1.385E-35  1.273E-48
1.000E+00  3.009E-43  7.982E-36  7.982E-36  6.924E-49
