Dust emission spectrum from Draine,B.T., & Li, A. (2007), ApJ, in press [astro-ph/0608003]
==========================================================
         7 = grain model
 4.000E-08 4.000E-01 4.500E-05 = a_01 (cm) , sigma_1 , b_C1
 2.000E-07 5.500E-01 1.500E-05 = a_02 (cm) , sigma_2 , b_C2
 3.000E+01 3.000E+01 1.000E+00 = Umin , Umax, beta (dN/dU propto U^{-beta})
 3.000E+01 = <U>       mmp83 = radfield
 0.000E+00 2.000E-07 = a_{min} (cm), a_{max} (cm)
 3.147E-23 3.051E-23 9.590E-25 = P(tot)  P(carb)  P(sil) (erg s-1 H-1)
 band     <nu*P_nu> <j_nu(tot)><j_nu(carb)><j_nu(sil)>
 (um)   (erg s-1 H-1)(Jy/(sr*H))(Jy/(sr*H))(Jy/(sr*H))
1.270E+00  5.520E-25  1.860E-17  1.799E-17  6.024E-19 COBE-DIRBE
2.220E+00  7.048E-25  4.151E-17  3.962E-17  1.888E-18 COBE-DIRBE
3.530E+00  4.582E-24  4.290E-16  4.256E-16  3.474E-18 COBE-DIRBE
4.880E+00  2.055E-24  2.661E-16  2.613E-16  4.763E-18 COBE-DIRBE
1.229E+01  1.732E-23  5.647E-15  5.510E-15  1.376E-16 COBE-DIRBE
2.079E+01  8.404E-24  4.635E-15  4.322E-15  3.131E-16 COBE-DIRBE
5.599E+01  1.116E-24  1.658E-15  1.397E-15  2.612E-16 COBE-DIRBE
9.770E+01  2.924E-25  7.578E-16  6.227E-16  1.351E-16 COBE-DIRBE
1.479E+02  1.044E-25  4.095E-16  3.325E-16  7.706E-17 COBE-DIRBE
2.479E+02  2.083E-26  1.370E-16  9.892E-17  3.806E-17 COBE-DIRBE
1.200E+01  1.930E-23  6.145E-15  6.010E-15  1.349E-16 IRAS
2.500E+01  6.445E-24  4.274E-15  3.915E-15  3.591E-16 IRAS
6.000E+01  1.021E-24  1.626E-15  1.369E-15  2.572E-16 IRAS
1.000E+02  2.732E-25  7.247E-16  5.955E-16  1.291E-16 IRAS
3.550E+00  5.327E-24  5.016E-16  4.981E-16  3.502E-18 SST-IRAC
4.493E+00  1.495E-24  1.782E-16  1.738E-16  4.398E-18 SST-IRAC
5.731E+00  1.190E-23  1.809E-15  1.803E-15  5.922E-18 SST-IRAC
7.872E+00  2.878E-23  6.009E-15  5.959E-15  5.016E-17 SST-IRAC
2.368E+01  5.487E-24  3.447E-15  3.120E-15  3.270E-16 SST-MIPS
7.142E+01  5.444E-25  1.031E-15  8.500E-16  1.813E-16 SST-MIPS
1.559E+02  8.159E-26  3.374E-16  2.723E-16  6.512E-17 SST-MIPS
1.600E+01  1.220E-23  5.179E-15  5.007E-15  1.719E-16 SST-IRSPU
2.200E+01  6.427E-24  3.750E-15  3.420E-15  3.300E-16 SST-IRSPU
7.500E+01  4.706E-25  9.362E-16  7.713E-16  1.649E-16 Herschel-PACS
1.100E+02  1.913E-25  5.583E-16  4.589E-16  9.938E-17 Herschel-PACS
1.700E+02  6.204E-26  2.798E-16  2.248E-16  5.495E-17 Herschel-PACS
2.500E+02  1.699E-26  1.126E-16  7.945E-17  3.319E-17 Herschel-SPIRE
3.600E+02  4.095E-27  3.910E-17  2.336E-17  1.574E-17 Herschel-SPIRE
5.200E+02  9.232E-28  1.273E-17  6.526E-18  6.208E-18 Herschel-SPIRE
2.400E+00  7.795E-25  4.963E-17  4.753E-17  2.096E-18 Akari IRC NIR N2
3.200E+00  3.500E-24  2.971E-16  2.940E-16  3.100E-18 Akari IRC NIR N3
4.100E+00  1.712E-24  1.862E-16  1.822E-16  4.029E-18 Akari IRC NIR N4
7.000E+00  3.270E-23  6.071E-15  6.053E-15  1.797E-17 Akari IRC MIR-S S7
9.000E+00  2.311E-23  5.516E-15  5.420E-15  9.621E-17 Akari IRC MIR-S S9W
1.100E+01  1.752E-23  5.111E-15  4.961E-15  1.500E-16 Akari IRC MIR-S S11
1.500E+01  1.278E-23  5.086E-15  4.920E-15  1.656E-16 Akari IRC MIR-L L15
1.800E+01  9.282E-24  4.432E-15  4.189E-15  2.430E-16 Akari IRC MIR-L L18W
2.400E+01  5.968E-24  3.799E-15  3.448E-15  3.511E-16 Akari IRC MIR-L L24
6.500E+01  7.153E-25  1.233E-15  1.021E-15  2.123E-16 Akari FIS N60
8.000E+01  4.160E-25  8.827E-16  7.278E-16  1.548E-16 Akari FIS WIDE-S
1.400E+02  1.028E-25  3.819E-16  3.100E-16  7.198E-17 Akari FIS WIDE-L
1.600E+02  7.573E-26  3.214E-16  2.583E-16  6.311E-17 Akari FIS N160
 
 
 
 


lambda    nu*dP/dnu     j_nu    j_nu(carb.) j_nu(sil)
 (um)    (erg/(s*H)) (Jy/(sr*H) (Jy/(sr*H)) (Jy/(sr*H)
1.000E+04  4.485E-33  1.190E-21  2.746E-22  9.151E-22
9.908E+03  4.648E-33  1.222E-21  2.823E-22  9.392E-22
9.817E+03  4.816E-33  1.254E-21  2.903E-22  9.640E-22
9.727E+03  4.991E-33  1.288E-21  2.985E-22  9.894E-22
9.638E+03  5.172E-33  1.322E-21  3.069E-22  1.015E-21
9.550E+03  5.360E-33  1.358E-21  3.156E-22  1.042E-21
9.462E+03  5.554E-33  1.394E-21  3.244E-22  1.070E-21
9.376E+03  5.756E-33  1.431E-21  3.336E-22  1.098E-21
9.290E+03  5.965E-33  1.470E-21  3.430E-22  1.127E-21
9.204E+03  6.181E-33  1.509E-21  3.527E-22  1.157E-21
9.120E+03  6.405E-33  1.550E-21  3.626E-22  1.187E-21
9.036E+03  6.638E-33  1.591E-21  3.728E-22  1.218E-21
8.954E+03  6.878E-33  1.633E-21  3.833E-22  1.250E-21
8.872E+03  7.126E-33  1.677E-21  3.941E-22  1.283E-21
8.790E+03  7.383E-33  1.721E-21  4.052E-22  1.316E-21
8.710E+03  7.649E-33  1.767E-21  4.166E-22  1.351E-21
8.630E+03  7.925E-33  1.814E-21  4.284E-22  1.386E-21
8.551E+03  8.212E-33  1.862E-21  4.404E-22  1.422E-21
8.472E+03  8.508E-33  1.912E-21  4.528E-22  1.459E-21
8.395E+03  8.816E-33  1.963E-21  4.656E-22  1.498E-21
8.318E+03  9.135E-33  2.015E-21  4.787E-22  1.537E-21
8.241E+03  9.466E-33  2.069E-21  4.921E-22  1.577E-21
8.166E+03  9.808E-33  2.125E-21  5.060E-22  1.619E-21
8.091E+03  1.016E-32  2.181E-21  5.202E-22  1.661E-21
8.017E+03  1.053E-32  2.240E-21  5.349E-22  1.705E-21
7.943E+03  1.091E-32  2.300E-21  5.499E-22  1.750E-21
7.870E+03  1.131E-32  2.361E-21  5.654E-22  1.796E-21
7.798E+03  1.172E-32  2.424E-21  5.813E-22  1.843E-21
7.727E+03  1.215E-32  2.489E-21  5.977E-22  1.892E-21
7.656E+03  1.259E-32  2.556E-21  6.145E-22  1.942E-21
7.586E+03  1.304E-32  2.625E-21  6.318E-22  1.993E-21
7.516E+03  1.352E-32  2.695E-21  6.496E-22  2.046E-21
7.447E+03  1.401E-32  2.768E-21  6.679E-22  2.100E-21
7.379E+03  1.452E-32  2.842E-21  6.867E-22  2.155E-21
7.311E+03  1.505E-32  2.919E-21  7.060E-22  2.213E-21
7.244E+03  1.560E-32  2.997E-21  7.259E-22  2.271E-21
7.178E+03  1.617E-32  3.078E-21  7.463E-22  2.332E-21
7.112E+03  1.675E-32  3.161E-21  7.674E-22  2.393E-21
7.047E+03  1.737E-32  3.246E-21  7.890E-22  2.457E-21
6.982E+03  1.800E-32  3.334E-21  8.112E-22  2.522E-21
6.918E+03  1.865E-32  3.423E-21  8.340E-22  2.589E-21
6.855E+03  1.933E-32  3.516E-21  8.575E-22  2.658E-21
6.792E+03  2.004E-32  3.610E-21  8.817E-22  2.729E-21
6.730E+03  2.077E-32  3.708E-21  9.065E-22  2.801E-21
6.668E+03  2.153E-32  3.808E-21  9.321E-22  2.876E-21
6.607E+03  2.232E-32  3.911E-21  9.583E-22  2.952E-21
6.546E+03  2.313E-32  4.017E-21  9.854E-22  3.031E-21
6.486E+03  2.398E-32  4.125E-21  1.013E-21  3.112E-21
6.427E+03  2.485E-32  4.237E-21  1.042E-21  3.195E-21
6.368E+03  2.576E-32  4.352E-21  1.071E-21  3.281E-21
6.310E+03  2.671E-32  4.470E-21  1.101E-21  3.368E-21
6.252E+03  2.768E-32  4.591E-21  1.132E-21  3.459E-21
6.194E+03  2.870E-32  4.716E-21  1.164E-21  3.551E-21
6.138E+03  2.975E-32  4.844E-21  1.197E-21  3.647E-21
6.081E+03  3.084E-32  4.976E-21  1.231E-21  3.744E-21
6.026E+03  3.198E-32  5.111E-21  1.266E-21  3.845E-21
5.970E+03  3.315E-32  5.250E-21  1.302E-21  3.948E-21
5.916E+03  3.437E-32  5.393E-21  1.338E-21  4.055E-21
5.861E+03  3.563E-32  5.540E-21  1.376E-21  4.164E-21
5.808E+03  3.694E-32  5.691E-21  1.415E-21  4.276E-21
5.754E+03  3.830E-32  5.847E-21  1.455E-21  4.391E-21
5.702E+03  3.971E-32  6.006E-21  1.496E-21  4.510E-21
5.649E+03  4.118E-32  6.171E-21  1.539E-21  4.632E-21
5.598E+03  4.269E-32  6.339E-21  1.582E-21  4.757E-21
5.546E+03  4.427E-32  6.513E-21  1.627E-21  4.886E-21
5.495E+03  4.590E-32  6.691E-21  1.673E-21  5.018E-21
5.445E+03  4.760E-32  6.875E-21  1.721E-21  5.154E-21
5.395E+03  4.936E-32  7.063E-21  1.770E-21  5.294E-21
5.346E+03  5.118E-32  7.257E-21  1.820E-21  5.437E-21
5.297E+03  5.307E-32  7.456E-21  1.871E-21  5.585E-21
5.248E+03  5.503E-32  7.661E-21  1.925E-21  5.737E-21
5.200E+03  5.707E-32  7.872E-21  1.979E-21  5.893E-21
5.152E+03  5.918E-32  8.089E-21  2.036E-21  6.053E-21
5.105E+03  6.138E-32  8.311E-21  2.094E-21  6.218E-21
5.058E+03  6.365E-32  8.540E-21  2.153E-21  6.387E-21
5.012E+03  6.601E-32  8.776E-21  2.215E-21  6.561E-21
4.966E+03  6.846E-32  9.018E-21  2.278E-21  6.740E-21
4.920E+03  7.100E-32  9.266E-21  2.343E-21  6.924E-21
4.875E+03  7.363E-32  9.522E-21  2.410E-21  7.113E-21
4.831E+03  7.637E-32  9.785E-21  2.478E-21  7.307E-21
4.786E+03  7.920E-32  1.006E-20  2.549E-21  7.506E-21
4.742E+03  8.215E-32  1.033E-20  2.622E-21  7.712E-21
4.699E+03  8.520E-32  1.062E-20  2.697E-21  7.923E-21
4.656E+03  8.838E-32  1.091E-20  2.775E-21  8.140E-21
4.613E+03  9.167E-32  1.122E-20  2.854E-21  8.363E-21
4.571E+03  9.509E-32  1.153E-20  2.936E-21  8.593E-21
4.529E+03  9.863E-32  1.185E-20  3.020E-21  8.829E-21
4.487E+03  1.023E-31  1.218E-20  3.107E-21  9.072E-21
4.446E+03  1.061E-31  1.252E-20  3.196E-21  9.321E-21
4.406E+03  1.101E-31  1.287E-20  3.288E-21  9.578E-21
4.365E+03  1.142E-31  1.323E-20  3.383E-21  9.842E-21
4.325E+03  1.185E-31  1.359E-20  3.481E-21  1.011E-20
4.285E+03  1.229E-31  1.397E-20  3.581E-21  1.039E-20
4.246E+03  1.275E-31  1.436E-20  3.685E-21  1.068E-20
4.207E+03  1.323E-31  1.477E-20  3.791E-21  1.098E-20
4.169E+03  1.373E-31  1.518E-20  3.901E-21  1.128E-20
4.130E+03  1.424E-31  1.561E-20  4.014E-21  1.159E-20
4.093E+03  1.478E-31  1.604E-20  4.130E-21  1.191E-20
4.055E+03  1.533E-31  1.649E-20  4.250E-21  1.224E-20
4.018E+03  1.591E-31  1.696E-20  4.374E-21  1.258E-20
3.981E+03  1.651E-31  1.743E-20  4.501E-21  1.293E-20
3.945E+03  1.713E-31  1.792E-20  4.632E-21  1.329E-20
3.908E+03  1.777E-31  1.843E-20  4.767E-21  1.366E-20
3.873E+03  1.844E-31  1.894E-20  4.906E-21  1.404E-20
3.837E+03  1.914E-31  1.948E-20  5.049E-21  1.443E-20
3.802E+03  1.986E-31  2.003E-20  5.197E-21  1.483E-20
3.767E+03  2.061E-31  2.059E-20  5.349E-21  1.524E-20
3.733E+03  2.139E-31  2.117E-20  5.505E-21  1.567E-20
3.698E+03  2.219E-31  2.177E-20  5.667E-21  1.611E-20
3.664E+03  2.303E-31  2.239E-20  5.833E-21  1.656E-20
3.631E+03  2.391E-31  2.302E-20  6.005E-21  1.702E-20
3.597E+03  2.481E-31  2.368E-20  6.182E-21  1.749E-20
3.565E+03  2.575E-31  2.435E-20  6.364E-21  1.798E-20
3.532E+03  2.673E-31  2.504E-20  6.552E-21  1.849E-20
3.499E+03  2.774E-31  2.575E-20  6.745E-21  1.901E-20
3.467E+03  2.880E-31  2.649E-20  6.945E-21  1.954E-20
3.436E+03  2.989E-31  2.724E-20  7.151E-21  2.009E-20
3.404E+03  3.103E-31  2.802E-20  7.363E-21  2.066E-20
3.373E+03  3.221E-31  2.882E-20  7.581E-21  2.124E-20
3.342E+03  3.344E-31  2.965E-20  7.807E-21  2.184E-20
3.311E+03  3.472E-31  3.049E-20  8.039E-21  2.246E-20
3.281E+03  3.604E-31  3.137E-20  8.279E-21  2.309E-20
3.251E+03  3.742E-31  3.227E-20  8.526E-21  2.374E-20
3.221E+03  3.885E-31  3.320E-20  8.781E-21  2.441E-20
3.192E+03  4.034E-31  3.415E-20  9.044E-21  2.511E-20
3.162E+03  4.188E-31  3.513E-20  9.315E-21  2.582E-20
3.133E+03  4.349E-31  3.614E-20  9.594E-21  2.655E-20
3.105E+03  4.516E-31  3.719E-20  9.883E-21  2.730E-20
3.076E+03  4.689E-31  3.826E-20  1.018E-20  2.808E-20
3.048E+03  4.869E-31  3.937E-20  1.049E-20  2.888E-20
3.020E+03  5.056E-31  4.050E-20  1.080E-20  2.970E-20
2.992E+03  5.251E-31  4.168E-20  1.113E-20  3.055E-20
2.965E+03  5.452E-31  4.288E-20  1.147E-20  3.141E-20
2.938E+03  5.662E-31  4.412E-20  1.181E-20  3.230E-20
2.911E+03  5.879E-31  4.539E-20  1.217E-20  3.322E-20
2.884E+03  6.105E-31  4.671E-20  1.254E-20  3.416E-20
2.858E+03  6.340E-31  4.806E-20  1.293E-20  3.513E-20
2.831E+03  6.585E-31  4.946E-20  1.332E-20  3.614E-20
2.805E+03  6.839E-31  5.089E-20  1.373E-20  3.717E-20
2.780E+03  7.103E-31  5.237E-20  1.415E-20  3.823E-20
2.754E+03  7.377E-31  5.390E-20  1.458E-20  3.932E-20
2.729E+03  7.663E-31  5.547E-20  1.503E-20  4.044E-20
2.704E+03  7.959E-31  5.709E-20  1.549E-20  4.160E-20
2.679E+03  8.267E-31  5.875E-20  1.597E-20  4.279E-20
2.655E+03  8.588E-31  6.047E-20  1.646E-20  4.401E-20
2.630E+03  8.921E-31  6.224E-20  1.697E-20  4.528E-20
2.606E+03  9.267E-31  6.407E-20  1.749E-20  4.658E-20
2.582E+03  9.628E-31  6.595E-20  1.803E-20  4.791E-20
2.559E+03  1.000E-30  6.788E-20  1.859E-20  4.929E-20
2.535E+03  1.039E-30  6.988E-20  1.917E-20  5.071E-20
2.512E+03  1.080E-30  7.193E-20  1.976E-20  5.217E-20
2.489E+03  1.122E-30  7.405E-20  2.038E-20  5.367E-20
2.466E+03  1.165E-30  7.624E-20  2.102E-20  5.522E-20
2.443E+03  1.211E-30  7.849E-20  2.167E-20  5.681E-20
2.421E+03  1.258E-30  8.080E-20  2.235E-20  5.845E-20
2.399E+03  1.307E-30  8.319E-20  2.305E-20  6.014E-20
2.377E+03  1.359E-30  8.566E-20  2.378E-20  6.188E-20
2.355E+03  1.412E-30  8.819E-20  2.452E-20  6.367E-20
2.333E+03  1.467E-30  9.081E-20  2.530E-20  6.551E-20
2.312E+03  1.525E-30  9.350E-20  2.609E-20  6.741E-20
2.291E+03  1.584E-30  9.628E-20  2.692E-20  6.936E-20
2.270E+03  1.647E-30  9.915E-20  2.777E-20  7.138E-20
2.249E+03  1.711E-30  1.021E-19  2.865E-20  7.345E-20
2.228E+03  1.779E-30  1.051E-19  2.956E-20  7.558E-20
2.208E+03  1.849E-30  1.083E-19  3.050E-20  7.778E-20
2.188E+03  1.921E-30  1.115E-19  3.147E-20  8.004E-20
2.168E+03  1.997E-30  1.148E-19  3.247E-20  8.236E-20
2.148E+03  2.076E-30  1.183E-19  3.351E-20  8.476E-20
2.128E+03  2.158E-30  1.218E-19  3.458E-20  8.722E-20
2.109E+03  2.243E-30  1.255E-19  3.569E-20  8.976E-20
2.089E+03  2.332E-30  1.292E-19  3.683E-20  9.238E-20
2.070E+03  2.424E-30  1.331E-19  3.802E-20  9.507E-20
2.051E+03  2.519E-30  1.371E-19  3.924E-20  9.784E-20
2.032E+03  2.619E-30  1.412E-19  4.051E-20  1.007E-19
2.014E+03  2.723E-30  1.454E-19  4.181E-20  1.036E-19
1.995E+03  2.831E-30  1.498E-19  4.316E-20  1.067E-19
1.977E+03  2.943E-30  1.543E-19  4.456E-20  1.098E-19
1.959E+03  3.059E-30  1.590E-19  4.600E-20  1.130E-19
1.941E+03  3.181E-30  1.638E-19  4.750E-20  1.163E-19
1.923E+03  3.307E-30  1.687E-19  4.904E-20  1.196E-19
1.905E+03  3.438E-30  1.738E-19  5.064E-20  1.231E-19
1.888E+03  3.575E-30  1.790E-19  5.229E-20  1.267E-19
1.871E+03  3.717E-30  1.844E-19  5.400E-20  1.304E-19
1.854E+03  3.865E-30  1.900E-19  5.576E-20  1.342E-19
1.837E+03  4.018E-30  1.958E-19  5.759E-20  1.382E-19
1.820E+03  4.178E-30  2.017E-19  5.948E-20  1.422E-19
1.803E+03  4.345E-30  2.078E-19  6.143E-20  1.464E-19
1.786E+03  4.518E-30  2.141E-19  6.345E-20  1.507E-19
1.770E+03  4.698E-30  2.206E-19  6.554E-20  1.551E-19
1.754E+03  4.885E-30  2.273E-19  6.770E-20  1.596E-19
1.738E+03  5.080E-30  2.342E-19  6.993E-20  1.643E-19
1.722E+03  5.283E-30  2.413E-19  7.224E-20  1.691E-19
1.706E+03  5.494E-30  2.486E-19  7.463E-20  1.740E-19
1.690E+03  5.714E-30  2.562E-19  7.711E-20  1.791E-19
1.675E+03  5.942E-30  2.640E-19  7.966E-20  1.843E-19
1.660E+03  6.180E-30  2.721E-19  8.231E-20  1.897E-19
1.644E+03  6.427E-30  2.803E-19  8.505E-20  1.953E-19
1.629E+03  6.684E-30  2.889E-19  8.788E-20  2.010E-19
1.614E+03  6.952E-30  2.977E-19  9.081E-20  2.069E-19
1.600E+03  7.230E-30  3.068E-19  9.384E-20  2.129E-19
1.585E+03  7.520E-30  3.161E-19  9.698E-20  2.192E-19
1.570E+03  7.821E-30  3.258E-19  1.002E-19  2.256E-19
1.556E+03  8.135E-30  3.357E-19  1.036E-19  2.322E-19
1.542E+03  8.461E-30  3.460E-19  1.071E-19  2.389E-19
1.528E+03  8.800E-30  3.566E-19  1.107E-19  2.459E-19
1.514E+03  9.153E-30  3.675E-19  1.144E-19  2.531E-19
1.500E+03  9.520E-30  3.787E-19  1.182E-19  2.605E-19
1.486E+03  9.903E-30  3.903E-19  1.222E-19  2.681E-19
1.472E+03  1.030E-29  4.023E-19  1.263E-19  2.759E-19
1.459E+03  1.071E-29  4.146E-19  1.306E-19  2.840E-19
1.445E+03  1.114E-29  4.273E-19  1.350E-19  2.923E-19
1.432E+03  1.159E-29  4.404E-19  1.396E-19  3.008E-19
1.419E+03  1.206E-29  4.539E-19  1.443E-19  3.096E-19
1.406E+03  1.254E-29  4.679E-19  1.492E-19  3.187E-19
1.393E+03  1.305E-29  4.822E-19  1.543E-19  3.280E-19
1.380E+03  1.357E-29  4.970E-19  1.595E-19  3.375E-19
1.368E+03  1.412E-29  5.123E-19  1.649E-19  3.474E-19
1.355E+03  1.469E-29  5.280E-19  1.705E-19  3.575E-19
1.343E+03  1.528E-29  5.443E-19  1.763E-19  3.679E-19
1.330E+03  1.590E-29  5.610E-19  1.823E-19  3.786E-19
1.318E+03  1.654E-29  5.782E-19  1.886E-19  3.897E-19
1.306E+03  1.720E-29  5.960E-19  1.950E-19  4.010E-19
1.294E+03  1.789E-29  6.143E-19  2.017E-19  4.126E-19
1.282E+03  1.862E-29  6.332E-19  2.086E-19  4.246E-19
1.271E+03  1.937E-29  6.527E-19  2.157E-19  4.370E-19
1.259E+03  2.015E-29  6.727E-19  2.231E-19  4.496E-19
1.247E+03  2.096E-29  6.934E-19  2.308E-19  4.627E-19
1.236E+03  2.180E-29  7.147E-19  2.387E-19  4.761E-19
1.225E+03  2.268E-29  7.367E-19  2.469E-19  4.898E-19
1.213E+03  2.359E-29  7.594E-19  2.554E-19  5.040E-19
1.202E+03  2.454E-29  7.827E-19  2.641E-19  5.186E-19
1.191E+03  2.553E-29  8.068E-19  2.732E-19  5.335E-19
1.180E+03  2.656E-29  8.316E-19  2.826E-19  5.489E-19
1.169E+03  2.763E-29  8.571E-19  2.924E-19  5.647E-19
1.159E+03  2.874E-29  8.835E-19  3.025E-19  5.810E-19
1.148E+03  2.990E-29  9.106E-19  3.129E-19  5.977E-19
1.138E+03  3.110E-29  9.386E-19  3.237E-19  6.149E-19
1.127E+03  3.236E-29  9.674E-19  3.349E-19  6.326E-19
1.117E+03  3.366E-29  9.971E-19  3.464E-19  6.507E-19
1.107E+03  3.501E-29  1.028E-18  3.584E-19  6.693E-19
1.096E+03  3.642E-29  1.059E-18  3.708E-19  6.885E-19
1.086E+03  3.789E-29  1.092E-18  3.837E-19  7.082E-19
1.076E+03  3.941E-29  1.125E-18  3.969E-19  7.284E-19
1.067E+03  4.100E-29  1.160E-18  4.107E-19  7.491E-19
1.057E+03  4.264E-29  1.195E-18  4.249E-19  7.705E-19
1.047E+03  4.436E-29  1.232E-18  4.397E-19  7.924E-19
1.038E+03  4.614E-29  1.270E-18  4.549E-19  8.149E-19
1.028E+03  4.799E-29  1.309E-18  4.707E-19  8.380E-19
1.019E+03  4.992E-29  1.349E-18  4.871E-19  8.617E-19
1.009E+03  5.192E-29  1.390E-18  5.040E-19  8.861E-19
1.000E+03  5.401E-29  1.433E-18  5.215E-19  9.111E-19
9.908E+02  5.618E-29  1.476E-18  5.396E-19  9.369E-19
9.817E+02  5.843E-29  1.522E-18  5.583E-19  9.634E-19
9.727E+02  6.078E-29  1.568E-18  5.778E-19  9.905E-19
9.638E+02  6.322E-29  1.616E-18  5.978E-19  1.018E-18
9.550E+02  6.576E-29  1.666E-18  6.186E-19  1.047E-18
9.462E+02  6.839E-29  1.717E-18  6.402E-19  1.077E-18
9.376E+02  7.114E-29  1.769E-18  6.624E-19  1.107E-18
9.290E+02  7.399E-29  1.823E-18  6.855E-19  1.138E-18
9.204E+02  7.695E-29  1.879E-18  7.094E-19  1.170E-18
9.120E+02  8.004E-29  1.936E-18  7.341E-19  1.202E-18
9.036E+02  8.324E-29  1.995E-18  7.596E-19  1.236E-18
8.954E+02  8.657E-29  2.056E-18  7.861E-19  1.270E-18
8.872E+02  9.003E-29  2.119E-18  8.134E-19  1.305E-18
8.790E+02  9.363E-29  2.183E-18  8.418E-19  1.341E-18
8.710E+02  9.737E-29  2.249E-18  8.711E-19  1.378E-18
8.630E+02  1.013E-28  2.318E-18  9.014E-19  1.416E-18
8.551E+02  1.053E-28  2.388E-18  9.328E-19  1.455E-18
8.472E+02  1.095E-28  2.461E-18  9.653E-19  1.495E-18
8.395E+02  1.138E-28  2.535E-18  9.990E-19  1.536E-18
8.318E+02  1.184E-28  2.612E-18  1.034E-18  1.578E-18
8.241E+02  1.231E-28  2.691E-18  1.070E-18  1.621E-18
8.166E+02  1.280E-28  2.772E-18  1.107E-18  1.665E-18
8.091E+02  1.331E-28  2.856E-18  1.146E-18  1.710E-18
8.017E+02  1.384E-28  2.942E-18  1.186E-18  1.757E-18
7.943E+02  1.438E-28  3.031E-18  1.227E-18  1.804E-18
7.870E+02  1.495E-28  3.122E-18  1.270E-18  1.853E-18
7.798E+02  1.555E-28  3.216E-18  1.314E-18  1.902E-18
7.727E+02  1.616E-28  3.313E-18  1.359E-18  1.953E-18
7.656E+02  1.680E-28  3.413E-18  1.407E-18  2.006E-18
7.586E+02  1.747E-28  3.515E-18  1.456E-18  2.059E-18
7.516E+02  1.816E-28  3.621E-18  1.506E-18  2.114E-18
7.447E+02  1.888E-28  3.729E-18  1.559E-18  2.171E-18
7.379E+02  1.963E-28  3.842E-18  1.613E-18  2.229E-18
7.311E+02  2.040E-28  3.957E-18  1.669E-18  2.288E-18
7.244E+02  2.121E-28  4.076E-18  1.727E-18  2.349E-18
7.178E+02  2.205E-28  4.199E-18  1.787E-18  2.412E-18
7.112E+02  2.292E-28  4.325E-18  1.849E-18  2.476E-18
7.047E+02  2.383E-28  4.455E-18  1.913E-18  2.541E-18
6.982E+02  2.478E-28  4.589E-18  1.980E-18  2.609E-18
6.918E+02  2.576E-28  4.726E-18  2.049E-18  2.678E-18
6.855E+02  2.677E-28  4.868E-18  2.120E-18  2.749E-18
6.792E+02  2.783E-28  5.014E-18  2.193E-18  2.821E-18
6.730E+02  2.893E-28  5.165E-18  2.269E-18  2.895E-18
6.668E+02  3.007E-28  5.319E-18  2.348E-18  2.971E-18
6.607E+02  3.126E-28  5.478E-18  2.429E-18  3.049E-18
6.546E+02  3.249E-28  5.642E-18  2.514E-18  3.129E-18
6.486E+02  3.378E-28  5.812E-18  2.601E-18  3.211E-18
6.427E+02  3.512E-28  5.987E-18  2.691E-18  3.296E-18
6.368E+02  3.650E-28  6.166E-18  2.784E-18  3.382E-18
6.310E+02  3.795E-28  6.351E-18  2.880E-18  3.471E-18
6.252E+02  3.945E-28  6.542E-18  2.979E-18  3.563E-18
6.194E+02  4.101E-28  6.739E-18  3.082E-18  3.656E-18
6.138E+02  4.263E-28  6.941E-18  3.189E-18  3.752E-18
6.081E+02  4.431E-28  7.148E-18  3.299E-18  3.849E-18
6.026E+02  4.607E-28  7.363E-18  3.413E-18  3.950E-18
5.970E+02  4.789E-28  7.584E-18  3.530E-18  4.054E-18
5.916E+02  4.978E-28  7.812E-18  3.652E-18  4.160E-18
5.861E+02  5.175E-28  8.046E-18  3.778E-18  4.268E-18
5.808E+02  5.380E-28  8.288E-18  3.908E-18  4.380E-18
5.754E+02  5.592E-28  8.536E-18  4.042E-18  4.494E-18
5.702E+02  5.813E-28  8.792E-18  4.181E-18  4.611E-18
5.649E+02  6.042E-28  9.054E-18  4.325E-18  4.729E-18
5.598E+02  6.281E-28  9.326E-18  4.473E-18  4.852E-18
5.546E+02  6.529E-28  9.605E-18  4.627E-18  4.978E-18
5.495E+02  6.787E-28  9.893E-18  4.786E-18  5.108E-18
5.445E+02  7.055E-28  1.019E-17  4.950E-18  5.240E-18
5.395E+02  7.330E-28  1.049E-17  5.119E-18  5.370E-18
5.346E+02  7.619E-28  1.080E-17  5.294E-18  5.509E-18
5.297E+02  7.920E-28  1.113E-17  5.475E-18  5.652E-18
5.248E+02  8.233E-28  1.146E-17  5.663E-18  5.799E-18
5.200E+02  8.558E-28  1.180E-17  5.856E-18  5.949E-18
5.152E+02  8.896E-28  1.216E-17  6.056E-18  6.102E-18
5.105E+02  9.247E-28  1.252E-17  6.262E-18  6.260E-18
5.058E+02  9.612E-28  1.290E-17  6.476E-18  6.421E-18
5.012E+02  9.986E-28  1.328E-17  6.696E-18  6.579E-18
4.966E+02  1.038E-27  1.367E-17  6.924E-18  6.746E-18
4.920E+02  1.079E-27  1.408E-17  7.160E-18  6.920E-18
4.875E+02  1.121E-27  1.450E-17  7.403E-18  7.097E-18
4.831E+02  1.165E-27  1.493E-17  7.654E-18  7.279E-18
4.786E+02  1.211E-27  1.538E-17  7.914E-18  7.466E-18
4.742E+02  1.258E-27  1.583E-17  8.182E-18  7.645E-18
4.699E+02  1.307E-27  1.629E-17  8.459E-18  7.828E-18
4.656E+02  1.358E-27  1.677E-17  8.745E-18  8.028E-18
4.613E+02  1.411E-27  1.727E-17  9.041E-18  8.230E-18
4.571E+02  1.467E-27  1.779E-17  9.346E-18  8.440E-18
4.529E+02  1.525E-27  1.832E-17  9.661E-18  8.655E-18
4.487E+02  1.583E-27  1.884E-17  9.987E-18  8.855E-18
4.446E+02  1.645E-27  1.940E-17  1.032E-17  9.080E-18
4.406E+02  1.710E-27  1.998E-17  1.067E-17  9.310E-18
4.365E+02  1.777E-27  2.057E-17  1.103E-17  9.542E-18
4.325E+02  1.845E-27  2.117E-17  1.140E-17  9.773E-18
4.285E+02  1.918E-27  2.180E-17  1.178E-17  1.002E-17
4.246E+02  1.993E-27  2.245E-17  1.218E-17  1.027E-17
4.207E+02  2.068E-27  2.308E-17  1.258E-17  1.050E-17
4.169E+02  2.149E-27  2.377E-17  1.301E-17  1.076E-17
4.130E+02  2.229E-27  2.443E-17  1.344E-17  1.099E-17
4.093E+02  2.317E-27  2.515E-17  1.389E-17  1.126E-17
4.055E+02  2.408E-27  2.590E-17  1.435E-17  1.155E-17
4.018E+02  2.501E-27  2.666E-17  1.483E-17  1.183E-17
3.981E+02  2.594E-27  2.739E-17  1.532E-17  1.207E-17
3.945E+02  2.695E-27  2.820E-17  1.583E-17  1.237E-17
3.908E+02  2.801E-27  2.904E-17  1.636E-17  1.268E-17
3.873E+02  2.911E-27  2.990E-17  1.690E-17  1.300E-17
3.837E+02  3.025E-27  3.078E-17  1.746E-17  1.333E-17
3.802E+02  3.143E-27  3.170E-17  1.804E-17  1.366E-17
3.767E+02  3.260E-27  3.258E-17  1.863E-17  1.395E-17
3.733E+02  3.379E-27  3.345E-17  1.924E-17  1.421E-17
3.698E+02  3.511E-27  3.444E-17  1.988E-17  1.457E-17
3.664E+02  3.648E-27  3.546E-17  2.053E-17  1.493E-17
3.631E+02  3.791E-27  3.651E-17  2.121E-17  1.530E-17
3.597E+02  3.925E-27  3.746E-17  2.190E-17  1.555E-17
3.565E+02  4.077E-27  3.855E-17  2.262E-17  1.593E-17
3.532E+02  4.223E-27  3.956E-17  2.336E-17  1.620E-17
3.499E+02  4.388E-27  4.073E-17  2.413E-17  1.661E-17
3.467E+02  4.555E-27  4.189E-17  2.491E-17  1.698E-17
3.436E+02  4.732E-27  4.312E-17  2.573E-17  1.740E-17
3.404E+02  4.917E-27  4.439E-17  2.657E-17  1.783E-17
3.373E+02  5.106E-27  4.569E-17  2.743E-17  1.826E-17
3.342E+02  5.304E-27  4.701E-17  2.831E-17  1.870E-17
3.311E+02  5.509E-27  4.839E-17  2.923E-17  1.917E-17
3.281E+02  5.701E-27  4.962E-17  3.017E-17  1.944E-17
3.251E+02  5.906E-27  5.093E-17  3.115E-17  1.978E-17
3.221E+02  6.133E-27  5.240E-17  3.215E-17  2.025E-17
3.192E+02  6.371E-27  5.394E-17  3.319E-17  2.075E-17
3.162E+02  6.619E-27  5.552E-17  3.426E-17  2.126E-17
3.133E+02  6.809E-27  5.659E-17  3.536E-17  2.123E-17
3.105E+02  7.071E-27  5.823E-17  3.649E-17  2.174E-17
3.076E+02  7.346E-27  5.994E-17  3.766E-17  2.227E-17
3.048E+02  7.625E-27  6.165E-17  3.887E-17  2.278E-17
3.020E+02  7.920E-27  6.345E-17  4.011E-17  2.334E-17
2.992E+02  8.214E-27  6.520E-17  4.139E-17  2.381E-17
2.965E+02  8.523E-27  6.703E-17  4.265E-17  2.438E-17
2.938E+02  8.852E-27  6.898E-17  4.401E-17  2.497E-17
2.911E+02  9.191E-27  7.096E-17  4.538E-17  2.558E-17
2.884E+02  9.492E-27  7.262E-17  4.682E-17  2.580E-17
2.858E+02  9.857E-27  7.471E-17  4.830E-17  2.641E-17
2.831E+02  1.024E-26  7.688E-17  4.982E-17  2.705E-17
2.805E+02  1.060E-26  7.886E-17  5.139E-17  2.747E-17
2.780E+02  1.094E-26  8.068E-17  5.301E-17  2.767E-17
2.754E+02  1.136E-26  8.297E-17  5.468E-17  2.829E-17
2.729E+02  1.170E-26  8.471E-17  5.639E-17  2.832E-17
2.704E+02  1.215E-26  8.717E-17  5.815E-17  2.902E-17
2.679E+02  1.262E-26  8.970E-17  5.997E-17  2.973E-17
2.655E+02  1.310E-26  9.224E-17  6.184E-17  3.041E-17
2.630E+02  1.356E-26  9.459E-17  6.352E-17  3.106E-17
2.606E+02  1.408E-26  9.732E-17  6.550E-17  3.183E-17
2.582E+02  1.459E-26  9.991E-17  6.753E-17  3.238E-17
2.559E+02  1.506E-26  1.022E-16  6.962E-17  3.262E-17
2.535E+02  1.562E-26  1.050E-16  7.165E-17  3.337E-17
2.512E+02  1.621E-26  1.080E-16  7.384E-17  3.416E-17
2.489E+02  1.681E-26  1.110E-16  7.611E-17  3.486E-17
2.466E+02  1.737E-26  1.136E-16  7.845E-17  3.515E-17
2.443E+02  1.801E-26  1.167E-16  8.085E-17  3.588E-17
2.421E+02  1.861E-26  1.195E-16  8.332E-17  3.620E-17
2.399E+02  1.927E-26  1.226E-16  8.586E-17  3.676E-17
2.377E+02  1.998E-26  1.260E-16  8.847E-17  3.750E-17
2.355E+02  2.052E-26  1.282E-16  9.116E-17  3.706E-17
2.333E+02  2.128E-26  1.317E-16  9.392E-17  3.778E-17
2.312E+02  2.192E-26  1.344E-16  9.588E-17  3.854E-17
2.291E+02  2.272E-26  1.381E-16  9.877E-17  3.932E-17
2.270E+02  2.356E-26  1.419E-16  1.017E-16  4.011E-17
2.249E+02  2.438E-26  1.454E-16  1.048E-16  4.063E-17
2.228E+02  2.502E-26  1.479E-16  1.074E-16  4.044E-17
2.208E+02  2.594E-26  1.519E-16  1.107E-16  4.125E-17
2.188E+02  2.680E-26  1.555E-16  1.140E-16  4.157E-17
2.168E+02  2.776E-26  1.596E-16  1.173E-16  4.230E-17
2.148E+02  2.876E-26  1.638E-16  1.207E-16  4.314E-17
2.128E+02  2.978E-26  1.681E-16  1.243E-16  4.384E-17
2.109E+02  3.086E-26  1.726E-16  1.279E-16  4.467E-17
2.089E+02  3.187E-26  1.766E-16  1.317E-16  4.491E-17
2.070E+02  3.302E-26  1.813E-16  1.356E-16  4.571E-17
2.051E+02  3.342E-26  1.818E-16  1.370E-16  4.486E-17
2.032E+02  3.463E-26  1.867E-16  1.410E-16  4.571E-17
2.014E+02  3.587E-26  1.916E-16  1.451E-16  4.648E-17
1.995E+02  3.716E-26  1.967E-16  1.493E-16  4.732E-17
1.977E+02  3.850E-26  2.019E-16  1.537E-16  4.821E-17
1.959E+02  3.976E-26  2.066E-16  1.581E-16  4.846E-17
1.941E+02  4.084E-26  2.103E-16  1.609E-16  4.939E-17
1.923E+02  4.215E-26  2.150E-16  1.655E-16  4.949E-17
1.905E+02  4.357E-26  2.202E-16  1.703E-16  4.995E-17
1.888E+02  4.514E-26  2.261E-16  1.752E-16  5.090E-17
1.871E+02  4.676E-26  2.320E-16  1.802E-16  5.186E-17
1.854E+02  4.826E-26  2.373E-16  1.845E-16  5.275E-17
1.837E+02  4.997E-26  2.434E-16  1.898E-16  5.365E-17
1.820E+02  5.172E-26  2.496E-16  1.952E-16  5.447E-17
1.803E+02  5.207E-26  2.491E-16  1.943E-16  5.476E-17
1.786E+02  5.392E-26  2.555E-16  1.998E-16  5.573E-17
1.770E+02  5.548E-26  2.605E-16  2.054E-16  5.509E-17
1.754E+02  5.739E-26  2.670E-16  2.112E-16  5.580E-17
1.738E+02  5.942E-26  2.739E-16  2.171E-16  5.680E-17
1.722E+02  6.135E-26  2.802E-16  2.232E-16  5.706E-17
1.706E+02  6.343E-26  2.870E-16  2.294E-16  5.767E-17
1.690E+02  6.448E-26  2.891E-16  2.305E-16  5.863E-17
1.675E+02  6.674E-26  2.965E-16  2.369E-16  5.965E-17
1.660E+02  6.909E-26  3.042E-16  2.434E-16  6.072E-17
1.644E+02  7.140E-26  3.115E-16  2.500E-16  6.145E-17
1.629E+02  7.379E-26  3.189E-16  2.568E-16  6.205E-17
1.614E+02  7.636E-26  3.270E-16  2.639E-16  6.310E-17
1.600E+02  7.620E-26  3.233E-16  2.591E-16  6.422E-17
1.585E+02  7.817E-26  3.286E-16  2.633E-16  6.535E-17
1.570E+02  8.069E-26  3.361E-16  2.698E-16  6.632E-17
1.556E+02  8.334E-26  3.440E-16  2.771E-16  6.682E-17
1.542E+02  8.619E-26  3.525E-16  2.846E-16  6.782E-17
1.528E+02  8.879E-26  3.598E-16  2.923E-16  6.748E-17
1.514E+02  9.174E-26  3.683E-16  3.001E-16  6.820E-17
1.500E+02  9.467E-26  3.766E-16  3.082E-16  6.846E-17
1.486E+02  9.393E-26  3.702E-16  3.006E-16  6.962E-17
1.472E+02  9.715E-26  3.794E-16  3.086E-16  7.079E-17
1.459E+02  9.728E-26  3.764E-16  3.046E-16  7.182E-17
1.445E+02  1.006E-25  3.857E-16  3.126E-16  7.305E-17
1.432E+02  1.040E-25  3.951E-16  3.209E-16  7.420E-17
1.419E+02  1.035E-25  3.895E-16  3.140E-16  7.544E-17
1.406E+02  1.069E-25  3.987E-16  3.223E-16  7.648E-17
1.393E+02  1.102E-25  4.072E-16  3.300E-16  7.723E-17
1.380E+02  1.138E-25  4.169E-16  3.384E-16  7.847E-17
1.368E+02  1.177E-25  4.269E-16  3.471E-16  7.975E-17
1.355E+02  1.190E-25  4.276E-16  3.466E-16  8.104E-17
1.343E+02  1.223E-25  4.356E-16  3.532E-16  8.238E-17
1.330E+02  1.262E-25  4.453E-16  3.623E-16  8.301E-17
1.318E+02  1.301E-25  4.550E-16  3.716E-16  8.337E-17
1.306E+02  1.340E-25  4.643E-16  3.810E-16  8.336E-17
1.294E+02  1.385E-25  4.754E-16  3.907E-16  8.469E-17
1.282E+02  1.430E-25  4.863E-16  4.006E-16  8.573E-17
1.271E+02  1.414E-25  4.765E-16  3.895E-16  8.703E-17
1.259E+02  1.461E-25  4.877E-16  3.993E-16  8.840E-17
1.247E+02  1.508E-25  4.989E-16  4.092E-16  8.967E-17
1.236E+02  1.557E-25  5.105E-16  4.195E-16  9.105E-17
1.225E+02  1.562E-25  5.075E-16  4.151E-16  9.241E-17
1.213E+02  1.613E-25  5.192E-16  4.254E-16  9.384E-17
1.202E+02  1.665E-25  5.311E-16  4.358E-16  9.529E-17
1.191E+02  1.710E-25  5.404E-16  4.442E-16  9.623E-17
1.180E+02  1.763E-25  5.521E-16  4.545E-16  9.761E-17
1.169E+02  1.819E-25  5.644E-16  4.655E-16  9.890E-17
1.159E+02  1.802E-25  5.539E-16  4.535E-16  1.004E-16
1.148E+02  1.839E-25  5.600E-16  4.582E-16  1.019E-16
1.138E+02  1.895E-25  5.718E-16  4.693E-16  1.025E-16
1.127E+02  1.869E-25  5.590E-16  4.562E-16  1.028E-16
1.117E+02  1.929E-25  5.714E-16  4.673E-16  1.041E-16
1.107E+02  1.990E-25  5.842E-16  4.785E-16  1.057E-16
1.096E+02  2.053E-25  5.971E-16  4.900E-16  1.071E-16
1.086E+02  2.118E-25  6.103E-16  5.017E-16  1.086E-16
1.076E+02  2.176E-25  6.213E-16  5.112E-16  1.101E-16
1.067E+02  2.244E-25  6.350E-16  5.233E-16  1.117E-16
1.057E+02  2.315E-25  6.489E-16  5.356E-16  1.133E-16
1.047E+02  2.387E-25  6.631E-16  5.482E-16  1.149E-16
1.038E+02  2.462E-25  6.775E-16  5.609E-16  1.165E-16
1.028E+02  2.491E-25  6.793E-16  5.611E-16  1.182E-16
1.019E+02  2.494E-25  6.739E-16  5.545E-16  1.194E-16
1.009E+02  2.551E-25  6.828E-16  5.618E-16  1.210E-16
1.000E+02  2.629E-25  6.975E-16  5.747E-16  1.227E-16
9.908E+01  2.552E-25  6.707E-16  5.465E-16  1.242E-16
9.817E+01  2.631E-25  6.851E-16  5.591E-16  1.260E-16
9.727E+01  2.650E-25  6.838E-16  5.575E-16  1.263E-16
9.638E+01  2.732E-25  6.984E-16  5.703E-16  1.281E-16
9.550E+01  2.815E-25  7.130E-16  5.834E-16  1.296E-16
9.462E+01  2.901E-25  7.281E-16  5.967E-16  1.314E-16
9.376E+01  2.977E-25  7.403E-16  6.071E-16  1.332E-16
9.290E+01  3.065E-25  7.552E-16  6.204E-16  1.348E-16
9.204E+01  3.152E-25  7.696E-16  6.330E-16  1.366E-16
9.120E+01  3.247E-25  7.856E-16  6.472E-16  1.384E-16
9.036E+01  3.345E-25  8.018E-16  6.616E-16  1.402E-16
8.954E+01  3.445E-25  8.182E-16  6.762E-16  1.420E-16
8.872E+01  3.546E-25  8.344E-16  6.905E-16  1.439E-16
8.790E+01  3.638E-25  8.482E-16  7.025E-16  1.457E-16
8.710E+01  3.642E-25  8.414E-16  6.940E-16  1.474E-16
8.630E+01  3.743E-25  8.569E-16  7.076E-16  1.493E-16
8.551E+01  3.853E-25  8.739E-16  7.228E-16  1.511E-16
8.472E+01  3.715E-25  8.348E-16  6.818E-16  1.530E-16
8.395E+01  3.815E-25  8.494E-16  6.945E-16  1.549E-16
8.318E+01  3.926E-25  8.662E-16  7.096E-16  1.566E-16
8.241E+01  3.957E-25  8.650E-16  7.073E-16  1.577E-16
8.166E+01  4.064E-25  8.803E-16  7.205E-16  1.597E-16
8.091E+01  4.161E-25  8.930E-16  7.313E-16  1.616E-16
8.017E+01  4.282E-25  9.106E-16  7.470E-16  1.636E-16
7.943E+01  4.406E-25  9.283E-16  7.629E-16  1.654E-16
7.870E+01  4.534E-25  9.465E-16  7.790E-16  1.675E-16
7.798E+01  4.647E-25  9.613E-16  7.918E-16  1.695E-16
7.727E+01  4.775E-25  9.786E-16  8.071E-16  1.715E-16
7.656E+01  4.892E-25  9.935E-16  8.199E-16  1.736E-16
7.586E+01  4.997E-25  1.005E-15  8.298E-16  1.756E-16
7.516E+01  5.137E-25  1.024E-15  8.465E-16  1.777E-16
7.447E+01  5.274E-25  1.042E-15  8.620E-16  1.798E-16
7.379E+01  5.191E-25  1.016E-15  8.344E-16  1.817E-16
7.311E+01  5.332E-25  1.034E-15  8.504E-16  1.838E-16
7.244E+01  5.308E-25  1.020E-15  8.341E-16  1.859E-16
7.178E+01  5.372E-25  1.023E-15  8.348E-16  1.879E-16
7.112E+01  5.489E-25  1.036E-15  8.455E-16  1.900E-16
7.047E+01  5.642E-25  1.055E-15  8.629E-16  1.919E-16
6.982E+01  5.751E-25  1.065E-15  8.714E-16  1.938E-16
6.918E+01  5.913E-25  1.085E-15  8.891E-16  1.960E-16
6.855E+01  6.078E-25  1.105E-15  9.070E-16  1.981E-16
6.792E+01  6.235E-25  1.123E-15  9.232E-16  2.002E-16
6.730E+01  6.407E-25  1.144E-15  9.415E-16  2.023E-16
6.668E+01  6.579E-25  1.164E-15  9.592E-16  2.045E-16
6.607E+01  6.737E-25  1.181E-15  9.740E-16  2.067E-16
6.546E+01  6.782E-25  1.178E-15  9.688E-16  2.089E-16
6.486E+01  6.968E-25  1.199E-15  9.879E-16  2.111E-16
6.427E+01  7.159E-25  1.220E-15  1.007E-15  2.132E-16
6.368E+01  7.334E-25  1.239E-15  1.023E-15  2.155E-16
6.310E+01  7.438E-25  1.245E-15  1.027E-15  2.177E-16
6.252E+01  7.640E-25  1.267E-15  1.047E-15  2.199E-16
6.194E+01  7.844E-25  1.289E-15  1.067E-15  2.219E-16
6.138E+01  8.042E-25  1.309E-15  1.085E-15  2.242E-16
6.081E+01  8.251E-25  1.331E-15  1.105E-15  2.264E-16
6.026E+01  8.424E-25  1.346E-15  1.118E-15  2.287E-16
5.970E+01  8.575E-25  1.358E-15  1.127E-15  2.308E-16
5.916E+01  8.802E-25  1.381E-15  1.148E-15  2.331E-16
5.861E+01  8.950E-25  1.391E-15  1.156E-15  2.353E-16
5.808E+01  9.129E-25  1.406E-15  1.169E-15  2.374E-16
5.754E+01  9.358E-25  1.428E-15  1.189E-15  2.396E-16
5.702E+01  9.581E-25  1.449E-15  1.207E-15  2.418E-16
5.649E+01  9.821E-25  1.472E-15  1.228E-15  2.440E-16
5.598E+01  1.006E-24  1.494E-15  1.248E-15  2.461E-16
5.546E+01  1.027E-24  1.512E-15  1.263E-15  2.483E-16
5.495E+01  1.054E-24  1.536E-15  1.286E-15  2.505E-16
5.445E+01  1.080E-24  1.560E-15  1.307E-15  2.527E-16
5.395E+01  1.104E-24  1.579E-15  1.325E-15  2.549E-16
5.346E+01  1.132E-24  1.605E-15  1.347E-15  2.571E-16
5.297E+01  1.153E-24  1.620E-15  1.361E-15  2.592E-16
5.248E+01  1.181E-24  1.644E-15  1.382E-15  2.614E-16
5.200E+01  1.205E-24  1.662E-15  1.398E-15  2.636E-16
5.152E+01  1.235E-24  1.687E-15  1.422E-15  2.656E-16
5.105E+01  1.253E-24  1.696E-15  1.429E-15  2.677E-16
5.058E+01  1.283E-24  1.722E-15  1.452E-15  2.698E-16
5.012E+01  1.308E-24  1.739E-15  1.467E-15  2.719E-16
4.966E+01  1.338E-24  1.763E-15  1.489E-15  2.739E-16
4.920E+01  1.371E-24  1.789E-15  1.513E-15  2.759E-16
4.875E+01  1.399E-24  1.810E-15  1.532E-15  2.780E-16
4.831E+01  1.432E-24  1.835E-15  1.555E-15  2.799E-16
4.786E+01  1.466E-24  1.861E-15  1.579E-15  2.818E-16
4.742E+01  1.500E-24  1.887E-15  1.604E-15  2.838E-16
4.699E+01  1.534E-24  1.912E-15  1.627E-15  2.858E-16
4.656E+01  1.565E-24  1.932E-15  1.645E-15  2.876E-16
4.613E+01  1.599E-24  1.957E-15  1.667E-15  2.896E-16
4.571E+01  1.635E-24  1.982E-15  1.691E-15  2.914E-16
4.529E+01  1.669E-24  2.005E-15  1.711E-15  2.933E-16
4.487E+01  1.707E-24  2.032E-15  1.736E-15  2.951E-16
4.446E+01  1.743E-24  2.055E-15  1.758E-15  2.970E-16
4.406E+01  1.774E-24  2.073E-15  1.774E-15  2.988E-16
4.365E+01  1.811E-24  2.097E-15  1.797E-15  3.006E-16
4.325E+01  1.851E-24  2.123E-15  1.821E-15  3.023E-16
4.285E+01  1.886E-24  2.144E-15  1.840E-15  3.040E-16
4.246E+01  1.922E-24  2.165E-15  1.859E-15  3.057E-16
4.207E+01  1.958E-24  2.186E-15  1.878E-15  3.074E-16
4.169E+01  2.000E-24  2.211E-15  1.902E-15  3.091E-16
4.130E+01  2.039E-24  2.234E-15  1.924E-15  3.107E-16
4.093E+01  2.078E-24  2.256E-15  1.944E-15  3.121E-16
4.055E+01  2.119E-24  2.279E-15  1.966E-15  3.136E-16
4.018E+01  2.160E-24  2.302E-15  1.987E-15  3.150E-16
3.981E+01  2.204E-24  2.328E-15  2.011E-15  3.164E-16
3.945E+01  2.248E-24  2.352E-15  2.034E-15  3.177E-16
3.908E+01  2.292E-24  2.376E-15  2.057E-15  3.190E-16
3.873E+01  2.337E-24  2.400E-15  2.080E-15  3.202E-16
3.837E+01  2.379E-24  2.422E-15  2.100E-15  3.214E-16
3.802E+01  2.423E-24  2.443E-15  2.120E-15  3.226E-16
3.767E+01  2.465E-24  2.463E-15  2.139E-15  3.237E-16
3.733E+01  2.508E-24  2.483E-15  2.158E-15  3.246E-16
3.698E+01  2.554E-24  2.506E-15  2.180E-15  3.253E-16
3.664E+01  2.602E-24  2.529E-15  2.203E-15  3.261E-16
3.631E+01  2.649E-24  2.552E-15  2.225E-15  3.268E-16
3.597E+01  2.688E-24  2.565E-15  2.238E-15  3.275E-16
3.565E+01  2.737E-24  2.588E-15  2.259E-15  3.282E-16
3.532E+01  2.786E-24  2.610E-15  2.281E-15  3.288E-16
3.499E+01  2.832E-24  2.629E-15  2.299E-15  3.295E-16
3.467E+01  2.877E-24  2.646E-15  2.316E-15  3.301E-16
3.436E+01  2.928E-24  2.668E-15  2.337E-15  3.307E-16
3.404E+01  2.976E-24  2.687E-15  2.356E-15  3.312E-16
3.373E+01  3.024E-24  2.705E-15  2.373E-15  3.318E-16
3.342E+01  3.075E-24  2.726E-15  2.394E-15  3.323E-16
3.311E+01  3.128E-24  2.747E-15  2.414E-15  3.330E-16
3.281E+01  3.181E-24  2.768E-15  2.434E-15  3.337E-16
3.251E+01  3.229E-24  2.784E-15  2.450E-15  3.343E-16
3.221E+01  3.283E-24  2.805E-15  2.470E-15  3.350E-16
3.192E+01  3.335E-24  2.823E-15  2.488E-15  3.356E-16
3.162E+01  3.386E-24  2.840E-15  2.504E-15  3.362E-16
3.133E+01  3.442E-24  2.860E-15  2.524E-15  3.368E-16
3.105E+01  3.493E-24  2.876E-15  2.539E-15  3.374E-16
3.076E+01  3.548E-24  2.895E-15  2.557E-15  3.379E-16
3.048E+01  3.605E-24  2.914E-15  2.576E-15  3.385E-16
3.020E+01  3.660E-24  2.932E-15  2.593E-15  3.390E-16
2.992E+01  3.720E-24  2.953E-15  2.613E-15  3.394E-16
2.965E+01  3.776E-24  2.970E-15  2.630E-15  3.398E-16
2.938E+01  3.836E-24  2.989E-15  2.649E-15  3.401E-16
2.911E+01  3.895E-24  3.007E-15  2.667E-15  3.404E-16
2.884E+01  3.955E-24  3.026E-15  2.685E-15  3.406E-16
2.858E+01  4.017E-24  3.045E-15  2.704E-15  3.409E-16
2.831E+01  4.080E-24  3.064E-15  2.723E-15  3.411E-16
2.805E+01  4.145E-24  3.085E-15  2.744E-15  3.413E-16
2.780E+01  4.213E-24  3.106E-15  2.765E-15  3.414E-16
2.754E+01  4.280E-24  3.127E-15  2.785E-15  3.415E-16
2.729E+01  4.343E-24  3.144E-15  2.802E-15  3.417E-16
2.704E+01  4.414E-24  3.166E-15  2.824E-15  3.418E-16
2.679E+01  4.487E-24  3.189E-15  2.847E-15  3.419E-16
2.655E+01  4.558E-24  3.209E-15  2.868E-15  3.419E-16
2.630E+01  4.632E-24  3.232E-15  2.890E-15  3.419E-16
2.606E+01  4.704E-24  3.252E-15  2.910E-15  3.420E-16
2.582E+01  4.782E-24  3.275E-15  2.933E-15  3.419E-16
2.559E+01  4.861E-24  3.299E-15  2.957E-15  3.419E-16
2.535E+01  4.942E-24  3.323E-15  2.982E-15  3.418E-16
2.512E+01  5.026E-24  3.349E-15  3.007E-15  3.418E-16
2.489E+01  5.108E-24  3.372E-15  3.031E-15  3.416E-16
2.466E+01  5.194E-24  3.397E-15  3.056E-15  3.413E-16
2.443E+01  5.279E-24  3.422E-15  3.081E-15  3.411E-16
2.421E+01  5.370E-24  3.448E-15  3.108E-15  3.406E-16
2.399E+01  5.462E-24  3.475E-15  3.136E-15  3.399E-16
2.377E+01  5.554E-24  3.501E-15  3.162E-15  3.394E-16
2.355E+01  5.648E-24  3.529E-15  3.189E-15  3.392E-16
2.333E+01  5.747E-24  3.557E-15  3.219E-15  3.387E-16
2.312E+01  5.849E-24  3.587E-15  3.249E-15  3.378E-16
2.291E+01  5.948E-24  3.615E-15  3.278E-15  3.370E-16
2.270E+01  6.052E-24  3.644E-15  3.307E-15  3.367E-16
2.249E+01  6.162E-24  3.676E-15  3.339E-15  3.368E-16
2.228E+01  6.273E-24  3.708E-15  3.371E-15  3.372E-16
2.208E+01  6.387E-24  3.741E-15  3.403E-15  3.372E-16
2.188E+01  6.500E-24  3.772E-15  3.435E-15  3.366E-16
2.168E+01  6.615E-24  3.804E-15  3.468E-15  3.357E-16
2.148E+01  6.736E-24  3.838E-15  3.503E-15  3.348E-16
2.128E+01  6.858E-24  3.871E-15  3.537E-15  3.342E-16
2.109E+01  6.985E-24  3.907E-15  3.573E-15  3.340E-16
2.089E+01  7.113E-24  3.942E-15  3.609E-15  3.336E-16
2.070E+01  7.245E-24  3.978E-15  3.646E-15  3.328E-16
2.051E+01  7.380E-24  4.016E-15  3.684E-15  3.319E-16
2.032E+01  7.521E-24  4.055E-15  3.723E-15  3.312E-16
2.014E+01  7.669E-24  4.097E-15  3.765E-15  3.318E-16
1.995E+01  7.824E-24  4.141E-15  3.809E-15  3.321E-16
1.977E+01  7.990E-24  4.190E-15  3.858E-15  3.321E-16
1.959E+01  8.166E-24  4.243E-15  3.912E-15  3.314E-16
1.941E+01  8.376E-24  4.312E-15  3.982E-15  3.300E-16
1.923E+01  8.665E-24  4.420E-15  4.092E-15  3.278E-16
1.905E+01  9.198E-24  4.649E-15  4.324E-15  3.249E-16
1.888E+01  9.668E-24  4.842E-15  4.521E-15  3.211E-16
1.871E+01  9.388E-24  4.658E-15  4.342E-15  3.165E-16
1.854E+01  9.412E-24  4.627E-15  4.316E-15  3.110E-16
1.837E+01  9.620E-24  4.687E-15  4.382E-15  3.048E-16
1.820E+01  9.956E-24  4.806E-15  4.508E-15  2.978E-16
1.803E+01  1.052E-23  5.030E-15  4.740E-15  2.903E-16
1.786E+01  1.138E-23  5.392E-15  5.109E-15  2.822E-16
1.770E+01  1.167E-23  5.479E-15  5.205E-15  2.736E-16
1.754E+01  1.257E-23  5.849E-15  5.584E-15  2.643E-16
1.738E+01  1.450E-23  6.685E-15  6.431E-15  2.547E-16
1.722E+01  1.449E-23  6.619E-15  6.374E-15  2.449E-16
1.706E+01  1.478E-23  6.687E-15  6.452E-15  2.352E-16
1.690E+01  1.460E-23  6.546E-15  6.320E-15  2.256E-16
1.675E+01  1.414E-23  6.282E-15  6.066E-15  2.159E-16
1.660E+01  1.453E-23  6.395E-15  6.189E-15  2.061E-16
1.644E+01  1.697E-23  7.402E-15  7.206E-15  1.965E-16
1.629E+01  1.321E-23  5.710E-15  5.523E-15  1.870E-16
1.614E+01  1.173E-23  5.022E-15  4.844E-15  1.779E-16
1.600E+01  1.128E-23  4.786E-15  4.617E-15  1.692E-16
1.585E+01  1.103E-23  4.636E-15  4.475E-15  1.609E-16
1.570E+01  1.072E-23  4.464E-15  4.311E-15  1.529E-16
1.556E+01  1.055E-23  4.353E-15  4.208E-15  1.453E-16
1.542E+01  1.046E-23  4.276E-15  4.138E-15  1.381E-16
1.528E+01  1.041E-23  4.217E-15  4.085E-15  1.313E-16
1.514E+01  1.039E-23  4.171E-15  4.046E-15  1.249E-16
1.500E+01  1.040E-23  4.137E-15  4.018E-15  1.190E-16
1.486E+01  1.044E-23  4.116E-15  4.003E-15  1.133E-16
1.472E+01  1.054E-23  4.117E-15  4.009E-15  1.080E-16
1.459E+01  1.073E-23  4.152E-15  4.049E-15  1.030E-16
1.445E+01  1.111E-23  4.262E-15  4.163E-15  9.874E-17
1.432E+01  1.193E-23  4.534E-15  4.439E-15  9.512E-17
1.419E+01  1.287E-23  4.845E-15  4.753E-15  9.233E-17
1.406E+01  1.251E-23  4.666E-15  4.575E-15  9.040E-17
1.393E+01  1.241E-23  4.587E-15  4.497E-15  8.947E-17
1.380E+01  1.309E-23  4.792E-15  4.702E-15  8.933E-17
1.368E+01  1.451E-23  5.265E-15  5.175E-15  9.006E-17
1.355E+01  1.632E-23  5.865E-15  5.774E-15  9.131E-17
1.343E+01  1.690E-23  6.018E-15  5.925E-15  9.293E-17
1.330E+01  1.610E-23  5.682E-15  5.588E-15  9.467E-17
1.318E+01  1.578E-23  5.517E-15  5.421E-15  9.655E-17
1.306E+01  1.669E-23  5.783E-15  5.684E-15  9.838E-17
1.294E+01  1.917E-23  6.579E-15  6.479E-15  1.004E-16
1.282E+01  2.365E-23  8.046E-15  7.943E-15  1.028E-16
1.271E+01  2.936E-23  9.896E-15  9.791E-15  1.053E-16
1.259E+01  3.138E-23  1.048E-14  1.037E-14  1.079E-16
1.247E+01  2.759E-23  9.130E-15  9.020E-15  1.105E-16
1.236E+01  2.364E-23  7.750E-15  7.637E-15  1.131E-16
1.225E+01  2.236E-23  7.264E-15  7.149E-15  1.154E-16
1.213E+01  2.353E-23  7.575E-15  7.456E-15  1.181E-16
1.202E+01  2.518E-23  8.031E-15  7.910E-15  1.212E-16
1.191E+01  2.438E-23  7.704E-15  7.580E-15  1.243E-16
1.180E+01  2.219E-23  6.948E-15  6.820E-15  1.275E-16
1.169E+01  2.168E-23  6.726E-15  6.596E-15  1.304E-16
1.159E+01  2.463E-23  7.571E-15  7.438E-15  1.329E-16
1.148E+01  3.330E-23  1.014E-14  1.001E-14  1.354E-16
1.138E+01  4.785E-23  1.444E-14  1.430E-14  1.381E-16
1.127E+01  6.382E-23  1.908E-14  1.894E-14  1.411E-16
1.117E+01  4.521E-23  1.339E-14  1.325E-14  1.443E-16
1.107E+01  2.340E-23  6.868E-15  6.720E-15  1.477E-16
1.096E+01  1.616E-23  4.700E-15  4.549E-15  1.508E-16
1.086E+01  1.283E-23  3.698E-15  3.544E-15  1.541E-16
1.076E+01  1.108E-23  3.165E-15  3.007E-15  1.581E-16
1.067E+01  1.006E-23  2.847E-15  2.684E-15  1.626E-16
1.057E+01  9.174E-24  2.572E-15  2.404E-15  1.676E-16
1.047E+01  8.591E-24  2.386E-15  2.214E-15  1.723E-16
1.038E+01  8.207E-24  2.259E-15  2.083E-15  1.759E-16
1.028E+01  7.939E-24  2.165E-15  1.987E-15  1.780E-16
1.019E+01  7.751E-24  2.094E-15  1.915E-15  1.790E-16
1.009E+01  7.624E-24  2.041E-15  1.862E-15  1.794E-16
1.000E+01  7.550E-24  2.003E-15  1.823E-15  1.797E-16
9.908E+00  7.525E-24  1.978E-15  1.797E-15  1.804E-16
9.817E+00  7.545E-24  1.965E-15  1.784E-15  1.813E-16
9.727E+00  7.611E-24  1.964E-15  1.781E-15  1.824E-16
9.638E+00  7.724E-24  1.975E-15  1.791E-15  1.832E-16
9.550E+00  7.887E-24  1.998E-15  1.815E-15  1.829E-16
9.462E+00  8.107E-24  2.035E-15  1.854E-15  1.807E-16
9.376E+00  8.398E-24  2.089E-15  1.912E-15  1.763E-16
9.290E+00  8.785E-24  2.165E-15  1.995E-15  1.695E-16
9.204E+00  9.306E-24  2.272E-15  2.112E-15  1.605E-16
9.120E+00  1.003E-23  2.426E-15  2.277E-15  1.498E-16
9.036E+00  1.107E-23  2.653E-15  2.515E-15  1.380E-16
8.954E+00  1.264E-23  3.001E-15  2.875E-15  1.262E-16
8.872E+00  1.512E-23  3.557E-15  3.442E-15  1.150E-16
8.790E+00  1.919E-23  4.473E-15  4.369E-15  1.048E-16
8.710E+00  2.541E-23  5.870E-15  5.774E-15  9.587E-17
8.630E+00  3.125E-23  7.154E-15  7.066E-15  8.810E-17
8.551E+00  3.060E-23  6.940E-15  6.859E-15  8.132E-17
8.472E+00  2.662E-23  5.983E-15  5.908E-15  7.500E-17
8.395E+00  2.460E-23  5.479E-15  5.410E-15  6.864E-17
8.318E+00  2.451E-23  5.407E-15  5.345E-15  6.185E-17
8.241E+00  2.560E-23  5.596E-15  5.541E-15  5.467E-17
8.166E+00  2.831E-23  6.131E-15  6.084E-15  4.730E-17
8.091E+00  3.345E-23  7.179E-15  7.139E-15  4.063E-17
8.017E+00  4.165E-23  8.857E-15  8.822E-15  3.467E-17
7.943E+00  5.239E-23  1.104E-14  1.101E-14  2.951E-17
7.870E+00  6.182E-23  1.291E-14  1.288E-14  2.508E-17
7.798E+00  6.526E-23  1.350E-14  1.348E-14  2.132E-17
7.727E+00  6.575E-23  1.348E-14  1.346E-14  1.823E-17
7.656E+00  6.790E-23  1.379E-14  1.377E-14  1.573E-17
7.586E+00  6.619E-23  1.332E-14  1.330E-14  1.372E-17
7.516E+00  5.576E-23  1.112E-14  1.110E-14  1.220E-17
7.447E+00  4.400E-23  8.692E-15  8.681E-15  1.108E-17
7.379E+00  3.536E-23  6.921E-15  6.911E-15  1.023E-17
7.311E+00  2.937E-23  5.696E-15  5.686E-15  9.645E-18
7.244E+00  2.499E-23  4.802E-15  4.793E-15  9.202E-18
7.178E+00  2.164E-23  4.121E-15  4.112E-15  8.850E-18
7.112E+00  1.908E-23  3.599E-15  3.590E-15  8.609E-18
7.047E+00  1.717E-23  3.210E-15  3.202E-15  8.432E-18
6.982E+00  1.588E-23  2.942E-15  2.934E-15  8.270E-18
6.918E+00  1.518E-23  2.786E-15  2.778E-15  8.138E-18
6.855E+00  1.501E-23  2.730E-15  2.722E-15  8.017E-18
6.792E+00  1.523E-23  2.744E-15  2.736E-15  7.902E-18
6.730E+00  1.545E-23  2.758E-15  2.750E-15  7.793E-18
6.668E+00  1.524E-23  2.696E-15  2.689E-15  7.686E-18
6.607E+00  1.461E-23  2.560E-15  2.552E-15  7.578E-18
6.546E+00  1.409E-23  2.446E-15  2.438E-15  7.470E-18
6.486E+00  1.438E-23  2.473E-15  2.466E-15  7.362E-18
6.427E+00  1.627E-23  2.773E-15  2.766E-15  7.253E-18
6.368E+00  2.123E-23  3.586E-15  3.579E-15  7.143E-18
6.310E+00  3.235E-23  5.415E-15  5.408E-15  7.031E-18
6.252E+00  5.037E-23  8.352E-15  8.345E-15  6.918E-18
6.194E+00  5.103E-23  8.384E-15  8.377E-15  6.804E-18
6.138E+00  3.180E-23  5.177E-15  5.171E-15  6.683E-18
6.081E+00  1.895E-23  3.057E-15  3.050E-15  6.565E-18
6.026E+00  1.263E-23  2.018E-15  2.012E-15  6.450E-18
5.970E+00  9.419E-24  1.492E-15  1.485E-15  6.339E-18
5.916E+00  7.745E-24  1.215E-15  1.209E-15  6.231E-18
5.861E+00  7.004E-24  1.089E-15  1.083E-15  6.128E-18
5.808E+00  7.066E-24  1.089E-15  1.083E-15  6.029E-18
5.754E+00  7.933E-24  1.211E-15  1.205E-15  5.933E-18
5.702E+00  8.545E-24  1.292E-15  1.287E-15  5.841E-18
5.649E+00  7.205E-24  1.080E-15  1.074E-15  5.753E-18
5.598E+00  5.486E-24  8.145E-16  8.089E-16  5.669E-18
5.546E+00  4.427E-24  6.513E-16  6.457E-16  5.588E-18
5.495E+00  3.865E-24  5.634E-16  5.579E-16  5.510E-18
5.445E+00  3.622E-24  5.232E-16  5.178E-16  5.437E-18
5.395E+00  3.663E-24  5.242E-16  5.189E-16  5.366E-18
5.346E+00  4.061E-24  5.758E-16  5.705E-16  5.297E-18
5.297E+00  4.717E-24  6.628E-16  6.575E-16  5.232E-18
5.248E+00  4.611E-24  6.419E-16  6.367E-16  5.169E-18
5.200E+00  3.659E-24  5.047E-16  4.996E-16  5.108E-18
5.152E+00  2.917E-24  3.987E-16  3.937E-16  5.050E-18
5.105E+00  2.488E-24  3.369E-16  3.319E-16  4.995E-18
5.058E+00  2.229E-24  2.991E-16  2.941E-16  4.941E-18
5.012E+00  2.059E-24  2.737E-16  2.688E-16  4.890E-18
4.966E+00  1.936E-24  2.551E-16  2.502E-16  4.842E-18
4.920E+00  1.843E-24  2.405E-16  2.357E-16  4.795E-18
4.875E+00  1.768E-24  2.287E-16  2.239E-16  4.749E-18
4.831E+00  1.706E-24  2.186E-16  2.139E-16  4.704E-18
4.786E+00  1.653E-24  2.099E-16  2.053E-16  4.660E-18
4.742E+00  1.608E-24  2.023E-16  1.977E-16  4.618E-18
4.699E+00  1.568E-24  1.954E-16  1.909E-16  4.577E-18
4.656E+00  1.532E-24  1.893E-16  1.847E-16  4.537E-18
4.613E+00  1.501E-24  1.836E-16  1.791E-16  4.498E-18
4.571E+00  1.472E-24  1.785E-16  1.740E-16  4.459E-18
4.529E+00  1.446E-24  1.737E-16  1.693E-16  4.422E-18
4.487E+00  1.422E-24  1.693E-16  1.649E-16  4.385E-18
4.446E+00  1.400E-24  1.652E-16  1.608E-16  4.348E-18
4.406E+00  1.381E-24  1.613E-16  1.570E-16  4.313E-18
4.365E+00  1.362E-24  1.578E-16  1.535E-16  4.279E-18
4.325E+00  1.346E-24  1.544E-16  1.501E-16  4.245E-18
4.285E+00  1.330E-24  1.512E-16  1.470E-16  4.212E-18
4.246E+00  1.316E-24  1.483E-16  1.441E-16  4.178E-18
4.207E+00  1.304E-24  1.455E-16  1.413E-16  4.145E-18
4.169E+00  1.292E-24  1.429E-16  1.388E-16  4.112E-18
4.130E+00  1.282E-24  1.404E-16  1.363E-16  4.079E-18
4.093E+00  1.272E-24  1.381E-16  1.341E-16  4.044E-18
4.055E+00  1.264E-24  1.360E-16  1.320E-16  4.009E-18
4.018E+00  1.257E-24  1.340E-16  1.300E-16  3.973E-18
3.981E+00  1.252E-24  1.322E-16  1.282E-16  3.938E-18
3.945E+00  1.247E-24  1.305E-16  1.266E-16  3.903E-18
3.908E+00  1.245E-24  1.291E-16  1.252E-16  3.867E-18
3.873E+00  1.244E-24  1.278E-16  1.240E-16  3.832E-18
3.837E+00  1.246E-24  1.268E-16  1.230E-16  3.797E-18
3.802E+00  1.250E-24  1.260E-16  1.223E-16  3.763E-18
3.767E+00  1.257E-24  1.256E-16  1.219E-16  3.729E-18
3.733E+00  1.268E-24  1.256E-16  1.219E-16  3.695E-18
3.698E+00  1.285E-24  1.260E-16  1.224E-16  3.661E-18
3.664E+00  1.308E-24  1.272E-16  1.236E-16  3.627E-18
3.631E+00  1.342E-24  1.292E-16  1.256E-16  3.593E-18
3.597E+00  1.389E-24  1.325E-16  1.290E-16  3.559E-18
3.565E+00  1.456E-24  1.377E-16  1.342E-16  3.525E-18
3.532E+00  1.556E-24  1.458E-16  1.423E-16  3.491E-18
3.499E+00  1.708E-24  1.586E-16  1.551E-16  3.457E-18
3.467E+00  1.954E-24  1.797E-16  1.763E-16  3.424E-18
3.436E+00  2.385E-24  2.174E-16  2.140E-16  3.390E-18
3.404E+00  3.236E-24  2.922E-16  2.889E-16  3.356E-18
3.373E+00  5.269E-24  4.714E-16  4.681E-16  3.322E-18
3.342E+00  1.200E-23  1.064E-15  1.061E-15  3.287E-18
3.311E+00  4.540E-23  3.988E-15  3.984E-15  3.252E-18
3.281E+00  3.100E-23  2.698E-15  2.695E-15  3.218E-18
3.251E+00  8.857E-24  7.637E-16  7.606E-16  3.182E-18
3.221E+00  4.230E-24  3.614E-16  3.582E-16  3.145E-18
3.192E+00  2.699E-24  2.285E-16  2.254E-16  3.108E-18
3.162E+00  2.022E-24  1.696E-16  1.666E-16  3.072E-18
3.133E+00  1.666E-24  1.385E-16  1.355E-16  3.036E-18
3.105E+00  1.456E-24  1.199E-16  1.169E-16  3.001E-18
3.076E+00  1.321E-24  1.078E-16  1.048E-16  2.967E-18
3.048E+00  1.228E-24  9.926E-17  9.633E-17  2.934E-18
3.020E+00  1.161E-24  9.299E-17  9.008E-17  2.901E-18
2.992E+00  1.110E-24  8.813E-17  8.526E-17  2.868E-18
2.965E+00  1.071E-24  8.423E-17  8.139E-17  2.835E-18
2.938E+00  1.039E-24  8.099E-17  7.819E-17  2.803E-18
2.911E+00  1.013E-24  7.823E-17  7.546E-17  2.770E-18
2.884E+00  9.911E-25  7.582E-17  7.308E-17  2.738E-18
2.858E+00  9.720E-25  7.367E-17  7.097E-17  2.706E-18
2.831E+00  9.551E-25  7.174E-17  6.906E-17  2.674E-18
2.805E+00  9.401E-25  6.996E-17  6.732E-17  2.642E-18
2.780E+00  9.264E-25  6.831E-17  6.570E-17  2.610E-18
2.754E+00  9.139E-25  6.677E-17  6.419E-17  2.579E-18
2.729E+00  9.022E-25  6.531E-17  6.276E-17  2.547E-18
2.704E+00  8.912E-25  6.392E-17  6.141E-17  2.516E-18
2.679E+00  8.809E-25  6.260E-17  6.012E-17  2.485E-18
2.655E+00  8.709E-25  6.133E-17  5.887E-17  2.454E-18
2.630E+00  8.614E-25  6.010E-17  5.768E-17  2.424E-18
2.606E+00  8.522E-25  5.891E-17  5.652E-17  2.393E-18
2.582E+00  8.432E-25  5.776E-17  5.540E-17  2.363E-18
2.559E+00  8.345E-25  5.664E-17  5.430E-17  2.333E-18
2.535E+00  8.259E-25  5.554E-17  5.324E-17  2.303E-18
2.512E+00  8.175E-25  5.447E-17  5.220E-17  2.273E-18
2.489E+00  8.091E-25  5.342E-17  5.118E-17  2.243E-18
2.466E+00  8.008E-25  5.238E-17  5.017E-17  2.214E-18
2.443E+00  7.925E-25  5.137E-17  4.918E-17  2.185E-18
2.421E+00  7.843E-25  5.037E-17  4.821E-17  2.157E-18
2.399E+00  7.762E-25  4.939E-17  4.726E-17  2.128E-18
2.377E+00  7.682E-25  4.843E-17  4.633E-17  2.100E-18
2.355E+00  7.603E-25  4.749E-17  4.542E-17  2.071E-18
2.333E+00  7.523E-25  4.657E-17  4.452E-17  2.043E-18
2.312E+00  7.444E-25  4.566E-17  4.364E-17  2.015E-18
2.291E+00  7.365E-25  4.476E-17  4.277E-17  1.987E-18
2.270E+00  7.286E-25  4.387E-17  4.191E-17  1.959E-18
2.249E+00  7.206E-25  4.299E-17  4.106E-17  1.931E-18
2.228E+00  7.125E-25  4.212E-17  4.021E-17  1.903E-18
2.208E+00  7.043E-25  4.125E-17  3.937E-17  1.876E-18
2.188E+00  6.959E-25  4.039E-17  3.854E-17  1.848E-18
2.168E+00  6.873E-25  3.952E-17  3.770E-17  1.821E-18
2.148E+00  6.785E-25  3.865E-17  3.686E-17  1.794E-18
2.128E+00  6.692E-25  3.778E-17  3.601E-17  1.768E-18
2.109E+00  6.595E-25  3.689E-17  3.514E-17  1.741E-18
2.089E+00  6.491E-25  3.597E-17  3.426E-17  1.715E-18
2.070E+00  6.380E-25  3.503E-17  3.334E-17  1.689E-18
2.051E+00  6.258E-25  3.405E-17  3.239E-17  1.663E-18
2.032E+00  6.124E-25  3.302E-17  3.138E-17  1.638E-18
2.014E+00  5.975E-25  3.191E-17  3.030E-17  1.612E-18
1.995E+00  5.807E-25  3.073E-17  2.915E-17  1.587E-18
1.977E+00  5.621E-25  2.947E-17  2.791E-17  1.561E-18
1.959E+00  5.422E-25  2.817E-17  2.664E-17  1.536E-18
1.941E+00  5.230E-25  2.693E-17  2.541E-17  1.512E-18
1.923E+00  5.078E-25  2.591E-17  2.442E-17  1.487E-18
1.905E+00  5.005E-25  2.530E-17  2.383E-17  1.463E-18
1.888E+00  5.021E-25  2.515E-17  2.371E-17  1.438E-18
1.871E+00  5.102E-25  2.531E-17  2.390E-17  1.414E-18
1.854E+00  5.202E-25  2.558E-17  2.419E-17  1.390E-18
1.837E+00  5.292E-25  2.578E-17  2.441E-17  1.367E-18
1.820E+00  5.356E-25  2.585E-17  2.451E-17  1.344E-18
1.803E+00  5.395E-25  2.580E-17  2.448E-17  1.321E-18
1.786E+00  5.412E-25  2.565E-17  2.435E-17  1.298E-18
1.770E+00  5.412E-25  2.541E-17  2.413E-17  1.275E-18
1.754E+00  5.399E-25  2.512E-17  2.387E-17  1.253E-18
1.738E+00  5.378E-25  2.479E-17  2.356E-17  1.231E-18
1.722E+00  5.350E-25  2.443E-17  2.322E-17  1.209E-18
1.706E+00  5.317E-25  2.406E-17  2.288E-17  1.188E-18
1.690E+00  5.282E-25  2.368E-17  2.252E-17  1.166E-18
1.675E+00  5.244E-25  2.330E-17  2.215E-17  1.145E-18
1.660E+00  5.206E-25  2.292E-17  2.179E-17  1.125E-18
1.644E+00  5.167E-25  2.254E-17  2.143E-17  1.104E-18
1.629E+00  5.128E-25  2.216E-17  2.108E-17  1.084E-18
1.614E+00  5.091E-25  2.180E-17  2.074E-17  1.063E-18
1.600E+00  5.054E-25  2.145E-17  2.040E-17  1.043E-18
1.585E+00  5.020E-25  2.111E-17  2.008E-17  1.023E-18
1.570E+00  4.989E-25  2.078E-17  1.978E-17  1.004E-18
1.556E+00  4.960E-25  2.047E-17  1.949E-17  9.840E-19
1.542E+00  4.936E-25  2.019E-17  1.922E-17  9.647E-19
1.528E+00  4.916E-25  1.992E-17  1.897E-17  9.455E-19
1.514E+00  4.902E-25  1.968E-17  1.875E-17  9.266E-19
1.500E+00  4.894E-25  1.947E-17  1.856E-17  9.078E-19
1.486E+00  4.893E-25  1.929E-17  1.840E-17  8.893E-19
1.472E+00  4.902E-25  1.914E-17  1.827E-17  8.709E-19
1.459E+00  4.920E-25  1.904E-17  1.819E-17  8.528E-19
1.445E+00  4.952E-25  1.898E-17  1.815E-17  8.350E-19
1.432E+00  4.997E-25  1.899E-17  1.817E-17  8.174E-19
1.419E+00  5.061E-25  1.905E-17  1.825E-17  7.999E-19
1.406E+00  5.145E-25  1.919E-17  1.841E-17  7.828E-19
1.393E+00  5.255E-25  1.942E-17  1.865E-17  7.658E-19
1.380E+00  5.395E-25  1.976E-17  1.901E-17  7.490E-19
1.368E+00  5.571E-25  2.021E-17  1.948E-17  7.324E-19
1.355E+00  5.790E-25  2.081E-17  2.010E-17  7.160E-19
1.343E+00  6.056E-25  2.157E-17  2.087E-17  6.998E-19
1.330E+00  6.372E-25  2.249E-17  2.180E-17  6.838E-19
1.318E+00  6.732E-25  2.354E-17  2.287E-17  6.681E-19
1.306E+00  7.115E-25  2.465E-17  2.400E-17  6.525E-19
1.294E+00  7.476E-25  2.566E-17  2.503E-17  6.373E-19
1.282E+00  7.740E-25  2.633E-17  2.570E-17  6.223E-19
1.271E+00  7.817E-25  2.635E-17  2.574E-17  6.075E-19
1.259E+00  7.643E-25  2.552E-17  2.493E-17  5.930E-19
1.247E+00  7.224E-25  2.390E-17  2.333E-17  5.788E-19
1.236E+00  6.641E-25  2.177E-17  2.121E-17  5.650E-19
1.225E+00  6.002E-25  1.950E-17  1.894E-17  5.514E-19
1.213E+00  5.397E-25  1.737E-17  1.683E-17  5.379E-19
1.202E+00  4.874E-25  1.554E-17  1.502E-17  5.247E-19
1.191E+00  4.450E-25  1.406E-17  1.355E-17  5.117E-19
1.180E+00  4.121E-25  1.290E-17  1.240E-17  4.989E-19
1.169E+00  3.879E-25  1.203E-17  1.155E-17  4.863E-19
1.159E+00  3.713E-25  1.141E-17  1.094E-17  4.739E-19
1.148E+00  3.618E-25  1.102E-17  1.056E-17  4.617E-19
1.138E+00  3.594E-25  1.085E-17  1.040E-17  4.497E-19
1.127E+00  3.647E-25  1.091E-17  1.047E-17  4.379E-19
1.117E+00  3.794E-25  1.124E-17  1.081E-17  4.264E-19
1.107E+00  4.063E-25  1.193E-17  1.151E-17  4.150E-19
1.096E+00  4.503E-25  1.310E-17  1.269E-17  4.038E-19
1.086E+00  5.183E-25  1.494E-17  1.454E-17  3.928E-19
1.076E+00  6.172E-25  1.762E-17  1.724E-17  3.821E-19
1.067E+00  7.412E-25  2.097E-17  2.060E-17  3.715E-19
1.057E+00  8.403E-25  2.356E-17  2.320E-17  3.611E-19
1.047E+00  8.235E-25  2.287E-17  2.252E-17  3.510E-19
1.038E+00  6.829E-25  1.880E-17  1.845E-17  3.410E-19
1.028E+00  5.173E-25  1.411E-17  1.377E-17  3.312E-19
1.019E+00  3.888E-25  1.050E-17  1.018E-17  3.216E-19
1.009E+00  3.018E-25  8.079E-18  7.767E-18  3.123E-19
1.000E+00  2.441E-25  6.475E-18  6.172E-18  3.031E-19
