Dust emission spectrum from Draine,B.T., & Li, A. (2007), ApJ, in press [astro-ph/0608003]
==========================================================
         7 = grain model
 4.000E-08 4.000E-01 4.500E-05 = a_01 (cm) , sigma_1 , b_C1
 2.000E-07 5.500E-01 1.500E-05 = a_02 (cm) , sigma_2 , b_C2
 1.000E+05 1.000E+05 1.000E+00 = Umin , Umax, beta (dN/dU propto U^{-beta})
 1.000E+05 = <U>       mmp83 = radfield
 0.000E+00 2.000E-07 = a_{min} (cm), a_{max} (cm)
 1.045E-19 1.014E-19 3.164E-21 = P(tot)  P(carb)  P(sil) (erg s-1 H-1)
 band     <nu*P_nu> <j_nu(tot)><j_nu(carb)><j_nu(sil)>
 (um)   (erg s-1 H-1)(Jy/(sr*H))(Jy/(sr*H))(Jy/(sr*H))
1.270E+00  1.972E-21  6.642E-14  6.433E-14  2.093E-15 COBE-DIRBE
2.220E+00  2.682E-21  1.579E-13  1.515E-13  6.414E-15 COBE-DIRBE
3.530E+00  1.829E-20  1.712E-12  1.700E-12  1.171E-14 COBE-DIRBE
4.880E+00  8.943E-21  1.158E-12  1.141E-12  1.615E-14 COBE-DIRBE
1.229E+01  5.518E-20  1.799E-11  1.742E-11  5.745E-13 COBE-DIRBE
2.079E+01  1.505E-20  8.302E-12  7.074E-12  1.228E-12 COBE-DIRBE
5.599E+01  5.196E-22  7.717E-13  4.121E-13  3.596E-13 COBE-DIRBE
9.770E+01  5.100E-23  1.322E-13  5.671E-14  7.547E-14 COBE-DIRBE
1.479E+02  8.517E-24  3.341E-14  1.259E-14  2.082E-14 COBE-DIRBE
2.479E+02  8.492E-25  5.583E-15  1.915E-15  3.668E-15 COBE-DIRBE
1.200E+01  6.670E-20  2.123E-11  2.068E-11  5.547E-13 IRAS
2.500E+01  1.011E-20  6.703E-12  5.391E-12  1.311E-12 IRAS
6.000E+01  4.711E-22  7.497E-13  4.034E-13  3.464E-13 IRAS
1.000E+02  4.442E-23  1.178E-13  4.983E-14  6.801E-14 IRAS
3.550E+00  2.124E-20  2.000E-12  1.988E-12  1.181E-14 SST-IRAC
4.493E+00  6.430E-21  7.664E-13  7.515E-13  1.487E-14 SST-IRAC
5.731E+00  5.250E-20  7.981E-12  7.961E-12  2.032E-14 SST-IRAC
7.872E+00  1.206E-19  2.519E-11  2.500E-11  1.897E-13 SST-IRAC
2.368E+01  7.818E-21  4.910E-12  3.737E-12  1.173E-12 SST-MIPS
7.142E+01  1.631E-22  3.089E-13  1.465E-13  1.625E-13 SST-MIPS
1.559E+02  5.539E-24  2.291E-14  8.359E-15  1.455E-14 SST-MIPS
1.600E+01  2.856E-20  1.212E-11  1.138E-11  7.430E-13 SST-IRSPU
2.200E+01  1.001E-20  5.841E-12  4.610E-12  1.231E-12 SST-IRSPU
7.500E+01  1.402E-22  2.789E-13  1.319E-13  1.470E-13 Herschel-PACS
1.100E+02  2.940E-23  8.579E-14  3.581E-14  4.999E-14 Herschel-PACS
1.700E+02  4.315E-24  1.946E-14  7.139E-15  1.232E-14 Herschel-PACS
2.500E+02  6.430E-25  4.264E-15  1.450E-15  2.814E-15 Herschel-SPIRE
3.600E+02  1.056E-25  1.009E-15  3.491E-16  6.596E-16 Herschel-SPIRE
5.200E+02  1.843E-26  2.543E-16  8.668E-17  1.676E-16 Herschel-SPIRE
2.400E+00  3.013E-21  1.918E-13  1.847E-13  7.111E-15 Akari IRC NIR N2
3.200E+00  1.393E-20  1.183E-12  1.172E-12  1.046E-14 Akari IRC NIR N3
4.100E+00  7.346E-21  7.989E-13  7.852E-13  1.362E-14 Akari IRC NIR N4
7.000E+00  1.395E-19  2.590E-11  2.584E-11  6.576E-14 Akari IRC MIR-S S7
9.000E+00  9.235E-20  2.205E-11  2.167E-11  3.815E-13 Akari IRC MIR-S S9W
1.100E+01  6.017E-20  1.756E-11  1.695E-11  6.104E-13 Akari IRC MIR-S S11
1.500E+01  3.062E-20  1.218E-11  1.147E-11  7.149E-13 Akari IRC MIR-L L15
1.800E+01  1.856E-20  8.860E-12  7.882E-12  9.777E-13 Akari IRC MIR-L L18W
2.400E+01  8.806E-21  5.606E-12  4.326E-12  1.280E-12 Akari IRC MIR-L L24
6.500E+01  2.457E-22  4.236E-13  2.076E-13  2.160E-13 Akari FIS N60
8.000E+01  1.038E-22  2.203E-13  1.025E-13  1.178E-13 Akari FIS WIDE-S
1.400E+02  8.157E-24  3.029E-14  1.134E-14  1.895E-14 Akari FIS WIDE-L
1.600E+02  4.742E-24  2.013E-14  7.259E-15  1.287E-14 Akari FIS N160
 
 
 
 


lambda    nu*dP/dnu     j_nu    j_nu(carb.) j_nu(sil)
 (um)    (erg/(s*H)) (Jy/(sr*H) (Jy/(sr*H)) (Jy/(sr*H)
1.000E+04  4.736E-32  1.256E-20  2.853E-21  9.710E-21
9.908E+03  4.909E-32  1.290E-20  2.933E-21  9.970E-21
9.817E+03  5.089E-32  1.325E-20  3.015E-21  1.024E-20
9.727E+03  5.275E-32  1.361E-20  3.099E-21  1.051E-20
9.638E+03  5.468E-32  1.398E-20  3.186E-21  1.079E-20
9.550E+03  5.667E-32  1.436E-20  3.275E-21  1.108E-20
9.462E+03  5.875E-32  1.475E-20  3.366E-21  1.138E-20
9.376E+03  6.089E-32  1.514E-20  3.460E-21  1.168E-20
9.290E+03  6.312E-32  1.555E-20  3.557E-21  1.200E-20
9.204E+03  6.543E-32  1.597E-20  3.656E-21  1.232E-20
9.120E+03  6.782E-32  1.641E-20  3.758E-21  1.265E-20
9.036E+03  7.030E-32  1.685E-20  3.863E-21  1.299E-20
8.954E+03  7.286E-32  1.730E-20  3.971E-21  1.333E-20
8.872E+03  7.551E-32  1.777E-20  4.081E-21  1.369E-20
8.790E+03  7.825E-32  1.825E-20  4.195E-21  1.405E-20
8.710E+03  8.110E-32  1.874E-20  4.312E-21  1.442E-20
8.630E+03  8.405E-32  1.924E-20  4.433E-21  1.481E-20
8.551E+03  8.712E-32  1.976E-20  4.556E-21  1.520E-20
8.472E+03  9.029E-32  2.029E-20  4.683E-21  1.561E-20
8.395E+03  9.359E-32  2.084E-20  4.814E-21  1.602E-20
8.318E+03  9.700E-32  2.140E-20  4.949E-21  1.645E-20
8.241E+03  1.005E-31  2.198E-20  5.087E-21  1.689E-20
8.166E+03  1.042E-31  2.257E-20  5.229E-21  1.735E-20
8.091E+03  1.080E-31  2.318E-20  5.374E-21  1.781E-20
8.017E+03  1.120E-31  2.381E-20  5.524E-21  1.829E-20
7.943E+03  1.161E-31  2.446E-20  5.679E-21  1.878E-20
7.870E+03  1.203E-31  2.512E-20  5.837E-21  1.928E-20
7.798E+03  1.247E-31  2.580E-20  6.000E-21  1.980E-20
7.727E+03  1.293E-31  2.650E-20  6.168E-21  2.034E-20
7.656E+03  1.340E-31  2.722E-20  6.340E-21  2.088E-20
7.586E+03  1.390E-31  2.796E-20  6.517E-21  2.145E-20
7.516E+03  1.441E-31  2.872E-20  6.699E-21  2.203E-20
7.447E+03  1.494E-31  2.951E-20  6.886E-21  2.262E-20
7.379E+03  1.549E-31  3.031E-20  7.078E-21  2.323E-20
7.311E+03  1.606E-31  3.114E-20  7.276E-21  2.386E-20
7.244E+03  1.665E-31  3.199E-20  7.479E-21  2.451E-20
7.178E+03  1.726E-31  3.286E-20  7.688E-21  2.517E-20
7.112E+03  1.789E-31  3.376E-20  7.903E-21  2.586E-20
7.047E+03  1.855E-31  3.468E-20  8.124E-21  2.656E-20
6.982E+03  1.924E-31  3.563E-20  8.351E-21  2.728E-20
6.918E+03  1.995E-31  3.661E-20  8.585E-21  2.802E-20
6.855E+03  2.068E-31  3.761E-20  8.825E-21  2.878E-20
6.792E+03  2.144E-31  3.864E-20  9.072E-21  2.956E-20
6.730E+03  2.224E-31  3.969E-20  9.326E-21  3.037E-20
6.668E+03  2.306E-31  4.078E-20  9.587E-21  3.120E-20
6.607E+03  2.391E-31  4.190E-20  9.856E-21  3.205E-20
6.546E+03  2.479E-31  4.305E-20  1.013E-20  3.292E-20
6.486E+03  2.571E-31  4.424E-20  1.042E-20  3.382E-20
6.427E+03  2.666E-31  4.545E-20  1.071E-20  3.475E-20
6.368E+03  2.765E-31  4.671E-20  1.101E-20  3.570E-20
6.310E+03  2.868E-31  4.799E-20  1.132E-20  3.668E-20
6.252E+03  2.974E-31  4.932E-20  1.163E-20  3.768E-20
6.194E+03  3.084E-31  5.068E-20  1.196E-20  3.872E-20
6.138E+03  3.199E-31  5.208E-20  1.230E-20  3.978E-20
6.081E+03  3.318E-31  5.352E-20  1.264E-20  4.088E-20
6.026E+03  3.441E-31  5.501E-20  1.300E-20  4.201E-20
5.970E+03  3.570E-31  5.653E-20  1.336E-20  4.316E-20
5.916E+03  3.702E-31  5.810E-20  1.374E-20  4.436E-20
5.861E+03  3.840E-31  5.971E-20  1.413E-20  4.558E-20
5.808E+03  3.984E-31  6.137E-20  1.453E-20  4.684E-20
5.754E+03  4.132E-31  6.308E-20  1.494E-20  4.814E-20
5.702E+03  4.287E-31  6.483E-20  1.536E-20  4.948E-20
5.649E+03  4.447E-31  6.664E-20  1.579E-20  5.085E-20
5.598E+03  4.613E-31  6.850E-20  1.624E-20  5.226E-20
5.546E+03  4.786E-31  7.041E-20  1.670E-20  5.372E-20
5.495E+03  4.965E-31  7.238E-20  1.717E-20  5.521E-20
5.445E+03  5.151E-31  7.440E-20  1.765E-20  5.675E-20
5.395E+03  5.345E-31  7.649E-20  1.815E-20  5.833E-20
5.346E+03  5.545E-31  7.863E-20  1.867E-20  5.996E-20
5.297E+03  5.753E-31  8.083E-20  1.920E-20  6.163E-20
5.248E+03  5.970E-31  8.310E-20  1.974E-20  6.336E-20
5.200E+03  6.194E-31  8.544E-20  2.030E-20  6.513E-20
5.152E+03  6.427E-31  8.784E-20  2.088E-20  6.696E-20
5.105E+03  6.669E-31  9.031E-20  2.147E-20  6.883E-20
5.058E+03  6.920E-31  9.285E-20  2.209E-20  7.077E-20
5.012E+03  7.181E-31  9.547E-20  2.272E-20  7.276E-20
4.966E+03  7.452E-31  9.816E-20  2.336E-20  7.480E-20
4.920E+03  7.733E-31  1.009E-19  2.403E-20  7.690E-20
4.875E+03  8.025E-31  1.038E-19  2.472E-20  7.907E-20
4.831E+03  8.328E-31  1.067E-19  2.542E-20  8.129E-20
4.786E+03  8.643E-31  1.097E-19  2.615E-20  8.359E-20
4.742E+03  8.971E-31  1.128E-19  2.690E-20  8.595E-20
4.699E+03  9.310E-31  1.160E-19  2.767E-20  8.838E-20
4.656E+03  9.663E-31  1.193E-19  2.847E-20  9.088E-20
4.613E+03  1.003E-30  1.227E-19  2.928E-20  9.345E-20
4.571E+03  1.041E-30  1.262E-19  3.013E-20  9.611E-20
4.529E+03  1.081E-30  1.298E-19  3.099E-20  9.883E-20
4.487E+03  1.122E-30  1.335E-19  3.189E-20  1.016E-19
4.446E+03  1.165E-30  1.373E-19  3.281E-20  1.045E-19
4.406E+03  1.209E-30  1.413E-19  3.375E-20  1.075E-19
4.365E+03  1.255E-30  1.453E-19  3.473E-20  1.106E-19
4.325E+03  1.303E-30  1.495E-19  3.574E-20  1.137E-19
4.285E+03  1.353E-30  1.538E-19  3.677E-20  1.170E-19
4.246E+03  1.404E-30  1.582E-19  3.784E-20  1.203E-19
4.207E+03  1.458E-30  1.627E-19  3.894E-20  1.238E-19
4.169E+03  1.514E-30  1.674E-19  4.007E-20  1.273E-19
4.130E+03  1.572E-30  1.722E-19  4.124E-20  1.310E-19
4.093E+03  1.632E-30  1.772E-19  4.244E-20  1.348E-19
4.055E+03  1.695E-30  1.823E-19  4.368E-20  1.386E-19
4.018E+03  1.760E-30  1.876E-19  4.495E-20  1.426E-19
3.981E+03  1.828E-30  1.930E-19  4.627E-20  1.467E-19
3.945E+03  1.898E-30  1.986E-19  4.763E-20  1.510E-19
3.908E+03  1.971E-30  2.043E-19  4.902E-20  1.553E-19
3.873E+03  2.047E-30  2.103E-19  5.046E-20  1.598E-19
3.837E+03  2.126E-30  2.164E-19  5.195E-20  1.644E-19
3.802E+03  2.208E-30  2.227E-19  5.348E-20  1.692E-19
3.767E+03  2.293E-30  2.291E-19  5.506E-20  1.741E-19
3.733E+03  2.382E-30  2.358E-19  5.668E-20  1.791E-19
3.698E+03  2.474E-30  2.427E-19  5.836E-20  1.843E-19
3.664E+03  2.570E-30  2.498E-19  6.009E-20  1.897E-19
3.631E+03  2.669E-30  2.571E-19  6.187E-20  1.952E-19
3.597E+03  2.773E-30  2.646E-19  6.371E-20  2.009E-19
3.565E+03  2.881E-30  2.724E-19  6.560E-20  2.068E-19
3.532E+03  2.993E-30  2.804E-19  6.756E-20  2.128E-19
3.499E+03  3.110E-30  2.886E-19  6.958E-20  2.191E-19
3.467E+03  3.231E-30  2.971E-19  7.165E-20  2.255E-19
3.436E+03  3.357E-30  3.059E-19  7.380E-20  2.321E-19
3.404E+03  3.488E-30  3.150E-19  7.601E-20  2.389E-19
3.373E+03  3.624E-30  3.243E-19  7.829E-20  2.460E-19
3.342E+03  3.766E-30  3.339E-19  8.065E-20  2.532E-19
3.311E+03  3.914E-30  3.438E-19  8.308E-20  2.607E-19
3.281E+03  4.067E-30  3.540E-19  8.558E-20  2.684E-19
3.251E+03  4.227E-30  3.645E-19  8.817E-20  2.763E-19
3.221E+03  4.393E-30  3.754E-19  9.084E-20  2.845E-19
3.192E+03  4.566E-30  3.866E-19  9.359E-20  2.930E-19
3.162E+03  4.746E-30  3.981E-19  9.643E-20  3.017E-19
3.133E+03  4.933E-30  4.100E-19  9.936E-20  3.106E-19
3.105E+03  5.128E-30  4.223E-19  1.024E-19  3.199E-19
3.076E+03  5.330E-30  4.349E-19  1.055E-19  3.294E-19
3.048E+03  5.541E-30  4.480E-19  1.087E-19  3.392E-19
3.020E+03  5.760E-30  4.614E-19  1.121E-19  3.494E-19
2.992E+03  5.988E-30  4.753E-19  1.155E-19  3.598E-19
2.965E+03  6.225E-30  4.896E-19  1.190E-19  3.705E-19
2.938E+03  6.471E-30  5.043E-19  1.227E-19  3.816E-19
2.911E+03  6.728E-30  5.194E-19  1.265E-19  3.930E-19
2.884E+03  6.995E-30  5.351E-19  1.304E-19  4.047E-19
2.858E+03  7.272E-30  5.513E-19  1.344E-19  4.168E-19
2.831E+03  7.562E-30  5.679E-19  1.386E-19  4.293E-19
2.805E+03  7.863E-30  5.851E-19  1.429E-19  4.422E-19
2.780E+03  8.176E-30  6.028E-19  1.473E-19  4.555E-19
2.754E+03  8.502E-30  6.211E-19  1.519E-19  4.692E-19
2.729E+03  8.841E-30  6.400E-19  1.567E-19  4.834E-19
2.704E+03  9.195E-30  6.595E-19  1.615E-19  4.980E-19
2.679E+03  9.563E-30  6.796E-19  1.666E-19  5.130E-19
2.655E+03  9.946E-30  7.004E-19  1.718E-19  5.285E-19
2.630E+03  1.035E-29  7.218E-19  1.772E-19  5.446E-19
2.606E+03  1.076E-29  7.439E-19  1.828E-19  5.611E-19
2.582E+03  1.119E-29  7.667E-19  1.885E-19  5.781E-19
2.559E+03  1.164E-29  7.902E-19  1.945E-19  5.957E-19
2.535E+03  1.211E-29  8.145E-19  2.007E-19  6.139E-19
2.512E+03  1.260E-29  8.396E-19  2.070E-19  6.326E-19
2.489E+03  1.311E-29  8.655E-19  2.136E-19  6.519E-19
2.466E+03  1.364E-29  8.922E-19  2.204E-19  6.718E-19
2.443E+03  1.419E-29  9.198E-19  2.274E-19  6.924E-19
2.421E+03  1.477E-29  9.483E-19  2.346E-19  7.136E-19
2.399E+03  1.536E-29  9.776E-19  2.421E-19  7.355E-19
2.377E+03  1.599E-29  1.008E-18  2.499E-19  7.581E-19
2.355E+03  1.664E-29  1.039E-18  2.579E-19  7.814E-19
2.333E+03  1.731E-29  1.072E-18  2.662E-19  8.055E-19
2.312E+03  1.802E-29  1.105E-18  2.747E-19  8.303E-19
2.291E+03  1.875E-29  1.140E-18  2.836E-19  8.560E-19
2.270E+03  1.952E-29  1.175E-18  2.927E-19  8.824E-19
2.249E+03  2.031E-29  1.212E-18  3.022E-19  9.097E-19
2.228E+03  2.114E-29  1.250E-18  3.120E-19  9.379E-19
2.208E+03  2.201E-29  1.289E-18  3.221E-19  9.670E-19
2.188E+03  2.291E-29  1.330E-18  3.326E-19  9.970E-19
2.168E+03  2.385E-29  1.371E-18  3.434E-19  1.028E-18
2.148E+03  2.483E-29  1.415E-18  3.546E-19  1.060E-18
2.128E+03  2.585E-29  1.459E-18  3.662E-19  1.093E-18
2.109E+03  2.691E-29  1.505E-18  3.782E-19  1.127E-18
2.089E+03  2.802E-29  1.553E-18  3.906E-19  1.162E-18
2.070E+03  2.917E-29  1.602E-18  4.034E-19  1.198E-18
2.051E+03  3.037E-29  1.653E-18  4.167E-19  1.236E-18
2.032E+03  3.163E-29  1.705E-18  4.304E-19  1.275E-18
2.014E+03  3.293E-29  1.759E-18  4.446E-19  1.314E-18
1.995E+03  3.429E-29  1.815E-18  4.593E-19  1.356E-18
1.977E+03  3.571E-29  1.873E-18  4.745E-19  1.398E-18
1.959E+03  3.719E-29  1.932E-18  4.903E-19  1.442E-18
1.941E+03  3.873E-29  1.994E-18  5.065E-19  1.487E-18
1.923E+03  4.033E-29  2.057E-18  5.234E-19  1.534E-18
1.905E+03  4.201E-29  2.123E-18  5.408E-19  1.582E-18
1.888E+03  4.375E-29  2.191E-18  5.589E-19  1.632E-18
1.871E+03  4.557E-29  2.261E-18  5.776E-19  1.684E-18
1.854E+03  4.747E-29  2.334E-18  5.969E-19  1.737E-18
1.837E+03  4.944E-29  2.409E-18  6.169E-19  1.792E-18
1.820E+03  5.150E-29  2.486E-18  6.376E-19  1.848E-18
1.803E+03  5.365E-29  2.566E-18  6.591E-19  1.907E-18
1.786E+03  5.589E-29  2.649E-18  6.813E-19  1.967E-18
1.770E+03  5.823E-29  2.734E-18  7.043E-19  2.030E-18
1.754E+03  6.066E-29  2.822E-18  7.281E-19  2.094E-18
1.738E+03  6.320E-29  2.913E-18  7.527E-19  2.161E-18
1.722E+03  6.585E-29  3.008E-18  7.782E-19  2.229E-18
1.706E+03  6.861E-29  3.105E-18  8.046E-19  2.300E-18
1.690E+03  7.149E-29  3.206E-18  8.320E-19  2.374E-18
1.675E+03  7.449E-29  3.310E-18  8.603E-19  2.449E-18
1.660E+03  7.762E-29  3.417E-18  8.896E-19  2.527E-18
1.644E+03  8.088E-29  3.528E-18  9.200E-19  2.608E-18
1.629E+03  8.429E-29  3.643E-18  9.515E-19  2.691E-18
1.614E+03  8.784E-29  3.761E-18  9.840E-19  2.777E-18
1.600E+03  9.154E-29  3.884E-18  1.018E-18  2.866E-18
1.585E+03  9.540E-29  4.011E-18  1.053E-18  2.958E-18
1.570E+03  9.943E-29  4.142E-18  1.089E-18  3.053E-18
1.556E+03  1.036E-28  4.277E-18  1.126E-18  3.151E-18
1.542E+03  1.080E-28  4.417E-18  1.165E-18  3.252E-18
1.528E+03  1.126E-28  4.561E-18  1.205E-18  3.356E-18
1.514E+03  1.173E-28  4.711E-18  1.247E-18  3.464E-18
1.500E+03  1.223E-28  4.865E-18  1.290E-18  3.575E-18
1.486E+03  1.275E-28  5.025E-18  1.335E-18  3.690E-18
1.472E+03  1.329E-28  5.190E-18  1.381E-18  3.809E-18
1.459E+03  1.385E-28  5.361E-18  1.429E-18  3.932E-18
1.445E+03  1.444E-28  5.538E-18  1.479E-18  4.059E-18
1.432E+03  1.506E-28  5.720E-18  1.530E-18  4.190E-18
1.419E+03  1.570E-28  5.909E-18  1.584E-18  4.325E-18
1.406E+03  1.637E-28  6.104E-18  1.639E-18  4.465E-18
1.393E+03  1.706E-28  6.306E-18  1.696E-18  4.609E-18
1.380E+03  1.779E-28  6.514E-18  1.756E-18  4.759E-18
1.368E+03  1.855E-28  6.730E-18  1.817E-18  4.913E-18
1.355E+03  1.934E-28  6.953E-18  1.881E-18  5.072E-18
1.343E+03  2.017E-28  7.183E-18  1.947E-18  5.236E-18
1.330E+03  2.103E-28  7.422E-18  2.015E-18  5.406E-18
1.318E+03  2.193E-28  7.668E-18  2.086E-18  5.582E-18
1.306E+03  2.287E-28  7.923E-18  2.159E-18  5.763E-18
1.294E+03  2.385E-28  8.186E-18  2.236E-18  5.950E-18
1.282E+03  2.487E-28  8.458E-18  2.314E-18  6.144E-18
1.271E+03  2.593E-28  8.740E-18  2.396E-18  6.344E-18
1.259E+03  2.704E-28  9.031E-18  2.481E-18  6.550E-18
1.247E+03  2.820E-28  9.332E-18  2.569E-18  6.763E-18
1.236E+03  2.941E-28  9.643E-18  2.660E-18  6.984E-18
1.225E+03  3.068E-28  9.965E-18  2.754E-18  7.211E-18
1.213E+03  3.199E-28  1.030E-17  2.852E-18  7.446E-18
1.202E+03  3.337E-28  1.064E-17  2.953E-18  7.689E-18
1.191E+03  3.480E-28  1.100E-17  3.058E-18  7.939E-18
1.180E+03  3.630E-28  1.137E-17  3.167E-18  8.198E-18
1.169E+03  3.786E-28  1.175E-17  3.280E-18  8.466E-18
1.159E+03  3.949E-28  1.214E-17  3.397E-18  8.742E-18
1.148E+03  4.119E-28  1.255E-17  3.518E-18  9.027E-18
1.138E+03  4.297E-28  1.297E-17  3.643E-18  9.322E-18
1.127E+03  4.482E-28  1.340E-17  3.774E-18  9.627E-18
1.117E+03  4.675E-28  1.385E-17  3.909E-18  9.941E-18
1.107E+03  4.877E-28  1.431E-17  4.048E-18  1.027E-17
1.096E+03  5.087E-28  1.480E-17  4.193E-18  1.060E-17
1.086E+03  5.306E-28  1.529E-17  4.344E-18  1.095E-17
1.076E+03  5.536E-28  1.581E-17  4.500E-18  1.131E-17
1.067E+03  5.775E-28  1.634E-17  4.661E-18  1.168E-17
1.057E+03  6.024E-28  1.689E-17  4.829E-18  1.206E-17
1.047E+03  6.284E-28  1.746E-17  5.002E-18  1.245E-17
1.038E+03  6.556E-28  1.804E-17  5.182E-18  1.286E-17
1.028E+03  6.839E-28  1.865E-17  5.369E-18  1.328E-17
1.019E+03  7.135E-28  1.928E-17  5.562E-18  1.372E-17
1.009E+03  7.443E-28  1.993E-17  5.763E-18  1.416E-17
1.000E+03  7.765E-28  2.060E-17  5.970E-18  1.463E-17
9.908E+02  8.102E-28  2.129E-17  6.186E-18  1.511E-17
9.817E+02  8.453E-28  2.201E-17  6.409E-18  1.560E-17
9.727E+02  8.819E-28  2.276E-17  6.641E-18  1.612E-17
9.638E+02  9.202E-28  2.353E-17  6.881E-18  1.665E-17
9.550E+02  9.601E-28  2.432E-17  7.129E-18  1.719E-17
9.462E+02  1.002E-27  2.514E-17  7.387E-18  1.776E-17
9.376E+02  1.045E-27  2.599E-17  7.655E-18  1.834E-17
9.290E+02  1.091E-27  2.687E-17  7.932E-18  1.894E-17
9.204E+02  1.138E-27  2.778E-17  8.220E-18  1.956E-17
9.120E+02  1.187E-27  2.872E-17  8.518E-18  2.021E-17
9.036E+02  1.239E-27  2.970E-17  8.827E-18  2.087E-17
8.954E+02  1.293E-27  3.070E-17  9.147E-18  2.156E-17
8.872E+02  1.349E-27  3.174E-17  9.479E-18  2.226E-17
8.790E+02  1.407E-27  3.282E-17  9.823E-18  2.299E-17
8.710E+02  1.469E-27  3.393E-17  1.018E-17  2.375E-17
8.630E+02  1.532E-27  3.508E-17  1.055E-17  2.453E-17
8.551E+02  1.599E-27  3.626E-17  1.093E-17  2.533E-17
8.472E+02  1.668E-27  3.749E-17  1.133E-17  2.616E-17
8.395E+02  1.741E-27  3.876E-17  1.174E-17  2.702E-17
8.318E+02  1.816E-27  4.007E-17  1.217E-17  2.790E-17
8.241E+02  1.895E-27  4.143E-17  1.261E-17  2.881E-17
8.166E+02  1.977E-27  4.283E-17  1.307E-17  2.976E-17
8.091E+02  2.063E-27  4.428E-17  1.355E-17  3.073E-17
8.017E+02  2.153E-27  4.578E-17  1.404E-17  3.173E-17
7.943E+02  2.246E-27  4.733E-17  1.456E-17  3.277E-17
7.870E+02  2.344E-27  4.893E-17  1.509E-17  3.384E-17
7.798E+02  2.445E-27  5.059E-17  1.564E-17  3.495E-17
7.727E+02  2.552E-27  5.230E-17  1.621E-17  3.609E-17
7.656E+02  2.662E-27  5.407E-17  1.680E-17  3.727E-17
7.586E+02  2.778E-27  5.590E-17  1.741E-17  3.849E-17
7.516E+02  2.899E-27  5.780E-17  1.805E-17  3.975E-17
7.447E+02  3.025E-27  5.976E-17  1.871E-17  4.105E-17
7.379E+02  3.157E-27  6.179E-17  1.939E-17  4.240E-17
7.311E+02  3.294E-27  6.389E-17  2.010E-17  4.379E-17
7.244E+02  3.438E-27  6.607E-17  2.084E-17  4.523E-17
7.178E+02  3.588E-27  6.832E-17  2.160E-17  4.672E-17
7.112E+02  3.745E-27  7.065E-17  2.239E-17  4.826E-17
7.047E+02  3.908E-27  7.306E-17  2.321E-17  4.985E-17
6.982E+02  4.079E-27  7.555E-17  2.405E-17  5.150E-17
6.918E+02  4.258E-27  7.813E-17  2.493E-17  5.320E-17
6.855E+02  4.444E-27  8.080E-17  2.585E-17  5.496E-17
6.792E+02  4.638E-27  8.357E-17  2.679E-17  5.677E-17
6.730E+02  4.841E-27  8.642E-17  2.777E-17  5.865E-17
6.668E+02  5.053E-27  8.937E-17  2.879E-17  6.058E-17
6.607E+02  5.274E-27  9.243E-17  2.984E-17  6.258E-17
6.546E+02  5.505E-27  9.560E-17  3.094E-17  6.466E-17
6.486E+02  5.747E-27  9.889E-17  3.207E-17  6.682E-17
6.427E+02  6.000E-27  1.023E-16  3.324E-17  6.905E-17
6.368E+02  6.265E-27  1.058E-16  3.446E-17  7.136E-17
6.310E+02  6.541E-27  1.095E-16  3.572E-17  7.375E-17
6.252E+02  6.829E-27  1.133E-16  3.703E-17  7.622E-17
6.194E+02  7.131E-27  1.172E-16  3.839E-17  7.878E-17
6.138E+02  7.446E-27  1.212E-16  3.979E-17  8.143E-17
6.081E+02  7.775E-27  1.254E-16  4.125E-17  8.417E-17
6.026E+02  8.119E-27  1.298E-16  4.276E-17  8.701E-17
5.970E+02  8.479E-27  1.343E-16  4.433E-17  8.995E-17
5.916E+02  8.855E-27  1.389E-16  4.595E-17  9.299E-17
5.861E+02  9.247E-27  1.438E-16  4.764E-17  9.614E-17
5.808E+02  9.658E-27  1.488E-16  4.938E-17  9.940E-17
5.754E+02  1.009E-26  1.540E-16  5.119E-17  1.028E-16
5.702E+02  1.053E-26  1.593E-16  5.307E-17  1.063E-16
5.649E+02  1.100E-26  1.649E-16  5.501E-17  1.099E-16
5.598E+02  1.149E-26  1.707E-16  5.703E-17  1.136E-16
5.546E+02  1.201E-26  1.766E-16  5.912E-17  1.175E-16
5.495E+02  1.254E-26  1.828E-16  6.128E-17  1.215E-16
5.445E+02  1.310E-26  1.892E-16  6.353E-17  1.257E-16
5.395E+02  1.369E-26  1.959E-16  6.586E-17  1.300E-16
5.346E+02  1.430E-26  2.027E-16  6.827E-17  1.345E-16
5.297E+02  1.494E-26  2.099E-16  7.077E-17  1.391E-16
5.248E+02  1.561E-26  2.173E-16  7.336E-17  1.439E-16
5.200E+02  1.631E-26  2.249E-16  7.605E-17  1.489E-16
5.152E+02  1.704E-26  2.329E-16  7.884E-17  1.540E-16
5.105E+02  1.780E-26  2.411E-16  8.173E-17  1.594E-16
5.058E+02  1.860E-26  2.496E-16  8.472E-17  1.649E-16
5.012E+02  1.944E-26  2.584E-16  8.782E-17  1.706E-16
4.966E+02  2.031E-26  2.676E-16  9.104E-17  1.765E-16
4.920E+02  2.123E-26  2.771E-16  9.438E-17  1.827E-16
4.875E+02  2.218E-26  2.869E-16  9.783E-17  1.890E-16
4.831E+02  2.318E-26  2.971E-16  1.014E-16  1.956E-16
4.786E+02  2.423E-26  3.076E-16  1.051E-16  2.025E-16
4.742E+02  2.532E-26  3.186E-16  1.090E-16  2.096E-16
4.699E+02  2.647E-26  3.299E-16  1.130E-16  2.169E-16
4.656E+02  2.766E-26  3.416E-16  1.171E-16  2.245E-16
4.613E+02  2.892E-26  3.538E-16  1.214E-16  2.324E-16
4.571E+02  3.022E-26  3.665E-16  1.258E-16  2.406E-16
4.529E+02  3.159E-26  3.795E-16  1.304E-16  2.491E-16
4.487E+02  3.303E-26  3.931E-16  1.352E-16  2.579E-16
4.446E+02  3.452E-26  4.072E-16  1.402E-16  2.670E-16
4.406E+02  3.609E-26  4.218E-16  1.453E-16  2.765E-16
4.365E+02  3.773E-26  4.369E-16  1.506E-16  2.863E-16
4.325E+02  3.944E-26  4.525E-16  1.561E-16  2.964E-16
4.285E+02  4.124E-26  4.688E-16  1.618E-16  3.069E-16
4.246E+02  4.311E-26  4.856E-16  1.678E-16  3.179E-16
4.207E+02  4.508E-26  5.031E-16  1.739E-16  3.292E-16
4.169E+02  4.713E-26  5.212E-16  1.802E-16  3.410E-16
4.130E+02  4.928E-26  5.400E-16  1.868E-16  3.531E-16
4.093E+02  5.153E-26  5.595E-16  1.937E-16  3.658E-16
4.055E+02  5.389E-26  5.797E-16  2.007E-16  3.789E-16
4.018E+02  5.635E-26  6.006E-16  2.081E-16  3.925E-16
3.981E+02  5.893E-26  6.223E-16  2.157E-16  4.067E-16
3.945E+02  6.163E-26  6.449E-16  2.236E-16  4.213E-16
3.908E+02  6.446E-26  6.683E-16  2.317E-16  4.365E-16
3.873E+02  6.742E-26  6.925E-16  2.402E-16  4.523E-16
3.837E+02  7.051E-26  7.177E-16  2.490E-16  4.687E-16
3.802E+02  7.375E-26  7.438E-16  2.581E-16  4.857E-16
3.767E+02  7.714E-26  7.709E-16  2.675E-16  5.034E-16
3.733E+02  8.069E-26  7.989E-16  2.772E-16  5.217E-16
3.698E+02  8.441E-26  8.281E-16  2.874E-16  5.407E-16
3.664E+02  8.830E-26  8.583E-16  2.978E-16  5.604E-16
3.631E+02  9.237E-26  8.896E-16  3.087E-16  5.809E-16
3.597E+02  9.663E-26  9.221E-16  3.200E-16  6.022E-16
3.565E+02  1.011E-25  9.559E-16  3.316E-16  6.242E-16
3.532E+02  1.058E-25  9.908E-16  3.437E-16  6.471E-16
3.499E+02  1.107E-25  1.027E-15  3.563E-16  6.709E-16
3.467E+02  1.158E-25  1.065E-15  3.693E-16  6.956E-16
3.436E+02  1.211E-25  1.104E-15  3.827E-16  7.212E-16
3.404E+02  1.267E-25  1.144E-15  3.966E-16  7.478E-16
3.373E+02  1.326E-25  1.186E-15  4.111E-16  7.754E-16
3.342E+02  1.388E-25  1.230E-15  4.261E-16  8.040E-16
3.311E+02  1.452E-25  1.275E-15  4.416E-16  8.338E-16
3.281E+02  1.519E-25  1.322E-15  4.577E-16  8.647E-16
3.251E+02  1.590E-25  1.371E-15  4.743E-16  8.968E-16
3.221E+02  1.664E-25  1.422E-15  4.916E-16  9.301E-16
3.192E+02  1.741E-25  1.474E-15  5.095E-16  9.646E-16
3.162E+02  1.822E-25  1.529E-15  5.280E-16  1.001E-15
3.133E+02  1.907E-25  1.585E-15  5.472E-16  1.038E-15
3.105E+02  1.996E-25  1.644E-15  5.671E-16  1.077E-15
3.076E+02  2.089E-25  1.704E-15  5.877E-16  1.117E-15
3.048E+02  2.186E-25  1.768E-15  6.090E-16  1.159E-15
3.020E+02  2.288E-25  1.833E-15  6.312E-16  1.202E-15
2.992E+02  2.395E-25  1.901E-15  6.541E-16  1.247E-15
2.965E+02  2.507E-25  1.972E-15  6.778E-16  1.294E-15
2.938E+02  2.624E-25  2.045E-15  7.024E-16  1.342E-15
2.911E+02  2.747E-25  2.121E-15  7.279E-16  1.393E-15
2.884E+02  2.875E-25  2.199E-15  7.543E-16  1.445E-15
2.858E+02  3.010E-25  2.281E-15  7.817E-16  1.500E-15
2.831E+02  3.150E-25  2.366E-15  8.100E-16  1.556E-15
2.805E+02  3.298E-25  2.454E-15  8.394E-16  1.615E-15
2.780E+02  3.452E-25  2.546E-15  8.698E-16  1.676E-15
2.754E+02  3.614E-25  2.640E-15  9.013E-16  1.739E-15
2.729E+02  3.784E-25  2.739E-15  9.340E-16  1.805E-15
2.704E+02  3.962E-25  2.842E-15  9.678E-16  1.874E-15
2.679E+02  4.149E-25  2.948E-15  1.003E-15  1.945E-15
2.655E+02  4.344E-25  3.059E-15  1.039E-15  2.020E-15
2.630E+02  4.549E-25  3.174E-15  1.077E-15  2.097E-15
2.606E+02  4.763E-25  3.293E-15  1.116E-15  2.177E-15
2.582E+02  4.988E-25  3.417E-15  1.156E-15  2.261E-15
2.559E+02  5.223E-25  3.545E-15  1.198E-15  2.347E-15
2.535E+02  5.468E-25  3.677E-15  1.241E-15  2.436E-15
2.512E+02  5.724E-25  3.814E-15  1.286E-15  2.528E-15
2.489E+02  5.989E-25  3.954E-15  1.332E-15  2.621E-15
2.466E+02  6.261E-25  4.096E-15  1.380E-15  2.715E-15
2.443E+02  6.546E-25  4.243E-15  1.430E-15  2.813E-15
2.421E+02  6.843E-25  4.394E-15  1.482E-15  2.913E-15
2.399E+02  7.152E-25  4.551E-15  1.535E-15  3.016E-15
2.377E+02  7.471E-25  4.710E-15  1.590E-15  3.120E-15
2.355E+02  7.804E-25  4.875E-15  1.648E-15  3.227E-15
2.333E+02  8.152E-25  5.046E-15  1.707E-15  3.339E-15
2.312E+02  8.515E-25  5.222E-15  1.769E-15  3.454E-15
2.291E+02  8.894E-25  5.405E-15  1.832E-15  3.573E-15
2.270E+02  9.290E-25  5.594E-15  1.898E-15  3.696E-15
2.249E+02  9.704E-25  5.789E-15  1.966E-15  3.823E-15
2.228E+02  1.013E-24  5.990E-15  2.037E-15  3.953E-15
2.208E+02  1.058E-24  6.199E-15  2.110E-15  4.089E-15
2.188E+02  1.105E-24  6.410E-15  2.186E-15  4.224E-15
2.168E+02  1.154E-24  6.634E-15  2.264E-15  4.369E-15
2.148E+02  1.205E-24  6.865E-15  2.346E-15  4.519E-15
2.128E+02  1.258E-24  7.104E-15  2.430E-15  4.674E-15
2.109E+02  1.314E-24  7.351E-15  2.517E-15  4.834E-15
2.089E+02  1.372E-24  7.606E-15  2.607E-15  4.999E-15
2.070E+02  1.433E-24  7.870E-15  2.701E-15  5.169E-15
2.051E+02  1.497E-24  8.143E-15  2.797E-15  5.346E-15
2.032E+02  1.563E-24  8.425E-15  2.898E-15  5.527E-15
2.014E+02  1.632E-24  8.717E-15  3.001E-15  5.715E-15
1.995E+02  1.704E-24  9.018E-15  3.109E-15  5.910E-15
1.977E+02  1.779E-24  9.330E-15  3.220E-15  6.110E-15
1.959E+02  1.856E-24  9.644E-15  3.335E-15  6.310E-15
1.941E+02  1.938E-24  9.977E-15  3.454E-15  6.523E-15
1.923E+02  2.019E-24  1.030E-14  3.577E-15  6.722E-15
1.905E+02  2.108E-24  1.065E-14  3.705E-15  6.949E-15
1.888E+02  2.201E-24  1.102E-14  3.837E-15  7.183E-15
1.871E+02  2.297E-24  1.140E-14  3.974E-15  7.425E-15
1.854E+02  2.398E-24  1.179E-14  4.115E-15  7.675E-15
1.837E+02  2.503E-24  1.220E-14  4.262E-15  7.933E-15
1.820E+02  2.613E-24  1.261E-14  4.414E-15  8.200E-15
1.803E+02  2.728E-24  1.305E-14  4.571E-15  8.474E-15
1.786E+02  2.847E-24  1.349E-14  4.733E-15  8.758E-15
1.770E+02  2.971E-24  1.395E-14  4.902E-15  9.046E-15
1.754E+02  3.100E-24  1.442E-14  5.076E-15  9.349E-15
1.738E+02  3.236E-24  1.492E-14  5.256E-15  9.661E-15
1.722E+02  3.371E-24  1.540E-14  5.443E-15  9.956E-15
1.706E+02  3.504E-24  1.586E-14  5.636E-15  1.022E-14
1.690E+02  3.657E-24  1.640E-14  5.835E-15  1.056E-14
1.675E+02  3.816E-24  1.695E-14  6.042E-15  1.091E-14
1.660E+02  3.982E-24  1.753E-14  6.256E-15  1.127E-14
1.644E+02  4.155E-24  1.813E-14  6.478E-15  1.165E-14
1.629E+02  4.336E-24  1.874E-14  6.707E-15  1.203E-14
1.614E+02  4.524E-24  1.937E-14  6.944E-15  1.243E-14
1.600E+02  4.721E-24  2.003E-14  7.190E-15  1.284E-14
1.585E+02  4.925E-24  2.071E-14  7.444E-15  1.326E-14
1.570E+02  5.139E-24  2.141E-14  7.706E-15  1.370E-14
1.556E+02  5.360E-24  2.212E-14  7.978E-15  1.414E-14
1.542E+02  5.592E-24  2.287E-14  8.260E-15  1.461E-14
1.528E+02  5.834E-24  2.364E-14  8.551E-15  1.509E-14
1.514E+02  6.078E-24  2.440E-14  8.852E-15  1.555E-14
1.500E+02  6.303E-24  2.507E-14  9.164E-15  1.591E-14
1.486E+02  6.556E-24  2.584E-14  9.486E-15  1.636E-14
1.472E+02  6.839E-24  2.671E-14  9.819E-15  1.689E-14
1.459E+02  7.134E-24  2.760E-14  1.016E-14  1.744E-14
1.445E+02  7.441E-24  2.853E-14  1.052E-14  1.801E-14
1.432E+02  7.761E-24  2.948E-14  1.089E-14  1.859E-14
1.419E+02  8.094E-24  3.047E-14  1.127E-14  1.920E-14
1.406E+02  8.442E-24  3.148E-14  1.167E-14  1.982E-14
1.393E+02  8.802E-24  3.253E-14  1.207E-14  2.045E-14
1.380E+02  9.179E-24  3.361E-14  1.250E-14  2.111E-14
1.368E+02  9.573E-24  3.473E-14  1.293E-14  2.179E-14
1.355E+02  9.982E-24  3.588E-14  1.339E-14  2.250E-14
1.343E+02  1.041E-23  3.708E-14  1.385E-14  2.322E-14
1.330E+02  1.084E-23  3.827E-14  1.434E-14  2.393E-14
1.318E+02  1.123E-23  3.927E-14  1.484E-14  2.443E-14
1.306E+02  1.168E-23  4.046E-14  1.536E-14  2.510E-14
1.294E+02  1.213E-23  4.164E-14  1.589E-14  2.574E-14
1.282E+02  1.264E-23  4.300E-14  1.644E-14  2.656E-14
1.271E+02  1.318E-23  4.442E-14  1.702E-14  2.740E-14
1.259E+02  1.374E-23  4.588E-14  1.761E-14  2.827E-14
1.247E+02  1.432E-23  4.738E-14  1.822E-14  2.916E-14
1.236E+02  1.493E-23  4.894E-14  1.885E-14  3.008E-14
1.225E+02  1.556E-23  5.053E-14  1.950E-14  3.103E-14
1.213E+02  1.621E-23  5.219E-14  2.018E-14  3.201E-14
1.202E+02  1.690E-23  5.389E-14  2.088E-14  3.302E-14
1.191E+02  1.760E-23  5.561E-14  2.160E-14  3.401E-14
1.180E+02  1.834E-23  5.742E-14  2.235E-14  3.507E-14
1.169E+02  1.911E-23  5.928E-14  2.312E-14  3.617E-14
1.159E+02  1.991E-23  6.121E-14  2.392E-14  3.729E-14
1.148E+02  2.068E-23  6.299E-14  2.474E-14  3.825E-14
1.138E+02  2.142E-23  6.465E-14  2.560E-14  3.905E-14
1.127E+02  2.232E-23  6.674E-14  2.648E-14  4.026E-14
1.117E+02  2.315E-23  6.858E-14  2.739E-14  4.119E-14
1.107E+02  2.412E-23  7.079E-14  2.833E-14  4.246E-14
1.096E+02  2.512E-23  7.308E-14  2.931E-14  4.377E-14
1.086E+02  2.616E-23  7.539E-14  3.031E-14  4.508E-14
1.076E+02  2.725E-23  7.782E-14  3.135E-14  4.646E-14
1.067E+02  2.839E-23  8.032E-14  3.243E-14  4.789E-14
1.057E+02  2.957E-23  8.289E-14  3.354E-14  4.935E-14
1.047E+02  3.080E-23  8.554E-14  3.469E-14  5.086E-14
1.038E+02  3.208E-23  8.829E-14  3.587E-14  5.241E-14
1.028E+02  3.340E-23  9.108E-14  3.707E-14  5.401E-14
1.019E+02  3.474E-23  9.386E-14  3.833E-14  5.553E-14
1.009E+02  3.615E-23  9.678E-14  3.964E-14  5.715E-14
1.000E+02  3.765E-23  9.986E-14  4.099E-14  5.887E-14
9.908E+01  3.920E-23  1.030E-13  4.238E-14  6.065E-14
9.817E+01  4.082E-23  1.063E-13  4.382E-14  6.247E-14
9.727E+01  4.250E-23  1.097E-13  4.531E-14  6.435E-14
9.638E+01  4.405E-23  1.126E-13  4.684E-14  6.577E-14
9.550E+01  4.558E-23  1.155E-13  4.843E-14  6.704E-14
9.462E+01  4.743E-23  1.191E-13  5.007E-14  6.898E-14
9.376E+01  4.937E-23  1.228E-13  5.176E-14  7.103E-14
9.290E+01  5.134E-23  1.265E-13  5.350E-14  7.301E-14
9.204E+01  5.344E-23  1.305E-13  5.531E-14  7.517E-14
9.120E+01  5.562E-23  1.346E-13  5.717E-14  7.739E-14
9.036E+01  5.788E-23  1.387E-13  5.909E-14  7.966E-14
8.954E+01  6.022E-23  1.430E-13  6.107E-14  8.194E-14
8.872E+01  6.266E-23  1.475E-13  6.312E-14  8.434E-14
8.790E+01  6.521E-23  1.520E-13  6.523E-14  8.680E-14
8.710E+01  6.784E-23  1.567E-13  6.739E-14  8.934E-14
8.630E+01  7.046E-23  1.613E-13  6.964E-14  9.166E-14
8.551E+01  7.325E-23  1.661E-13  7.196E-14  9.418E-14
8.472E+01  7.616E-23  1.712E-13  7.432E-14  9.685E-14
8.395E+01  7.923E-23  1.764E-13  7.680E-14  9.963E-14
8.318E+01  8.241E-23  1.818E-13  7.935E-14  1.025E-13
8.241E+01  8.497E-23  1.857E-13  8.198E-14  1.038E-13
8.166E+01  8.837E-23  1.914E-13  8.470E-14  1.067E-13
8.091E+01  9.189E-23  1.972E-13  8.751E-14  1.097E-13
8.017E+01  9.550E-23  2.031E-13  9.040E-14  1.127E-13
7.943E+01  9.931E-23  2.093E-13  9.339E-14  1.159E-13
7.870E+01  1.033E-22  2.156E-13  9.647E-14  1.191E-13
7.798E+01  1.072E-22  2.218E-13  9.965E-14  1.222E-13
7.727E+01  1.115E-22  2.285E-13  1.029E-13  1.256E-13
7.656E+01  1.159E-22  2.354E-13  1.063E-13  1.291E-13
7.586E+01  1.204E-22  2.424E-13  1.098E-13  1.326E-13
7.516E+01  1.252E-22  2.496E-13  1.134E-13  1.363E-13
7.447E+01  1.302E-22  2.571E-13  1.171E-13  1.400E-13
7.379E+01  1.353E-22  2.648E-13  1.209E-13  1.439E-13
7.311E+01  1.403E-22  2.722E-13  1.248E-13  1.473E-13
7.244E+01  1.456E-22  2.799E-13  1.288E-13  1.511E-13
7.178E+01  1.513E-22  2.880E-13  1.330E-13  1.551E-13
7.112E+01  1.572E-22  2.965E-13  1.373E-13  1.592E-13
7.047E+01  1.633E-22  3.053E-13  1.417E-13  1.636E-13
6.982E+01  1.693E-22  3.136E-13  1.463E-13  1.673E-13
6.918E+01  1.759E-22  3.228E-13  1.510E-13  1.718E-13
6.855E+01  1.822E-22  3.313E-13  1.559E-13  1.754E-13
6.792E+01  1.892E-22  3.409E-13  1.609E-13  1.800E-13
6.730E+01  1.964E-22  3.506E-13  1.661E-13  1.845E-13
6.668E+01  2.040E-22  3.608E-13  1.714E-13  1.894E-13
6.607E+01  2.116E-22  3.708E-13  1.769E-13  1.940E-13
6.546E+01  2.197E-22  3.815E-13  1.825E-13  1.990E-13
6.486E+01  2.281E-22  3.925E-13  1.883E-13  2.041E-13
6.427E+01  2.368E-22  4.037E-13  1.943E-13  2.094E-13
6.368E+01  2.457E-22  4.150E-13  2.005E-13  2.146E-13
6.310E+01  2.550E-22  4.268E-13  2.067E-13  2.201E-13
6.252E+01  2.647E-22  4.389E-13  2.133E-13  2.257E-13
6.194E+01  2.744E-22  4.508E-13  2.200E-13  2.308E-13
6.138E+01  2.846E-22  4.633E-13  2.269E-13  2.364E-13
6.081E+01  2.953E-22  4.764E-13  2.341E-13  2.423E-13
6.026E+01  3.063E-22  4.896E-13  2.414E-13  2.482E-13
5.970E+01  3.177E-22  5.031E-13  2.488E-13  2.543E-13
5.916E+01  3.296E-22  5.172E-13  2.566E-13  2.606E-13
5.861E+01  3.419E-22  5.315E-13  2.645E-13  2.670E-13
5.808E+01  3.543E-22  5.458E-13  2.728E-13  2.731E-13
5.754E+01  3.673E-22  5.607E-13  2.812E-13  2.795E-13
5.702E+01  3.807E-22  5.758E-13  2.899E-13  2.859E-13
5.649E+01  3.947E-22  5.915E-13  2.989E-13  2.927E-13
5.598E+01  4.090E-22  6.073E-13  3.081E-13  2.992E-13
5.546E+01  4.240E-22  6.238E-13  3.175E-13  3.063E-13
5.495E+01  4.396E-22  6.407E-13  3.273E-13  3.135E-13
5.445E+01  4.556E-22  6.580E-13  3.373E-13  3.208E-13
5.395E+01  4.722E-22  6.758E-13  3.476E-13  3.282E-13
5.346E+01  4.892E-22  6.937E-13  3.581E-13  3.356E-13
5.297E+01  5.067E-22  7.119E-13  3.687E-13  3.433E-13
5.248E+01  5.250E-22  7.309E-13  3.798E-13  3.511E-13
5.200E+01  5.439E-22  7.503E-13  3.913E-13  3.590E-13
5.152E+01  5.630E-22  7.695E-13  4.030E-13  3.664E-13
5.105E+01  5.829E-22  7.894E-13  4.151E-13  3.743E-13
5.058E+01  6.037E-22  8.100E-13  4.275E-13  3.826E-13
5.012E+01  6.250E-22  8.309E-13  4.401E-13  3.909E-13
4.966E+01  6.472E-22  8.525E-13  4.532E-13  3.993E-13
4.920E+01  6.700E-22  8.745E-13  4.666E-13  4.079E-13
4.875E+01  6.936E-22  8.970E-13  4.804E-13  4.166E-13
4.831E+01  7.176E-22  9.194E-13  4.946E-13  4.249E-13
4.786E+01  7.426E-22  9.428E-13  5.091E-13  4.338E-13
4.742E+01  7.685E-22  9.668E-13  5.240E-13  4.428E-13
4.699E+01  7.952E-22  9.912E-13  5.393E-13  4.519E-13
4.656E+01  8.226E-22  1.016E-12  5.550E-13  4.609E-13
4.613E+01  8.509E-22  1.041E-12  5.710E-13  4.702E-13
4.571E+01  8.801E-22  1.067E-12  5.875E-13  4.796E-13
4.529E+01  9.101E-22  1.093E-12  6.044E-13  4.890E-13
4.487E+01  9.413E-22  1.120E-12  6.217E-13  4.987E-13
4.446E+01  9.733E-22  1.148E-12  6.395E-13  5.084E-13
4.406E+01  1.006E-21  1.176E-12  6.576E-13  5.183E-13
4.365E+01  1.040E-21  1.204E-12  6.759E-13  5.283E-13
4.325E+01  1.075E-21  1.233E-12  6.950E-13  5.384E-13
4.285E+01  1.111E-21  1.263E-12  7.143E-13  5.483E-13
4.246E+01  1.148E-21  1.293E-12  7.343E-13  5.585E-13
4.207E+01  1.186E-21  1.323E-12  7.543E-13  5.688E-13
4.169E+01  1.225E-21  1.354E-12  7.753E-13  5.792E-13
4.130E+01  1.265E-21  1.386E-12  7.967E-13  5.896E-13
4.093E+01  1.307E-21  1.419E-12  8.186E-13  5.999E-13
4.055E+01  1.349E-21  1.452E-12  8.411E-13  6.104E-13
4.018E+01  1.393E-21  1.485E-12  8.641E-13  6.209E-13
3.981E+01  1.438E-21  1.519E-12  8.876E-13  6.313E-13
3.945E+01  1.485E-21  1.554E-12  9.117E-13  6.420E-13
3.908E+01  1.533E-21  1.589E-12  9.363E-13  6.526E-13
3.873E+01  1.582E-21  1.625E-12  9.615E-13  6.632E-13
3.837E+01  1.632E-21  1.661E-12  9.872E-13  6.739E-13
3.802E+01  1.684E-21  1.698E-12  1.014E-12  6.846E-13
3.767E+01  1.737E-21  1.736E-12  1.040E-12  6.953E-13
3.733E+01  1.791E-21  1.773E-12  1.068E-12  7.054E-13
3.698E+01  1.846E-21  1.811E-12  1.096E-12  7.156E-13
3.664E+01  1.904E-21  1.850E-12  1.124E-12  7.258E-13
3.631E+01  1.962E-21  1.890E-12  1.154E-12  7.361E-13
3.597E+01  2.022E-21  1.930E-12  1.183E-12  7.464E-13
3.565E+01  2.084E-21  1.971E-12  1.214E-12  7.568E-13
3.532E+01  2.148E-21  2.012E-12  1.245E-12  7.670E-13
3.499E+01  2.213E-21  2.055E-12  1.277E-12  7.774E-13
3.467E+01  2.280E-21  2.097E-12  1.309E-12  7.879E-13
3.436E+01  2.349E-21  2.141E-12  1.343E-12  7.984E-13
3.404E+01  2.421E-21  2.186E-12  1.377E-12  8.088E-13
3.373E+01  2.494E-21  2.231E-12  1.412E-12  8.193E-13
3.342E+01  2.569E-21  2.278E-12  1.448E-12  8.299E-13
3.311E+01  2.647E-21  2.325E-12  1.484E-12  8.408E-13
3.281E+01  2.727E-21  2.374E-12  1.522E-12  8.519E-13
3.251E+01  2.810E-21  2.423E-12  1.560E-12  8.629E-13
3.221E+01  2.894E-21  2.473E-12  1.599E-12  8.740E-13
3.192E+01  2.982E-21  2.524E-12  1.639E-12  8.851E-13
3.162E+01  3.071E-21  2.576E-12  1.680E-12  8.962E-13
3.133E+01  3.163E-21  2.629E-12  1.722E-12  9.074E-13
3.105E+01  3.257E-21  2.682E-12  1.764E-12  9.185E-13
3.076E+01  3.355E-21  2.737E-12  1.808E-12  9.297E-13
3.048E+01  3.455E-21  2.794E-12  1.853E-12  9.409E-13
3.020E+01  3.559E-21  2.851E-12  1.899E-12  9.521E-13
2.992E+01  3.665E-21  2.909E-12  1.946E-12  9.632E-13
2.965E+01  3.774E-21  2.968E-12  1.994E-12  9.740E-13
2.938E+01  3.885E-21  3.028E-12  2.043E-12  9.848E-13
2.911E+01  4.000E-21  3.089E-12  2.093E-12  9.954E-13
2.884E+01  4.119E-21  3.151E-12  2.145E-12  1.006E-12
2.858E+01  4.242E-21  3.215E-12  2.199E-12  1.017E-12
2.831E+01  4.368E-21  3.281E-12  2.254E-12  1.027E-12
2.805E+01  4.498E-21  3.347E-12  2.310E-12  1.038E-12
2.780E+01  4.632E-21  3.416E-12  2.368E-12  1.048E-12
2.754E+01  4.770E-21  3.485E-12  2.427E-12  1.058E-12
2.729E+01  4.912E-21  3.556E-12  2.487E-12  1.069E-12
2.704E+01  5.059E-21  3.629E-12  2.550E-12  1.079E-12
2.679E+01  5.210E-21  3.703E-12  2.614E-12  1.089E-12
2.655E+01  5.365E-21  3.778E-12  2.679E-12  1.099E-12
2.630E+01  5.526E-21  3.856E-12  2.747E-12  1.109E-12
2.606E+01  5.691E-21  3.935E-12  2.816E-12  1.119E-12
2.582E+01  5.863E-21  4.016E-12  2.887E-12  1.129E-12
2.559E+01  6.038E-21  4.098E-12  2.960E-12  1.138E-12
2.535E+01  6.221E-21  4.183E-12  3.035E-12  1.148E-12
2.512E+01  6.409E-21  4.270E-12  3.113E-12  1.157E-12
2.489E+01  6.602E-21  4.359E-12  3.192E-12  1.166E-12
2.466E+01  6.801E-21  4.449E-12  3.274E-12  1.175E-12
2.443E+01  7.006E-21  4.541E-12  3.357E-12  1.184E-12
2.421E+01  7.217E-21  4.635E-12  3.443E-12  1.192E-12
2.399E+01  7.434E-21  4.730E-12  3.532E-12  1.199E-12
2.377E+01  7.659E-21  4.829E-12  3.622E-12  1.206E-12
2.355E+01  7.892E-21  4.930E-12  3.715E-12  1.215E-12
2.333E+01  8.133E-21  5.034E-12  3.812E-12  1.223E-12
2.312E+01  8.379E-21  5.139E-12  3.910E-12  1.228E-12
2.291E+01  8.632E-21  5.245E-12  4.011E-12  1.234E-12
2.270E+01  8.898E-21  5.357E-12  4.115E-12  1.242E-12
2.249E+01  9.175E-21  5.474E-12  4.222E-12  1.252E-12
2.228E+01  9.462E-21  5.593E-12  4.331E-12  1.262E-12
2.208E+01  9.757E-21  5.715E-12  4.444E-12  1.271E-12
2.188E+01  1.006E-20  5.836E-12  4.559E-12  1.277E-12
2.168E+01  1.036E-20  5.959E-12  4.677E-12  1.282E-12
2.148E+01  1.068E-20  6.086E-12  4.799E-12  1.287E-12
2.128E+01  1.101E-20  6.217E-12  4.924E-12  1.293E-12
2.109E+01  1.136E-20  6.354E-12  5.053E-12  1.300E-12
2.089E+01  1.172E-20  6.493E-12  5.186E-12  1.307E-12
2.070E+01  1.208E-20  6.633E-12  5.322E-12  1.311E-12
2.051E+01  1.246E-20  6.778E-12  5.462E-12  1.315E-12
2.032E+01  1.285E-20  6.928E-12  5.608E-12  1.320E-12
2.014E+01  1.327E-20  7.088E-12  5.758E-12  1.330E-12
1.995E+01  1.371E-20  7.255E-12  5.916E-12  1.339E-12
1.977E+01  1.417E-20  7.430E-12  6.084E-12  1.346E-12
1.959E+01  1.466E-20  7.615E-12  6.265E-12  1.350E-12
1.941E+01  1.520E-20  7.828E-12  6.476E-12  1.351E-12
1.923E+01  1.589E-20  8.107E-12  6.758E-12  1.349E-12
1.905E+01  1.700E-20  8.595E-12  7.251E-12  1.343E-12
1.888E+01  1.803E-20  9.032E-12  7.698E-12  1.334E-12
1.871E+01  1.778E-20  8.821E-12  7.500E-12  1.321E-12
1.854E+01  1.804E-20  8.871E-12  7.567E-12  1.304E-12
1.837E+01  1.864E-20  9.080E-12  7.797E-12  1.283E-12
1.820E+01  1.947E-20  9.399E-12  8.141E-12  1.259E-12
1.803E+01  2.074E-20  9.918E-12  8.687E-12  1.232E-12
1.786E+01  2.259E-20  1.071E-11  9.505E-12  1.202E-12
1.770E+01  2.341E-20  1.099E-11  9.824E-12  1.169E-12
1.754E+01  2.543E-20  1.183E-11  1.070E-11  1.134E-12
1.738E+01  2.949E-20  1.360E-11  1.250E-11  1.096E-12
1.722E+01  2.983E-20  1.362E-11  1.257E-11  1.057E-12
1.706E+01  3.075E-20  1.392E-11  1.290E-11  1.019E-12
1.690E+01  3.075E-20  1.379E-11  1.281E-11  9.795E-13
1.675E+01  3.017E-20  1.341E-11  1.247E-11  9.401E-13
1.660E+01  3.134E-20  1.380E-11  1.290E-11  8.997E-13
1.644E+01  3.688E-20  1.609E-11  1.523E-11  8.596E-13
1.629E+01  2.925E-20  1.264E-11  1.182E-11  8.200E-13
1.614E+01  2.635E-20  1.128E-11  1.050E-11  7.819E-13
1.600E+01  2.566E-20  1.089E-11  1.014E-11  7.451E-13
1.585E+01  2.539E-20  1.067E-11  9.963E-12  7.095E-13
1.570E+01  2.496E-20  1.040E-11  9.722E-12  6.752E-13
1.556E+01  2.485E-20  1.026E-11  9.615E-12  6.425E-13
1.542E+01  2.492E-20  1.019E-11  9.578E-12  6.114E-13
1.528E+01  2.508E-20  1.016E-11  9.580E-12  5.819E-13
1.514E+01  2.531E-20  1.016E-11  9.609E-12  5.541E-13
1.500E+01  2.563E-20  1.019E-11  9.666E-12  5.284E-13
1.486E+01  2.602E-20  1.026E-11  9.754E-12  5.036E-13
1.472E+01  2.655E-20  1.037E-11  9.890E-12  4.801E-13
1.459E+01  2.732E-20  1.057E-11  1.012E-11  4.580E-13
1.445E+01  2.862E-20  1.097E-11  1.053E-11  4.390E-13
1.432E+01  3.105E-20  1.180E-11  1.137E-11  4.229E-13
1.419E+01  3.385E-20  1.274E-11  1.233E-11  4.104E-13
1.406E+01  3.330E-20  1.242E-11  1.202E-11  4.016E-13
1.393E+01  3.343E-20  1.235E-11  1.196E-11  3.973E-13
1.380E+01  3.566E-20  1.306E-11  1.266E-11  3.964E-13
1.368E+01  4.000E-20  1.451E-11  1.411E-11  3.993E-13
1.355E+01  4.548E-20  1.635E-11  1.594E-11  4.044E-13
1.343E+01  4.762E-20  1.696E-11  1.655E-11  4.111E-13
1.330E+01  4.588E-20  1.619E-11  1.577E-11  4.182E-13
1.318E+01  4.547E-20  1.590E-11  1.547E-11  4.259E-13
1.306E+01  4.862E-20  1.685E-11  1.641E-11  4.333E-13
1.294E+01  5.642E-20  1.937E-11  1.893E-11  4.414E-13
1.282E+01  7.035E-20  2.393E-11  2.348E-11  4.509E-13
1.271E+01  8.821E-20  2.973E-11  2.927E-11  4.612E-13
1.259E+01  9.520E-20  3.179E-11  3.132E-11  4.716E-13
1.247E+01  8.455E-20  2.798E-11  2.749E-11  4.819E-13
1.236E+01  7.315E-20  2.398E-11  2.349E-11  4.919E-13
1.225E+01  6.987E-20  2.270E-11  2.220E-11  5.008E-13
1.213E+01  7.422E-20  2.389E-11  2.338E-11  5.111E-13
1.202E+01  8.016E-20  2.556E-11  2.504E-11  5.231E-13
1.191E+01  7.831E-20  2.474E-11  2.421E-11  5.351E-13
1.180E+01  7.191E-20  2.252E-11  2.197E-11  5.469E-13
1.169E+01  7.087E-20  2.199E-11  2.143E-11  5.579E-13
1.159E+01  8.117E-20  2.495E-11  2.438E-11  5.668E-13
1.148E+01  1.106E-19  3.367E-11  3.310E-11  5.753E-13
1.138E+01  1.601E-19  4.831E-11  4.773E-11  5.851E-13
1.127E+01  2.152E-19  6.434E-11  6.375E-11  5.956E-13
1.117E+01  1.537E-19  4.554E-11  4.493E-11  6.072E-13
1.107E+01  8.029E-20  2.357E-11  2.295E-11  6.190E-13
1.096E+01  5.594E-20  1.627E-11  1.564E-11  6.298E-13
1.086E+01  4.480E-20  1.291E-11  1.227E-11  6.414E-13
1.076E+01  3.902E-20  1.114E-11  1.049E-11  6.553E-13
1.067E+01  3.569E-20  1.010E-11  9.427E-12  6.714E-13
1.057E+01  3.280E-20  9.194E-12  8.504E-12  6.894E-13
1.047E+01  3.094E-20  8.593E-12  7.887E-12  7.060E-13
1.038E+01  2.976E-20  8.189E-12  7.471E-12  7.179E-13
1.028E+01  2.897E-20  7.901E-12  7.177E-12  7.239E-13
1.019E+01  2.846E-20  7.690E-12  6.965E-12  7.249E-13
1.009E+01  2.816E-20  7.540E-12  6.816E-12  7.236E-13
1.000E+01  2.805E-20  7.441E-12  6.719E-12  7.220E-13
9.908E+00  2.811E-20  7.389E-12  6.667E-12  7.220E-13
9.817E+00  2.834E-20  7.381E-12  6.658E-12  7.228E-13
9.727E+00  2.874E-20  7.416E-12  6.692E-12  7.240E-13
9.638E+00  2.932E-20  7.495E-12  6.770E-12  7.246E-13
9.550E+00  3.008E-20  7.620E-12  6.900E-12  7.202E-13
9.462E+00  3.107E-20  7.798E-12  7.089E-12  7.089E-13
9.376E+00  3.233E-20  8.041E-12  7.352E-12  6.890E-13
9.290E+00  3.397E-20  8.372E-12  7.712E-12  6.599E-13
9.204E+00  3.615E-20  8.826E-12  8.204E-12  6.222E-13
9.120E+00  3.913E-20  9.466E-12  8.887E-12  5.784E-13
9.036E+00  4.337E-20  1.039E-11  9.864E-12  5.310E-13
8.954E+00  4.970E-20  1.180E-11  1.132E-11  4.837E-13
8.872E+00  5.968E-20  1.404E-11  1.360E-11  4.391E-13
8.790E+00  7.600E-20  1.772E-11  1.732E-11  3.988E-13
8.710E+00  1.010E-19  2.333E-11  2.297E-11  3.634E-13
8.630E+00  1.247E-19  2.855E-11  2.822E-11  3.327E-13
8.551E+00  1.228E-19  2.785E-11  2.754E-11  3.060E-13
8.472E+00  1.075E-19  2.416E-11  2.388E-11  2.813E-13
8.395E+00  9.999E-20  2.227E-11  2.201E-11  2.565E-13
8.318E+00  1.002E-19  2.211E-11  2.188E-11  2.304E-13
8.241E+00  1.053E-19  2.303E-11  2.282E-11  2.030E-13
8.166E+00  1.172E-19  2.538E-11  2.520E-11  1.750E-13
8.091E+00  1.392E-19  2.988E-11  2.973E-11  1.499E-13
8.017E+00  1.742E-19  3.704E-11  3.691E-11  1.275E-13
7.943E+00  2.200E-19  4.636E-11  4.626E-11  1.082E-13
7.870E+00  2.607E-19  5.443E-11  5.433E-11  9.166E-14
7.798E+00  2.762E-19  5.714E-11  5.707E-11  7.769E-14
7.727E+00  2.793E-19  5.724E-11  5.718E-11  6.624E-14
7.656E+00  2.894E-19  5.876E-11  5.871E-11  5.700E-14
7.586E+00  2.830E-19  5.694E-11  5.689E-11  4.959E-14
7.516E+00  2.391E-19  4.767E-11  4.762E-11  4.396E-14
7.447E+00  1.892E-19  3.737E-11  3.733E-11  3.983E-14
7.379E+00  1.524E-19  2.984E-11  2.980E-11  3.669E-14
7.311E+00  1.269E-19  2.462E-11  2.458E-11  3.451E-14
7.244E+00  1.082E-19  2.080E-11  2.077E-11  3.285E-14
7.178E+00  9.397E-20  1.789E-11  1.786E-11  3.152E-14
7.112E+00  8.299E-20  1.566E-11  1.562E-11  3.059E-14
7.047E+00  7.485E-20  1.399E-11  1.396E-11  2.990E-14
6.982E+00  6.936E-20  1.285E-11  1.282E-11  2.926E-14
6.918E+00  6.639E-20  1.218E-11  1.216E-11  2.874E-14
6.855E+00  6.577E-20  1.196E-11  1.193E-11  2.825E-14
6.792E+00  6.681E-20  1.204E-11  1.201E-11  2.780E-14
6.730E+00  6.787E-20  1.211E-11  1.209E-11  2.736E-14
6.668E+00  6.703E-20  1.186E-11  1.183E-11  2.694E-14
6.607E+00  6.429E-20  1.127E-11  1.124E-11  2.651E-14
6.546E+00  6.205E-20  1.078E-11  1.075E-11  2.609E-14
6.486E+00  6.338E-20  1.090E-11  1.088E-11  2.568E-14
6.427E+00  7.176E-20  1.223E-11  1.221E-11  2.526E-14
6.368E+00  9.371E-20  1.583E-11  1.580E-11  2.484E-14
6.310E+00  1.429E-19  2.391E-11  2.388E-11  2.441E-14
6.252E+00  2.224E-19  3.689E-11  3.686E-11  2.399E-14
6.194E+00  2.254E-19  3.704E-11  3.701E-11  2.356E-14
6.138E+00  1.405E-19  2.287E-11  2.285E-11  2.311E-14
6.081E+00  8.371E-20  1.350E-11  1.348E-11  2.267E-14
6.026E+00  5.578E-20  8.915E-12  8.893E-12  2.225E-14
5.970E+00  4.160E-20  6.589E-12  6.567E-12  2.184E-14
5.916E+00  3.421E-20  5.367E-12  5.346E-12  2.145E-14
5.861E+00  3.093E-20  4.808E-12  4.787E-12  2.107E-14
5.808E+00  3.119E-20  4.804E-12  4.783E-12  2.071E-14
5.754E+00  3.499E-20  5.340E-12  5.320E-12  2.036E-14
5.702E+00  3.766E-20  5.696E-12  5.676E-12  2.003E-14
5.649E+00  3.174E-20  4.756E-12  4.737E-12  1.971E-14
5.598E+00  2.416E-20  3.587E-12  3.567E-12  1.940E-14
5.546E+00  1.949E-20  2.867E-12  2.848E-12  1.911E-14
5.495E+00  1.700E-20  2.479E-12  2.460E-12  1.883E-14
5.445E+00  1.592E-20  2.300E-12  2.281E-12  1.856E-14
5.395E+00  1.609E-20  2.302E-12  2.284E-12  1.831E-14
5.346E+00  1.781E-20  2.525E-12  2.507E-12  1.806E-14
5.297E+00  2.066E-20  2.902E-12  2.885E-12  1.782E-14
5.248E+00  2.017E-20  2.808E-12  2.790E-12  1.760E-14
5.200E+00  1.600E-20  2.207E-12  2.189E-12  1.738E-14
5.152E+00  1.275E-20  1.742E-12  1.725E-12  1.717E-14
5.105E+00  1.087E-20  1.471E-12  1.454E-12  1.698E-14
5.058E+00  9.730E-21  1.306E-12  1.289E-12  1.679E-14
5.012E+00  8.979E-21  1.194E-12  1.177E-12  1.660E-14
4.966E+00  8.438E-21  1.111E-12  1.095E-12  1.643E-14
4.920E+00  8.022E-21  1.047E-12  1.031E-12  1.626E-14
4.875E+00  7.688E-21  9.943E-13  9.782E-13  1.610E-14
4.831E+00  7.410E-21  9.495E-13  9.336E-13  1.594E-14
4.786E+00  7.173E-21  9.107E-13  8.949E-13  1.579E-14
4.742E+00  6.966E-21  8.764E-13  8.607E-13  1.564E-14
4.699E+00  6.784E-21  8.456E-13  8.301E-13  1.550E-14
4.656E+00  6.622E-21  8.178E-13  8.024E-13  1.535E-14
4.613E+00  6.475E-21  7.923E-13  7.771E-13  1.522E-14
4.571E+00  6.342E-21  7.689E-13  7.539E-13  1.508E-14
4.529E+00  6.221E-21  7.473E-13  7.324E-13  1.495E-14
4.487E+00  6.109E-21  7.272E-13  7.124E-13  1.482E-14
4.446E+00  6.007E-21  7.085E-13  6.938E-13  1.469E-14
4.406E+00  5.912E-21  6.909E-13  6.764E-13  1.457E-14
4.365E+00  5.825E-21  6.745E-13  6.600E-13  1.445E-14
4.325E+00  5.744E-21  6.590E-13  6.447E-13  1.434E-14
4.285E+00  5.670E-21  6.445E-13  6.303E-13  1.422E-14
4.246E+00  5.600E-21  6.308E-13  6.167E-13  1.410E-14
4.207E+00  5.537E-21  6.179E-13  6.039E-13  1.399E-14
4.169E+00  5.478E-21  6.057E-13  5.918E-13  1.388E-14
4.130E+00  5.424E-21  5.943E-13  5.805E-13  1.376E-14
4.093E+00  5.375E-21  5.835E-13  5.698E-13  1.364E-14
4.055E+00  5.331E-21  5.734E-13  5.599E-13  1.352E-14
4.018E+00  5.292E-21  5.640E-13  5.506E-13  1.340E-14
3.981E+00  5.258E-21  5.553E-13  5.420E-13  1.328E-14
3.945E+00  5.230E-21  5.473E-13  5.341E-13  1.316E-14
3.908E+00  5.209E-21  5.401E-13  5.270E-13  1.304E-14
3.873E+00  5.196E-21  5.337E-13  5.208E-13  1.292E-14
3.837E+00  5.191E-21  5.284E-13  5.156E-13  1.280E-14
3.802E+00  5.198E-21  5.242E-13  5.115E-13  1.269E-14
3.767E+00  5.217E-21  5.213E-13  5.087E-13  1.257E-14
3.733E+00  5.252E-21  5.200E-13  5.075E-13  1.245E-14
3.698E+00  5.309E-21  5.208E-13  5.084E-13  1.234E-14
3.664E+00  5.393E-21  5.242E-13  5.120E-13  1.222E-14
3.631E+00  5.517E-21  5.313E-13  5.192E-13  1.211E-14
3.597E+00  5.695E-21  5.435E-13  5.315E-13  1.200E-14
3.565E+00  5.955E-21  5.631E-13  5.512E-13  1.188E-14
3.532E+00  6.341E-21  5.941E-13  5.823E-13  1.177E-14
3.499E+00  6.937E-21  6.439E-13  6.323E-13  1.165E-14
3.467E+00  7.905E-21  7.270E-13  7.155E-13  1.154E-14
3.436E+00  9.605E-21  8.753E-13  8.639E-13  1.143E-14
3.404E+00  1.297E-20  1.171E-12  1.160E-12  1.131E-14
3.373E+00  2.101E-20  1.879E-12  1.868E-12  1.120E-14
3.342E+00  4.764E-20  4.223E-12  4.212E-12  1.108E-14
3.311E+00  1.796E-19  1.577E-11  1.576E-11  1.097E-14
3.281E+00  1.225E-19  1.066E-11  1.065E-11  1.085E-14
3.251E+00  3.501E-20  3.019E-12  3.008E-12  1.073E-14
3.221E+00  1.675E-20  1.431E-12  1.420E-12  1.061E-14
3.192E+00  1.070E-20  9.062E-13  8.957E-13  1.048E-14
3.162E+00  8.034E-21  6.739E-13  6.635E-13  1.036E-14
3.133E+00  6.626E-21  5.507E-13  5.405E-13  1.024E-14
3.105E+00  5.791E-21  4.769E-13  4.668E-13  1.012E-14
3.076E+00  5.253E-21  4.286E-13  4.186E-13  1.001E-14
3.048E+00  4.882E-21  3.947E-13  3.848E-13  9.901E-15
3.020E+00  4.612E-21  3.695E-13  3.597E-13  9.791E-15
2.992E+00  4.408E-21  3.499E-13  3.402E-13  9.681E-15
2.965E+00  4.247E-21  3.340E-13  3.245E-13  9.572E-15
2.938E+00  4.117E-21  3.208E-13  3.114E-13  9.463E-15
2.911E+00  4.009E-21  3.095E-13  3.002E-13  9.355E-15
2.884E+00  3.916E-21  2.996E-13  2.903E-13  9.248E-15
2.858E+00  3.836E-21  2.907E-13  2.816E-13  9.140E-15
2.831E+00  3.764E-21  2.827E-13  2.737E-13  9.034E-15
2.805E+00  3.700E-21  2.753E-13  2.664E-13  8.928E-15
2.780E+00  3.641E-21  2.685E-13  2.596E-13  8.822E-15
2.754E+00  3.586E-21  2.620E-13  2.533E-13  8.718E-15
2.729E+00  3.536E-21  2.559E-13  2.473E-13  8.613E-15
2.704E+00  3.488E-21  2.501E-13  2.416E-13  8.509E-15
2.679E+00  3.442E-21  2.446E-13  2.362E-13  8.405E-15
2.655E+00  3.398E-21  2.393E-13  2.310E-13  8.302E-15
2.630E+00  3.356E-21  2.342E-13  2.260E-13  8.200E-15
2.606E+00  3.316E-21  2.292E-13  2.211E-13  8.098E-15
2.582E+00  3.276E-21  2.244E-13  2.164E-13  7.997E-15
2.559E+00  3.238E-21  2.197E-13  2.118E-13  7.897E-15
2.535E+00  3.200E-21  2.152E-13  2.074E-13  7.797E-15
2.512E+00  3.163E-21  2.107E-13  2.030E-13  7.698E-15
2.489E+00  3.126E-21  2.064E-13  1.988E-13  7.600E-15
2.466E+00  3.090E-21  2.021E-13  1.946E-13  7.503E-15
2.443E+00  3.054E-21  1.979E-13  1.905E-13  7.407E-15
2.421E+00  3.018E-21  1.938E-13  1.865E-13  7.311E-15
2.399E+00  2.983E-21  1.898E-13  1.826E-13  7.216E-15
2.377E+00  2.948E-21  1.859E-13  1.788E-13  7.121E-15
2.355E+00  2.914E-21  1.820E-13  1.750E-13  7.026E-15
2.333E+00  2.880E-21  1.782E-13  1.713E-13  6.931E-15
2.312E+00  2.846E-21  1.745E-13  1.677E-13  6.837E-15
2.291E+00  2.812E-21  1.709E-13  1.641E-13  6.744E-15
2.270E+00  2.778E-21  1.673E-13  1.606E-13  6.650E-15
2.249E+00  2.745E-21  1.637E-13  1.572E-13  6.558E-15
2.228E+00  2.710E-21  1.602E-13  1.538E-13  6.465E-15
2.208E+00  2.676E-21  1.567E-13  1.504E-13  6.373E-15
2.188E+00  2.641E-21  1.533E-13  1.470E-13  6.282E-15
2.168E+00  2.606E-21  1.498E-13  1.436E-13  6.192E-15
2.148E+00  2.569E-21  1.464E-13  1.403E-13  6.102E-15
2.128E+00  2.531E-21  1.429E-13  1.369E-13  6.013E-15
2.109E+00  2.492E-21  1.394E-13  1.335E-13  5.925E-15
2.089E+00  2.450E-21  1.358E-13  1.300E-13  5.838E-15
2.070E+00  2.406E-21  1.321E-13  1.264E-13  5.751E-15
2.051E+00  2.358E-21  1.283E-13  1.227E-13  5.664E-15
2.032E+00  2.306E-21  1.243E-13  1.187E-13  5.578E-15
2.014E+00  2.249E-21  1.201E-13  1.146E-13  5.492E-15
1.995E+00  2.184E-21  1.156E-13  1.102E-13  5.407E-15
1.977E+00  2.114E-21  1.108E-13  1.055E-13  5.323E-15
1.959E+00  2.039E-21  1.059E-13  1.007E-13  5.239E-15
1.941E+00  1.966E-21  1.012E-13  9.607E-14  5.156E-15
1.923E+00  1.909E-21  9.736E-14  9.228E-14  5.074E-15
1.905E+00  1.879E-21  9.497E-14  8.998E-14  4.992E-15
1.888E+00  1.882E-21  9.425E-14  8.934E-14  4.911E-15
1.871E+00  1.908E-21  9.467E-14  8.984E-14  4.830E-15
1.854E+00  1.941E-21  9.544E-14  9.069E-14  4.750E-15
1.837E+00  1.970E-21  9.598E-14  9.131E-14  4.671E-15
1.820E+00  1.991E-21  9.608E-14  9.149E-14  4.593E-15
1.803E+00  2.002E-21  9.573E-14  9.122E-14  4.515E-15
1.786E+00  2.005E-21  9.501E-14  9.057E-14  4.439E-15
1.770E+00  2.002E-21  9.401E-14  8.965E-14  4.363E-15
1.754E+00  1.995E-21  9.282E-14  8.853E-14  4.288E-15
1.738E+00  1.985E-21  9.149E-14  8.728E-14  4.215E-15
1.722E+00  1.972E-21  9.008E-14  8.593E-14  4.142E-15
1.706E+00  1.958E-21  8.861E-14  8.454E-14  4.069E-15
1.690E+00  1.943E-21  8.712E-14  8.312E-14  3.998E-15
1.675E+00  1.927E-21  8.562E-14  8.169E-14  3.927E-15
1.660E+00  1.911E-21  8.413E-14  8.027E-14  3.857E-15
1.644E+00  1.895E-21  8.265E-14  7.886E-14  3.788E-15
1.629E+00  1.879E-21  8.120E-14  7.748E-14  3.719E-15
1.614E+00  1.863E-21  7.978E-14  7.613E-14  3.650E-15
1.600E+00  1.848E-21  7.841E-14  7.483E-14  3.583E-15
1.585E+00  1.834E-21  7.709E-14  7.357E-14  3.516E-15
1.570E+00  1.820E-21  7.583E-14  7.238E-14  3.449E-15
1.556E+00  1.808E-21  7.463E-14  7.125E-14  3.384E-15
1.542E+00  1.798E-21  7.351E-14  7.019E-14  3.318E-15
1.528E+00  1.789E-21  7.247E-14  6.922E-14  3.254E-15
1.514E+00  1.782E-21  7.153E-14  6.834E-14  3.190E-15
1.500E+00  1.777E-21  7.069E-14  6.756E-14  3.126E-15
1.486E+00  1.775E-21  6.996E-14  6.690E-14  3.064E-15
1.472E+00  1.776E-21  6.936E-14  6.636E-14  3.002E-15
1.459E+00  1.781E-21  6.892E-14  6.598E-14  2.941E-15
1.445E+00  1.790E-21  6.865E-14  6.577E-14  2.880E-15
1.432E+00  1.805E-21  6.857E-14  6.575E-14  2.821E-15
1.419E+00  1.826E-21  6.873E-14  6.597E-14  2.762E-15
1.406E+00  1.854E-21  6.915E-14  6.645E-14  2.704E-15
1.393E+00  1.892E-21  6.990E-14  6.725E-14  2.646E-15
1.380E+00  1.940E-21  7.102E-14  6.843E-14  2.589E-15
1.368E+00  2.000E-21  7.258E-14  7.004E-14  2.533E-15
1.355E+00  2.076E-21  7.464E-14  7.216E-14  2.478E-15
1.343E+00  2.169E-21  7.725E-14  7.483E-14  2.423E-15
1.330E+00  2.279E-21  8.043E-14  7.807E-14  2.369E-15
1.318E+00  2.405E-21  8.410E-14  8.178E-14  2.315E-15
1.306E+00  2.539E-21  8.797E-14  8.570E-14  2.263E-15
1.294E+00  2.665E-21  9.148E-14  8.927E-14  2.211E-15
1.282E+00  2.757E-21  9.376E-14  9.160E-14  2.160E-15
1.271E+00  2.782E-21  9.377E-14  9.166E-14  2.110E-15
1.259E+00  2.719E-21  9.081E-14  8.875E-14  2.061E-15
1.247E+00  2.570E-21  8.504E-14  8.303E-14  2.013E-15
1.236E+00  2.363E-21  7.746E-14  7.549E-14  1.966E-15
1.225E+00  2.136E-21  6.938E-14  6.746E-14  1.919E-15
1.213E+00  1.921E-21  6.184E-14  5.996E-14  1.874E-15
1.202E+00  1.736E-21  5.536E-14  5.353E-14  1.829E-15
1.191E+00  1.585E-21  5.010E-14  4.831E-14  1.785E-15
1.180E+00  1.469E-21  4.598E-14  4.424E-14  1.741E-15
1.169E+00  1.382E-21  4.288E-14  4.118E-14  1.698E-15
1.159E+00  1.323E-21  4.066E-14  3.900E-14  1.656E-15
1.148E+00  1.289E-21  3.924E-14  3.763E-14  1.615E-15
1.138E+00  1.279E-21  3.861E-14  3.703E-14  1.574E-15
1.127E+00  1.297E-21  3.879E-14  3.726E-14  1.534E-15
1.117E+00  1.348E-21  3.994E-14  3.845E-14  1.494E-15
1.107E+00  1.442E-21  4.233E-14  4.088E-14  1.456E-15
1.096E+00  1.596E-21  4.642E-14  4.500E-14  1.418E-15
1.086E+00  1.834E-21  5.286E-14  5.148E-14  1.380E-15
1.076E+00  2.181E-21  6.228E-14  6.093E-14  1.344E-15
1.067E+00  2.616E-21  7.401E-14  7.270E-14  1.308E-15
1.057E+00  2.963E-21  8.307E-14  8.180E-14  1.272E-15
1.047E+00  2.903E-21  8.063E-14  7.940E-14  1.238E-15
1.038E+00  2.408E-21  6.628E-14  6.508E-14  1.204E-15
1.028E+00  1.826E-21  4.979E-14  4.862E-14  1.170E-15
1.019E+00  1.374E-21  3.713E-14  3.599E-14  1.137E-15
1.009E+00  1.068E-21  2.860E-14  2.749E-14  1.105E-15
1.000E+00  8.654E-22  2.296E-14  2.188E-14  1.074E-15
