Dust emission spectrum from Draine,B.T., & Li, A. (2007), ApJ, in press [astro-ph/0608003]
==========================================================
         7 = grain model
 4.000E-08 4.000E-01 4.500E-05 = a_01 (cm) , sigma_1 , b_C1
 2.000E-07 5.500E-01 1.500E-05 = a_02 (cm) , sigma_2 , b_C2
 3.000E+06 3.000E+06 1.000E+00 = Umin , Umax, beta (dN/dU propto U^{-beta})
 3.000E+06 = <U>       mmp83 = radfield
 0.000E+00 2.000E-07 = a_{min} (cm), a_{max} (cm)
 3.125E-18 3.030E-18 9.472E-20 = P(tot)  P(carb)  P(sil) (erg s-1 H-1)
 band     <nu*P_nu> <j_nu(tot)><j_nu(carb)><j_nu(sil)>
 (um)   (erg s-1 H-1)(Jy/(sr*H))(Jy/(sr*H))(Jy/(sr*H))
1.270E+00  1.302E-19  4.385E-12  4.319E-12  6.535E-14 COBE-DIRBE
2.220E+00  2.712E-19  1.597E-11  1.577E-11  2.049E-13 COBE-DIRBE
3.530E+00  1.464E-18  1.371E-10  1.367E-10  3.965E-13 COBE-DIRBE
4.880E+00  5.027E-19  6.507E-11  6.446E-11  6.162E-13 COBE-DIRBE
1.229E+01  9.259E-19  3.018E-10  2.762E-10  2.566E-11 COBE-DIRBE
2.079E+01  1.476E-19  8.139E-11  5.609E-11  2.530E-11 COBE-DIRBE
5.599E+01  2.588E-21  3.843E-12  1.650E-12  2.193E-12 COBE-DIRBE
9.770E+01  1.840E-22  4.769E-13  1.888E-13  2.881E-13 COBE-DIRBE
1.479E+02  2.590E-23  1.016E-13  3.873E-14  6.286E-14 COBE-DIRBE
2.479E+02  2.274E-24  1.495E-14  5.551E-15  9.398E-15 COBE-DIRBE
1.200E+01  1.286E-18  4.094E-10  3.826E-10  2.675E-11 IRAS
2.500E+01  9.401E-20  6.234E-11  3.912E-11  2.322E-11 IRAS
6.000E+01  2.378E-21  3.785E-12  1.637E-12  2.147E-12 IRAS
1.000E+02  1.571E-22  4.166E-13  1.642E-13  2.524E-13 IRAS
3.550E+00  1.695E-18  1.596E-10  1.592E-10  4.001E-13 SST-IRAC
4.493E+00  4.026E-19  4.798E-11  4.743E-11  5.452E-13 SST-IRAC
5.731E+00  2.255E-18  3.429E-10  3.420E-10  8.604E-13 SST-IRAC
7.872E+00  3.424E-18  7.149E-10  7.048E-10  1.013E-11 SST-IRAC
2.368E+01  6.889E-20  4.327E-11  2.435E-11  1.892E-11 SST-MIPS
7.142E+01  6.776E-22  1.284E-12  5.238E-13  7.598E-13 SST-MIPS
1.559E+02  1.618E-23  6.690E-14  2.527E-14  4.163E-14 SST-MIPS
1.600E+01  3.203E-19  1.359E-10  1.143E-10  2.163E-11 SST-IRSPU
2.200E+01  9.303E-20  5.429E-11  3.230E-11  2.200E-11 SST-IRSPU
7.500E+01  5.798E-22  1.153E-12  4.701E-13  6.833E-13 Herschel-PACS
1.100E+02  1.021E-22  2.979E-13  1.170E-13  1.809E-13 Herschel-PACS
1.700E+02  1.269E-23  5.722E-14  2.165E-14  3.557E-14 Herschel-PACS
2.500E+02  1.699E-24  1.127E-14  4.172E-15  7.096E-15 Herschel-SPIRE
3.600E+02  2.669E-25  2.549E-15  9.774E-16  1.572E-15 Herschel-SPIRE
5.200E+02  4.524E-26  6.240E-16  2.384E-16  3.856E-16 Herschel-SPIRE
2.400E+00  2.960E-19  1.884E-11  1.862E-11  2.289E-13 Akari IRC NIR N2
3.200E+00  1.140E-18  9.674E-11  9.639E-11  3.488E-13 Akari IRC NIR N3
4.100E+00  4.582E-19  4.983E-11  4.934E-11  4.967E-13 Akari IRC NIR N4
7.000E+00  4.308E-18  8.000E-10  7.966E-10  3.352E-12 Akari IRC MIR-S S7
9.000E+00  2.431E-18  5.803E-10  5.604E-10  1.985E-11 Akari IRC MIR-S S9W
1.100E+01  1.088E-18  3.175E-10  2.869E-10  3.059E-11 Akari IRC MIR-S S11
1.500E+01  3.521E-19  1.401E-10  1.193E-10  2.079E-11 Akari IRC MIR-L L15
1.800E+01  1.929E-19  9.212E-11  6.979E-11  2.233E-11 Akari IRC MIR-L L18W
2.400E+01  7.945E-20  5.058E-11  2.921E-11  2.137E-11 Akari IRC MIR-L L24
6.500E+01  1.072E-21  1.849E-12  7.640E-13  1.085E-12 Akari FIS N60
8.000E+01  4.214E-22  8.941E-13  3.639E-13  5.302E-13 Akari FIS WIDE-S
1.400E+02  2.461E-23  9.138E-14  3.477E-14  5.661E-14 Akari FIS WIDE-L
1.600E+02  1.364E-23  5.790E-14  2.180E-14  3.611E-14 Akari FIS N160
 
 
 
 


lambda    nu*dP/dnu     j_nu    j_nu(carb.) j_nu(sil)
 (um)    (erg/(s*H)) (Jy/(sr*H) (Jy/(sr*H)) (Jy/(sr*H)
1.000E+04  1.065E-31  2.826E-20  7.584E-21  2.068E-20
9.908E+03  1.104E-31  2.903E-20  7.795E-21  2.123E-20
9.817E+03  1.145E-31  2.981E-20  8.012E-21  2.180E-20
9.727E+03  1.187E-31  3.062E-20  8.235E-21  2.238E-20
9.638E+03  1.230E-31  3.145E-20  8.464E-21  2.299E-20
9.550E+03  1.275E-31  3.230E-20  8.699E-21  2.360E-20
9.462E+03  1.322E-31  3.318E-20  8.941E-21  2.423E-20
9.376E+03  1.370E-31  3.407E-20  9.189E-21  2.488E-20
9.290E+03  1.420E-31  3.500E-20  9.445E-21  2.555E-20
9.204E+03  1.472E-31  3.595E-20  9.707E-21  2.624E-20
9.120E+03  1.526E-31  3.692E-20  9.977E-21  2.694E-20
9.036E+03  1.582E-31  3.792E-20  1.025E-20  2.766E-20
8.954E+03  1.640E-31  3.894E-20  1.054E-20  2.840E-20
8.872E+03  1.699E-31  3.999E-20  1.083E-20  2.916E-20
8.790E+03  1.761E-31  4.107E-20  1.113E-20  2.993E-20
8.710E+03  1.825E-31  4.217E-20  1.144E-20  3.073E-20
8.630E+03  1.892E-31  4.331E-20  1.176E-20  3.155E-20
8.551E+03  1.961E-31  4.448E-20  1.209E-20  3.239E-20
8.472E+03  2.033E-31  4.568E-20  1.242E-20  3.326E-20
8.395E+03  2.107E-31  4.691E-20  1.277E-20  3.415E-20
8.318E+03  2.184E-31  4.818E-20  1.312E-20  3.506E-20
8.241E+03  2.264E-31  4.949E-20  1.349E-20  3.600E-20
8.166E+03  2.346E-31  5.083E-20  1.386E-20  3.696E-20
8.091E+03  2.432E-31  5.220E-20  1.425E-20  3.796E-20
8.017E+03  2.521E-31  5.362E-20  1.464E-20  3.897E-20
7.943E+03  2.614E-31  5.507E-20  1.505E-20  4.002E-20
7.870E+03  2.710E-31  5.657E-20  1.547E-20  4.110E-20
7.798E+03  2.809E-31  5.811E-20  1.590E-20  4.221E-20
7.727E+03  2.912E-31  5.969E-20  1.634E-20  4.335E-20
7.656E+03  3.019E-31  6.131E-20  1.680E-20  4.452E-20
7.586E+03  3.130E-31  6.298E-20  1.726E-20  4.572E-20
7.516E+03  3.245E-31  6.470E-20  1.774E-20  4.695E-20
7.447E+03  3.364E-31  6.646E-20  1.824E-20  4.823E-20
7.379E+03  3.488E-31  6.828E-20  1.874E-20  4.953E-20
7.311E+03  3.617E-31  7.014E-20  1.926E-20  5.088E-20
7.244E+03  3.750E-31  7.206E-20  1.980E-20  5.226E-20
7.178E+03  3.888E-31  7.403E-20  2.035E-20  5.368E-20
7.112E+03  4.031E-31  7.605E-20  2.092E-20  5.514E-20
7.047E+03  4.180E-31  7.814E-20  2.150E-20  5.664E-20
6.982E+03  4.334E-31  8.028E-20  2.210E-20  5.818E-20
6.918E+03  4.494E-31  8.247E-20  2.272E-20  5.976E-20
6.855E+03  4.660E-31  8.473E-20  2.335E-20  6.139E-20
6.792E+03  4.832E-31  8.706E-20  2.400E-20  6.306E-20
6.730E+03  5.011E-31  8.945E-20  2.467E-20  6.478E-20
6.668E+03  5.196E-31  9.190E-20  2.536E-20  6.654E-20
6.607E+03  5.388E-31  9.443E-20  2.606E-20  6.836E-20
6.546E+03  5.587E-31  9.703E-20  2.679E-20  7.023E-20
6.486E+03  5.794E-31  9.970E-20  2.754E-20  7.216E-20
6.427E+03  6.009E-31  1.024E-19  2.831E-20  7.413E-20
6.368E+03  6.232E-31  1.053E-19  2.910E-20  7.617E-20
6.310E+03  6.463E-31  1.082E-19  2.991E-20  7.826E-20
6.252E+03  6.703E-31  1.112E-19  3.075E-20  8.041E-20
6.194E+03  6.953E-31  1.142E-19  3.161E-20  8.263E-20
6.138E+03  7.211E-31  1.174E-19  3.250E-20  8.490E-20
6.081E+03  7.480E-31  1.207E-19  3.341E-20  8.725E-20
6.026E+03  7.758E-31  1.240E-19  3.434E-20  8.966E-20
5.970E+03  8.047E-31  1.274E-19  3.531E-20  9.213E-20
5.916E+03  8.347E-31  1.310E-19  3.630E-20  9.468E-20
5.861E+03  8.659E-31  1.346E-19  3.732E-20  9.731E-20
5.808E+03  8.982E-31  1.384E-19  3.836E-20  1.000E-19
5.754E+03  9.318E-31  1.422E-19  3.944E-20  1.028E-19
5.702E+03  9.666E-31  1.462E-19  4.055E-20  1.056E-19
5.649E+03  1.003E-30  1.503E-19  4.169E-20  1.086E-19
5.598E+03  1.040E-30  1.545E-19  4.287E-20  1.116E-19
5.546E+03  1.079E-30  1.588E-19  4.408E-20  1.147E-19
5.495E+03  1.120E-30  1.632E-19  4.532E-20  1.179E-19
5.445E+03  1.162E-30  1.678E-19  4.660E-20  1.212E-19
5.395E+03  1.205E-30  1.725E-19  4.791E-20  1.246E-19
5.346E+03  1.251E-30  1.773E-19  4.927E-20  1.281E-19
5.297E+03  1.298E-30  1.823E-19  5.066E-20  1.317E-19
5.248E+03  1.347E-30  1.874E-19  5.210E-20  1.354E-19
5.200E+03  1.397E-30  1.927E-19  5.357E-20  1.391E-19
5.152E+03  1.450E-30  1.981E-19  5.509E-20  1.431E-19
5.105E+03  1.505E-30  2.037E-19  5.666E-20  1.471E-19
5.058E+03  1.561E-30  2.095E-19  5.827E-20  1.512E-19
5.012E+03  1.620E-30  2.154E-19  5.992E-20  1.555E-19
4.966E+03  1.681E-30  2.215E-19  6.163E-20  1.599E-19
4.920E+03  1.745E-30  2.277E-19  6.338E-20  1.644E-19
4.875E+03  1.811E-30  2.342E-19  6.519E-20  1.690E-19
4.831E+03  1.879E-30  2.408E-19  6.705E-20  1.738E-19
4.786E+03  1.951E-30  2.476E-19  6.897E-20  1.787E-19
4.742E+03  2.025E-30  2.547E-19  7.094E-20  1.837E-19
4.699E+03  2.101E-30  2.619E-19  7.297E-20  1.889E-19
4.656E+03  2.181E-30  2.694E-19  7.506E-20  1.943E-19
4.613E+03  2.264E-30  2.770E-19  7.721E-20  1.998E-19
4.571E+03  2.350E-30  2.849E-19  7.943E-20  2.055E-19
4.529E+03  2.440E-30  2.931E-19  8.171E-20  2.114E-19
4.487E+03  2.533E-30  3.015E-19  8.407E-20  2.174E-19
4.446E+03  2.629E-30  3.101E-19  8.649E-20  2.236E-19
4.406E+03  2.730E-30  3.190E-19  8.898E-20  2.300E-19
4.365E+03  2.834E-30  3.281E-19  9.155E-20  2.366E-19
4.325E+03  2.942E-30  3.375E-19  9.420E-20  2.433E-19
4.285E+03  3.055E-30  3.473E-19  9.693E-20  2.503E-19
4.246E+03  3.172E-30  3.572E-19  9.974E-20  2.575E-19
4.207E+03  3.293E-30  3.675E-19  1.026E-19  2.649E-19
4.169E+03  3.420E-30  3.781E-19  1.056E-19  2.725E-19
4.130E+03  3.551E-30  3.891E-19  1.087E-19  2.804E-19
4.093E+03  3.688E-30  4.003E-19  1.119E-19  2.885E-19
4.055E+03  3.829E-30  4.119E-19  1.151E-19  2.968E-19
4.018E+03  3.977E-30  4.239E-19  1.185E-19  3.054E-19
3.981E+03  4.130E-30  4.361E-19  1.220E-19  3.142E-19
3.945E+03  4.289E-30  4.488E-19  1.255E-19  3.233E-19
3.908E+03  4.454E-30  4.618E-19  1.292E-19  3.326E-19
3.873E+03  4.626E-30  4.752E-19  1.330E-19  3.422E-19
3.837E+03  4.805E-30  4.891E-19  1.369E-19  3.521E-19
3.802E+03  4.991E-30  5.033E-19  1.410E-19  3.624E-19
3.767E+03  5.184E-30  5.180E-19  1.451E-19  3.729E-19
3.733E+03  5.385E-30  5.332E-19  1.494E-19  3.838E-19
3.698E+03  5.594E-30  5.488E-19  1.538E-19  3.949E-19
3.664E+03  5.811E-30  5.649E-19  1.584E-19  4.065E-19
3.631E+03  6.037E-30  5.814E-19  1.631E-19  4.184E-19
3.597E+03  6.272E-30  5.985E-19  1.679E-19  4.306E-19
3.565E+03  6.516E-30  6.161E-19  1.729E-19  4.432E-19
3.532E+03  6.771E-30  6.343E-19  1.781E-19  4.562E-19
3.499E+03  7.035E-30  6.530E-19  1.834E-19  4.696E-19
3.467E+03  7.310E-30  6.723E-19  1.889E-19  4.834E-19
3.436E+03  7.596E-30  6.922E-19  1.945E-19  4.977E-19
3.404E+03  7.894E-30  7.128E-19  2.004E-19  5.124E-19
3.373E+03  8.203E-30  7.339E-19  2.064E-19  5.275E-19
3.342E+03  8.525E-30  7.557E-19  2.126E-19  5.431E-19
3.311E+03  8.860E-30  7.782E-19  2.190E-19  5.592E-19
3.281E+03  9.209E-30  8.014E-19  2.257E-19  5.758E-19
3.251E+03  9.571E-30  8.254E-19  2.325E-19  5.929E-19
3.221E+03  9.949E-30  8.500E-19  2.395E-19  6.105E-19
3.192E+03  1.034E-29  8.755E-19  2.468E-19  6.287E-19
3.162E+03  1.075E-29  9.017E-19  2.543E-19  6.474E-19
3.133E+03  1.117E-29  9.288E-19  2.620E-19  6.667E-19
3.105E+03  1.162E-29  9.567E-19  2.700E-19  6.867E-19
3.076E+03  1.208E-29  9.855E-19  2.783E-19  7.072E-19
3.048E+03  1.256E-29  1.015E-18  2.868E-19  7.284E-19
3.020E+03  1.306E-29  1.046E-18  2.956E-19  7.502E-19
2.992E+03  1.357E-29  1.077E-18  3.047E-19  7.727E-19
2.965E+03  1.411E-29  1.110E-18  3.141E-19  7.958E-19
2.938E+03  1.467E-29  1.143E-18  3.237E-19  8.196E-19
2.911E+03  1.526E-29  1.178E-18  3.337E-19  8.442E-19
2.884E+03  1.586E-29  1.214E-18  3.441E-19  8.696E-19
2.858E+03  1.650E-29  1.250E-18  3.547E-19  8.957E-19
2.831E+03  1.715E-29  1.288E-18  3.657E-19  9.227E-19
2.805E+03  1.784E-29  1.328E-18  3.771E-19  9.505E-19
2.780E+03  1.855E-29  1.368E-18  3.889E-19  9.792E-19
2.754E+03  1.930E-29  1.410E-18  4.010E-19  1.009E-18
2.729E+03  2.007E-29  1.453E-18  4.135E-19  1.039E-18
2.704E+03  2.088E-29  1.497E-18  4.265E-19  1.071E-18
2.679E+03  2.171E-29  1.543E-18  4.399E-19  1.103E-18
2.655E+03  2.259E-29  1.591E-18  4.537E-19  1.137E-18
2.630E+03  2.350E-29  1.639E-18  4.680E-19  1.171E-18
2.606E+03  2.445E-29  1.690E-18  4.827E-19  1.207E-18
2.582E+03  2.543E-29  1.742E-18  4.980E-19  1.244E-18
2.559E+03  2.646E-29  1.796E-18  5.138E-19  1.282E-18
2.535E+03  2.753E-29  1.851E-18  5.301E-19  1.321E-18
2.512E+03  2.865E-29  1.909E-18  5.469E-19  1.362E-18
2.489E+03  2.981E-29  1.968E-18  5.643E-19  1.404E-18
2.466E+03  3.102E-29  2.029E-18  5.823E-19  1.447E-18
2.443E+03  3.228E-29  2.092E-18  6.009E-19  1.491E-18
2.421E+03  3.359E-29  2.157E-18  6.201E-19  1.537E-18
2.399E+03  3.496E-29  2.225E-18  6.400E-19  1.585E-18
2.377E+03  3.639E-29  2.294E-18  6.606E-19  1.633E-18
2.355E+03  3.787E-29  2.366E-18  6.818E-19  1.684E-18
2.333E+03  3.942E-29  2.440E-18  7.038E-19  1.736E-18
2.312E+03  4.103E-29  2.516E-18  7.265E-19  1.790E-18
2.291E+03  4.271E-29  2.595E-18  7.500E-19  1.845E-18
2.270E+03  4.446E-29  2.677E-18  7.743E-19  1.903E-18
2.249E+03  4.628E-29  2.761E-18  7.995E-19  1.962E-18
2.228E+03  4.819E-29  2.848E-18  8.255E-19  2.023E-18
2.208E+03  5.017E-29  2.938E-18  8.523E-19  2.086E-18
2.188E+03  5.223E-29  3.031E-18  8.802E-19  2.151E-18
2.168E+03  5.438E-29  3.127E-18  9.089E-19  2.218E-18
2.148E+03  5.663E-29  3.226E-18  9.387E-19  2.288E-18
2.128E+03  5.897E-29  3.329E-18  9.695E-19  2.359E-18
2.109E+03  6.140E-29  3.434E-18  1.001E-18  2.433E-18
2.089E+03  6.394E-29  3.544E-18  1.034E-18  2.509E-18
2.070E+03  6.659E-29  3.657E-18  1.068E-18  2.588E-18
2.051E+03  6.935E-29  3.773E-18  1.104E-18  2.670E-18
2.032E+03  7.223E-29  3.894E-18  1.140E-18  2.754E-18
2.014E+03  7.523E-29  4.018E-18  1.178E-18  2.840E-18
1.995E+03  7.835E-29  4.147E-18  1.217E-18  2.930E-18
1.977E+03  8.161E-29  4.280E-18  1.258E-18  3.022E-18
1.959E+03  8.501E-29  4.417E-18  1.299E-18  3.118E-18
1.941E+03  8.855E-29  4.559E-18  1.343E-18  3.216E-18
1.923E+03  9.224E-29  4.705E-18  1.388E-18  3.318E-18
1.905E+03  9.609E-29  4.857E-18  1.434E-18  3.423E-18
1.888E+03  1.001E-28  5.013E-18  1.482E-18  3.531E-18
1.871E+03  1.043E-28  5.175E-18  1.532E-18  3.643E-18
1.854E+03  1.087E-28  5.342E-18  1.583E-18  3.759E-18
1.837E+03  1.132E-28  5.515E-18  1.637E-18  3.879E-18
1.820E+03  1.180E-28  5.694E-18  1.692E-18  4.002E-18
1.803E+03  1.229E-28  5.879E-18  1.749E-18  4.129E-18
1.786E+03  1.281E-28  6.069E-18  1.808E-18  4.261E-18
1.770E+03  1.335E-28  6.267E-18  1.870E-18  4.397E-18
1.754E+03  1.391E-28  6.471E-18  1.933E-18  4.538E-18
1.738E+03  1.449E-28  6.682E-18  1.999E-18  4.683E-18
1.722E+03  1.511E-28  6.899E-18  2.067E-18  4.833E-18
1.706E+03  1.574E-28  7.125E-18  2.137E-18  4.987E-18
1.690E+03  1.641E-28  7.358E-18  2.210E-18  5.147E-18
1.675E+03  1.710E-28  7.598E-18  2.286E-18  5.312E-18
1.660E+03  1.783E-28  7.847E-18  2.364E-18  5.483E-18
1.644E+03  1.858E-28  8.105E-18  2.445E-18  5.659E-18
1.629E+03  1.937E-28  8.371E-18  2.529E-18  5.841E-18
1.614E+03  2.019E-28  8.646E-18  2.616E-18  6.029E-18
1.600E+03  2.105E-28  8.930E-18  2.707E-18  6.224E-18
1.585E+03  2.194E-28  9.224E-18  2.800E-18  6.424E-18
1.570E+03  2.287E-28  9.528E-18  2.897E-18  6.632E-18
1.556E+03  2.385E-28  9.843E-18  2.997E-18  6.846E-18
1.542E+03  2.486E-28  1.017E-17  3.101E-18  7.067E-18
1.528E+03  2.592E-28  1.050E-17  3.208E-18  7.295E-18
1.514E+03  2.703E-28  1.085E-17  3.320E-18  7.531E-18
1.500E+03  2.818E-28  1.121E-17  3.435E-18  7.775E-18
1.486E+03  2.938E-28  1.158E-17  3.555E-18  8.027E-18
1.472E+03  3.064E-28  1.197E-17  3.679E-18  8.288E-18
1.459E+03  3.195E-28  1.236E-17  3.807E-18  8.557E-18
1.445E+03  3.332E-28  1.278E-17  3.940E-18  8.836E-18
1.432E+03  3.475E-28  1.320E-17  4.078E-18  9.123E-18
1.419E+03  3.624E-28  1.364E-17  4.221E-18  9.420E-18
1.406E+03  3.779E-28  1.410E-17  4.369E-18  9.727E-18
1.393E+03  3.942E-28  1.457E-17  4.522E-18  1.004E-17
1.380E+03  4.111E-28  1.505E-17  4.681E-18  1.037E-17
1.368E+03  4.288E-28  1.556E-17  4.846E-18  1.071E-17
1.355E+03  4.473E-28  1.608E-17  5.017E-18  1.106E-17
1.343E+03  4.665E-28  1.662E-17  5.194E-18  1.142E-17
1.330E+03  4.866E-28  1.717E-17  5.377E-18  1.180E-17
1.318E+03  5.076E-28  1.775E-17  5.568E-18  1.218E-17
1.306E+03  5.295E-28  1.835E-17  5.765E-18  1.258E-17
1.294E+03  5.524E-28  1.896E-17  5.969E-18  1.299E-17
1.282E+03  5.763E-28  1.960E-17  6.181E-18  1.342E-17
1.271E+03  6.012E-28  2.026E-17  6.400E-18  1.386E-17
1.259E+03  6.272E-28  2.094E-17  6.628E-18  1.432E-17
1.247E+03  6.543E-28  2.165E-17  6.864E-18  1.479E-17
1.236E+03  6.826E-28  2.238E-17  7.108E-18  1.527E-17
1.225E+03  7.122E-28  2.314E-17  7.361E-18  1.577E-17
1.213E+03  7.431E-28  2.392E-17  7.624E-18  1.629E-17
1.202E+03  7.753E-28  2.473E-17  7.896E-18  1.683E-17
1.191E+03  8.089E-28  2.556E-17  8.179E-18  1.738E-17
1.180E+03  8.441E-28  2.643E-17  8.472E-18  1.795E-17
1.169E+03  8.807E-28  2.732E-17  8.775E-18  1.855E-17
1.159E+03  9.190E-28  2.825E-17  9.090E-18  1.916E-17
1.148E+03  9.589E-28  2.921E-17  9.416E-18  1.979E-17
1.138E+03  1.001E-27  3.020E-17  9.754E-18  2.044E-17
1.127E+03  1.044E-27  3.122E-17  1.010E-17  2.112E-17
1.117E+03  1.090E-27  3.228E-17  1.047E-17  2.181E-17
1.107E+03  1.137E-27  3.338E-17  1.085E-17  2.253E-17
1.096E+03  1.187E-27  3.451E-17  1.124E-17  2.328E-17
1.086E+03  1.238E-27  3.569E-17  1.164E-17  2.405E-17
1.076E+03  1.292E-27  3.690E-17  1.206E-17  2.484E-17
1.067E+03  1.349E-27  3.816E-17  1.250E-17  2.566E-17
1.057E+03  1.408E-27  3.946E-17  1.295E-17  2.651E-17
1.047E+03  1.469E-27  4.080E-17  1.342E-17  2.739E-17
1.038E+03  1.533E-27  4.220E-17  1.390E-17  2.829E-17
1.028E+03  1.600E-27  4.364E-17  1.441E-17  2.923E-17
1.019E+03  1.670E-27  4.512E-17  1.493E-17  3.020E-17
1.009E+03  1.743E-27  4.667E-17  1.547E-17  3.120E-17
1.000E+03  1.819E-27  4.826E-17  1.603E-17  3.223E-17
9.908E+02  1.899E-27  4.991E-17  1.661E-17  3.330E-17
9.817E+02  1.982E-27  5.162E-17  1.722E-17  3.440E-17
9.727E+02  2.069E-27  5.339E-17  1.784E-17  3.555E-17
9.638E+02  2.160E-27  5.522E-17  1.849E-17  3.673E-17
9.550E+02  2.255E-27  5.711E-17  1.917E-17  3.795E-17
9.462E+02  2.353E-27  5.907E-17  1.986E-17  3.921E-17
9.376E+02  2.457E-27  6.110E-17  2.059E-17  4.051E-17
9.290E+02  2.565E-27  6.320E-17  2.134E-17  4.186E-17
9.204E+02  2.677E-27  6.537E-17  2.212E-17  4.325E-17
9.120E+02  2.795E-27  6.761E-17  2.292E-17  4.469E-17
9.036E+02  2.918E-27  6.994E-17  2.376E-17  4.618E-17
8.954E+02  3.046E-27  7.234E-17  2.463E-17  4.771E-17
8.872E+02  3.180E-27  7.482E-17  2.553E-17  4.930E-17
8.790E+02  3.319E-27  7.739E-17  2.646E-17  5.093E-17
8.710E+02  3.465E-27  8.005E-17  2.743E-17  5.262E-17
8.630E+02  3.617E-27  8.281E-17  2.843E-17  5.437E-17
8.551E+02  3.776E-27  8.565E-17  2.948E-17  5.618E-17
8.472E+02  3.942E-27  8.860E-17  3.056E-17  5.804E-17
8.395E+02  4.116E-27  9.164E-17  3.168E-17  5.997E-17
8.318E+02  4.297E-27  9.480E-17  3.284E-17  6.196E-17
8.241E+02  4.485E-27  9.806E-17  3.404E-17  6.402E-17
8.166E+02  4.683E-27  1.014E-16  3.529E-17  6.614E-17
8.091E+02  4.889E-27  1.049E-16  3.659E-17  6.833E-17
8.017E+02  5.104E-27  1.085E-16  3.793E-17  7.060E-17
7.943E+02  5.328E-27  1.123E-16  3.932E-17  7.294E-17
7.870E+02  5.562E-27  1.161E-16  4.077E-17  7.536E-17
7.798E+02  5.807E-27  1.201E-16  4.227E-17  7.786E-17
7.727E+02  6.063E-27  1.243E-16  4.382E-17  8.044E-17
7.656E+02  6.329E-27  1.285E-16  4.543E-17  8.311E-17
7.586E+02  6.608E-27  1.330E-16  4.710E-17  8.587E-17
7.516E+02  6.899E-27  1.375E-16  4.884E-17  8.871E-17
7.447E+02  7.203E-27  1.423E-16  5.063E-17  9.167E-17
7.379E+02  7.521E-27  1.472E-16  5.250E-17  9.472E-17
7.311E+02  7.854E-27  1.523E-16  5.443E-17  9.788E-17
7.244E+02  8.201E-27  1.576E-16  5.644E-17  1.012E-16
7.178E+02  8.564E-27  1.631E-16  5.852E-17  1.045E-16
7.112E+02  8.943E-27  1.687E-16  6.067E-17  1.080E-16
7.047E+02  9.339E-27  1.746E-16  6.291E-17  1.117E-16
6.982E+02  9.753E-27  1.806E-16  6.523E-17  1.154E-16
6.918E+02  1.019E-26  1.869E-16  6.764E-17  1.193E-16
6.855E+02  1.064E-26  1.934E-16  7.013E-17  1.233E-16
6.792E+02  1.111E-26  2.002E-16  7.272E-17  1.274E-16
6.730E+02  1.160E-26  2.071E-16  7.540E-17  1.317E-16
6.668E+02  1.212E-26  2.143E-16  7.819E-17  1.361E-16
6.607E+02  1.265E-26  2.218E-16  8.107E-17  1.407E-16
6.546E+02  1.322E-26  2.295E-16  8.407E-17  1.455E-16
6.486E+02  1.381E-26  2.376E-16  8.717E-17  1.504E-16
6.427E+02  1.442E-26  2.459E-16  9.039E-17  1.555E-16
6.368E+02  1.507E-26  2.545E-16  9.373E-17  1.608E-16
6.310E+02  1.574E-26  2.635E-16  9.719E-17  1.663E-16
6.252E+02  1.645E-26  2.727E-16  1.008E-16  1.720E-16
6.194E+02  1.718E-26  2.824E-16  1.045E-16  1.778E-16
6.138E+02  1.795E-26  2.923E-16  1.084E-16  1.839E-16
6.081E+02  1.876E-26  3.026E-16  1.124E-16  1.902E-16
6.026E+02  1.960E-26  3.133E-16  1.165E-16  1.968E-16
5.970E+02  2.048E-26  3.244E-16  1.208E-16  2.035E-16
5.916E+02  2.140E-26  3.359E-16  1.253E-16  2.105E-16
5.861E+02  2.237E-26  3.478E-16  1.300E-16  2.178E-16
5.808E+02  2.337E-26  3.601E-16  1.348E-16  2.253E-16
5.754E+02  2.443E-26  3.729E-16  1.397E-16  2.331E-16
5.702E+02  2.553E-26  3.861E-16  1.449E-16  2.412E-16
5.649E+02  2.668E-26  3.999E-16  1.503E-16  2.496E-16
5.598E+02  2.789E-26  4.141E-16  1.558E-16  2.583E-16
5.546E+02  2.915E-26  4.289E-16  1.616E-16  2.673E-16
5.495E+02  3.047E-26  4.442E-16  1.676E-16  2.766E-16
5.445E+02  3.185E-26  4.601E-16  1.738E-16  2.863E-16
5.395E+02  3.330E-26  4.765E-16  1.802E-16  2.963E-16
5.346E+02  3.481E-26  4.936E-16  1.869E-16  3.067E-16
5.297E+02  3.639E-26  5.113E-16  1.938E-16  3.175E-16
5.248E+02  3.805E-26  5.296E-16  2.010E-16  3.286E-16
5.200E+02  3.978E-26  5.487E-16  2.084E-16  3.402E-16
5.152E+02  4.159E-26  5.684E-16  2.162E-16  3.523E-16
5.105E+02  4.349E-26  5.889E-16  2.242E-16  3.647E-16
5.058E+02  4.547E-26  6.101E-16  2.325E-16  3.776E-16
5.012E+02  4.755E-26  6.321E-16  2.411E-16  3.910E-16
4.966E+02  4.972E-26  6.549E-16  2.500E-16  4.049E-16
4.920E+02  5.199E-26  6.786E-16  2.593E-16  4.193E-16
4.875E+02  5.437E-26  7.031E-16  2.689E-16  4.343E-16
4.831E+02  5.686E-26  7.286E-16  2.788E-16  4.498E-16
4.786E+02  5.947E-26  7.550E-16  2.891E-16  4.659E-16
4.742E+02  6.220E-26  7.824E-16  2.999E-16  4.826E-16
4.699E+02  6.505E-26  8.108E-16  3.110E-16  4.999E-16
4.656E+02  6.804E-26  8.403E-16  3.225E-16  5.178E-16
4.613E+02  7.117E-26  8.709E-16  3.344E-16  5.365E-16
4.571E+02  7.445E-26  9.026E-16  3.468E-16  5.558E-16
4.529E+02  7.788E-26  9.356E-16  3.597E-16  5.759E-16
4.487E+02  8.147E-26  9.697E-16  3.730E-16  5.967E-16
4.446E+02  8.522E-26  1.005E-15  3.868E-16  6.183E-16
4.406E+02  8.915E-26  1.042E-15  4.011E-16  6.407E-16
4.365E+02  9.327E-26  1.080E-15  4.160E-16  6.640E-16
4.325E+02  9.758E-26  1.120E-15  4.314E-16  6.882E-16
4.285E+02  1.021E-25  1.161E-15  4.474E-16  7.132E-16
4.246E+02  1.068E-25  1.203E-15  4.640E-16  7.393E-16
4.207E+02  1.118E-25  1.247E-15  4.812E-16  7.663E-16
4.169E+02  1.170E-25  1.293E-15  4.990E-16  7.944E-16
4.130E+02  1.224E-25  1.341E-15  5.175E-16  8.235E-16
4.093E+02  1.281E-25  1.390E-15  5.366E-16  8.538E-16
4.055E+02  1.340E-25  1.442E-15  5.565E-16  8.852E-16
4.018E+02  1.403E-25  1.495E-15  5.771E-16  9.179E-16
3.981E+02  1.468E-25  1.550E-15  5.985E-16  9.518E-16
3.945E+02  1.537E-25  1.608E-15  6.207E-16  9.871E-16
3.908E+02  1.608E-25  1.667E-15  6.437E-16  1.024E-15
3.873E+02  1.683E-25  1.729E-15  6.675E-16  1.062E-15
3.837E+02  1.762E-25  1.794E-15  6.922E-16  1.101E-15
3.802E+02  1.845E-25  1.860E-15  7.179E-16  1.142E-15
3.767E+02  1.931E-25  1.930E-15  7.444E-16  1.185E-15
3.733E+02  2.022E-25  2.001E-15  7.720E-16  1.229E-15
3.698E+02  2.116E-25  2.076E-15  8.006E-16  1.276E-15
3.664E+02  2.216E-25  2.154E-15  8.302E-16  1.323E-15
3.631E+02  2.320E-25  2.234E-15  8.610E-16  1.373E-15
3.597E+02  2.429E-25  2.318E-15  8.929E-16  1.425E-15
3.565E+02  2.543E-25  2.405E-15  9.259E-16  1.479E-15
3.532E+02  2.663E-25  2.495E-15  9.602E-16  1.535E-15
3.499E+02  2.788E-25  2.588E-15  9.957E-16  1.593E-15
3.467E+02  2.920E-25  2.686E-15  1.033E-15  1.653E-15
3.436E+02  3.058E-25  2.787E-15  1.071E-15  1.716E-15
3.404E+02  3.202E-25  2.891E-15  1.110E-15  1.781E-15
3.373E+02  3.354E-25  3.000E-15  1.152E-15  1.849E-15
3.342E+02  3.512E-25  3.113E-15  1.194E-15  1.919E-15
3.311E+02  3.678E-25  3.231E-15  1.238E-15  1.993E-15
3.281E+02  3.853E-25  3.353E-15  1.284E-15  2.069E-15
3.251E+02  4.035E-25  3.480E-15  1.332E-15  2.148E-15
3.221E+02  4.227E-25  3.611E-15  1.381E-15  2.230E-15
3.192E+02  4.427E-25  3.748E-15  1.432E-15  2.316E-15
3.162E+02  4.638E-25  3.890E-15  1.485E-15  2.405E-15
3.133E+02  4.858E-25  4.038E-15  1.540E-15  2.498E-15
3.105E+02  5.089E-25  4.191E-15  1.597E-15  2.594E-15
3.076E+02  5.332E-25  4.350E-15  1.656E-15  2.694E-15
3.048E+02  5.586E-25  4.516E-15  1.717E-15  2.799E-15
3.020E+02  5.852E-25  4.688E-15  1.781E-15  2.907E-15
2.992E+02  6.131E-25  4.866E-15  1.847E-15  3.020E-15
2.965E+02  6.424E-25  5.052E-15  1.915E-15  3.137E-15
2.938E+02  6.731E-25  5.245E-15  1.986E-15  3.259E-15
2.911E+02  7.052E-25  5.445E-15  2.059E-15  3.386E-15
2.884E+02  7.390E-25  5.653E-15  2.135E-15  3.518E-15
2.858E+02  7.743E-25  5.869E-15  2.214E-15  3.655E-15
2.831E+02  8.114E-25  6.094E-15  2.296E-15  3.798E-15
2.805E+02  8.503E-25  6.328E-15  2.381E-15  3.947E-15
2.780E+02  8.911E-25  6.570E-15  2.469E-15  4.102E-15
2.754E+02  9.339E-25  6.823E-15  2.560E-15  4.263E-15
2.729E+02  9.788E-25  7.085E-15  2.654E-15  4.431E-15
2.704E+02  1.026E-24  7.359E-15  2.752E-15  4.606E-15
2.679E+02  1.075E-24  7.643E-15  2.854E-15  4.789E-15
2.655E+02  1.127E-24  7.938E-15  2.959E-15  4.979E-15
2.630E+02  1.182E-24  8.246E-15  3.069E-15  5.177E-15
2.606E+02  1.239E-24  8.565E-15  3.182E-15  5.383E-15
2.582E+02  1.299E-24  8.897E-15  3.299E-15  5.598E-15
2.559E+02  1.362E-24  9.241E-15  3.421E-15  5.820E-15
2.535E+02  1.427E-24  9.597E-15  3.547E-15  6.050E-15
2.512E+02  1.496E-24  9.966E-15  3.678E-15  6.288E-15
2.489E+02  1.567E-24  1.034E-14  3.814E-15  6.531E-15
2.466E+02  1.641E-24  1.073E-14  3.955E-15  6.777E-15
2.443E+02  1.717E-24  1.113E-14  4.100E-15  7.031E-15
2.421E+02  1.798E-24  1.154E-14  4.252E-15  7.293E-15
2.399E+02  1.881E-24  1.197E-14  4.408E-15  7.563E-15
2.377E+02  1.968E-24  1.241E-14  4.571E-15  7.837E-15
2.355E+02  2.059E-24  1.286E-14  4.739E-15  8.120E-15
2.333E+02  2.153E-24  1.333E-14  4.914E-15  8.414E-15
2.312E+02  2.252E-24  1.381E-14  5.095E-15  8.719E-15
2.291E+02  2.356E-24  1.432E-14  5.283E-15  9.034E-15
2.270E+02  2.464E-24  1.484E-14  5.477E-15  9.361E-15
2.249E+02  2.578E-24  1.538E-14  5.679E-15  9.699E-15
2.228E+02  2.696E-24  1.594E-14  5.888E-15  1.005E-14
2.208E+02  2.821E-24  1.652E-14  6.105E-15  1.041E-14
2.188E+02  2.950E-24  1.712E-14  6.330E-15  1.079E-14
2.168E+02  3.086E-24  1.774E-14  6.563E-15  1.118E-14
2.148E+02  3.228E-24  1.839E-14  6.804E-15  1.159E-14
2.128E+02  3.376E-24  1.906E-14  7.054E-15  1.200E-14
2.109E+02  3.531E-24  1.975E-14  7.314E-15  1.244E-14
2.089E+02  3.694E-24  2.047E-14  7.583E-15  1.289E-14
2.070E+02  3.863E-24  2.121E-14  7.862E-15  1.335E-14
2.051E+02  4.041E-24  2.198E-14  8.151E-15  1.383E-14
2.032E+02  4.226E-24  2.278E-14  8.450E-15  1.433E-14
2.014E+02  4.420E-24  2.361E-14  8.761E-15  1.485E-14
1.995E+02  4.623E-24  2.447E-14  9.083E-15  1.538E-14
1.977E+02  4.835E-24  2.535E-14  9.416E-15  1.594E-14
1.959E+02  5.056E-24  2.627E-14  9.762E-15  1.651E-14
1.941E+02  5.288E-24  2.722E-14  1.012E-14  1.710E-14
1.923E+02  5.530E-24  2.821E-14  1.049E-14  1.772E-14
1.905E+02  5.783E-24  2.923E-14  1.088E-14  1.835E-14
1.888E+02  6.048E-24  3.029E-14  1.128E-14  1.901E-14
1.871E+02  6.325E-24  3.138E-14  1.169E-14  1.969E-14
1.854E+02  6.614E-24  3.252E-14  1.212E-14  2.040E-14
1.837E+02  6.916E-24  3.369E-14  1.256E-14  2.113E-14
1.820E+02  7.233E-24  3.491E-14  1.302E-14  2.189E-14
1.803E+02  7.563E-24  3.617E-14  1.350E-14  2.267E-14
1.786E+02  7.909E-24  3.748E-14  1.400E-14  2.348E-14
1.770E+02  8.270E-24  3.883E-14  1.451E-14  2.432E-14
1.754E+02  8.648E-24  4.023E-14  1.504E-14  2.519E-14
1.738E+02  9.042E-24  4.168E-14  1.559E-14  2.609E-14
1.722E+02  9.455E-24  4.318E-14  1.616E-14  2.702E-14
1.706E+02  9.886E-24  4.474E-14  1.675E-14  2.798E-14
1.690E+02  1.034E-23  4.635E-14  1.737E-14  2.898E-14
1.675E+02  1.081E-23  4.802E-14  1.800E-14  3.001E-14
1.660E+02  1.130E-23  4.974E-14  1.866E-14  3.108E-14
1.644E+02  1.181E-23  5.153E-14  1.934E-14  3.219E-14
1.629E+02  1.235E-23  5.339E-14  2.005E-14  3.334E-14
1.614E+02  1.292E-23  5.531E-14  2.078E-14  3.452E-14
1.600E+02  1.350E-23  5.729E-14  2.154E-14  3.575E-14
1.585E+02  1.412E-23  5.935E-14  2.233E-14  3.702E-14
1.570E+02  1.476E-23  6.148E-14  2.315E-14  3.833E-14
1.556E+02  1.543E-23  6.369E-14  2.399E-14  3.970E-14
1.542E+02  1.613E-23  6.597E-14  2.487E-14  4.110E-14
1.528E+02  1.687E-23  6.834E-14  2.578E-14  4.256E-14
1.514E+02  1.763E-23  7.079E-14  2.672E-14  4.407E-14
1.500E+02  1.843E-23  7.331E-14  2.769E-14  4.562E-14
1.486E+02  1.927E-23  7.594E-14  2.870E-14  4.723E-14
1.472E+02  2.014E-23  7.866E-14  2.975E-14  4.891E-14
1.459E+02  2.105E-23  8.147E-14  3.083E-14  5.064E-14
1.445E+02  2.201E-23  8.439E-14  3.196E-14  5.243E-14
1.432E+02  2.301E-23  8.741E-14  3.312E-14  5.429E-14
1.419E+02  2.405E-23  9.054E-14  3.433E-14  5.621E-14
1.406E+02  2.514E-23  9.378E-14  3.558E-14  5.820E-14
1.393E+02  2.628E-23  9.713E-14  3.687E-14  6.026E-14
1.380E+02  2.747E-23  1.006E-13  3.821E-14  6.239E-14
1.368E+02  2.872E-23  1.042E-13  3.960E-14  6.459E-14
1.355E+02  3.002E-23  1.079E-13  4.105E-14  6.687E-14
1.343E+02  3.138E-23  1.118E-13  4.254E-14  6.923E-14
1.330E+02  3.280E-23  1.158E-13  4.408E-14  7.167E-14
1.318E+02  3.426E-23  1.198E-13  4.569E-14  7.411E-14
1.306E+02  3.581E-23  1.241E-13  4.735E-14  7.671E-14
1.294E+02  3.742E-23  1.285E-13  4.907E-14  7.939E-14
1.282E+02  3.911E-23  1.330E-13  5.085E-14  8.218E-14
1.271E+02  4.087E-23  1.378E-13  5.269E-14  8.506E-14
1.259E+02  4.272E-23  1.427E-13  5.461E-14  8.805E-14
1.247E+02  4.464E-23  1.477E-13  5.659E-14  9.113E-14
1.236E+02  4.666E-23  1.530E-13  5.864E-14  9.433E-14
1.225E+02  4.876E-23  1.584E-13  6.076E-14  9.763E-14
1.213E+02  5.096E-23  1.640E-13  6.297E-14  1.010E-13
1.202E+02  5.325E-23  1.698E-13  6.525E-14  1.046E-13
1.191E+02  5.565E-23  1.758E-13  6.761E-14  1.082E-13
1.180E+02  5.815E-23  1.821E-13  7.006E-14  1.120E-13
1.169E+02  6.077E-23  1.885E-13  7.259E-14  1.159E-13
1.159E+02  6.349E-23  1.952E-13  7.522E-14  1.199E-13
1.148E+02  6.629E-23  2.019E-13  7.794E-14  1.240E-13
1.138E+02  6.924E-23  2.089E-13  8.076E-14  1.282E-13
1.127E+02  7.234E-23  2.163E-13  8.367E-14  1.326E-13
1.117E+02  7.559E-23  2.239E-13  8.670E-14  1.372E-13
1.107E+02  7.898E-23  2.318E-13  8.983E-14  1.420E-13
1.096E+02  8.252E-23  2.400E-13  9.307E-14  1.470E-13
1.086E+02  8.623E-23  2.485E-13  9.643E-14  1.521E-13
1.076E+02  9.009E-23  2.573E-13  9.991E-14  1.574E-13
1.067E+02  9.413E-23  2.663E-13  1.035E-13  1.628E-13
1.057E+02  9.835E-23  2.757E-13  1.072E-13  1.685E-13
1.047E+02  1.028E-22  2.854E-13  1.111E-13  1.743E-13
1.038E+02  1.074E-22  2.955E-13  1.151E-13  1.804E-13
1.028E+02  1.122E-22  3.059E-13  1.192E-13  1.866E-13
1.019E+02  1.172E-22  3.166E-13  1.235E-13  1.931E-13
1.009E+02  1.224E-22  3.277E-13  1.280E-13  1.997E-13
1.000E+02  1.279E-22  3.392E-13  1.326E-13  2.066E-13
9.908E+01  1.336E-22  3.511E-13  1.373E-13  2.138E-13
9.817E+01  1.395E-22  3.634E-13  1.423E-13  2.211E-13
9.727E+01  1.458E-22  3.761E-13  1.474E-13  2.288E-13
9.638E+01  1.522E-22  3.891E-13  1.526E-13  2.364E-13
9.550E+01  1.589E-22  4.026E-13  1.581E-13  2.445E-13
9.462E+01  1.660E-22  4.166E-13  1.638E-13  2.529E-13
9.376E+01  1.734E-22  4.312E-13  1.696E-13  2.616E-13
9.290E+01  1.811E-22  4.462E-13  1.757E-13  2.705E-13
9.204E+01  1.891E-22  4.618E-13  1.819E-13  2.798E-13
9.120E+01  1.975E-22  4.778E-13  1.884E-13  2.894E-13
9.036E+01  2.063E-22  4.945E-13  1.952E-13  2.993E-13
8.954E+01  2.154E-22  5.117E-13  2.021E-13  3.095E-13
8.872E+01  2.250E-22  5.294E-13  2.093E-13  3.201E-13
8.790E+01  2.350E-22  5.478E-13  2.168E-13  3.311E-13
8.710E+01  2.454E-22  5.669E-13  2.245E-13  3.424E-13
8.630E+01  2.562E-22  5.865E-13  2.325E-13  3.540E-13
8.551E+01  2.675E-22  6.068E-13  2.407E-13  3.661E-13
8.472E+01  2.794E-22  6.278E-13  2.493E-13  3.786E-13
8.395E+01  2.917E-22  6.495E-13  2.581E-13  3.914E-13
8.318E+01  3.045E-22  6.719E-13  2.673E-13  4.047E-13
8.241E+01  3.177E-22  6.945E-13  2.767E-13  4.178E-13
8.166E+01  3.317E-22  7.185E-13  2.865E-13  4.319E-13
8.091E+01  3.463E-22  7.433E-13  2.967E-13  4.466E-13
8.017E+01  3.616E-22  7.689E-13  3.072E-13  4.617E-13
7.943E+01  3.775E-22  7.953E-13  3.180E-13  4.773E-13
7.870E+01  3.940E-22  8.226E-13  3.293E-13  4.934E-13
7.798E+01  4.113E-22  8.508E-13  3.409E-13  5.100E-13
7.727E+01  4.294E-22  8.800E-13  3.529E-13  5.271E-13
7.656E+01  4.482E-22  9.103E-13  3.653E-13  5.449E-13
7.586E+01  4.679E-22  9.415E-13  3.782E-13  5.633E-13
7.516E+01  4.884E-22  9.737E-13  3.915E-13  5.822E-13
7.447E+01  5.098E-22  1.007E-12  4.052E-13  6.018E-13
7.379E+01  5.320E-22  1.041E-12  4.195E-13  6.219E-13
7.311E+01  5.552E-22  1.077E-12  4.342E-13  6.425E-13
7.244E+01  5.793E-22  1.113E-12  4.494E-13  6.638E-13
7.178E+01  6.045E-22  1.151E-12  4.652E-13  6.859E-13
7.112E+01  6.308E-22  1.190E-12  4.814E-13  7.086E-13
7.047E+01  6.583E-22  1.231E-12  4.983E-13  7.323E-13
6.982E+01  6.867E-22  1.272E-12  5.157E-13  7.562E-13
6.918E+01  7.166E-22  1.315E-12  5.337E-13  7.813E-13
6.855E+01  7.470E-22  1.358E-12  5.523E-13  8.061E-13
6.792E+01  7.793E-22  1.404E-12  5.715E-13  8.326E-13
6.730E+01  8.130E-22  1.451E-12  5.914E-13  8.600E-13
6.668E+01  8.482E-22  1.500E-12  6.120E-13  8.883E-13
6.607E+01  8.848E-22  1.551E-12  6.332E-13  9.174E-13
6.546E+01  9.230E-22  1.603E-12  6.552E-13  9.476E-13
6.486E+01  9.628E-22  1.657E-12  6.779E-13  9.786E-13
6.427E+01  1.004E-21  1.712E-12  7.014E-13  1.011E-12
6.368E+01  1.047E-21  1.769E-12  7.256E-13  1.043E-12
6.310E+01  1.092E-21  1.828E-12  7.507E-13  1.078E-12
6.252E+01  1.139E-21  1.889E-12  7.766E-13  1.113E-12
6.194E+01  1.188E-21  1.952E-12  8.034E-13  1.148E-12
6.138E+01  1.239E-21  2.017E-12  8.311E-13  1.185E-12
6.081E+01  1.292E-21  2.084E-12  8.597E-13  1.224E-12
6.026E+01  1.347E-21  2.153E-12  8.892E-13  1.264E-12
5.970E+01  1.404E-21  2.224E-12  9.198E-13  1.304E-12
5.916E+01  1.464E-21  2.298E-12  9.513E-13  1.346E-12
5.861E+01  1.526E-21  2.373E-12  9.839E-13  1.389E-12
5.808E+01  1.590E-21  2.450E-12  1.018E-12  1.433E-12
5.754E+01  1.658E-21  2.530E-12  1.052E-12  1.478E-12
5.702E+01  1.728E-21  2.613E-12  1.088E-12  1.525E-12
5.649E+01  1.801E-21  2.698E-12  1.125E-12  1.573E-12
5.598E+01  1.876E-21  2.786E-12  1.164E-12  1.622E-12
5.546E+01  1.955E-21  2.877E-12  1.203E-12  1.673E-12
5.495E+01  2.038E-21  2.970E-12  1.244E-12  1.726E-12
5.445E+01  2.123E-21  3.067E-12  1.286E-12  1.781E-12
5.395E+01  2.213E-21  3.167E-12  1.330E-12  1.837E-12
5.346E+01  2.305E-21  3.269E-12  1.375E-12  1.894E-12
5.297E+01  2.402E-21  3.375E-12  1.421E-12  1.953E-12
5.248E+01  2.502E-21  3.483E-12  1.469E-12  2.014E-12
5.200E+01  2.607E-21  3.596E-12  1.519E-12  2.077E-12
5.152E+01  2.714E-21  3.709E-12  1.570E-12  2.139E-12
5.105E+01  2.826E-21  3.827E-12  1.622E-12  2.205E-12
5.058E+01  2.943E-21  3.949E-12  1.677E-12  2.272E-12
5.012E+01  3.065E-21  4.075E-12  1.733E-12  2.342E-12
4.966E+01  3.192E-21  4.204E-12  1.791E-12  2.413E-12
4.920E+01  3.323E-21  4.337E-12  1.851E-12  2.487E-12
4.875E+01  3.460E-21  4.474E-12  1.912E-12  2.562E-12
4.831E+01  3.601E-21  4.614E-12  1.976E-12  2.638E-12
4.786E+01  3.748E-21  4.759E-12  2.042E-12  2.717E-12
4.742E+01  3.902E-21  4.908E-12  2.110E-12  2.799E-12
4.699E+01  4.061E-21  5.062E-12  2.179E-12  2.883E-12
4.656E+01  4.226E-21  5.219E-12  2.251E-12  2.967E-12
4.613E+01  4.397E-21  5.381E-12  2.326E-12  3.055E-12
4.571E+01  4.576E-21  5.548E-12  2.402E-12  3.146E-12
4.529E+01  4.761E-21  5.719E-12  2.481E-12  3.238E-12
4.487E+01  4.953E-21  5.896E-12  2.563E-12  3.333E-12
4.446E+01  5.154E-21  6.078E-12  2.647E-12  3.431E-12
4.406E+01  5.362E-21  6.266E-12  2.734E-12  3.532E-12
4.365E+01  5.577E-21  6.458E-12  2.823E-12  3.635E-12
4.325E+01  5.801E-21  6.656E-12  2.915E-12  3.741E-12
4.285E+01  6.032E-21  6.857E-12  3.010E-12  3.847E-12
4.246E+01  6.273E-21  7.065E-12  3.108E-12  3.958E-12
4.207E+01  6.523E-21  7.280E-12  3.208E-12  4.071E-12
4.169E+01  6.782E-21  7.500E-12  3.312E-12  4.188E-12
4.130E+01  7.051E-21  7.726E-12  3.419E-12  4.307E-12
4.093E+01  7.329E-21  7.956E-12  3.529E-12  4.427E-12
4.055E+01  7.618E-21  8.194E-12  3.643E-12  4.551E-12
4.018E+01  7.917E-21  8.438E-12  3.760E-12  4.678E-12
3.981E+01  8.226E-21  8.687E-12  3.880E-12  4.806E-12
3.945E+01  8.548E-21  8.944E-12  4.005E-12  4.939E-12
3.908E+01  8.881E-21  9.207E-12  4.133E-12  5.074E-12
3.873E+01  9.226E-21  9.477E-12  4.264E-12  5.212E-12
3.837E+01  9.583E-21  9.754E-12  4.400E-12  5.354E-12
3.802E+01  9.954E-21  1.004E-11  4.540E-12  5.498E-12
3.767E+01  1.034E-20  1.033E-11  4.684E-12  5.645E-12
3.733E+01  1.073E-20  1.062E-11  4.833E-12  5.791E-12
3.698E+01  1.114E-20  1.093E-11  4.986E-12  5.940E-12
3.664E+01  1.156E-20  1.124E-11  5.143E-12  6.093E-12
3.631E+01  1.200E-20  1.155E-11  5.306E-12  6.249E-12
3.597E+01  1.245E-20  1.188E-11  5.473E-12  6.409E-12
3.565E+01  1.292E-20  1.222E-11  5.646E-12  6.572E-12
3.532E+01  1.341E-20  1.256E-11  5.823E-12  6.738E-12
3.499E+01  1.391E-20  1.292E-11  6.007E-12  6.909E-12
3.467E+01  1.444E-20  1.328E-11  6.195E-12  7.083E-12
3.436E+01  1.498E-20  1.365E-11  6.390E-12  7.262E-12
3.404E+01  1.554E-20  1.404E-11  6.591E-12  7.445E-12
3.373E+01  1.613E-20  1.443E-11  6.798E-12  7.631E-12
3.342E+01  1.673E-20  1.483E-11  7.011E-12  7.822E-12
3.311E+01  1.737E-20  1.525E-11  7.231E-12  8.022E-12
3.281E+01  1.802E-20  1.568E-11  7.458E-12  8.227E-12
3.251E+01  1.870E-20  1.613E-11  7.692E-12  8.435E-12
3.221E+01  1.941E-20  1.658E-11  7.934E-12  8.649E-12
3.192E+01  2.014E-20  1.705E-11  8.183E-12  8.868E-12
3.162E+01  2.090E-20  1.753E-11  8.441E-12  9.092E-12
3.133E+01  2.169E-20  1.803E-11  8.707E-12  9.321E-12
3.105E+01  2.251E-20  1.854E-11  8.981E-12  9.555E-12
3.076E+01  2.336E-20  1.906E-11  9.265E-12  9.795E-12
3.048E+01  2.424E-20  1.960E-11  9.558E-12  1.004E-11
3.020E+01  2.516E-20  2.015E-11  9.860E-12  1.029E-11
2.992E+01  2.610E-20  2.072E-11  1.017E-11  1.055E-11
2.965E+01  2.708E-20  2.130E-11  1.050E-11  1.080E-11
2.938E+01  2.810E-20  2.190E-11  1.083E-11  1.107E-11
2.911E+01  2.915E-20  2.251E-11  1.118E-11  1.133E-11
2.884E+01  3.025E-20  2.314E-11  1.153E-11  1.161E-11
2.858E+01  3.139E-20  2.379E-11  1.190E-11  1.189E-11
2.831E+01  3.256E-20  2.446E-11  1.229E-11  1.217E-11
2.805E+01  3.379E-20  2.514E-11  1.268E-11  1.246E-11
2.780E+01  3.506E-20  2.585E-11  1.309E-11  1.276E-11
2.754E+01  3.638E-20  2.658E-11  1.352E-11  1.306E-11
2.729E+01  3.775E-20  2.732E-11  1.396E-11  1.337E-11
2.704E+01  3.917E-20  2.809E-11  1.441E-11  1.368E-11
2.679E+01  4.065E-20  2.889E-11  1.489E-11  1.400E-11
2.655E+01  4.218E-20  2.970E-11  1.537E-11  1.433E-11
2.630E+01  4.378E-20  3.054E-11  1.588E-11  1.466E-11
2.606E+01  4.543E-20  3.141E-11  1.641E-11  1.500E-11
2.582E+01  4.715E-20  3.230E-11  1.695E-11  1.535E-11
2.559E+01  4.894E-20  3.321E-11  1.752E-11  1.570E-11
2.535E+01  5.079E-20  3.416E-11  1.810E-11  1.606E-11
2.512E+01  5.272E-20  3.513E-11  1.871E-11  1.642E-11
2.489E+01  5.472E-20  3.613E-11  1.934E-11  1.679E-11
2.466E+01  5.680E-20  3.715E-11  1.999E-11  1.716E-11
2.443E+01  5.895E-20  3.821E-11  2.067E-11  1.754E-11
2.421E+01  6.117E-20  3.928E-11  2.137E-11  1.792E-11
2.399E+01  6.346E-20  4.038E-11  2.209E-11  1.829E-11
2.377E+01  6.585E-20  4.152E-11  2.285E-11  1.867E-11
2.355E+01  6.837E-20  4.271E-11  2.363E-11  1.908E-11
2.333E+01  7.097E-20  4.393E-11  2.444E-11  1.949E-11
2.312E+01  7.362E-20  4.515E-11  2.528E-11  1.987E-11
2.291E+01  7.639E-20  4.642E-11  2.615E-11  2.027E-11
2.270E+01  7.933E-20  4.776E-11  2.706E-11  2.071E-11
2.249E+01  8.242E-20  4.917E-11  2.799E-11  2.118E-11
2.228E+01  8.566E-20  5.064E-11  2.897E-11  2.167E-11
2.208E+01  8.901E-20  5.213E-11  2.997E-11  2.216E-11
2.188E+01  9.241E-20  5.363E-11  3.102E-11  2.261E-11
2.168E+01  9.592E-20  5.515E-11  3.211E-11  2.305E-11
2.148E+01  9.955E-20  5.672E-11  3.323E-11  2.349E-11
2.128E+01  1.034E-19  5.836E-11  3.440E-11  2.396E-11
2.109E+01  1.074E-19  6.008E-11  3.561E-11  2.447E-11
2.089E+01  1.116E-19  6.184E-11  3.688E-11  2.496E-11
2.070E+01  1.159E-19  6.363E-11  3.819E-11  2.544E-11
2.051E+01  1.203E-19  6.547E-11  3.955E-11  2.592E-11
2.032E+01  1.250E-19  6.739E-11  4.097E-11  2.642E-11
2.014E+01  1.301E-19  6.949E-11  4.246E-11  2.703E-11
1.995E+01  1.354E-19  7.166E-11  4.403E-11  2.763E-11
1.977E+01  1.409E-19  7.391E-11  4.570E-11  2.821E-11
1.959E+01  1.467E-19  7.625E-11  4.751E-11  2.874E-11
1.941E+01  1.530E-19  7.879E-11  4.957E-11  2.921E-11
1.923E+01  1.604E-19  8.184E-11  5.222E-11  2.962E-11
1.905E+01  1.712E-19  8.653E-11  5.657E-11  2.996E-11
1.888E+01  1.814E-19  9.086E-11  6.064E-11  3.022E-11
1.871E+01  1.815E-19  9.004E-11  5.966E-11  3.039E-11
1.854E+01  1.856E-19  9.124E-11  6.078E-11  3.046E-11
1.837E+01  1.923E-19  9.368E-11  6.324E-11  3.045E-11
1.820E+01  2.010E-19  9.702E-11  6.668E-11  3.034E-11
1.803E+01  2.133E-19  1.020E-10  7.186E-11  3.016E-11
1.786E+01  2.307E-19  1.093E-10  7.943E-11  2.989E-11
1.770E+01  2.395E-19  1.125E-10  8.292E-11  2.954E-11
1.754E+01  2.585E-19  1.203E-10  9.119E-11  2.908E-11
1.738E+01  2.955E-19  1.362E-10  1.077E-10  2.856E-11
1.722E+01  3.006E-19  1.373E-10  1.093E-10  2.798E-11
1.706E+01  3.111E-19  1.408E-10  1.134E-10  2.737E-11
1.690E+01  3.134E-19  1.405E-10  1.138E-10  2.673E-11
1.675E+01  3.105E-19  1.380E-10  1.119E-10  2.605E-11
1.660E+01  3.232E-19  1.423E-10  1.170E-10  2.532E-11
1.644E+01  3.764E-19  1.642E-10  1.396E-10  2.456E-11
1.629E+01  3.086E-19  1.334E-10  1.096E-10  2.379E-11
1.614E+01  2.836E-19  1.214E-10  9.840E-11  2.303E-11
1.600E+01  2.789E-19  1.183E-10  9.605E-11  2.228E-11
1.585E+01  2.782E-19  1.170E-10  9.542E-11  2.154E-11
1.570E+01  2.759E-19  1.149E-10  9.414E-11  2.081E-11
1.556E+01  2.768E-19  1.142E-10  9.414E-11  2.010E-11
1.542E+01  2.794E-19  1.142E-10  9.484E-11  1.941E-11
1.528E+01  2.830E-19  1.147E-10  9.594E-11  1.875E-11
1.514E+01  2.876E-19  1.155E-10  9.734E-11  1.812E-11
1.500E+01  2.930E-19  1.166E-10  9.905E-11  1.753E-11
1.486E+01  2.996E-19  1.181E-10  1.011E-10  1.695E-11
1.472E+01  3.076E-19  1.201E-10  1.038E-10  1.639E-11
1.459E+01  3.185E-19  1.233E-10  1.074E-10  1.586E-11
1.445E+01  3.354E-19  1.286E-10  1.132E-10  1.542E-11
1.432E+01  3.652E-19  1.387E-10  1.237E-10  1.507E-11
1.419E+01  4.000E-19  1.506E-10  1.357E-10  1.482E-11
1.406E+01  3.988E-19  1.487E-10  1.340E-10  1.471E-11
1.393E+01  4.058E-19  1.500E-10  1.352E-10  1.475E-11
1.380E+01  4.374E-19  1.601E-10  1.452E-10  1.492E-11
1.368E+01  4.948E-19  1.795E-10  1.643E-10  1.523E-11
1.355E+01  5.674E-19  2.040E-10  1.883E-10  1.563E-11
1.343E+01  6.011E-19  2.141E-10  1.980E-10  1.609E-11
1.330E+01  5.879E-19  2.075E-10  1.909E-10  1.658E-11
1.318E+01  5.909E-19  2.066E-10  1.895E-10  1.710E-11
1.306E+01  6.388E-19  2.213E-10  2.037E-10  1.762E-11
1.294E+01  7.470E-19  2.564E-10  2.383E-10  1.817E-11
1.282E+01  9.371E-19  3.188E-10  3.000E-10  1.879E-11
1.271E+01  1.183E-18  3.987E-10  3.793E-10  1.945E-11
1.259E+01  1.291E-18  4.312E-10  4.111E-10  2.012E-11
1.247E+01  1.166E-18  3.858E-10  3.650E-10  2.080E-11
1.236E+01  1.028E-18  3.369E-10  3.154E-10  2.147E-11
1.225E+01  9.968E-19  3.238E-10  3.017E-10  2.210E-11
1.213E+01  1.071E-18  3.447E-10  3.219E-10  2.280E-11
1.202E+01  1.169E-18  3.730E-10  3.494E-10  2.358E-11
1.191E+01  1.160E-18  3.664E-10  3.421E-10  2.437E-11
1.180E+01  1.084E-18  3.394E-10  3.142E-10  2.516E-11
1.169E+01  1.084E-18  3.363E-10  3.104E-10  2.592E-11
1.159E+01  1.252E-18  3.847E-10  3.582E-10  2.658E-11
1.148E+01  1.709E-18  5.204E-10  4.932E-10  2.723E-11
1.138E+01  2.483E-18  7.494E-10  7.215E-10  2.794E-11
1.127E+01  3.363E-18  1.005E-09  9.767E-10  2.869E-11
1.117E+01  2.452E-18  7.264E-10  6.969E-10  2.950E-11
1.107E+01  1.329E-18  3.902E-10  3.599E-10  3.032E-11
1.096E+01  9.599E-19  2.792E-10  2.481E-10  3.109E-11
1.086E+01  7.943E-19  2.289E-10  1.970E-10  3.190E-11
1.076E+01  7.121E-19  2.033E-10  1.705E-10  3.282E-11
1.067E+01  6.687E-19  1.892E-10  1.553E-10  3.386E-11
1.057E+01  6.314E-19  1.770E-10  1.420E-10  3.500E-11
1.047E+01  6.106E-19  1.696E-10  1.335E-10  3.606E-11
1.038E+01  6.002E-19  1.652E-10  1.283E-10  3.689E-11
1.028E+01  5.957E-19  1.624E-10  1.250E-10  3.741E-11
1.019E+01  5.951E-19  1.608E-10  1.231E-10  3.766E-11
1.009E+01  5.979E-19  1.601E-10  1.223E-10  3.777E-11
1.000E+01  6.041E-19  1.603E-10  1.224E-10  3.786E-11
9.908E+00  6.139E-19  1.613E-10  1.233E-10  3.803E-11
9.817E+00  6.270E-19  1.633E-10  1.251E-10  3.822E-11
9.727E+00  6.437E-19  1.661E-10  1.277E-10  3.842E-11
9.638E+00  6.641E-19  1.698E-10  1.312E-10  3.857E-11
9.550E+00  6.882E-19  1.743E-10  1.359E-10  3.845E-11
9.462E+00  7.164E-19  1.798E-10  1.419E-10  3.795E-11
9.376E+00  7.500E-19  1.865E-10  1.496E-10  3.696E-11
9.290E+00  7.911E-19  1.949E-10  1.595E-10  3.546E-11
9.204E+00  8.437E-19  2.060E-10  1.725E-10  3.349E-11
9.120E+00  9.144E-19  2.212E-10  1.900E-10  3.117E-11
9.036E+00  1.015E-18  2.432E-10  2.145E-10  2.864E-11
8.954E+00  1.165E-18  2.766E-10  2.505E-10  2.610E-11
8.872E+00  1.402E-18  3.300E-10  3.063E-10  2.370E-11
8.790E+00  1.794E-18  4.183E-10  3.967E-10  2.152E-11
8.710E+00  2.401E-18  5.546E-10  5.350E-10  1.960E-11
8.630E+00  2.996E-18  6.858E-10  6.678E-10  1.793E-11
8.551E+00  2.990E-18  6.782E-10  6.617E-10  1.648E-11
8.472E+00  2.658E-18  5.974E-10  5.823E-10  1.512E-11
8.395E+00  2.509E-18  5.587E-10  5.449E-10  1.377E-11
8.318E+00  2.551E-18  5.627E-10  5.504E-10  1.234E-11
8.241E+00  2.718E-18  5.943E-10  5.834E-10  1.085E-11
8.166E+00  3.067E-18  6.643E-10  6.550E-10  9.330E-12
8.091E+00  3.697E-18  7.935E-10  7.856E-10  7.967E-12
8.017E+00  4.695E-18  9.985E-10  9.917E-10  6.755E-12
7.943E+00  6.023E-18  1.269E-09  1.263E-09  5.713E-12
7.870E+00  7.246E-18  1.513E-09  1.508E-09  4.822E-12
7.798E+00  7.798E-18  1.613E-09  1.609E-09  4.071E-12
7.727E+00  8.006E-18  1.641E-09  1.637E-09  3.457E-12
7.656E+00  8.424E-18  1.711E-09  1.708E-09  2.961E-12
7.586E+00  8.366E-18  1.683E-09  1.681E-09  2.565E-12
7.516E+00  7.177E-18  1.431E-09  1.429E-09  2.263E-12
7.447E+00  5.765E-18  1.139E-09  1.137E-09  2.040E-12
7.379E+00  4.715E-18  9.230E-10  9.211E-10  1.869E-12
7.311E+00  3.985E-18  7.728E-10  7.711E-10  1.748E-12
7.244E+00  3.450E-18  6.629E-10  6.612E-10  1.655E-12
7.178E+00  3.039E-18  5.786E-10  5.770E-10  1.579E-12
7.112E+00  2.724E-18  5.138E-10  5.123E-10  1.523E-12
7.047E+00  2.493E-18  4.660E-10  4.645E-10  1.480E-12
6.982E+00  2.344E-18  4.342E-10  4.328E-10  1.439E-12
6.918E+00  2.278E-18  4.180E-10  4.166E-10  1.404E-12
6.855E+00  2.290E-18  4.164E-10  4.150E-10  1.372E-12
6.792E+00  2.361E-18  4.254E-10  4.241E-10  1.341E-12
6.730E+00  2.435E-18  4.346E-10  4.333E-10  1.311E-12
6.668E+00  2.441E-18  4.317E-10  4.304E-10  1.282E-12
6.607E+00  2.376E-18  4.163E-10  4.151E-10  1.253E-12
6.546E+00  2.327E-18  4.040E-10  4.028E-10  1.225E-12
6.486E+00  2.412E-18  4.150E-10  4.138E-10  1.197E-12
6.427E+00  2.773E-18  4.727E-10  4.716E-10  1.169E-12
6.368E+00  3.678E-18  6.212E-10  6.201E-10  1.142E-12
6.310E+00  5.695E-18  9.531E-10  9.520E-10  1.114E-12
6.252E+00  9.003E-18  1.493E-09  1.492E-09  1.087E-12
6.194E+00  9.255E-18  1.521E-09  1.520E-09  1.060E-12
6.138E+00  5.849E-18  9.522E-10  9.512E-10  1.032E-12
6.081E+00  3.531E-18  5.696E-10  5.686E-10  1.006E-12
6.026E+00  2.383E-18  3.809E-10  3.799E-10  9.800E-13
5.970E+00  1.800E-18  2.851E-10  2.842E-10  9.552E-13
5.916E+00  1.499E-18  2.353E-10  2.344E-10  9.313E-13
5.861E+00  1.374E-18  2.136E-10  2.127E-10  9.085E-13
5.808E+00  1.405E-18  2.165E-10  2.156E-10  8.866E-13
5.754E+00  1.600E-18  2.442E-10  2.433E-10  8.657E-13
5.702E+00  1.747E-18  2.642E-10  2.634E-10  8.457E-13
5.649E+00  1.491E-18  2.234E-10  2.226E-10  8.265E-13
5.598E+00  1.148E-18  1.704E-10  1.696E-10  8.082E-13
5.546E+00  9.367E-19  1.378E-10  1.370E-10  7.907E-13
5.495E+00  8.272E-19  1.206E-10  1.198E-10  7.740E-13
5.445E+00  7.847E-19  1.133E-10  1.126E-10  7.582E-13
5.395E+00  8.035E-19  1.150E-10  1.143E-10  7.429E-13
5.346E+00  9.026E-19  1.280E-10  1.273E-10  7.284E-13
5.297E+00  1.062E-18  1.493E-10  1.485E-10  7.144E-13
5.248E+00  1.051E-18  1.463E-10  1.456E-10  7.010E-13
5.200E+00  8.423E-19  1.162E-10  1.155E-10  6.882E-13
5.152E+00  6.783E-19  9.271E-11  9.203E-11  6.760E-13
5.105E+00  5.844E-19  7.914E-11  7.847E-11  6.643E-13
5.058E+00  5.293E-19  7.102E-11  7.036E-11  6.531E-13
5.012E+00  4.941E-19  6.569E-11  6.505E-11  6.424E-13
4.966E+00  4.699E-19  6.190E-11  6.127E-11  6.323E-13
4.920E+00  4.522E-19  5.901E-11  5.839E-11  6.225E-13
4.875E+00  4.386E-19  5.672E-11  5.611E-11  6.130E-13
4.831E+00  4.279E-19  5.482E-11  5.422E-11  6.039E-13
4.786E+00  4.192E-19  5.322E-11  5.262E-11  5.950E-13
4.742E+00  4.120E-19  5.183E-11  5.125E-11  5.865E-13
4.699E+00  4.061E-19  5.062E-11  5.004E-11  5.783E-13
4.656E+00  4.011E-19  4.954E-11  4.897E-11  5.704E-13
4.613E+00  3.970E-19  4.857E-11  4.801E-11  5.627E-13
4.571E+00  3.934E-19  4.770E-11  4.714E-11  5.552E-13
4.529E+00  3.904E-19  4.690E-11  4.636E-11  5.480E-13
4.487E+00  3.879E-19  4.618E-11  4.564E-11  5.409E-13
4.446E+00  3.859E-19  4.551E-11  4.498E-11  5.341E-13
4.406E+00  3.842E-19  4.490E-11  4.437E-11  5.275E-13
4.365E+00  3.828E-19  4.433E-11  4.381E-11  5.212E-13
4.325E+00  3.818E-19  4.380E-11  4.329E-11  5.150E-13
4.285E+00  3.810E-19  4.332E-11  4.281E-11  5.090E-13
4.246E+00  3.806E-19  4.286E-11  4.236E-11  5.030E-13
4.207E+00  3.803E-19  4.245E-11  4.195E-11  4.972E-13
4.169E+00  3.804E-19  4.206E-11  4.157E-11  4.915E-13
4.130E+00  3.807E-19  4.171E-11  4.122E-11  4.859E-13
4.093E+00  3.812E-19  4.138E-11  4.090E-11  4.801E-13
4.055E+00  3.819E-19  4.108E-11  4.061E-11  4.743E-13
4.018E+00  3.830E-19  4.082E-11  4.035E-11  4.687E-13
3.981E+00  3.844E-19  4.059E-11  4.013E-11  4.631E-13
3.945E+00  3.861E-19  4.040E-11  3.994E-11  4.576E-13
3.908E+00  3.882E-19  4.025E-11  3.980E-11  4.521E-13
3.873E+00  3.909E-19  4.015E-11  3.970E-11  4.467E-13
3.837E+00  3.941E-19  4.011E-11  3.967E-11  4.415E-13
3.802E+00  3.980E-19  4.014E-11  3.970E-11  4.364E-13
3.767E+00  4.028E-19  4.025E-11  3.982E-11  4.313E-13
3.733E+00  4.089E-19  4.048E-11  4.005E-11  4.264E-13
3.698E+00  4.164E-19  4.085E-11  4.043E-11  4.214E-13
3.664E+00  4.261E-19  4.142E-11  4.100E-11  4.166E-13
3.631E+00  4.387E-19  4.225E-11  4.184E-11  4.118E-13
3.597E+00  4.555E-19  4.346E-11  4.306E-11  4.070E-13
3.565E+00  4.785E-19  4.524E-11  4.484E-11  4.023E-13
3.532E+00  5.114E-19  4.791E-11  4.751E-11  3.977E-13
3.499E+00  5.606E-19  5.203E-11  5.164E-11  3.930E-13
3.467E+00  6.388E-19  5.876E-11  5.837E-11  3.885E-13
3.436E+00  7.747E-19  7.060E-11  7.022E-11  3.839E-13
3.404E+00  1.042E-18  9.406E-11  9.368E-11  3.794E-13
3.373E+00  1.678E-18  1.501E-10  1.498E-10  3.749E-13
3.342E+00  3.788E-18  3.358E-10  3.354E-10  3.704E-13
3.311E+00  1.428E-17  1.254E-09  1.254E-09  3.659E-13
3.281E+00  9.814E-18  8.541E-10  8.538E-10  3.614E-13
3.251E+00  2.848E-18  2.456E-10  2.452E-10  3.569E-13
3.221E+00  1.389E-18  1.187E-10  1.183E-10  3.522E-13
3.192E+00  9.057E-19  7.667E-11  7.633E-11  3.476E-13
3.162E+00  6.924E-19  5.808E-11  5.774E-11  3.431E-13
3.133E+00  5.805E-19  4.824E-11  4.791E-11  3.387E-13
3.105E+00  5.145E-19  4.237E-11  4.204E-11  3.343E-13
3.076E+00  4.724E-19  3.855E-11  3.822E-11  3.301E-13
3.048E+00  4.437E-19  3.587E-11  3.555E-11  3.261E-13
3.020E+00  4.232E-19  3.390E-11  3.358E-11  3.220E-13
2.992E+00  4.079E-19  3.238E-11  3.206E-11  3.180E-13
2.965E+00  3.961E-19  3.115E-11  3.084E-11  3.140E-13
2.938E+00  3.867E-19  3.013E-11  2.982E-11  3.101E-13
2.911E+00  3.789E-19  2.926E-11  2.895E-11  3.062E-13
2.884E+00  3.724E-19  2.849E-11  2.819E-11  3.023E-13
2.858E+00  3.668E-19  2.780E-11  2.750E-11  2.985E-13
2.831E+00  3.618E-19  2.718E-11  2.688E-11  2.947E-13
2.805E+00  3.574E-19  2.660E-11  2.631E-11  2.909E-13
2.780E+00  3.533E-19  2.605E-11  2.577E-11  2.872E-13
2.754E+00  3.496E-19  2.554E-11  2.525E-11  2.835E-13
2.729E+00  3.460E-19  2.505E-11  2.477E-11  2.798E-13
2.704E+00  3.426E-19  2.457E-11  2.430E-11  2.762E-13
2.679E+00  3.393E-19  2.411E-11  2.384E-11  2.726E-13
2.655E+00  3.361E-19  2.367E-11  2.340E-11  2.690E-13
2.630E+00  3.330E-19  2.323E-11  2.297E-11  2.654E-13
2.606E+00  3.299E-19  2.280E-11  2.254E-11  2.619E-13
2.582E+00  3.268E-19  2.238E-11  2.213E-11  2.584E-13
2.559E+00  3.237E-19  2.197E-11  2.171E-11  2.550E-13
2.535E+00  3.206E-19  2.156E-11  2.131E-11  2.515E-13
2.512E+00  3.175E-19  2.116E-11  2.091E-11  2.481E-13
2.489E+00  3.144E-19  2.076E-11  2.051E-11  2.448E-13
2.466E+00  3.112E-19  2.036E-11  2.012E-11  2.415E-13
2.443E+00  3.080E-19  1.996E-11  1.972E-11  2.382E-13
2.421E+00  3.047E-19  1.957E-11  1.933E-11  2.349E-13
2.399E+00  3.015E-19  1.918E-11  1.895E-11  2.317E-13
2.377E+00  2.982E-19  1.880E-11  1.857E-11  2.285E-13
2.355E+00  2.949E-19  1.842E-11  1.820E-11  2.253E-13
2.333E+00  2.916E-19  1.805E-11  1.783E-11  2.221E-13
2.312E+00  2.882E-19  1.768E-11  1.746E-11  2.189E-13
2.291E+00  2.848E-19  1.731E-11  1.709E-11  2.158E-13
2.270E+00  2.814E-19  1.694E-11  1.673E-11  2.127E-13
2.249E+00  2.779E-19  1.658E-11  1.637E-11  2.096E-13
2.228E+00  2.744E-19  1.622E-11  1.601E-11  2.065E-13
2.208E+00  2.708E-19  1.586E-11  1.566E-11  2.034E-13
2.188E+00  2.671E-19  1.550E-11  1.530E-11  2.004E-13
2.168E+00  2.634E-19  1.515E-11  1.495E-11  1.974E-13
2.148E+00  2.596E-19  1.479E-11  1.459E-11  1.944E-13
2.128E+00  2.556E-19  1.443E-11  1.424E-11  1.915E-13
2.109E+00  2.515E-19  1.407E-11  1.388E-11  1.886E-13
2.089E+00  2.473E-19  1.371E-11  1.352E-11  1.857E-13
2.070E+00  2.429E-19  1.334E-11  1.315E-11  1.828E-13
2.051E+00  2.382E-19  1.296E-11  1.278E-11  1.800E-13
2.032E+00  2.332E-19  1.257E-11  1.239E-11  1.771E-13
2.014E+00  2.278E-19  1.217E-11  1.200E-11  1.743E-13
1.995E+00  2.221E-19  1.175E-11  1.158E-11  1.716E-13
1.977E+00  2.159E-19  1.132E-11  1.116E-11  1.688E-13
1.959E+00  2.095E-19  1.089E-11  1.072E-11  1.661E-13
1.941E+00  2.033E-19  1.047E-11  1.030E-11  1.634E-13
1.923E+00  1.980E-19  1.010E-11  9.938E-12  1.607E-13
1.905E+00  1.944E-19  9.826E-12  9.668E-12  1.580E-13
1.888E+00  1.928E-19  9.658E-12  9.502E-12  1.554E-13
1.871E+00  1.927E-19  9.561E-12  9.409E-12  1.527E-13
1.854E+00  1.930E-19  9.487E-12  9.337E-12  1.502E-13
1.837E+00  1.929E-19  9.400E-12  9.252E-12  1.476E-13
1.820E+00  1.924E-19  9.286E-12  9.141E-12  1.451E-13
1.803E+00  1.912E-19  9.146E-12  9.004E-12  1.426E-13
1.786E+00  1.896E-19  8.985E-12  8.845E-12  1.401E-13
1.770E+00  1.876E-19  8.810E-12  8.672E-12  1.376E-13
1.754E+00  1.854E-19  8.624E-12  8.489E-12  1.352E-13
1.738E+00  1.829E-19  8.433E-12  8.300E-12  1.328E-13
1.722E+00  1.804E-19  8.238E-12  8.108E-12  1.305E-13
1.706E+00  1.777E-19  8.043E-12  7.915E-12  1.282E-13
1.690E+00  1.750E-19  7.848E-12  7.722E-12  1.259E-13
1.675E+00  1.723E-19  7.655E-12  7.531E-12  1.236E-13
1.660E+00  1.696E-19  7.465E-12  7.343E-12  1.214E-13
1.644E+00  1.668E-19  7.278E-12  7.158E-12  1.191E-13
1.629E+00  1.641E-19  7.094E-12  6.977E-12  1.169E-13
1.614E+00  1.615E-19  6.915E-12  6.800E-12  1.147E-13
1.600E+00  1.589E-19  6.741E-12  6.628E-12  1.126E-13
1.585E+00  1.563E-19  6.572E-12  6.462E-12  1.104E-13
1.570E+00  1.539E-19  6.409E-12  6.301E-12  1.083E-13
1.556E+00  1.515E-19  6.253E-12  6.146E-12  1.062E-13
1.542E+00  1.492E-19  6.103E-12  5.999E-12  1.041E-13
1.528E+00  1.471E-19  5.960E-12  5.858E-12  1.021E-13
1.514E+00  1.451E-19  5.825E-12  5.725E-12  1.000E-13
1.500E+00  1.433E-19  5.699E-12  5.601E-12  9.803E-14
1.486E+00  1.416E-19  5.581E-12  5.485E-12  9.604E-14
1.472E+00  1.401E-19  5.472E-12  5.378E-12  9.407E-14
1.459E+00  1.389E-19  5.375E-12  5.283E-12  9.213E-14
1.445E+00  1.380E-19  5.289E-12  5.199E-12  9.022E-14
1.432E+00  1.373E-19  5.217E-12  5.128E-12  8.833E-14
1.419E+00  1.371E-19  5.159E-12  5.072E-12  8.646E-14
1.406E+00  1.372E-19  5.118E-12  5.033E-12  8.462E-14
1.393E+00  1.379E-19  5.096E-12  5.014E-12  8.280E-14
1.380E+00  1.392E-19  5.097E-12  5.016E-12  8.101E-14
1.368E+00  1.412E-19  5.123E-12  5.044E-12  7.923E-14
1.355E+00  1.440E-19  5.178E-12  5.100E-12  7.747E-14
1.343E+00  1.478E-19  5.264E-12  5.188E-12  7.574E-14
1.330E+00  1.525E-19  5.382E-12  5.308E-12  7.403E-14
1.318E+00  1.581E-19  5.527E-12  5.455E-12  7.235E-14
1.306E+00  1.641E-19  5.684E-12  5.613E-12  7.069E-14
1.294E+00  1.696E-19  5.822E-12  5.753E-12  6.906E-14
1.282E+00  1.733E-19  5.894E-12  5.826E-12  6.745E-14
1.271E+00  1.734E-19  5.844E-12  5.778E-12  6.588E-14
1.259E+00  1.688E-19  5.637E-12  5.573E-12  6.433E-14
1.247E+00  1.596E-19  5.281E-12  5.219E-12  6.281E-14
1.236E+00  1.474E-19  4.832E-12  4.770E-12  6.134E-14
1.225E+00  1.342E-19  4.359E-12  4.299E-12  5.988E-14
1.213E+00  1.218E-19  3.919E-12  3.860E-12  5.845E-14
1.202E+00  1.109E-19  3.538E-12  3.481E-12  5.704E-14
1.191E+00  1.020E-19  3.225E-12  3.169E-12  5.565E-14
1.180E+00  9.499E-20  2.974E-12  2.920E-12  5.428E-14
1.169E+00  8.959E-20  2.779E-12  2.726E-12  5.294E-14
1.159E+00  8.565E-20  2.633E-12  2.581E-12  5.162E-14
1.148E+00  8.307E-20  2.530E-12  2.480E-12  5.032E-14
1.138E+00  8.183E-20  2.469E-12  2.420E-12  4.904E-14
1.127E+00  8.203E-20  2.453E-12  2.405E-12  4.778E-14
1.117E+00  8.397E-20  2.488E-12  2.441E-12  4.655E-14
1.107E+00  8.815E-20  2.587E-12  2.542E-12  4.533E-14
1.096E+00  9.543E-20  2.776E-12  2.731E-12  4.414E-14
1.086E+00  1.071E-19  3.085E-12  3.042E-12  4.297E-14
1.076E+00  1.243E-19  3.548E-12  3.506E-12  4.182E-14
1.067E+00  1.459E-19  4.129E-12  4.088E-12  4.070E-14
1.057E+00  1.631E-19  4.571E-12  4.532E-12  3.959E-14
1.047E+00  1.592E-19  4.423E-12  4.384E-12  3.851E-14
1.038E+00  1.332E-19  3.666E-12  3.628E-12  3.744E-14
1.028E+00  1.028E-19  2.803E-12  2.767E-12  3.640E-14
1.019E+00  7.919E-20  2.140E-12  2.104E-12  3.538E-14
1.009E+00  6.311E-20  1.690E-12  1.655E-12  3.438E-14
1.000E+00  5.234E-20  1.388E-12  1.355E-12  3.340E-14
